3p6 1 10 56423.5104435
3p6 1 11 56423.5802228
3p6 1 12 56423.6578354
3p6 1 1 56422.8545162
3p6 1 2 56422.9278833
3p6 1 3 56423.0070257
3p6 1 4 56423.0774114
3p6 1 5 56423.1499823
3p6 1 6 56423.2169533
3p6 1 7 56423.2953552
3p6 1 8 56423.3626597
3p6 1 9 56423.439115
3p6 2 10 56423.505263
3p6 2 11 56423.5750423
3p6 2 12 56423.6526502
3p6 2 1 56422.8493356
3p6 2 2 56422.9227074
3p6 2 3 56423.0018453
3p6 2 4 56423.0722309
3p6 2 5 56423.1448019
3p6 2 6 56423.2117728
3p6 2 7 56423.2901747
3p6 2 8 56423.3574792
3p6 2 9 56423.43393
3p6 3 10 56423.5001106
3p6 3 11 56423.5698944
3p6 3 12 56423.6475022
3p6 3 1 56422.8441891
3p6 3 2 56422.9175551
3p6 3 3 56422.9966419
3p6 3 4 56423.0670785
3p6 3 5 56423.1396545
3p6 3 6 56423.2066202
3p6 3 7 56423.2850271
3p6 3 8 56423.3523266
3p6 3 9 56423.428778
4p5 1 10 56423.5104435
4p5 1 11 56423.5802228
4p5 1 12 56423.6578354
4p5 1 1 56422.8545162
4p5 1 2 56422.9278833
4p5 1 3 56423.0070257
4p5 1 4 56423.0774114
4p5 1 5 56423.1499823
4p5 1 6 56423.2169533
4p5 1 7 56423.2953552
4p5 1 8 56423.3626597
4p5 1 9 56423.439115
4p5 2 10 56423.505263
4p5 2 11 56423.5750423
4p5 2 12 56423.6526502
4p5 2 1 56422.8493356
4p5 2 2 56422.9227074
4p5 2 3 56423.0018453
4p5 2 4 56423.0722309
4p5 2 5 56423.1448019
4p5 2 6 56423.2117728
4p5 2 7 56423.2901747
4p5 2 8 56423.3574792
4p5 2 9 56423.43393
4p5 3 10 56423.5001106
4p5 3 11 56423.5698944
4p5 3 12 56423.6475022
4p5 3 1 56422.8441891
4p5 3 2 56422.9175551
4p5 3 3 56422.9966419
4p5 3 4 56423.0670785
4p5 3 5 56423.1396545
4p5 3 6 56423.2066202
4p5 3 7 56423.2850271
4p5 3 8 56423.3523266
4p5 3 9 56423.428778
