3.0 12.9816040474 0.0636081755752 -1.0 -1.62 0.24 0.0 0.841258
3.0 12.8818734013 0.0603986754822 -2.0 -1.62 0.24 0.0 0.841258
3.0 13.2473573668 0.0603406993662 -5.0 -1.62 0.24 0.0 0.841258
3.0 12.66 0.046 -3.0 -1.62 0.24 0.0 0.841258
3.0 12.619 0.071 -4.0 -1.62 0.24 0.0 0.841258
4.0 13.2189074538 0.0728971878744 -1.0 -1.62 0.24 0.0 0.62732
4.0 13.1327453413 0.0689129886161 -2.0 -1.62 0.24 0.0 0.62732
4.0 13.475108934 0.0552449092677 -5.0 -1.62 0.24 0.0 0.62732
4.0 13.063 0.086 -3.0 -1.62 0.24 0.0 0.62732
4.0 13.113 0.08 -4.0 -1.62 0.24 0.0 0.62732
5.0 13.548892523 0.0682348884369 -1.0 -1.62 0.24 0.0 0.515274
5.0 13.5065967215 0.0921140597303 -2.0 -1.62 0.24 0.0 0.515274
5.0 13.6999254242 0.0594894948709 -5.0 -1.62 0.24 0.0 0.515274
5.0 13.285 0.067 -3.0 -1.62 0.24 0.0 0.515274
5.0 13.279 0.042 -4.0 -1.62 0.24 0.0 0.515274
7.0 13.1508866159 0.106761416251 -1.0 -1.62 0.24 0.0 0.713
7.0 13.0358166741 0.0636081755752 -2.0 -1.62 0.24 0.0 0.713
7.0 13.3326552658 0.0320624390838 -5.0 -1.62 0.24 0.0 0.713
8.0 13.2580410882 0.0571576766498 -1.0 -1.62 0.24 0.0 0.521329
8.0 13.2231514067 0.0473603209449 -2.0 -1.62 0.24 0.0 0.521329
8.0 13.5047993206 0.0506951674225 -5.0 -1.62 0.24 0.0 0.521329
9.0 13.5339313928 0.072 -1.0 -1.62 0.24 0.0 0.52348
9.0 13.469579702 0.0561871871515 -2.0 -1.62 0.24 0.0 0.52348
9.0 13.7757272401 0.0576628129734 -5.0 -1.62 0.24 0.0 0.52348
9.0 13.265 0.045 -3.0 -1.62 0.24 0.0 0.52348
10.0 13.3946385787 0.0792653770571 -1.0 -1.62 0.24 1.0 0.374976
10.0 13.3454315504 0.0651306379517 -2.0 -1.62 0.24 1.0 0.374976
10.0 13.5787821328 0.0468828326789 -5.0 -1.62 0.24 1.0 0.374976
10.0 13.144 0.047 -3.0 -1.62 0.24 1.0 0.374976
10.0 13.083 0.075 -4.0 -1.62 0.24 1.0 0.374976
11.0 13.3072668097 0.0960624796682 -1.0 -1.62 0.24 0.0 0.564789
11.0 13.2187967503 0.0866429454716 -2.0 -1.62 0.24 0.0 0.564789
11.0 13.4811991765 0.0499799959984 -5.0 -1.62 0.24 0.0 0.564789
11.0 12.94 0.106 -3.0 -1.62 0.24 0.0 0.564789
12.0 13.3786481568 0.0973190628808 -1.0 -1.62 0.24 1.0 0.386769
12.0 13.3045621063 0.086382868672 -2.0 -1.62 0.24 1.0 0.386769
12.0 13.5902189499 0.0638748776907 -5.0 -1.62 0.24 1.0 0.386769
12.0 13.18 0.075 -3.0 -1.62 0.24 1.0 0.386769
12.0 13.2 0.105 -4.0 -1.62 0.24 1.0 0.386769
13.0 13.0807481439 0.0770064932327 -1.0 -1.62 0.24 0.0 0.669039
13.0 13.0578864696 0.0575673518585 -2.0 -1.62 0.24 0.0 0.669039
13.0 13.3525169876 0.0667158152165 -5.0 -1.62 0.24 0.0 0.669039
13.0 12.761 0.034 -4.0 -1.62 0.24 0.0 0.669039
14.0 13.3428275604 0.0675573830162 -1.0 -1.62 0.24 1.0 0.377114
14.0 13.3651494266 0.0555247692476 -2.0 -1.62 0.24 1.0 0.377114
14.0 13.588188079 0.037509998667 -5.0 -1.62 0.24 1.0 0.377114
14.0 13.111 0.05 -4.0 -1.62 0.24 1.0 0.377114
15.0 13.0199288531 0.105948100502 -1.0 -1.62 0.24 0.0 0.810642
15.0 12.9536876236 0.0866602561732 -2.0 -1.62 0.24 0.0 0.810642
15.0 13.2449732718 0.062337789502 -5.0 -1.62 0.24 0.0 0.810642
15.0 12.605 0.102 -3.0 -1.62 0.24 0.0 0.810642
15.0 12.69 0.099 -4.0 -1.62 0.24 0.0 0.810642
16.0 13.5015362258 0.0747663025701 -1.0 -1.62 0.24 1.0 0.330202
16.0 13.4369064049 0.0611473629848 -2.0 -1.62 0.24 1.0 0.330202
16.0 13.6803947253 0.0532353266168 -5.0 -1.62 0.24 1.0 0.330202
18.0 13.1311042794 0.0825893455598 -1.0 -1.62 0.24 0.0 0.621689
18.0 13.1001916825 0.0571051661411 -2.0 -1.62 0.24 0.0 0.621689
18.0 13.3714167251 0.0352278299076 -5.0 -1.62 0.24 0.0 0.621689
18.0 12.832 0.05 -3.0 -1.62 0.24 0.0 0.621689
19.0 13.741578331 0.0637181292883 -1.0 -1.62 0.24 1.0 0.299551
19.0 13.630672168 0.0602494813256 -2.0 -1.62 0.24 1.0 0.299551
19.0 13.8885516241 0.0394588393139 -5.0 -1.62 0.24 1.0 0.299551
20.0 13.210078414 0.123081273962 -1.0 -1.62 0.24 0.0 0.615559
20.0 13.1252574718 0.0871091269615 -2.0 -1.62 0.24 0.0 0.615559
20.0 13.4102007157 0.0509116882454 -5.0 -1.62 0.24 0.0 0.615559
21.0 13.3987922702 0.0923255111007 -1.0 -1.62 0.24 1.0 0.380812
21.0 13.3614236395 0.0708237248385 -2.0 -1.62 0.24 1.0 0.380812
21.0 13.5776056731 0.0568330889535 -5.0 -1.62 0.24 1.0 0.380812
21.0 13.308 0.094 -3.0 -1.62 0.24 1.0 0.380812
21.0 13.169 0.068 -4.0 -1.62 0.24 1.0 0.380812
22.0 13.3798740897 0.056471231614 -1.0 -1.62 0.24 1.0 0.396055
22.0 13.2882583721 0.0583780780773 -2.0 -1.62 0.24 1.0 0.396055
22.0 13.5718266883 0.0418330013267 -5.0 -1.62 0.24 1.0 0.396055
23.0 13.7939049746 0.165148418097 -1.0 -1.62 0.24 0.0 0.51087
23.0 13.6577764544 0.115771326329 -2.0 -1.62 0.24 0.0 0.51087
23.0 13.9414510281 0.0858778201866 -5.0 -1.62 0.24 0.0 0.51087
23.0 12.989 0.059 -3.0 -1.62 0.24 0.0 0.51087
24.0 13.2178704985 0.0469467783772 -1.0 -1.62 0.24 1.0 0.462278
24.0 13.138048696 0.0482389883808 -2.0 -1.62 0.24 1.0 0.462278
24.0 13.4191898083 0.0422610932182 -5.0 -1.62 0.24 1.0 0.462278
25.0 13.3336854324 0.186694938335 -1.0 -1.62 0.24 0.0 0.588364
25.0 13.2343695126 0.114512008104 -2.0 -1.62 0.24 0.0 0.588364
25.0 13.5744391192 0.0749199572878 -5.0 -1.62 0.24 0.0 0.588364
26.0 12.9876202227 0.143923590839 -1.0 -1.62 0.24 0.0 0.78472
26.0 12.9064336632 0.0914111590562 -2.0 -1.62 0.24 0.0 0.78472
26.0 13.250305126 0.0595482997238 -5.0 -1.62 0.24 0.0 0.78472
27.0 13.070586661 0.204943894761 -1.0 -1.62 0.24 0.0 0.61568
27.0 13.0744005361 0.153557806705 -2.0 -1.62 0.24 0.0 0.61568
27.0 13.4429893978 0.0882666414904 -5.0 -1.62 0.24 0.0 0.61568
30.0 13.2866747729 0.158003164525 -1.0 -1.62 0.24 1.0 0.40441
30.0 13.2511787804 0.102557301057 -2.0 -1.62 0.24 1.0 0.40441
30.0 13.5209278027 0.0736613874428 -5.0 -1.62 0.24 1.0 0.40441
30.0 12.938 0.032 -3.0 -1.62 0.24 1.0 0.40441
30.0 13.05 0.092 -4.0 -1.62 0.24 1.0 0.40441
32.0 13.2435126279 0.0639061812347 -1.0 -1.62 0.24 0.0 0.620373
32.0 13.1324912178 0.062337789502 -2.0 -1.62 0.24 0.0 0.620373
32.0 13.5078880678 0.0310966236109 -5.0 -1.62 0.24 0.0 0.620373
33.0 13.1055529863 0.0746458304261 -1.0 -1.62 0.24 0.0 0.602324
33.0 13.0908960272 0.0670223843205 -2.0 -1.62 0.24 0.0 0.602324
33.0 13.3376045677 0.0509018663705 -5.0 -1.62 0.24 0.0 0.602324
33.0 12.861 0.092 -4.0 -1.62 0.24 0.0 0.602324
34.0 13.0175727705 0.0487237108603 -1.0 -1.62 0.24 0.0 0.733967
34.0 12.9160254159 0.0443283205186 -2.0 -1.62 0.24 0.0 0.733967
34.0 13.2727197652 0.0471805044483 -5.0 -1.62 0.24 0.0 0.733967
34.0 12.677 0.072 -4.0 -1.62 0.24 0.0 0.733967
35.0 13.4627962128 0.0816761899209 -1.0 -1.62 0.24 1.0 0.386841
35.0 13.3555360762 0.0795675813381 -2.0 -1.62 0.24 1.0 0.386841
35.0 13.5860963861 0.0399249295554 -5.0 -1.62 0.24 1.0 0.386841
36.0 13.3723518678 0.0659317829275 -1.0 -1.62 0.24 1.0 0.379846
36.0 13.3065211549 0.050049975025 -2.0 -1.62 0.24 1.0 0.379846
36.0 13.5335222986 0.0249799919936 -5.0 -1.62 0.24 1.0 0.379846
38.0 12.9429749871 0.0673795221117 -1.0 -1.62 0.24 0.0 0.779061
38.0 12.8142445387 0.062537988455 -2.0 -1.62 0.24 0.0 0.779061
38.0 13.2261938819 0.0516817182377 -5.0 -1.62 0.24 0.0 0.779061
39.0 13.4145678078 0.0489693781868 -1.0 -1.62 0.24 1.0 0.393374
39.0 13.3083093897 0.0474236228055 -2.0 -1.62 0.24 1.0 0.393374
39.0 13.5602222047 0.0309354165965 -5.0 -1.62 0.24 1.0 0.393374
40.0 13.2502077968 0.17674557986 -1.0 -1.62 0.24 0.0 0.634072
40.0 13.1531014266 0.114756263446 -2.0 -1.62 0.24 0.0 0.634072
40.0 13.517320571 0.07647875522 -5.0 -1.62 0.24 0.0 0.634072
40.0 12.88 0.036 -3.0 -1.62 0.24 0.0 0.634072
40.0 12.967 0.063 -4.0 -1.62 0.24 0.0 0.634072
41.0 12.5281808178 0.258656142398 -1.0 -1.62 0.24 0.0 0.662942
41.0 12.4585315645 0.366215783385 -2.0 -1.62 0.24 0.0 0.662942
41.0 13.054223527 0.243413228893 -5.0 -1.62 0.24 0.0 0.662942
44.0 13.4246439664 0.0794418025979 -1.0 -1.62 0.24 0.0 0.567545
44.0 13.3678497551 0.0638200595424 -2.0 -1.62 0.24 0.0 0.567545
44.0 13.6773822223 0.0475184174821 -5.0 -1.62 0.24 0.0 0.567545
44.0 13.065 0.023 -3.0 -1.62 0.24 0.0 0.567545
44.0 13.015 0.043 -4.0 -1.62 0.24 0.0 0.567545
45.0 13.201139958 0.0523641098463 -1.0 -1.62 0.24 0.0 0.589116
45.0 13.1642114773 0.0492950301755 -2.0 -1.62 0.24 0.0 0.589116
45.0 13.5130521212 0.0508723893679 -5.0 -1.62 0.24 0.0 0.589116
45.0 12.876 0.045 -4.0 -1.62 0.24 0.0 0.589116
46.0 12.9979962655 0.0572800139665 -1.0 -1.62 0.24 0.0 0.686971
46.0 12.9472576441 0.0493051721425 -2.0 -1.62 0.24 0.0 0.686971
46.0 13.2988976665 0.0563914887195 -5.0 -1.62 0.24 0.0 0.686971
47.0 13.2231880194 0.0618465843843 -1.0 -1.62 0.24 1.0 0.485303
47.0 13.1499007725 0.0614410286372 -2.0 -1.62 0.24 1.0 0.485303
47.0 13.4203137861 0.068066144301 -5.0 -1.62 0.24 1.0 0.485303
47.0 13.107 0.111 -3.0 -1.62 0.24 1.0 0.485303
47.0 13.064 0.059 -4.0 -1.62 0.24 1.0 0.485303
49.0 13.2377907167 0.067007462271 -1.0 -1.62 0.24 0.0 0.604627
49.0 13.2203222396 0.0557853027239 -2.0 -1.62 0.24 0.0 0.604627
49.0 13.5656257734 0.040062451248 -5.0 -1.62 0.24 0.0 0.604627
49.0 12.899 0.053 -4.0 -1.62 0.24 0.0 0.604627
50.0 13.401554175 0.0521536192416 -1.0 -1.62 0.24 1.0 0.386172
50.0 13.3618544733 0.0494772675074 -2.0 -1.62 0.24 1.0 0.386172
50.0 13.6472752039 0.0496286207747 -5.0 -1.62 0.24 1.0 0.386172
50.0 13.151 0.07 -4.0 -1.62 0.24 1.0 0.386172
51.0 13.3778394408 0.113234270431 -1.0 -1.62 0.24 0.0 0.574152
51.0 13.2697366339 0.0989039938526 -2.0 -1.62 0.24 0.0 0.574152
51.0 13.5966489219 0.0500099990002 -5.0 -1.62 0.24 0.0 0.574152
51.0 13.012 0.034 -3.0 -1.62 0.24 0.0 0.574152
52.0 12.6450213683 0.194314178587 -1.0 -1.62 0.24 0.0 0.660386
52.0 12.6028443944 0.164115812766 -2.0 -1.62 0.24 0.0 0.660386
52.0 12.9070275475 0.0849352694703 -5.0 -1.62 0.24 0.0 0.660386
54.0 12.9983880125 0.0576628129734 -1.0 -1.62 0.24 0.0 0.772915
54.0 12.9536519737 0.0519903837262 -2.0 -1.62 0.24 0.0 0.772915
54.0 13.280748341 0.0554616984954 -5.0 -1.62 0.24 0.0 0.772915
54.0 12.627 0.037 -3.0 -1.62 0.24 0.0 0.772915
56.0 13.3857745313 0.074966659256 -1.0 -1.62 0.24 0.0 0.568023
56.0 13.3526088336 0.0595734840344 -2.0 -1.62 0.24 0.0 0.568023
56.0 13.6426823439 0.0327566787083 -5.0 -1.62 0.24 0.0 0.568023
56.0 13.07 0.049 -4.0 -1.62 0.24 0.0 0.568023
57.0 12.9953153621 0.0629761859753 -1.0 -1.62 0.24 0.0 0.794402
57.0 12.8819073406 0.0497594212185 -2.0 -1.62 0.24 0.0 0.794402
57.0 13.2344369336 0.0513711981562 -5.0 -1.62 0.24 0.0 0.794402
58.0 13.4947796803 0.06204836823 -1.0 -1.62 0.24 1.0 0.36988
58.0 13.4210202331 0.0713442359269 -2.0 -1.62 0.24 1.0 0.36988
58.0 13.6604364549 0.0597996655509 -5.0 -1.62 0.24 1.0 0.36988
58.0 13.255 0.067 -3.0 -1.62 0.24 1.0 0.36988
58.0 13.196 0.137 -4.0 -1.62 0.24 1.0 0.36988
59.0 13.4239047093 0.148815321792 -1.0 -1.62 0.24 0.0 0.518506
59.0 13.3908825282 0.114686529287 -2.0 -1.62 0.24 0.0 0.518506
59.0 13.7268656582 0.0789936706325 -5.0 -1.62 0.24 0.0 0.518506
59.0 12.945 0.054 -3.0 -1.62 0.24 0.0 0.518506
62.0 13.0671554346 0.248642313374 -1.0 -1.62 0.24 0.0 0.61977
62.0 13.0674213837 0.174490687431 -2.0 -1.62 0.24 0.0 0.61977
62.0 13.4438748771 0.0952995278058 -5.0 -1.62 0.24 0.0 0.61977
63.0 12.8617606916 0.0589406481132 -1.0 -1.62 0.24 0.0 0.825943
63.0 12.8687717763 0.0414728827067 -2.0 -1.62 0.24 0.0 0.825943
63.0 13.2229784978 0.060431779719 -5.0 -1.62 0.24 0.0 0.825943
64.0 13.4384272814 0.0760065786626 -1.0 -1.62 0.24 1.0 0.344497
64.0 13.4072323054 0.0747529263641 -2.0 -1.62 0.24 1.0 0.344497
64.0 13.6377369681 0.045409250159 -5.0 -1.62 0.24 1.0 0.344497
64.0 13.16 0.05 -4.0 -1.62 0.24 1.0 0.344497
66.0 13.3587158643 0.0753060422543 -1.0 -1.62 0.24 1.0 0.407266
66.0 13.2640710285 0.0682641926635 -2.0 -1.62 0.24 1.0 0.407266
66.0 13.5423348698 0.0363868107973 -5.0 -1.62 0.24 1.0 0.407266
66.0 13.103 0.059 -3.0 -1.62 0.24 1.0 0.407266
67.0 13.3835923378 0.0538144961883 -1.0 -1.62 0.24 0.0 0.564451
67.0 13.3263738841 0.0535256947643 -2.0 -1.62 0.24 0.0 0.564451
67.0 13.6097891845 0.0498698305592 -5.0 -1.62 0.24 0.0 0.564451
67.0 13.211 0.062 -3.0 -1.62 0.24 0.0 0.564451
68.0 13.0035557541 0.0530188645672 -1.0 -1.62 0.24 1.0 0.534609
68.0 12.9695183147 0.0504380808517 -2.0 -1.62 0.24 1.0 0.534609
68.0 13.2581938832 0.0720069441096 -5.0 -1.62 0.24 1.0 0.534609
68.0 12.74 0.052 -3.0 -1.62 0.24 1.0 0.534609
69.0 13.112267638 0.0472016948848 -2.0 -1.62 0.24 0.0 0.635221
70.0 13.2820996441 0.101916632597 -1.0 -1.62 0.24 1.0 0.390687
70.0 13.2542904957 0.0772010362625 -2.0 -1.62 0.24 1.0 0.390687
70.0 13.5290220791 0.0453541618818 -5.0 -1.62 0.24 1.0 0.390687
71.0 13.2921612329 0.217320040493 -1.0 -1.62 0.24 1.0 0.357544
71.0 13.3340283354 0.123154374669 -2.0 -1.62 0.24 1.0 0.357544
71.0 13.5878210686 0.071700767081 -5.0 -1.62 0.24 1.0 0.357544
72.0 13.3386036634 0.0578100337312 -1.0 -1.62 0.24 1.0 0.384522
72.0 13.3114983141 0.0498998997995 -2.0 -1.62 0.24 1.0 0.384522
72.0 13.5540452926 0.0338673884438 -5.0 -1.62 0.24 1.0 0.384522
73.0 13.2508182875 0.0603158354 -1.0 -1.62 0.24 0.0 0.575215
73.0 13.2149929114 0.0540185153443 -2.0 -1.62 0.24 0.0 0.575215
73.0 13.479601013 0.0609343909463 -5.0 -1.62 0.24 0.0 0.575215
74.0 13.4566366903 0.0543599116997 -1.0 -1.62 0.24 0.0 0.503209
74.0 13.4048196111 0.0523545604508 -2.0 -1.62 0.24 0.0 0.503209
74.0 13.6224893532 0.0263248931622 -5.0 -1.62 0.24 0.0 0.503209
75.0 13.1754371261 0.0972162537851 -1.0 -1.62 0.24 1.0 0.422174
75.0 13.1372704984 0.0872238499494 -2.0 -1.62 0.24 1.0 0.422174
75.0 13.4100958543 0.0392555728528 -5.0 -1.62 0.24 1.0 0.422174
76.0 13.4882926556 0.0603489850785 -1.0 -1.62 0.24 1.0 0.337962
76.0 13.4485082039 0.0675647837264 -2.0 -1.62 0.24 1.0 0.337962
76.0 13.6341246218 0.0408533964316 -5.0 -1.62 0.24 1.0 0.337962
77.0 13.2636376357 0.0981529418815 -1.0 -1.62 0.24 1.0 0.426294
77.0 13.1991759903 0.0728697468089 -2.0 -1.62 0.24 1.0 0.426294
77.0 13.474240598 0.045912961133 -5.0 -1.62 0.24 1.0 0.426294
79.0 13.1619654635 0.0552086949674 -1.0 -1.62 0.24 0.0 0.608276
79.0 13.1227742053 0.0514587213211 -2.0 -1.62 0.24 0.0 0.608276
79.0 13.3822139774 0.0363042697213 -5.0 -1.62 0.24 0.0 0.608276
81.0 13.3259094557 0.114551298552 -1.0 -1.62 0.24 1.0 0.389392
81.0 13.2864553433 0.0868043777698 -2.0 -1.62 0.24 1.0 0.389392
81.0 13.5415602258 0.0433012701892 -5.0 -1.62 0.24 1.0 0.389392
82.0 13.3244023661 0.0830301150186 -1.0 -1.62 0.24 1.0 0.335758
82.0 13.2957082796 0.0622655603042 -2.0 -1.62 0.24 1.0 0.335758
82.0 13.5787920504 0.0551271258094 -5.0 -1.62 0.24 1.0 0.335758
82.0 13.206 0.063 -3.0 -1.62 0.24 1.0 0.335758
82.0 13.166 0.037 -4.0 -1.62 0.24 1.0 0.335758
83.0 13.4309404003 0.0815965685553 -1.0 -1.62 0.24 1.0 0.356612
83.0 13.3695790684 0.0772398860693 -2.0 -1.62 0.24 1.0 0.356612
83.0 13.6026589078 0.0341760149813 -5.0 -1.62 0.24 1.0 0.356612
84.0 12.8333012522 0.0597159945073 -1.0 -1.62 0.24 0.0 0.579873
84.0 12.7810780999 0.0544058820349 -2.0 -1.62 0.24 0.0 0.579873
85.0 13.3440159967 0.0383927076409 -5.0 -1.62 0.24 0.0 0.742758
86.0 13.1007180873 0.202136092769 -1.0 -1.62 0.24 0.0 0.647844
86.0 13.0630324893 0.149382060503 -2.0 -1.62 0.24 0.0 0.647844
86.0 13.4410703831 0.0778845299145 -5.0 -1.62 0.24 0.0 0.647844
87.0 13.0700287973 0.285434756118 -1.0 -1.62 0.24 1.0 0.396488
87.0 13.0323323485 0.367471087298 -2.0 -1.62 0.24 1.0 0.396488
87.0 13.3848067435 0.19145234394 -5.0 -1.62 0.24 1.0 0.396488
88.0 12.3242211651 0.189554741434 -1.0 -1.62 0.24 0.0 0.690211
88.0 12.1189411919 0.209016745741 -2.0 -1.62 0.24 0.0 0.690211
88.0 12.7002212684 0.0998599018626 -5.0 -1.62 0.24 0.0 0.690211
89.0 13.6493144115 0.242742662093 -1.0 -1.62 0.24 1.0 0.37511
89.0 13.4331023326 0.179 -2.0 -1.62 0.24 1.0 0.37511
89.0 13.7325810505 0.107925900506 -5.0 -1.62 0.24 1.0 0.37511
90.0 13.0743159717 0.497357014628 -1.0 -1.62 0.24 0.0 0.603404
90.0 13.0917857376 0.247163913224 -2.0 -1.62 0.24 0.0 0.603404
90.0 13.4968143978 0.0957131129992 -5.0 -1.62 0.24 0.0 0.603404
91.0 12.6916516484 0.144571781479 -1.0 -1.62 0.24 0.0 0.895225
91.0 12.7119857354 0.132544332206 -2.0 -1.62 0.24 0.0 0.895225
91.0 13.0537730932 0.0725534285889 -5.0 -1.62 0.24 0.0 0.895225
94.0 13.9336239771 0.0765375724726 -1.0 -1.62 0.24 1.0 0.253936
94.0 13.8702684087 0.0950578771065 -2.0 -1.62 0.24 1.0 0.253936
94.0 14.0698050312 0.0845990543682 -5.0 -1.62 0.24 1.0 0.253936
94.0 13.598 0.057 -3.0 -1.62 0.24 1.0 0.253936
94.0 13.582 0.083 -4.0 -1.62 0.24 1.0 0.253936
95.0 13.2685945812 0.0596154342432 -1.0 -1.62 0.24 1.0 0.405067
95.0 13.2641200116 0.0574020905543 -2.0 -1.62 0.24 1.0 0.405067
95.0 13.4966664334 0.0506951674225 -5.0 -1.62 0.24 1.0 0.405067
95.0 12.983 0.058 -4.0 -1.62 0.24 1.0 0.405067
97.0 13.1431242523 0.100444014257 -1.0 -1.62 0.24 0.0 0.691898
97.0 13.0343052556 0.0770843693624 -2.0 -1.62 0.24 0.0 0.691898
97.0 13.3024221452 0.0363180395947 -5.0 -1.62 0.24 0.0 0.691898
97.0 12.786 0.073 -3.0 -1.62 0.24 0.0 0.691898
97.0 12.688 0.047 -4.0 -1.62 0.24 0.0 0.691898
98.0 13.5969210822 0.224971109256 -1.0 -1.62 0.24 1.0 0.280566
98.0 13.6482440362 0.183698121928 -2.0 -1.62 0.24 1.0 0.280566
98.0 13.8658061743 0.115481600266 -5.0 -1.62 0.24 1.0 0.280566
99.0 12.5829196644 0.19180198122 -1.0 -1.62 0.24 0.0 0.766181
99.0 12.6497204428 0.164590400692 -2.0 -1.62 0.24 0.0 0.766181
99.0 13.0536563027 0.075709972923 -5.0 -1.62 0.24 0.0 0.766181
100.0 13.1816993286 0.26423474412 -1.0 -1.62 0.24 0.0 0.552745
100.0 13.1925371614 0.224374686629 -2.0 -1.62 0.24 0.0 0.552745
100.0 13.5607732016 0.111166541729 -5.0 -1.62 0.24 0.0 0.552745
101.0 13.4842887219 0.104961897849 -1.0 -1.62 0.24 1.0 0.340946
101.0 13.4358661321 0.0787083223046 -2.0 -1.62 0.24 1.0 0.340946
101.0 13.7081729229 0.0571314274283 -5.0 -1.62 0.24 1.0 0.340946
102.0 13.0333040438 0.0762692598627 -1.0 -1.62 0.24 0.0 0.691396
102.0 12.9933544636 0.069440622117 -2.0 -1.62 0.24 0.0 0.691396
102.0 13.3200687797 0.0411946598481 -5.0 -1.62 0.24 0.0 0.691396
102.0 12.804 0.057 -3.0 -1.62 0.24 0.0 0.691396
102.0 12.899 0.051 -4.0 -1.62 0.24 0.0 0.691396
103.0 13.4090814115 0.138582105627 -1.0 -1.62 0.24 1.0 0.328852
103.0 13.3765590742 0.116206712371 -2.0 -1.62 0.24 1.0 0.328852
103.0 13.6203420123 0.0607947366143 -5.0 -1.62 0.24 1.0 0.328852
103.0 13.347 0.076 -3.0 -1.62 0.24 1.0 0.328852
103.0 13.462 0.098 -4.0 -1.62 0.24 1.0 0.328852
104.0 13.6258245519 0.43427295564 -1.0 -1.62 0.24 0.0 0.866524
104.0 13.4523821304 0.487467947664 -2.0 -1.62 0.24 0.0 0.866524
104.0 13.7320768645 0.332768688431 -5.0 -1.62 0.24 0.0 0.866524
105.0 13.6152040357 0.0695557330491 -1.0 -1.62 0.24 1.0 0.335328
105.0 13.5330163158 0.0622173609212 -2.0 -1.62 0.24 1.0 0.335328
105.0 13.7676384652 0.049537864306 -5.0 -1.62 0.24 1.0 0.335328
106.0 13.2474113582 0.285033331384 -1.0 -1.62 0.24 0.0 0.569903
106.0 13.2128643366 0.1797692966 -2.0 -1.62 0.24 0.0 0.569903
106.0 13.5401460147 0.101054440773 -5.0 -1.62 0.24 0.0 0.569903
107.0 13.3396573977 0.131022898762 -1.0 -1.62 0.24 0.0 0.514102
107.0 13.3007444591 0.104072090399 -2.0 -1.62 0.24 0.0 0.514102
107.0 13.5966128567 0.0591945943478 -5.0 -1.62 0.24 0.0 0.514102
107.0 13.272 0.086 -4.0 -1.62 0.24 0.0 0.514102
108.0 12.9329649932 0.315347427451 -1.0 -1.62 0.24 0.0 0.594458
108.0 13.0200579543 0.307029314561 -2.0 -1.62 0.24 0.0 0.594458
108.0 13.4258109001 0.165311826558 -5.0 -1.62 0.24 0.0 0.594458
109.0 13.0472214888 0.190646269305 -1.0 -1.62 0.24 0.0 0.744098
109.0 12.9840956257 0.123016259088 -2.0 -1.62 0.24 0.0 0.744098
109.0 13.2659444614 0.0684105255059 -5.0 -1.62 0.24 0.0 0.744098
110.0 13.7279438605 0.165169609796 -1.0 -1.62 0.24 1.0 0.332107
110.0 13.5918951571 0.117736995036 -2.0 -1.62 0.24 1.0 0.332107
110.0 13.7957692406 0.0711617874986 -5.0 -1.62 0.24 1.0 0.332107
111.0 12.8630675182 0.302554127389 -1.0 -1.62 0.24 0.0 0.762905
111.0 12.8549941978 0.20584217255 -2.0 -1.62 0.24 0.0 0.762905
111.0 13.209207095 0.0894371287553 -5.0 -1.62 0.24 0.0 0.762905
112.0 13.3713624197 0.178227382857 -1.0 -1.62 0.24 0.0 0.474359
112.0 13.3965653983 0.112481109525 -2.0 -1.62 0.24 0.0 0.474359
112.0 13.6495124771 0.0623137224053 -5.0 -1.62 0.24 0.0 0.474359
113.0 13.3503545112 0.175248395142 -1.0 -1.62 0.24 0.0 0.573375
113.0 13.2507138353 0.104144130896 -2.0 -1.62 0.24 0.0 0.573375
113.0 13.5567979614 0.0677495387438 -5.0 -1.62 0.24 0.0 0.573375
114.0 12.3261008444 0.241261269167 -1.0 -1.62 0.24 0.0 0.675307
114.0 12.0086309896 0.382553264265 -2.0 -1.62 0.24 0.0 0.675307
114.0 12.4657531114 0.222184607928 -5.0 -1.62 0.24 0.0 0.675307
115.0 13.1763029654 0.059640590205 -1.0 -1.62 0.24 0.0 0.630474
115.0 13.1025571983 0.0443621460256 -2.0 -1.62 0.24 0.0 0.630474
115.0 13.4012904127 0.0418568990729 -5.0 -1.62 0.24 0.0 0.630474
115.0 12.855 0.043 -3.0 -1.62 0.24 0.0 0.630474
115.0 12.825 0.067 -4.0 -1.62 0.24 0.0 0.630474
116.0 12.2141813978 0.24645080645 -1.0 -1.62 0.24 0.0 0.720133
116.0 12.0503787314 0.256530699917 -2.0 -1.62 0.24 0.0 0.720133
116.0 12.6868042991 0.169136039921 -5.0 -1.62 0.24 0.0 0.720133
117.0 13.2736600869 0.147387245038 -1.0 -1.62 0.24 1.0 0.421641
117.0 13.202028597 0.106761416251 -2.0 -1.62 0.24 1.0 0.421641
117.0 13.4797974552 0.0686221538572 -5.0 -1.62 0.24 1.0 0.421641
117.0 12.856 0.043 -3.0 -1.62 0.24 1.0 0.421641
117.0 13.034 0.104 -4.0 -1.62 0.24 1.0 0.421641
118.0 13.1059259399 0.188992063325 -1.0 -1.62 0.24 0.0 0.611618
118.0 13.0049675868 0.170378989315 -2.0 -1.62 0.24 0.0 0.611618
118.0 13.3735909183 0.0773950902836 -5.0 -1.62 0.24 0.0 0.611618
119.0 13.7708919461 0.144242850776 -1.0 -1.62 0.24 1.0 0.305876
119.0 13.6310474059 0.0988837701547 -2.0 -1.62 0.24 1.0 0.305876
119.0 13.8452226856 0.0681469001496 -5.0 -1.62 0.24 1.0 0.305876
120.0 13.0717368472 0.273364225897 -1.0 -1.62 0.24 0.0 0.548537
120.0 13.1352522404 0.324525807911 -2.0 -1.62 0.24 0.0 0.548537
120.0 13.5252675015 0.17057842771 -5.0 -1.62 0.24 0.0 0.548537
120.0 12.875 0.027 -3.0 -1.62 0.24 0.0 0.548537
120.0 12.981 0.062 -4.0 -1.62 0.24 0.0 0.548537
121.0 13.6482665233 0.112982299499 -1.0 -1.62 0.24 1.0 0.304182
121.0 13.5310839676 0.0912195154558 -2.0 -1.62 0.24 1.0 0.304182
121.0 13.740916497 0.0548361194834 -5.0 -1.62 0.24 1.0 0.304182
121.0 13.309 0.026 -3.0 -1.62 0.24 1.0 0.304182
121.0 13.334 0.068 -4.0 -1.62 0.24 1.0 0.304182
122.0 13.1321655752 0.145547243189 -1.0 -1.62 0.24 0.0 0.634929
122.0 13.0619949145 0.083558362837 -2.0 -1.62 0.24 0.0 0.634929
122.0 13.3690589088 0.0614410286372 -5.0 -1.62 0.24 0.0 0.634929
122.0 12.849 0.038 -3.0 -1.62 0.24 0.0 0.634929
122.0 12.786 0.084 -4.0 -1.62 0.24 0.0 0.634929
123.0 13.2385798553 0.0641560597294 -1.0 -1.62 0.24 1.0 0.474169
123.0 13.1741583613 0.0595566956773 -2.0 -1.62 0.24 1.0 0.474169
123.0 13.4624739895 0.0538702144046 -5.0 -1.62 0.24 1.0 0.474169
124.0 13.5096669844 0.0624819974073 -1.0 -1.62 0.24 1.0 0.33186
124.0 13.4818955822 0.0808207894047 -2.0 -1.62 0.24 1.0 0.33186
124.0 13.7079277084 0.0459456200306 -5.0 -1.62 0.24 1.0 0.33186
125.0 13.199799277 0.0546351535186 -1.0 -1.62 0.24 0.0 0.592888
125.0 13.1530134846 0.0521344415909 -2.0 -1.62 0.24 0.0 0.592888
125.0 13.419984966 0.0534976635004 -5.0 -1.62 0.24 0.0 0.592888
126.0 13.4673031346 0.0582322934462 -1.0 -1.62 0.24 1.0 0.341891
126.0 13.3702307 0.0544426303553 -2.0 -1.62 0.24 1.0 0.341891
126.0 13.6421439324 0.0377888872554 -5.0 -1.62 0.24 1.0 0.341891
127.0 13.5787426869 0.0606382717432 -2.0 -1.62 0.24 1.0 0.305274
128.0 12.9265753522 0.109425773929 -1.0 -1.62 0.24 0.0 0.834988
128.0 12.8100505444 0.0680147042925 -2.0 -1.62 0.24 0.0 0.834988
128.0 13.2065586253 0.061603571325 -5.0 -1.62 0.24 0.0 0.834988
130.0 13.5269115289 0.111274435519 -1.0 -1.62 0.24 0.0 0.49325
130.0 13.4184295401 0.0859476584905 -2.0 -1.62 0.24 0.0 0.49325
130.0 13.6875834895 0.0718331399843 -5.0 -1.62 0.24 0.0 0.49325
131.0 13.3282348116 0.1658463144 -1.0 -1.62 0.24 1.0 0.392252
131.0 13.2235795452 0.0964261375354 -2.0 -1.62 0.24 1.0 0.392252
131.0 13.5486226849 0.0617170964968 -5.0 -1.62 0.24 1.0 0.392252
132.0 13.089893858 0.296238079929 -1.0 -1.62 0.24 0.0 0.655656
132.0 13.0248125577 0.215244047537 -2.0 -1.62 0.24 0.0 0.655656
132.0 13.2435149451 0.0882043082848 -5.0 -1.62 0.24 0.0 0.655656
135.0 10.6124778685 0.307166078856 -2.0 -1.62 0.24 0.0 0.632579
135.0 13.0650916346 0.410555720944 -5.0 -1.62 0.24 0.0 0.632579
136.0 12.9751652577 0.570261343596 -1.0 -1.62 0.24 1.0 0.391945
136.0 13.2062405722 0.187208439981 -2.0 -1.62 0.24 1.0 0.391945
136.0 13.5067611276 0.138322087896 -5.0 -1.62 0.24 1.0 0.391945
137.0 13.682471037 0.148141823939 -1.0 -1.62 0.24 1.0 0.334205
137.0 13.4686740949 0.109836241742 -2.0 -1.62 0.24 1.0 0.334205
137.0 13.7666903181 0.0748598690889 -5.0 -1.62 0.24 1.0 0.334205
139.0 12.8300939913 0.160502336432 -1.0 -1.62 0.24 0.0 0.676871
139.0 12.7128593307 0.121123903504 -2.0 -1.62 0.24 0.0 0.676871
139.0 13.094920036 0.0627295783502 -5.0 -1.62 0.24 0.0 0.676871
140.0 12.4623617514 0.362368596873 -1.0 -1.62 0.24 0.0 0.619849
140.0 12.6272433733 0.259707527808 -2.0 -1.62 0.24 0.0 0.619849
140.0 12.9989746054 0.129595524614 -5.0 -1.62 0.24 0.0 0.619849
141.0 12.8061848782 0.331317068682 -1.0 -1.62 0.24 0.0 0.697363
141.0 12.9181969213 0.16147755262 -2.0 -1.62 0.24 0.0 0.697363
141.0 13.3061188437 0.0819573059587 -5.0 -1.62 0.24 0.0 0.697363
142.0 12.5447866358 0.372511744781 -1.0 -1.62 0.24 1.0 0.375848
142.0 12.5188374719 0.435830242182 -2.0 -1.62 0.24 1.0 0.375848
142.0 13.1242410523 0.246923064941 -5.0 -1.62 0.24 1.0 0.375848
143.0 11.8971339596 0.54977540869 -1.0 -1.62 0.24 0.0 0.820734
143.0 12.0746518178 0.291928073333 -2.0 -1.62 0.24 0.0 0.820734
143.0 13.172242283 0.222512920973 -5.0 -1.62 0.24 0.0 0.820734
144.0 12.9283136873 0.210544532107 -1.0 -1.62 0.24 0.0 0.83532
144.0 12.8469704759 0.143850616961 -2.0 -1.62 0.24 0.0 0.83532
144.0 13.1868146526 0.0657190992026 -5.0 -1.62 0.24 0.0 0.83532
145.0 12.9964476562 0.326805752703 -1.0 -1.62 0.24 1.0 0.373214
145.0 13.1017410689 0.338560186673 -2.0 -1.62 0.24 1.0 0.373214
145.0 13.4476818394 0.163939013051 -5.0 -1.62 0.24 1.0 0.373214
146.0 13.1790106959 0.463935340322 -1.0 -1.62 0.24 0.0 0.633092
146.0 13.0342559073 0.278416953507 -2.0 -1.62 0.24 0.0 0.633092
146.0 13.4972351059 0.113221022783 -5.0 -1.62 0.24 0.0 0.633092
147.0 12.9336079872 0.141707445111 -1.0 -1.62 0.24 1.0 0.422699
147.0 13.0825668008 0.0776723889165 -2.0 -1.62 0.24 1.0 0.422699
147.0 13.3972846713 0.0431045241245 -5.0 -1.62 0.24 1.0 0.422699
149.0 13.0606067058 0.119749739039 -1.0 -1.62 0.24 0.0 0.682728
149.0 13.0240325151 0.083330666624 -2.0 -1.62 0.24 0.0 0.682728
149.0 13.3536327777 0.052697248505 -5.0 -1.62 0.24 0.0 0.682728
150.0 12.7565588222 0.0859243853629 -1.0 -1.62 0.24 0.0 0.899302
150.0 12.6919327627 0.0622173609212 -2.0 -1.62 0.24 0.0 0.899302
150.0 13.0677963128 0.0669402718847 -5.0 -1.62 0.24 0.0 0.899302
151.0 13.3013157489 0.0708590149522 -1.0 -1.62 0.24 0.0 0.407784
151.0 13.2649892605 0.0562672195865 -2.0 -1.62 0.24 0.0 0.407784
151.0 13.5006609815 0.0460325971459 -5.0 -1.62 0.24 0.0 0.407784
153.0 13.5408518441 0.267832036919 -1.0 -1.62 0.24 1.0 0.386245
153.0 13.3919884542 0.165653252307 -2.0 -1.62 0.24 1.0 0.386245
153.0 13.6502838067 0.0894650769854 -5.0 -1.62 0.24 1.0 0.386245
154.0 13.4503996223 0.137971011448 -1.0 -1.62 0.24 1.0 0.32234
154.0 13.3775720934 0.143502613217 -2.0 -1.62 0.24 1.0 0.32234
154.0 13.6291170125 0.0654904573201 -5.0 -1.62 0.24 1.0 0.32234
155.0 12.8767067161 0.288393827951 -1.0 -1.62 0.24 1.0 0.413925
155.0 12.9659886292 0.316449048031 -2.0 -1.62 0.24 1.0 0.413925
155.0 13.2855263844 0.162252889034 -5.0 -1.62 0.24 1.0 0.413925
156.0 13.1242359477 0.26103639593 -1.0 -1.62 0.24 1.0 0.359067
156.0 13.1728889653 0.260779600429 -2.0 -1.62 0.24 1.0 0.359067
156.0 13.4576812095 0.125311611593 -5.0 -1.62 0.24 1.0 0.359067
157.0 13.6272574777 0.353043906618 -1.0 -1.62 0.24 1.0 0.4064
157.0 13.4046911223 0.226351496571 -2.0 -1.62 0.24 1.0 0.4064
157.0 13.6113667243 0.107377837564 -5.0 -1.62 0.24 1.0 0.4064
158.0 13.4483015221 0.35799022333 -1.0 -1.62 0.24 1.0 0.367276
158.0 13.4723933577 0.163731487503 -2.0 -1.62 0.24 1.0 0.367276
158.0 13.6457947719 0.0786002544525 -5.0 -1.62 0.24 1.0 0.367276
163.0 13.5570855314 0.0549272245794 -1.0 -1.62 0.24 1.0 0.313229
163.0 13.5447665605 0.086585218138 -2.0 -1.62 0.24 1.0 0.313229
163.0 13.7631144892 0.0642028036771 -5.0 -1.62 0.24 1.0 0.313229
165.0 13.617072907 0.362175371885 -1.0 -1.62 0.24 0.0 0.500765
165.0 13.4772281474 0.330765778157 -2.0 -1.62 0.24 0.0 0.500765
165.0 13.7597077675 0.183463892905 -5.0 -1.62 0.24 0.0 0.500765
166.0 13.2326333133 0.250491516822 -1.0 -1.62 0.24 1.0 0.340173
166.0 13.3108229086 0.218304832745 -2.0 -1.62 0.24 1.0 0.340173
166.0 13.5524818027 0.110385687478 -5.0 -1.62 0.24 1.0 0.340173
168.0 13.9995826797 0.0699142331718 -1.0 -1.62 0.24 1.0 0.321299
168.0 13.9602788687 0.0618789140176 -2.0 -1.62 0.24 1.0 0.321299
168.0 14.1759011515 0.0517880295049 -5.0 -1.62 0.24 1.0 0.321299
169.0 13.7354989363 0.067282984476 -1.0 -1.62 0.24 1.0 0.319116
169.0 13.6523095462 0.0872295821382 -2.0 -1.62 0.24 1.0 0.319116
169.0 13.8051136267 0.0442718872424 -5.0 -1.62 0.24 1.0 0.319116
184.0 13.6236462435 0.0954986910905 -1.0 -1.62 0.24 1.0 0.30337
184.0 13.5364943705 0.0673795221117 -2.0 -1.62 0.24 1.0 0.30337
184.0 13.7784952112 0.0413642357599 -5.0 -1.62 0.24 1.0 0.30337
185.0 13.545200373 0.0620241888298 -1.0 -1.62 0.24 1.0 0.3332
185.0 13.5082685015 0.078555712714 -2.0 -1.62 0.24 1.0 0.3332
185.0 13.700592386 0.0565420197729 -5.0 -1.62 0.24 1.0 0.3332
261.0 13.2118818657 0.0643816744113 -1.0 -1.62 0.24 1.0 0.402512
261.0 13.1130936646 0.0683593446429 -2.0 -1.62 0.24 1.0 0.402512
261.0 13.4310366003 0.0309354165965 -5.0 -1.62 0.24 1.0 0.402512
263.0 12.8882031599 0.0587707410197 -1.0 -1.62 0.24 0.0 1.012158
263.0 12.7459546946 0.0545068802996 -2.0 -1.62 0.24 0.0 1.012158
263.0 13.1551337589 0.0573323643329 -5.0 -1.62 0.24 0.0 1.012158
264.0 13.6494583512 0.521500719079 -1.0 -1.62 0.24 1.0 0.321398
264.0 13.6128764249 0.174948563869 -2.0 -1.62 0.24 1.0 0.321398
264.0 13.8657594165 0.0946255779375 -5.0 -1.62 0.24 1.0 0.321398
265.0 13.3274195188 0.172629661414 -1.0 -1.62 0.24 1.0 0.4226
265.0 13.2320255809 0.113683771929 -2.0 -1.62 0.24 1.0 0.4226
265.0 13.4903321516 0.0670149237111 -5.0 -1.62 0.24 1.0 0.4226
266.0 13.1184256525 0.359444015112 -1.0 -1.62 0.24 1.0 0.352303
266.0 13.1424346381 0.373409962374 -2.0 -1.62 0.24 1.0 0.352303
266.0 13.4391582437 0.197377810303 -5.0 -1.62 0.24 1.0 0.352303
267.0 12.8703083719 0.343787725203 -1.0 -1.62 0.24 1.0 0.315822
267.0 12.7905013818 0.362124288056 -2.0 -1.62 0.24 1.0 0.315822
267.0 13.3801001006 0.215909703348 -5.0 -1.62 0.24 1.0 0.315822
268.0 12.2546926272 0.253980314198 -1.0 -1.62 0.24 0.0 0.812922
268.0 12.5336774715 0.248322371123 -2.0 -1.62 0.24 0.0 0.812922
268.0 13.0716002263 0.143181702742 -5.0 -1.62 0.24 0.0 0.812922
270.0 13.389835941 0.290317068048 -1.0 -1.62 0.24 1.0 0.312714
270.0 13.4087179916 0.234563424259 -2.0 -1.62 0.24 1.0 0.312714
270.0 13.6414831962 0.123664869708 -5.0 -1.62 0.24 1.0 0.312714
271.0 12.4874309478 0.404777716778 -1.0 -1.62 0.24 1.0 0.4432
271.0 12.5600742807 0.382273462328 -2.0 -1.62 0.24 1.0 0.4432
271.0 13.1073580685 0.184770127456 -5.0 -1.62 0.24 1.0 0.4432
272.0 13.6297865434 0.138693907581 -1.0 -1.62 0.24 1.0 0.311482
272.0 13.5685147865 0.102518291051 -2.0 -1.62 0.24 1.0 0.311482
272.0 13.8101274794 0.0724913787978 -5.0 -1.62 0.24 1.0 0.311482
273.0 13.3511474386 0.628047768884 -1.0 -1.62 0.24 1.0 0.367106
273.0 13.3338865306 0.355713367756 -2.0 -1.62 0.24 1.0 0.367106
273.0 13.5911884843 0.133906683926 -5.0 -1.62 0.24 1.0 0.367106
274.0 13.7577309203 0.0789050061783 -1.0 -1.62 0.24 1.0 0.311089
274.0 13.6495587085 0.0767593642496 -2.0 -1.62 0.24 1.0 0.311089
274.0 13.8283157862 0.0371348892553 -5.0 -1.62 0.24 1.0 0.311089
275.0 13.3167431968 0.539178078189 -1.0 -1.62 0.24 1.0 0.3776
275.0 13.147274539 0.284467924378 -2.0 -1.62 0.24 1.0 0.3776
275.0 13.4821983163 0.140410113596 -5.0 -1.62 0.24 1.0 0.3776
276.0 13.613677865 0.159414553915 -1.0 -1.62 0.24 1.0 0.307807
276.0 13.5333865679 0.0844097150807 -2.0 -1.62 0.24 1.0 0.307807
276.0 13.7266554647 0.0716449579524 -5.0 -1.62 0.24 1.0 0.307807
277.0 13.3241342668 0.219965906449 -1.0 -1.62 0.24 1.0 0.351563
277.0 13.3536464738 0.147064611651 -2.0 -1.62 0.24 1.0 0.351563
277.0 13.6030029032 0.0794418025979 -5.0 -1.62 0.24 1.0 0.351563
280.0 13.9052718321 0.0901443287179 -1.0 -1.62 0.24 1.0 0.281644
280.0 13.8162529862 0.101262036322 -2.0 -1.62 0.24 1.0 0.281644
280.0 13.9513143848 0.0405585995813 -5.0 -1.62 0.24 1.0 0.281644
285.0 13.5036497986 0.0928924108849 -1.0 -1.62 0.24 1.0 0.329014
285.0 13.5029389246 0.0523736575007 -2.0 -1.62 0.24 1.0 0.329014
285.0 13.6865858721 0.058804761712 -5.0 -1.62 0.24 1.0 0.329014
288.0 13.7192992835 0.0540647759637 -1.0 -1.62 0.24 1.0 0.2954
288.0 13.6348300698 0.0672383818961 -2.0 -1.62 0.24 1.0 0.2954
288.0 13.8094025618 0.0380263066837 -5.0 -1.62 0.24 1.0 0.2954
289.0 13.6179900851 0.0518169856321 -1.0 -1.62 0.24 1.0 0.30809
289.0 13.5836296786 0.0751065909225 -2.0 -1.62 0.24 1.0 0.30809
289.0 13.7429520206 0.0460868744872 -5.0 -1.62 0.24 1.0 0.30809
291.0 13.5176990747 0.154055184918 -1.0 -1.62 0.24 1.0 0.334
291.0 13.4442272825 0.0910988474131 -2.0 -1.62 0.24 1.0 0.334
291.0 13.6743941371 0.0636631761696 -5.0 -1.62 0.24 1.0 0.334
339.0 13.4041348641 0.187688571842 -1.0 -1.62 0.24 1.0 0.301322
339.0 13.4183588221 0.107596468344 -2.0 -1.62 0.24 1.0 0.301322
339.0 13.7283832642 0.0775241897733 -5.0 -1.62 0.24 1.0 0.301322
340.0 12.9689312223 0.300749064836 -1.0 -1.62 0.24 1.0 0.301821
340.0 12.9888873873 0.309580361134 -2.0 -1.62 0.24 1.0 0.301821
340.0 13.4637136031 0.170648762082 -5.0 -1.62 0.24 1.0 0.301821
341.0 13.2457064524 0.271512430655 -1.0 -1.62 0.24 1.0 0.306136
341.0 13.348183019 0.207634293892 -2.0 -1.62 0.24 1.0 0.306136
341.0 13.7427322844 0.15287903715 -5.0 -1.62 0.24 1.0 0.306136
342.0 13.320700934 0.165867416933 -1.0 -1.62 0.24 1.0 0.308389
342.0 13.4168234228 0.164465801916 -2.0 -1.62 0.24 1.0 0.308389
342.0 13.6768190965 0.091394748208 -5.0 -1.62 0.24 1.0 0.308389
343.0 13.3943753982 0.397724779213 -1.0 -1.62 0.24 1.0 0.310211
343.0 13.432282402 0.280672406909 -2.0 -1.62 0.24 1.0 0.310211
343.0 13.6382802463 0.15578189882 -5.0 -1.62 0.24 1.0 0.310211
344.0 13.7263731305 0.5185344733 -1.0 -1.62 0.24 1.0 0.313764
344.0 13.6442174884 0.20140258191 -2.0 -1.62 0.24 1.0 0.313764
344.0 13.7887527233 0.115095612427 -5.0 -1.62 0.24 1.0 0.313764
346.0 12.297278605 0.374970665519 -1.0 -1.62 0.24 1.0 0.327623
346.0 13.3827380994 0.25300988123 -2.0 -1.62 0.24 1.0 0.327623
346.0 13.6603710536 0.115329961415 -5.0 -1.62 0.24 1.0 0.327623
349.0 13.7276846361 0.666257457744 -5.0 -1.62 0.24 1.0 0.3642
350.0 12.9182371467 0.356823485774 -1.0 -1.62 0.24 1.0 0.379108
350.0 12.7272741221 0.417613457638 -2.0 -1.62 0.24 1.0 0.379108
350.0 13.2036691927 0.207236579783 -5.0 -1.62 0.24 1.0 0.379108
352.0 12.1609812936 0.447853770778 -1.0 -1.62 0.24 1.0 0.397544
352.0 12.6751183466 0.884451242297 -2.0 -1.62 0.24 1.0 0.397544
352.0 13.2893159147 0.250730931478 -5.0 -1.62 0.24 1.0 0.397544
353.0 13.3798172339 0.53230536349 -1.0 -1.62 0.24 1.0 0.40102
353.0 11.8095987061 0.70222361111 -2.0 -1.62 0.24 1.0 0.40102
353.0 13.614353299 0.229995652133 -5.0 -1.62 0.24 1.0 0.40102
354.0 13.2936231781 0.181631495066 -1.0 -1.62 0.24 1.0 0.419934
354.0 13.2641312508 0.128245857633 -2.0 -1.62 0.24 1.0 0.419934
354.0 13.5122406961 0.06204836823 -5.0 -1.62 0.24 1.0 0.419934
357.0 13.4681064125 0.220115878573 -1.0 -1.62 0.24 1.0 0.297775
357.0 13.4675977833 0.154602716664 -2.0 -1.62 0.24 1.0 0.297775
357.0 13.6923752668 0.0937336652436 -5.0 -1.62 0.24 1.0 0.297775
366.0 12.014752136 0.243236510417 -1.0 -1.62 0.24 0.0 0.99991
366.0 12.3024027426 0.180338570472 -2.0 -1.62 0.24 0.0 0.99991
366.0 12.7891604244 0.10729864864 -5.0 -1.62 0.24 0.0 0.99991
399.0 13.4236434586 0.311528489869 -1.0 -1.62 0.24 1.0 0.309782
399.0 13.4324772663 0.222537637266 -2.0 -1.62 0.24 1.0 0.309782
399.0 13.6664853224 0.131806676614 -5.0 -1.62 0.24 1.0 0.309782
3.0 12.8408674221 0.13670040234 -3.0 -1.62 0.24 0.0 0.841258
4.0 13.0296299499 0.124446775772 -3.0 -1.62 0.24 0.0 0.62732
5.0 13.3871486147 0.14848232218 -3.0 -1.62 0.24 0.0 0.515274
9.0 13.3146343909 0.126356638132 -3.0 -1.62 0.24 0.0 0.52348
10.0 13.3423004837 0.126870012217 -3.0 -1.62 0.24 1.0 0.374976
11.0 13.0497922921 0.200995024814 -3.0 -1.62 0.24 0.0 0.564789
12.0 13.1682374472 0.166550292705 -3.0 -1.62 0.24 1.0 0.386769
13.0 12.9176301873 0.111937482552 -3.0 -1.62 0.24 0.0 0.669039
21.0 13.3011918933 0.163932913108 -3.0 -1.62 0.24 1.0 0.380812
47.0 13.0991952686 0.105104709695 -3.0 -1.62 0.24 1.0 0.485303
54.0 12.7991322925 0.103527774051 -3.0 -1.62 0.24 0.0 0.772915
58.0 13.3451820411 0.115702203955 -3.0 -1.62 0.24 1.0 0.36988
66.0 13.1034734659 0.121115647214 -3.0 -1.62 0.24 1.0 0.407266
67.0 13.3684682236 0.162434602225 -3.0 -1.62 0.24 0.0 0.564451
68.0 12.9281435342 0.174157974265 -3.0 -1.62 0.24 1.0 0.534609
94.0 13.8582275074 0.130357201566 -3.0 -1.62 0.24 1.0 0.253936
3.0 12.7077784197 0.123818415432 -4.0 -1.62 0.24 0.0 0.841258
4.0 13.0260027026 0.120685541802 -4.0 -1.62 0.24 0.0 0.62732
5.0 13.3400386355 0.103193992073 -4.0 -1.62 0.24 0.0 0.515274
9.0 13.2789671027 0.134759044223 -4.0 -1.62 0.24 0.0 0.52348
10.0 13.1681021515 0.129653384067 -4.0 -1.62 0.24 1.0 0.374976
12.0 13.447919831 0.306310300186 -4.0 -1.62 0.24 1.0 0.386769
13.0 12.8596317728 0.107093417165 -4.0 -1.62 0.24 0.0 0.669039
21.0 13.1996336786 0.111776562839 -4.0 -1.62 0.24 1.0 0.380812
33.0 13.005739334 0.120764233116 -4.0 -1.62 0.24 0.0 0.602324
45.0 13.070326306 0.0959947915254 -4.0 -1.62 0.24 0.0 0.589116
47.0 13.0729002837 0.0910768905925 -4.0 -1.62 0.24 1.0 0.485303
50.0 13.305138506 0.192561678431 -4.0 -1.62 0.24 1.0 0.386172
58.0 13.3090027455 0.116987178785 -4.0 -1.62 0.24 1.0 0.36988
94.0 13.7991224249 0.100079968026 -4.0 -1.62 0.24 1.0 0.253936
95.0 13.1780761961 0.0817618492942 -4.0 -1.62 0.24 1.0 0.405067
127.0 13.5732885838 0.216603324074 -4.0 -1.62 0.24 1.0 0.305274
263.0 12.6597366469 0.116747590982 -4.0 -1.62 0.24 0.0 1.012158
