1.22 13.7823403239 0.012820512887 0.0 0.202403261682
1.22 13.809605762 0.0108695652872 1.0 0.123806707797
1.63 13.6944257824 0.0129870129132 0.0 0.285472183281
1.63 13.7112390322 0.0109890110702 1.0 0.274113789888
2.19 13.6704924806 0.0126582277513 0.0 0.373980759515
2.19 13.718050146 0.0108695652551 1.0 0.239551201003
3.55 13.7139407813 0.125000000759 0.0 0.10477413519
3.55 13.7453005518 0.125000000372 1.0 0.0722909229483
4.493 13.6670598138 0.125000000635 0.0 0.0753779983239
4.493 13.7451282874 0.111111111115 1.0 0.0866843904416
