1.22 13.8998379212 0.199999998575 0.0 0.0696056644819
1.22 13.8871690122 0.166666666875 1.0 0.0388921648321
1.63 13.8769560926 0.200000000324 0.0 0.0825348435741
1.63 13.8605579352 0.166666667184 1.0 0.0458322977225
2.19 13.8664324276 0.199999999978 0.0 0.0802342380687
2.19 13.8458791347 0.166666668036 1.0 0.0392345333988
3.55 13.7222697366 0.199999998927 0.0 0.0770620602014
3.55 13.7600484355 0.166666667783 1.0 0.0657717345336
4.493 13.6685154978 0.20000000158 0.0 0.078707876434
4.493 13.7451588448 0.166666667958 1.0 0.10383487249
