1.22 13.807925545 0.0136986300735 0.0 0.123968619443
1.22 13.8242401061 0.0116279070065 1.0 0.0822460370079
1.63 13.7524575807 0.0144927535431 0.0 0.164345044294
1.63 13.7680423237 0.0117647058785 1.0 0.166768609532
2.19 13.7269228238 0.0135135134201 0.0 0.178251303861
2.19 13.7697259221 0.0119047619106 1.0 0.0994102189123
3.55 13.7139407813 0.125000000759 0.0 0.10477413519
3.55 13.7453005518 0.125000000372 1.0 0.0722909229483
4.493 13.6670598138 0.125000000635 0.0 0.0753779983239
4.493 13.7451282874 0.111111111115 1.0 0.0866843904416
