 56468.97641   13.117  0.016   -1  1 
 56469.04707   13.342  0.019   -1  1 
 56469.10896   13.493  0.057   -1  1 
 56469.17285   13.005  0.006   -1  1 
 56471.00364   13.067  0.017   -1  1 
 56471.06640   13.061  0.008   -1  1 
 56471.12490   13.338  0.017   -1  1 
 56471.18188   13.443  0.038   -1  1 
 56471.96759   13.078  0.071   -1  1 
 56472.03374   13.107  0.012   -1  1 
 56472.09484   12.982  0.009   -1  1 
 56472.15243   12.948  0.012   -1  1 
 56468.95296   13.034  0.022   -2  1 
 56469.02441   13.134  0.018   -2  1 
 56469.08813   13.054  0.033   -2  1 
 56469.15134   12.970  0.013   -2  1 
 56471.02588   13.056  0.022   -2  1 
 56471.08671   13.084  0.017   -2  1 
 56471.14302   13.156  0.007   -2  1 
 56471.94704   13.043  0.013   -2  1 
 56472.01085   13.127  0.019   -2  1 
 56472.07480   13.123  0.024   -2  1 
 56472.13240   12.847  0.006   -2  1 
 56472.19216   12.856  0.004   -2  1 
 56469.00041   13.572  0.011   -5  1 
 56469.06767   13.520  0.007   -5  1 
 56469.13003   13.258  0.014   -5  1 
 56469.19349   13.197  0.007   -5  1 
 56470.98130   13.348  0.008   -5  1 
 56471.04693   13.413  0.007   -5  1 
 56471.10523   13.490  0.005   -5  1 
 56471.16397   13.534  0.007   -5  1 
 56471.98857   13.177  0.007   -5  1 
 56472.05430   13.161  0.013   -5  1 
 56472.11383   13.213  0.012   -5  1 
 56472.17109   13.229  0.008   -5  1 
