  51216.3218   14.857  0.005    2  1 
  51216.3464   14.833  0.005    2  1 
  51216.3689   14.651  0.005    2  1 
  51216.3980   14.195  0.004    2  1 
  51217.3101   14.479  0.004    2  1 
  51217.3328   14.526  0.004    2  1 
  51217.3552   14.564  0.004    2  1 
  51217.3759   14.593  0.004    2  1 
  51217.3953   14.616  0.005    2  1 
  51218.2773   14.771  0.005    2  1 
  51218.3093   14.846  0.005    2  1 
  51218.3298   14.871  0.005    2  1 
  51218.3573   14.822  0.005    2  1 
  51218.3794   14.601  0.004    2  1 
  51219.3336   14.511  0.004    2  1 
  51219.3596   14.557  0.004    2  1 
  51219.3768   14.587  0.004    2  1 
  51220.2621   14.743  0.005    2  1 
  51220.2906   14.790  0.005    2  1 
  51220.3077   14.824  0.005    2  1 
  51220.3257   14.854  0.005    2  1 
  51220.3432   14.873  0.005    2  1 
  51220.3602   14.848  0.005    2  1 
  51220.3776   14.732  0.005    2  1 
  51221.2835   14.395  0.004    2  1 
  51221.3009   14.432  0.004    2  1 
  51221.3188   14.476  0.004    2  1 
  51221.3358   14.499  0.004    2  1 
  51221.3538   14.537  0.004    2  1 
  51221.3722   14.570  0.004    2  1 
  51283.2451   14.850  0.004    2  1 
  51283.2493   14.842  0.004    2  1 
  51283.2714   14.688  0.004    2  1 
  51283.2748   14.643  0.004    2  1 
  51283.2939   14.282  0.003    2  1 
  51283.2972   14.252  0.003    2  1 
  51283.3202   13.988  0.003    2  1 
  51283.3234   13.958  0.003    2  1 
  51283.3487   13.932  0.003    2  1 
  51283.3518   13.944  0.003    2  1 
  51283.3707   14.008  0.003    2  1 
  51283.3738   14.018  0.003    2  1 
  51284.2195   14.489  0.004    2  1 
  51284.2229   14.496  0.004    2  1 
  51284.2413   14.532  0.004    2  1 
  51284.2443   14.535  0.004    2  1 
  51284.2617   14.560  0.004    2  1 
  51284.2648   14.569  0.004    2  1 
  51284.2942   14.604  0.004    2  1 
  51284.2973   14.617  0.004    2  1 
  51284.3168   14.631  0.004    2  1 
  51284.3211   14.634  0.004    2  1 
  51284.3428   14.656  0.004    2  1 
  51284.3464   14.658  0.004    2  1 
  51285.0513   14.693  0.004    2  1 
  51285.0543   14.698  0.004    2  1 
  51285.0739   14.726  0.004    2  1 
  51285.0778   14.730  0.004    2  1 
  51285.0975   14.732  0.004    2  1 
  51285.1006   14.721  0.004    2  1 
  51285.1324   14.721  0.004    2  1 
  51285.1360   14.719  0.004    2  1 
  51285.1558   14.731  0.004    2  1 
  51285.1588   14.737  0.004    2  1 
  51285.1796   14.776  0.004    2  1 
  51285.1830   14.783  0.004    2  1 
  51285.2125   14.833  0.004    2  1 
  51285.2157   14.838  0.004    2  1 
  51285.2362   14.868  0.005    2  1 
  51285.2426   14.869  0.004    2  1 
  51285.2630   14.816  0.005    2  1 
  51285.2666   14.800  0.005    2  1 
  51285.2998   14.294  0.003    2  1 
  51285.3033   14.265  0.004    2  1 
  51285.3308   13.968  0.003    2  1 
  51285.3348   13.943  0.003    2  1 
  51285.3382   13.932  0.003    2  1 
  51286.0461   14.007  0.003    2  1 
  51286.0493   14.012  0.003    2  1 
  51286.0716   14.089  0.003    2  1 
  51286.0753   14.100  0.003    2  1 
  51286.1026   14.187  0.003    2  1 
  51286.1061   14.199  0.003    2  1 
  51286.1365   14.280  0.003    2  1 
  51286.1398   14.294  0.003    2  1 
  51286.1608   14.342  0.004    2  1 
  51286.1639   14.354  0.003    2  1 
  51286.1669   14.361  0.003    2  1 
  51286.1875   14.411  0.003    2  1 
  51286.1908   14.416  0.004    2  1 
  51286.2255   14.483  0.004    2  1 
  51286.2285   14.494  0.004    2  1 
  51286.2476   14.528  0.004    2  1 
  51286.2508   14.535  0.004    2  1 
  51286.2697   14.559  0.004    2  1 
  51286.2727   14.574  0.004    2  1 
  51286.3022   14.612  0.004    2  1 
  51286.3055   14.616  0.004    2  1 
  51286.3218   14.635  0.004    2  1 
  51286.3250   14.638  0.004    2  1 
  51286.3450   14.657  0.004    2  1 
  51286.3481   14.658  0.004    2  1 
  51304.9873   14.544  0.004    2  1 
  51304.9926   14.553  0.004    2  1 
  51305.0328   14.609  0.004    2  1 
  51305.0362   14.612  0.004    2  1 
  51305.0559   14.627  0.004    2  1 
  51305.0599   14.631  0.005    2  1 
  51305.0890   14.660  0.004    2  1 
  51305.0922   14.668  0.004    2  1 
  51305.1235   14.691  0.004    2  1 
  51305.1269   14.702  0.005    2  1 
  51305.1509   14.725  0.005    2  1 
  51305.1547   14.728  0.005    2  1 
  51305.1853   14.722  0.004    2  1 
  51305.1885   14.720  0.005    2  1 
  51305.2098   14.714  0.004    2  1 
  51305.2128   14.728  0.004    2  1 
  51305.2431   14.750  0.004    2  1 
  51305.2461   14.754  0.004    2  1 
  51305.2704   14.807  0.005    2  1 
  51305.2734   14.816  0.004    2  1 
  51305.2966   14.857  0.004    2  1 
  51305.2995   14.856  0.005    2  1 
  51305.9857   14.873  0.004    2  1 
  51305.9885   14.869  0.004    2  1 
  51305.9912   14.864  0.004    2  1 
  51306.0256   14.597  0.003    2  1 
  51306.0285   14.534  0.003    2  1 
  51306.0465   14.237  0.003    2  1 
  51306.0498   14.207  0.003    2  1 
  51306.0896   13.923  0.003    2  1 
  51306.0930   13.926  0.003    2  1 
  51306.1123   13.983  0.003    2  1 
  51306.1151   13.995  0.003    2  1 
  51306.1375   14.067  0.003    2  1 
  51306.1405   14.083  0.003    2  1 
  51306.1636   14.153  0.003    2  1 
  51306.1673   14.164  0.003    2  1 
  51306.1937   14.242  0.003    2  1 
  51306.1966   14.253  0.003    2  1 
  51306.2146   14.295  0.004    2  1 
  51306.2178   14.307  0.003    2  1 
  51306.2343   14.345  0.003    2  1 
  51306.2380   14.361  0.003    2  1 
  51306.2574   14.403  0.003    2  1 
  51306.2602   14.414  0.003    2  1 
  51306.2805   14.462  0.003    2  1 
  51306.2835   14.467  0.003    2  1 
  51306.3009   14.504  0.003    2  1 
  51306.3038   14.503  0.003    2  1 
  51306.3135   14.527  0.004    2  1 
  51306.3184   14.534  0.004    2  1 
  51307.0456   14.612  0.004    2  1 
  51307.0501   14.611  0.004    2  1 
  51307.0593   14.627  0.003    2  1 
  51307.0645   14.612  0.003    2  1 
  51307.0699   14.604  0.006    2  1 
  51307.0747   14.619  0.005    2  1 
  51308.0084   14.852  0.004    2  1 
  51308.0112   14.836  0.004    2  1 
  51308.0334   14.582  0.003    2  1 
  51308.0362   14.526  0.003    2  1 
  51308.0394   14.452  0.003    2  1 
  51308.0633   14.126  0.003    2  1 
  51308.0663   14.087  0.003    2  1 
  51308.0995   13.915  0.002    2  1 
  51308.1031   13.927  0.002    2  1 
  51308.1280   14.011  0.003    2  1 
  51308.1309   14.020  0.003    2  1 
  51310.0850   13.962  0.002    2  1 
  51310.0874   13.944  0.002    2  1 
  51310.0897   13.930  0.002    2  1 
  51310.0922   13.919  0.002    2  1 
  51310.1430   14.038  0.003    2  1 
  51310.1458   14.047  0.003    2  1 
  51310.1486   14.057  0.003    2  1 
  51311.0244   14.545  0.005    2  1 
  51311.0302   14.567  0.005    2  1 
  51311.0334   14.575  0.005    2  1 
  51311.0506   14.599  0.003    2  1 
  51311.0539   14.602  0.003    2  1 
  51311.0637   14.613  0.004    2  1 
  51311.0669   14.614  0.004    2  1 
  51311.0702   14.610  0.003    2  1 
  51311.0907   14.646  0.004    2  1 
  51311.0946   14.643  0.004    2  1 
  51311.0980   14.652  0.004    2  1 
  51311.1015   14.656  0.004    2  1 
  51311.1071   14.658  0.004    2  1 
  51311.1298   14.679  0.004    2  1 
  51311.1327   14.678  0.004    2  1 
  51311.1357   14.680  0.004    2  1 
  51311.1398   14.693  0.004    2  1 
  51311.1447   14.693  0.004    2  1 
  51311.9726   14.816  0.005    2  1 
  51311.9755   14.822  0.005    2  1 
  51312.0020   14.869  0.004    2  1 
  51312.0049   14.862  0.005    2  1 
  51312.0255   14.828  0.004    2  1 
  51312.0284   14.810  0.004    2  1 
  51312.0314   14.795  0.004    2  1 
  51312.0584   14.338  0.003    2  1 
  51312.0611   14.302  0.003    2  1 
  51312.0638   14.269  0.003    2  1 
  51312.0903   13.974  0.002    2  1 
  51312.0929   13.951  0.002    2  1 
  51312.0955   13.939  0.002    2  1 
  51312.1146   13.926  0.003    2  1 
  51312.1173   13.927  0.003    2  1 
  51312.1200   13.935  0.003    2  1 
  51312.9860   14.485  0.003    2  1 
  51312.9887   14.496  0.003    2  1 
  51312.9913   14.502  0.003    2  1 
  51313.0096   14.534  0.003    2  1 
  51313.0123   14.537  0.003    2  1 
  51313.0149   14.539  0.003    2  1 
  51313.0333   14.569  0.004    2  1 
  51313.0360   14.573  0.004    2  1 
  51313.0386   14.573  0.003    2  1 
  51313.0413   14.590  0.004    2  1 
  51313.0595   14.607  0.003    2  1 
  51313.0622   14.606  0.003    2  1 
  51313.0648   14.611  0.003    2  1 
  51313.0911   14.638  0.004    2  1 
  51313.0937   14.640  0.003    2  1 
  51313.0964   14.644  0.003    2  1 
  51313.1146   14.661  0.004    2  1 
  51313.1172   14.660  0.004    2  1 
  51313.1199   14.669  0.004    2  1 
  51313.1226   14.667  0.004    2  1 
  51313.9843   14.844  0.004    2  1 
  51313.9872   14.850  0.004    2  1 
  51313.9901   14.855  0.004    2  1 
  51314.0178   14.859  0.005    2  1 
  51314.0207   14.857  0.004    2  1 
  51314.0236   14.855  0.004    2  1 
  51314.0432   14.739  0.004    2  1 
  51314.0461   14.711  0.004    2  1 
  51314.0490   14.675  0.004    2  1 
  51314.0772   14.213  0.003    2  1 
  51314.0802   14.183  0.003    2  1 
  51314.0831   14.149  0.003    2  1 
  51314.1030   13.943  0.003    2  1 
  51314.1059   13.941  0.003    2  1 
  51314.1088   13.923  0.003    2  1 
  51314.1289   13.941  0.003    2  1 
  51314.1333   13.961  0.003    2  1 
  51314.1363   13.970  0.003    2  1 
  51314.9827   14.468  0.004    2  1 
  51314.9856   14.467  0.004    2  1 
  51314.9885   14.479  0.004    2  1 
  51315.0015   14.509  0.004    2  1 
  51315.0043   14.511  0.003    2  1 
  51315.0069   14.514  0.003    2  1 
  51315.0251   14.545  0.003    2  1 
  51315.0277   14.548  0.003    2  1 
  51315.0304   14.554  0.003    2  1 
  51315.0489   14.581  0.003    2  1 
  51315.0516   14.585  0.003    2  1 
  51315.0542   14.592  0.003    2  1 
  51315.0780   14.620  0.004    2  1 
  51315.0807   14.621  0.004    2  1 
  51315.0833   14.616  0.004    2  1 
  51315.1015   14.636  0.004    2  1 
  51315.1041   14.645  0.004    2  1 
  51315.1068   14.650  0.004    2  1 
  51315.1290   14.660  0.004    2  1 
  51315.1319   14.666  0.004    2  1 
  51316.0194   14.872  0.004    2  1 
  51316.0221   14.871  0.004    2  1 
  51316.0247   14.870  0.004    2  1 
  51316.0431   14.804  0.004    2  1 
  51316.0458   14.785  0.004    2  1 
  51316.0485   14.753  0.004    2  1 
  51316.0667   14.469  0.003    2  1 
  51316.0693   14.402  0.003    2  1 
  51316.0720   14.352  0.003    2  1 
  51316.0905   14.139  0.003    2  1 
  51316.0934   14.097  0.003    2  1 
  51316.0963   14.062  0.003    2  1 
  51316.1148   13.915  0.003    2  1 
  51316.1175   13.912  0.003    2  1 
  51316.1201   13.909  0.003    2  1 
  51316.9647   14.410  0.003    2  1 
  51316.9676   14.415  0.004    2  1 
  51316.9705   14.425  0.004    2  1 
  51316.9896   14.464  0.003    2  1 
  51316.9923   14.475  0.003    2  1 
  51316.9949   14.474  0.003    2  1 
  51317.0088   14.504  0.004    2  1 
  51317.0117   14.509  0.004    2  1 
  51317.0321   14.545  0.004    2  1 
  51317.0351   14.553  0.004    2  1 
  51317.0391   14.556  0.004    2  1 
  51317.0602   14.591  0.004    2  1 
  51317.0631   14.593  0.004    2  1 
  51317.0660   14.594  0.004    2  1 
  51317.0858   14.618  0.004    2  1 
  51317.0887   14.621  0.004    2  1 
  51317.0916   14.633  0.004    2  1 
  51317.1111   14.644  0.004    2  1 
  51317.1140   14.644  0.004    2  1 
  51317.1169   14.647  0.004    2  1 
  51317.9628   14.765  0.004    2  1 
  51317.9657   14.759  0.004    2  1 
  51317.9685   14.762  0.004    2  1 
  51317.9883   14.810  0.004    2  1 
  51317.9912   14.825  0.004    2  1 
  51317.9941   14.836  0.004    2  1 
  51318.0135   14.861  0.005    2  1 
  51318.0164   14.848  0.005    2  1 
  51318.0194   14.861  0.005    2  1 
  51318.0413   14.837  0.005    2  1 
  51318.0445   14.814  0.005    2  1 
  51318.0477   14.805  0.005    2  1 
  51318.0697   14.554  0.004    2  1 
  51318.0730   14.483  0.005    2  1 
  51318.0762   14.414  0.004    2  1 
  51318.0981   14.157  0.004    2  1 
  51318.1014   14.097  0.004    2  1 
  51318.1046   14.074  0.004    2  1 
  51318.1265   13.938  0.004    2  1 
  51318.1298   13.941  0.004    2  1 
  51318.9642   14.401  0.003    2  1 
  51318.9680   14.399  0.004    2  1 
  51318.9708   14.415  0.003    2  1 
  51318.9737   14.419  0.004    2  1 
  51318.9929   14.459  0.003    2  1 
  51318.9956   14.461  0.003    2  1 
  51318.9983   14.470  0.004    2  1 
  51319.0180   14.502  0.004    2  1 
  51319.0209   14.513  0.004    2  1 
  51319.0238   14.519  0.004    2  1 
  51319.0443   14.557  0.004    2  1 
  51319.0474   14.557  0.004    2  1 
  51319.0505   14.566  0.004    2  1 
  51319.0793   14.608  0.004    2  1 
  51319.0820   14.610  0.004    2  1 
  51319.0847   14.616  0.003    2  1 
  51319.1030   14.633  0.004    2  1 
  51319.1084   14.636  0.004    2  1 
  51319.1110   14.640  0.004    2  1 
  51320.1030   14.170  0.002    2  1 
  51320.1053   14.139  0.002    2  1 
  51320.1076   14.105  0.002    2  1 
  51320.1238   13.939  0.002    2  1 
  51320.1261   13.929  0.002    2  1 
  51320.1284   13.922  0.002    2  1 
  51320.1450   13.931  0.003    2  1 
  51320.1477   13.934  0.003    2  1 
  51320.1503   13.944  0.003    2  1 
  51320.9635   14.377  0.003    2  1 
  51320.9664   14.383  0.003    2  1 
  51320.9693   14.389  0.003    2  1 
  51320.9887   14.432  0.003    2  1 
  51320.9911   14.435  0.003    2  1 
  51320.9936   14.445  0.003    2  1 
  51321.0102   14.476  0.003    2  1 
  51321.0126   14.482  0.003    2  1 
  51321.0150   14.486  0.003    2  1 
  51321.0318   14.513  0.003    2  1 
  51321.0344   14.529  0.003    2  1 
  51321.0369   14.531  0.003    2  1 
  51321.0543   14.552  0.003    2  1 
  51321.0568   14.552  0.003    2  1 
  51321.0594   14.567  0.003    2  1 
  51321.0847   14.600  0.003    2  1 
  51321.0873   14.603  0.003    2  1 
  51321.0898   14.612  0.003    2  1 
  51321.1133   14.634  0.003    2  1 
  51321.1159   14.640  0.004    2  1 
  51321.1186   14.638  0.004    2  1 
  51321.1339   14.648  0.004    2  1 
  51321.1365   14.652  0.004    2  1 
  51332.9696   14.283  0.005    2  1 
  51332.9739   14.295  0.005    2  1 
  51332.9891   14.329  0.004    2  1 
  51332.9928   14.343  0.005    2  1 
  51332.9965   14.352  0.005    2  1 
  51333.0083   14.380  0.004    2  1 
  51333.0120   14.388  0.004    2  1 
  51333.0226   14.413  0.004    2  1 
  51333.0264   14.420  0.004    2  1 
  51333.0514   14.471  0.005    2  1 
  51333.0552   14.478  0.005    2  1 
  51333.0742   14.519  0.005    2  1 
  51333.0779   14.520  0.005    2  1 
  51333.0907   14.541  0.005    2  1 
  51333.0945   14.548  0.005    2  1 
  51333.1178   14.583  0.005    2  1 
  51333.1221   14.588  0.005    2  1 
  51333.1335   14.602  0.005    2  1 
  51333.1369   14.609  0.005    2  1 
  51333.1529   14.626  0.005    2  1 
  51333.1565   14.633  0.005    2  1 
  51333.1716   14.648  0.005    2  1 
  51333.1752   14.648  0.005    2  1 
  51334.9841   14.304  0.003    2  1 
  51334.9871   14.309  0.003    2  1 
  51335.0175   14.380  0.003    2  1 
  51335.0204   14.387  0.003    2  1 
  51335.0301   14.411  0.004    2  1 
  51335.0334   14.418  0.004    2  1 
  51335.0517   14.457  0.004    2  1 
  51335.0552   14.469  0.004    2  1 
  51335.0692   14.497  0.004    2  1 
  51335.0727   14.502  0.004    2  1 
  51335.0833   14.518  0.004    2  1 
  51335.0867   14.525  0.004    2  1 
  51335.1133   14.568  0.005    2  1 
  51335.1167   14.573  0.005    2  1 
  51335.9535   14.734  0.005    2  1 
  51335.9726   14.719  0.005    2  1 
  51335.9768   14.720  0.005    2  1 
  51335.9997   14.733  0.004    2  1 
  51336.0027   14.726  0.004    2  1 
  51336.0203   14.757  0.004    2  1 
  51336.0236   14.762  0.004    2  1 
  51336.0357   14.787  0.005    2  1 
  51336.0388   14.791  0.005    2  1 
  51336.0593   14.834  0.005    2  1 
  51336.0629   14.839  0.005    2  1 
  51336.0769   14.865  0.005    2  1 
  51336.0803   14.862  0.005    2  1 
  51336.1025   14.856  0.005    2  1 
  51336.1059   14.840  0.005    2  1 
  51336.1206   14.751  0.005    2  1 
  51336.1240   14.722  0.005    2  1 
  51337.0101   14.354  0.004    2  1 
  51337.9904   14.709  0.005    2  1 
  51337.9940   14.714  0.005    2  1 
  51338.0162   14.738  0.005    2  1 
  51338.0196   14.735  0.005    2  1 
  51338.0339   14.762  0.005    2  1 
  51338.0376   14.763  0.006    2  1 
  51338.9901   14.272  0.003    2  1 
  51338.9938   14.284  0.003    2  1 
  51339.0226   14.364  0.004    2  1 
  51339.0269   14.369  0.004    2  1 
  51339.0867   14.493  0.005    2  1 
  51339.0905   14.501  0.005    2  1 
  51339.1139   14.544  0.004    2  1 
  51339.1177   14.548  0.004    2  1 
  51339.1448   14.593  0.004    2  1 
  51339.1482   14.595  0.004    2  1 
  51339.9766   14.724  0.004    2  1 
  51339.9795   14.725  0.004    2  1 
  51340.0044   14.724  0.004    2  1 
  51340.0078   14.722  0.004    2  1 
  51340.0274   14.746  0.004    2  1 
  51340.0306   14.749  0.004    2  1 
  51340.0540   14.786  0.005    2  1 
  51340.0572   14.797  0.005    2  1 
  51340.0857   14.847  0.005    2  1 
  51340.0892   14.843  0.005    2  1 
  51340.1152   14.841  0.005    2  1 
  51340.1197   14.831  0.005    2  1 
  51340.1229   14.830  0.005    2  1 
  51340.1263   14.810  0.005    2  1 
  51340.1404   14.687  0.005    2  1 
  51340.1437   14.643  0.004    2  1 
  51344.9924   14.226  0.003    2  1 
  51344.9958   14.239  0.003    2  1 
  51344.9988   14.240  0.003    2  1 
  51345.0216   14.304  0.004    2  1 
  51345.0255   14.319  0.004    2  1 
  51345.0302   14.331  0.004    2  1 
  51345.0553   14.391  0.004    2  1 
  51345.0603   14.405  0.003    2  1 
  51345.9856   14.726  0.005    2  1 
  51345.9896   14.727  0.005    2  1 
  51346.0219   14.716  0.005    2  1 
  51346.0264   14.718  0.005    2  1 
  51346.0486   14.753  0.005    2  1 
  51346.0523   14.756  0.005    2  1 
  51346.0791   14.812  0.005    2  1 
  51346.0826   14.820  0.004    2  1 
  51347.0416   14.340  0.004    2  1 
  51347.0453   14.353  0.003    2  1 
  51347.0743   14.421  0.004    2  1 
  51347.0777   14.425  0.003    2  1 
  51347.0990   14.477  0.003    2  1 
  51347.1022   14.475  0.003    2  1 
  51347.9769   14.736  0.004    2  1 
  51347.9802   14.731  0.004    2  1 
  51347.9834   14.729  0.004    2  1 
  51347.9983   14.726  0.004    2  1 
  51348.0028   14.728  0.004    2  1 
  51348.0063   14.726  0.004    2  1 
  51348.0242   14.721  0.004    2  1 
  51348.0274   14.713  0.004    2  1 
  51348.0943   14.808  0.005    2  1 
  51348.0983   14.802  0.006    2  1 
  51348.1018   14.823  0.005    2  1 
  51348.9650   14.102  0.003    2  1 
  51348.9682   14.111  0.003    2  1 
  51348.9853   14.166  0.003    2  1 
  51348.9883   14.179  0.003    2  1 
  51348.9912   14.183  0.003    2  1 
  51349.0316   14.293  0.003    2  1 
  51349.0346   14.303  0.004    2  1 
  51349.9815   14.734  0.004    2  1 
  51349.9851   14.737  0.004    2  1 
  51349.9973   14.737  0.004    2  1 
  51350.0033   14.728  0.005    2  1 
  51350.0066   14.734  0.004    2  1 
  51350.0164   14.727  0.004    2  1 
  51350.0197   14.726  0.004    2  1 
  51350.0296   14.721  0.004    2  1 
  51380.9973   14.032  0.003    2  1 
  51381.0004   14.000  0.003    2  1 
  51381.0031   13.978  0.003    2  1 
  51381.0187   13.922  0.002    2  1 
  51381.0214   13.915  0.003    2  1 
  51381.0242   13.923  0.003    2  1 
  51381.9830   14.617  0.004    2  1 
  51381.9859   14.619  0.004    2  1 
  51381.9888   14.619  0.004    2  1 
  51382.0000   14.632  0.004    2  1 
  51382.0029   14.637  0.004    2  1 
  51382.9793   14.321  0.004    2  1 
  51382.9826   14.280  0.003    2  1 
  51382.9857   14.258  0.003    2  1 
  51382.9965   14.137  0.003    2  1 
  51382.9995   14.111  0.003    2  1 
  51383.9746   14.594  0.003    2  1 
  51383.9773   14.599  0.003    2  1 
  51383.9799   14.605  0.004    2  1 
  51383.9899   14.618  0.004    2  1 
  51383.9926   14.618  0.004    2  1 
  51384.9751   14.556  0.003    2  1 
  51384.9777   14.508  0.003    2  1 
  51384.9802   14.442  0.003    2  1 
  51384.9896   14.279  0.003    2  1 
  51384.9921   14.260  0.003    2  1 
  51385.9711   14.596  0.003    2  1 
  51385.9737   14.597  0.003    2  1 
  51385.9763   14.595  0.003    2  1 
  51385.9857   14.607  0.004    2  1 
  51385.9884   14.621  0.004    2  1 
  51386.9965   14.278  0.003    2  1 
  51387.0003   14.251  0.003    2  1 
  51387.0041   14.216  0.003    2  1 
  51387.0216   13.996  0.003    2  1 
  51387.0254   13.963  0.003    2  1 
  51387.0293   13.941  0.003    2  1 
  51388.9801   14.712  0.005    2  1 
  51388.9834   14.667  0.004    2  1 
  51388.9866   14.608  0.004    2  1 
  51388.9984   14.355  0.004    2  1 
  51389.0017   14.298  0.004    2  1 
  51389.9783   14.577  0.003    2  1 
  51389.9809   14.584  0.003    2  1 
  51389.9836   14.587  0.003    2  1 
  51390.9729   14.825  0.004    2  1 
  51390.9756   14.800  0.004    2  1 
  51390.9783   14.783  0.003    2  1 
  51391.9728   14.549  0.003    2  1 
  51391.9754   14.552  0.003    2  1 
  51391.9779   14.558  0.003    2  1 
  51671.0871   14.689  0.004    2  1 
  51671.0917   14.697  0.004    2  1 
  51671.0952   14.701  0.004    2  1 
  51671.1189   14.728  0.004    2  1 
  51671.1232   14.731  0.005    2  1 
  51671.9996   14.517  0.004    2  1 
  51672.0039   14.413  0.003    2  1 
  51672.0350   14.014  0.003    2  1 
  51672.0382   13.982  0.003    2  1 
  51673.0232   14.633  0.003    2  1 
  51674.0574   13.935  0.004    2  1 
  51674.0620   13.928  0.004    2  1 
  51674.0938   14.010  0.004    2  1 
  51674.0985   14.024  0.004    2  1 
  51674.1159   14.076  0.004    2  1 
  51674.1223   14.104  0.003    2  1 
  51674.9763   14.550  0.005    2  1 
  51674.9824   14.563  0.005    2  1 
  51675.0212   14.612  0.005    2  1 
  51676.0163   14.458  0.004    2  1 
  51692.9816   14.436  0.004    2  1 
  51692.9854   14.444  0.004    2  1 
  51693.9780   14.799  0.004    2  1 
  51693.9814   14.803  0.004    2  1 
  51694.9914   14.443  0.003    2  1 
  51694.9946   14.445  0.003    2  1 
  51765.9974   14.594  0.004    2  1 
  51766.0012   14.598  0.004    2  1 
  51766.0048   14.608  0.004    2  1 
  51766.0266   14.630  0.004    2  1 
  51766.0301   14.633  0.004    2  1 
  51216.3408   15.491  0.005    3  1 
  51216.3634   15.300  0.004    3  1 
  51216.3905   14.649  0.003    3  1 
  51217.3019   14.973  0.004    3  1 
  51217.3710   15.152  0.004    3  1 
  51217.3906   15.188  0.004    3  1 
  51218.2854   15.422  0.005    3  1 
  51218.3156   15.523  0.006    3  1 
  51218.3347   15.533  0.005    3  1 
  51218.3653   15.378  0.004    3  1 
  51218.3848   14.961  0.004    3  1 
  51219.2918   14.898  0.003    3  1 
  51219.3100   14.964  0.004    3  1 
  51219.3296   15.025  0.004    3  1 
  51219.3536   15.096  0.004    3  1 
  51219.3723   15.129  0.004    3  1 
  51220.2720   15.364  0.004    3  1 
  51220.2946   15.437  0.004    3  1 
  51220.3117   15.474  0.004    3  1 
  51220.3299   15.510  0.005    3  1 
  51220.3473   15.517  0.005    3  1 
  51220.3643   15.464  0.005    3  1 
  51220.3816   15.241  0.004    3  1 
  51221.2964   14.906  0.003    3  1 
  51221.3145   14.966  0.003    3  1 
  51221.3318   15.024  0.003    3  1 
  51221.3496   15.067  0.004    3  1 
  51221.3673   15.115  0.004    3  1 
  51283.2546   15.452  0.004    3  1 
  51283.2783   15.113  0.003    3  1 
  51283.3008   14.585  0.002    3  1 
  51283.3322   14.185  0.002    3  1 
  51283.3553   14.219  0.002    3  1 
  51283.3773   14.341  0.002    3  1 
  51284.2134   14.995  0.003    3  1 
  51284.2375   15.069  0.003    3  1 
  51284.2581   15.120  0.003    3  1 
  51284.2875   15.177  0.003    3  1 
  51284.3124   15.237  0.004    3  1 
  51284.3383   15.275  0.004    3  1 
  51285.0451   15.312  0.003    3  1 
  51285.0691   15.352  0.004    3  1 
  51285.0932   15.364  0.004    3  1 
  51285.1257   15.337  0.004    3  1 
  51285.1514   15.337  0.004    3  1 
  51285.1754   15.380  0.004    3  1 
  51285.2060   15.463  0.004    3  1 
  51285.2321   15.512  0.004    3  1 
  51285.2586   15.457  0.004    3  1 
  51285.2928   14.890  0.003    3  1 
  51285.3257   14.293  0.002    3  1 
  51286.0393   14.231  0.002    3  1 
  51286.0670   14.361  0.002    3  1 
  51286.0977   14.609  0.002    3  1 
  51286.1302   14.699  0.002    3  1 
  51286.1833   14.867  0.003    3  1 
  51286.2434   15.054  0.003    3  1 
  51286.2655   15.128  0.003    3  1 
  51286.2958   15.191  0.003    3  1 
  51286.3291   15.245  0.003    3  1 
  51286.3521   15.269  0.003    3  1 
  51304.9838   15.081  0.003    3  1 
  51305.0251   15.172  0.004    3  1 
  51305.0718   15.247  0.004    3  1 
  51305.0961   15.279  0.004    3  1 
  51305.1465   15.333  0.005    3  1 
  51305.1755   15.345  0.004    3  1 
  51305.2054   15.304  0.005    3  1 
  51305.2345   15.341  0.004    3  1 
  51305.2666   15.439  0.004    3  1 
  51305.2880   15.501  0.005    3  1 
  51305.9773   15.549  0.004    3  1 
  51306.0428   14.642  0.003    3  1 
  51306.0809   14.156  0.002    3  1 
  51306.1330   14.346  0.003    3  1 
  51306.1578   14.467  0.003    3  1 
  51306.2308   14.777  0.003    3  1 
  51306.2771   14.970  0.003    3  1 
  51306.2972   15.030  0.003    3  1 
  51308.0025   15.529  0.004    3  1 
  51308.0600   14.495  0.002    3  1 
  51308.0958   14.144  0.002    3  1 
  51308.1244   14.261  0.002    3  1 
  51311.9792   15.417  0.004    3  1 
  51311.9983   15.520  0.005    3  1 
  51312.0087   15.503  0.005    3  1 
  51312.0350   15.328  0.004    3  1 
  51312.0550   14.880  0.003    3  1 
  51312.0672   14.609  0.003    3  1 
  51312.0870   14.289  0.002    3  1 
  51312.0988   14.172  0.002    3  1 
  51313.0063   15.078  0.003    3  1 
  51313.0300   15.134  0.003    3  1 
  51313.1113   15.268  0.004    3  1 
  51313.9807   15.500  0.004    3  1 
  51314.0143   15.520  0.004    3  1 
  51314.0397   15.364  0.004    3  1 
  51314.1124   14.185  0.002    3  1 
  51314.9752   14.948  0.003    3  1 
  51315.0102   15.058  0.003    3  1 
  51315.0336   15.119  0.003    3  1 
  51315.0747   15.202  0.003    3  1 
  51315.0982   15.234  0.004    3  1 
  51315.1216   15.265  0.004    3  1 
  51316.0399   15.460  0.004    3  1 
  51316.0634   15.049  0.003    3  1 
  51316.0869   14.535  0.002    3  1 
  51316.1115   14.180  0.002    3  1 
  51316.9740   14.928  0.003    3  1 
  51317.0052   15.018  0.003    3  1 
  51317.0282   15.082  0.004    3  1 
  51317.0566   15.154  0.004    3  1 
  51317.0822   15.202  0.004    3  1 
  51317.1075   15.238  0.004    3  1 
  51317.9847   15.444  0.004    3  1 
  51318.0099   15.472  0.004    3  1 
  51318.0374   15.406  0.004    3  1 
  51318.0942   14.750  0.003    3  1 
  51318.1226   14.312  0.003    3  1 
  51318.9772   14.914  0.003    3  1 
  51319.0019   14.989  0.003    3  1 
  51319.0274   15.073  0.004    3  1 
  51319.0757   15.182  0.004    3  1 
  51319.0997   15.225  0.003    3  1 
  51320.1000   15.099  0.003    3  1 
  51320.1208   14.294  0.002    3  1 
  51320.1417   14.154  0.002    3  1 
  51321.0180   15.019  0.003    3  1 
  51321.0400   15.079  0.003    3  1 
  51321.0624   15.137  0.003    3  1 
  51321.0930   15.194  0.003    3  1 
  51321.1217   15.244  0.003    3  1 
  51380.9937   14.379  0.002    3  1 
  51381.9793   15.194  0.004    3  1 
  51382.9755   14.863  0.003    3  1 
  51383.9715   15.166  0.003    3  1 
  51384.9721   15.272  0.002    3  1 
  51385.9679   15.150  0.003    3  1 
  51386.9917   14.759  0.003    3  1 
  51388.9755   15.334  0.004    3  1 
  51389.9750   15.129  0.003    3  1 
  51390.9697   15.520  0.003    3  1 
  51693.9923   15.461  0.004    3  1 
  51695.0052   14.985  0.003    3  1 
 56468.97641   13.179  0.035   -1  1 
 56469.04707   13.171  0.030   -1  1 
 56469.10896   12.959  0.037   -1  1 
 56469.17285   13.083  0.012   -1  1 
 56471.00364   13.205  0.021   -1  1 
 56471.06640   13.315  0.010   -1  1 
 56471.12490   13.129  0.014   -1  1 
 56471.18188   13.022  0.011   -1  1 
 56471.96759   12.888  0.031   -1  1 
 56472.03374   13.047  0.014   -1  1 
 56472.09484   13.032  0.014   -1  1 
 56472.15243   13.009  0.009   -1  1 
 56468.95296   13.077  0.029   -2  1 
 56469.02441   13.203  0.017   -2  1 
 56469.08813   13.114  0.015   -2  1 
 56469.15134   13.010  0.013   -2  1 
 56471.02588   13.162  0.015   -2  1 
 56471.08671   13.169  0.010   -2  1 
 56471.14302   12.967  0.008   -2  1 
 56471.94704   12.994  0.020   -2  1 
 56472.01085   13.059  0.025   -2  1 
 56472.07480   13.003  0.014   -2  1 
 56472.13240   12.939  0.006   -2  1 
 56472.19216   13.034  0.012   -2  1 
 56469.00041   13.465  0.011   -5  1 
 56469.06767   13.498  0.009   -5  1 
 56469.13003   13.211  0.008   -5  1 
 56469.19349   13.187  0.008   -5  1 
 56470.98130   13.682  0.044   -5  1 
 56471.04693   13.601  0.010   -5  1 
 56471.10523   13.300  0.008   -5  1 
 56471.16397   13.194  0.024   -5  1 
 56471.98857   13.217  0.032   -5  1 
 56472.05430   13.285  0.012   -5  1 
 56472.11383   13.342  0.009   -5  1 
 56472.17109   13.382  0.014   -5  1 
