  51216.3218   14.768  0.005    2  1 
  51216.3464   14.748  0.005    2  1 
  51216.3689   14.675  0.005    2  1 
  51216.3980   14.494  0.005    2  1 
  51217.3101   14.421  0.004    2  1 
  51217.3328   14.499  0.004    2  1 
  51217.3552   14.590  0.004    2  1 
  51217.3759   14.649  0.004    2  1 
  51217.3953   14.691  0.005    2  1 
  51218.2773   14.517  0.005    2  1 
  51218.3093   14.380  0.004    2  1 
  51218.3298   14.361  0.004    2  1 
  51218.3573   14.305  0.004    2  1 
  51218.3794   14.298  0.004    2  1 
  51219.3336   14.768  0.005    2  1 
  51219.3596   14.745  0.005    2  1 
  51219.3768   14.700  0.005    2  1 
  51220.2621   14.302  0.004    2  1 
  51220.2906   14.325  0.004    2  1 
  51220.3077   14.366  0.004    2  1 
  51220.3257   14.424  0.004    2  1 
  51220.3432   14.480  0.004    2  1 
  51220.3602   14.539  0.004    2  1 
  51220.3776   14.603  0.004    2  1 
  51221.2835   14.599  0.004    2  1 
  51221.3009   14.482  0.004    2  1 
  51221.3188   14.402  0.004    2  1 
  51221.3358   14.405  0.004    2  1 
  51221.3538   14.366  0.004    2  1 
  51221.3722   14.327  0.004    2  1 
  51283.2451   14.280  0.003    2  1 
  51283.2493   14.287  0.003    2  1 
  51283.2714   14.316  0.004    2  1 
  51283.2748   14.331  0.003    2  1 
  51283.2939   14.376  0.003    2  1 
  51283.2972   14.389  0.003    2  1 
  51283.3202   14.462  0.004    2  1 
  51283.3234   14.472  0.004    2  1 
  51283.3487   14.562  0.004    2  1 
  51283.3518   14.575  0.004    2  1 
  51283.3707   14.626  0.004    2  1 
  51283.3738   14.642  0.004    2  1 
  51284.2195   14.767  0.004    2  1 
  51284.2229   14.757  0.004    2  1 
  51284.2413   14.713  0.004    2  1 
  51284.2443   14.702  0.004    2  1 
  51284.2617   14.623  0.004    2  1 
  51284.2648   14.605  0.004    2  1 
  51284.2942   14.431  0.004    2  1 
  51284.2973   14.420  0.004    2  1 
  51284.3168   14.388  0.004    2  1 
  51284.3211   14.379  0.004    2  1 
  51284.3428   14.318  0.004    2  1 
  51284.3464   14.306  0.004    2  1 
  51285.0513   14.415  0.003    2  1 
  51285.0543   14.402  0.003    2  1 
  51285.0739   14.393  0.003    2  1 
  51285.0778   14.377  0.003    2  1 
  51285.0975   14.335  0.004    2  1 
  51285.1006   14.326  0.004    2  1 
  51285.1324   14.306  0.004    2  1 
  51285.1360   14.308  0.003    2  1 
  51285.1558   14.330  0.003    2  1 
  51285.1588   14.336  0.003    2  1 
  51285.1796   14.383  0.004    2  1 
  51285.1830   14.389  0.004    2  1 
  51285.2125   14.489  0.004    2  1 
  51285.2157   14.505  0.004    2  1 
  51285.2362   14.570  0.004    2  1 
  51285.2426   14.593  0.004    2  1 
  51285.2630   14.658  0.005    2  1 
  51285.2666   14.671  0.004    2  1 
  51285.2998   14.730  0.004    2  1 
  51285.3033   14.744  0.005    2  1 
  51285.3308   14.753  0.005    2  1 
  51285.3348   14.765  0.004    2  1 
  51285.3382   14.759  0.004    2  1 
  51286.0461   14.722  0.004    2  1 
  51286.0493   14.724  0.004    2  1 
  51286.0716   14.751  0.004    2  1 
  51286.0753   14.756  0.004    2  1 
  51286.1026   14.752  0.004    2  1 
  51286.1061   14.755  0.004    2  1 
  51286.1365   14.686  0.004    2  1 
  51286.1398   14.666  0.004    2  1 
  51286.1608   14.542  0.004    2  1 
  51286.1639   14.527  0.004    2  1 
  51286.1669   14.514  0.003    2  1 
  51286.1875   14.400  0.003    2  1 
  51286.1908   14.398  0.003    2  1 
  51286.2255   14.337  0.003    2  1 
  51286.2285   14.328  0.003    2  1 
  51286.2476   14.307  0.003    2  1 
  51286.2508   14.303  0.003    2  1 
  51286.2697   14.303  0.003    2  1 
  51286.2727   14.305  0.003    2  1 
  51286.3022   14.358  0.003    2  1 
  51286.3055   14.367  0.004    2  1 
  51286.3218   14.418  0.004    2  1 
  51286.3250   14.429  0.004    2  1 
  51286.3450   14.492  0.004    2  1 
  51286.3481   14.504  0.004    2  1 
  51304.9873   14.712  0.004    2  1 
  51304.9926   14.685  0.004    2  1 
  51305.0328   14.445  0.004    2  1 
  51305.0362   14.432  0.004    2  1 
  51305.0559   14.398  0.004    2  1 
  51305.0599   14.395  0.004    2  1 
  51305.0890   14.331  0.004    2  1 
  51305.0922   14.323  0.003    2  1 
  51305.1235   14.284  0.004    2  1 
  51305.1269   14.284  0.004    2  1 
  51305.1509   14.317  0.004    2  1 
  51305.1547   14.329  0.004    2  1 
  51305.1853   14.427  0.004    2  1 
  51305.1885   14.434  0.004    2  1 
  51305.2098   14.519  0.004    2  1 
  51305.2128   14.521  0.004    2  1 
  51305.2431   14.632  0.004    2  1 
  51305.2461   14.637  0.004    2  1 
  51305.2704   14.701  0.004    2  1 
  51305.2734   14.711  0.004    2  1 
  51305.2966   14.755  0.004    2  1 
  51305.2995   14.754  0.004    2  1 
  51305.9857   14.596  0.003    2  1 
  51305.9885   14.607  0.003    2  1 
  51305.9912   14.614  0.003    2  1 
  51306.0256   14.723  0.003    2  1 
  51306.0285   14.716  0.003    2  1 
  51306.0465   14.754  0.004    2  1 
  51306.0498   14.746  0.004    2  1 
  51306.0896   14.759  0.004    2  1 
  51306.0930   14.756  0.004    2  1 
  51306.1123   14.727  0.004    2  1 
  51306.1151   14.715  0.004    2  1 
  51306.1375   14.623  0.004    2  1 
  51306.1405   14.597  0.004    2  1 
  51306.1636   14.454  0.003    2  1 
  51306.1673   14.429  0.003    2  1 
  51306.1937   14.401  0.003    2  1 
  51306.1966   14.394  0.003    2  1 
  51306.2146   14.349  0.004    2  1 
  51306.2178   14.343  0.003    2  1 
  51306.2343   14.306  0.003    2  1 
  51306.2380   14.304  0.003    2  1 
  51306.2574   14.297  0.003    2  1 
  51306.2602   14.297  0.003    2  1 
  51306.2805   14.324  0.003    2  1 
  51306.2835   14.325  0.003    2  1 
  51306.3009   14.375  0.003    2  1 
  51306.3038   14.382  0.003    2  1 
  51306.3135   14.424  0.004    2  1 
  51306.3184   14.432  0.004    2  1 
  51307.0456   14.357  0.004    2  1 
  51307.0501   14.365  0.004    2  1 
  51307.0593   14.388  0.003    2  1 
  51307.0645   14.415  0.003    2  1 
  51307.0699   14.430  0.007    2  1 
  51307.0747   14.449  0.005    2  1 
  51308.0084   14.672  0.003    2  1 
  51308.0112   14.670  0.003    2  1 
  51308.0334   14.538  0.003    2  1 
  51308.0362   14.519  0.003    2  1 
  51308.0394   14.511  0.003    2  1 
  51308.0633   14.412  0.003    2  1 
  51308.0663   14.409  0.003    2  1 
  51308.0995   14.347  0.003    2  1 
  51308.1031   14.340  0.003    2  1 
  51308.1280   14.287  0.003    2  1 
  51308.1309   14.287  0.003    2  1 
  51310.0850   14.420  0.002    2  1 
  51310.0874   14.423  0.002    2  1 
  51310.0897   14.440  0.002    2  1 
  51310.0922   14.455  0.003    2  1 
  51310.1430   14.628  0.003    2  1 
  51310.1458   14.632  0.003    2  1 
  51310.1486   14.638  0.004    2  1 
  51311.0244   14.721  0.006    2  1 
  51311.0302   14.690  0.005    2  1 
  51311.0334   14.670  0.005    2  1 
  51311.0506   14.560  0.003    2  1 
  51311.0539   14.543  0.003    2  1 
  51311.0637   14.477  0.003    2  1 
  51311.0669   14.458  0.004    2  1 
  51311.0702   14.440  0.003    2  1 
  51311.0907   14.401  0.004    2  1 
  51311.0946   14.397  0.004    2  1 
  51311.0980   14.395  0.003    2  1 
  51311.1015   14.392  0.004    2  1 
  51311.1071   14.365  0.004    2  1 
  51311.1298   14.314  0.004    2  1 
  51311.1327   14.301  0.004    2  1 
  51311.1357   14.297  0.004    2  1 
  51311.1398   14.289  0.003    2  1 
  51311.1447   14.295  0.004    2  1 
  51311.9726   14.430  0.004    2  1 
  51311.9755   14.458  0.004    2  1 
  51312.0020   14.533  0.004    2  1 
  51312.0049   14.542  0.004    2  1 
  51312.0255   14.617  0.004    2  1 
  51312.0284   14.630  0.004    2  1 
  51312.0314   14.632  0.004    2  1 
  51312.0584   14.703  0.004    2  1 
  51312.0611   14.718  0.004    2  1 
  51312.0638   14.719  0.004    2  1 
  51312.0903   14.762  0.003    2  1 
  51312.0929   14.762  0.003    2  1 
  51312.0955   14.759  0.003    2  1 
  51312.1146   14.775  0.004    2  1 
  51312.1173   14.768  0.004    2  1 
  51312.1200   14.776  0.004    2  1 
  51312.9860   14.377  0.003    2  1 
  51312.9887   14.368  0.003    2  1 
  51312.9913   14.365  0.003    2  1 
  51313.0096   14.316  0.003    2  1 
  51313.0123   14.310  0.003    2  1 
  51313.0149   14.302  0.003    2  1 
  51313.0333   14.288  0.003    2  1 
  51313.0360   14.291  0.003    2  1 
  51313.0386   14.294  0.003    2  1 
  51313.0413   14.289  0.003    2  1 
  51313.0595   14.312  0.003    2  1 
  51313.0622   14.317  0.003    2  1 
  51313.0648   14.328  0.003    2  1 
  51313.0911   14.395  0.003    2  1 
  51313.0937   14.404  0.003    2  1 
  51313.0964   14.413  0.003    2  1 
  51313.1146   14.473  0.003    2  1 
  51313.1172   14.480  0.003    2  1 
  51313.1199   14.493  0.003    2  1 
  51313.1226   14.503  0.003    2  1 
  51313.9843   14.763  0.004    2  1 
  51313.9872   14.766  0.004    2  1 
  51313.9901   14.775  0.004    2  1 
  51314.0178   14.751  0.004    2  1 
  51314.0207   14.744  0.004    2  1 
  51314.0236   14.735  0.004    2  1 
  51314.0432   14.682  0.004    2  1 
  51314.0461   14.666  0.004    2  1 
  51314.0490   14.655  0.004    2  1 
  51314.0772   14.488  0.004    2  1 
  51314.0802   14.462  0.004    2  1 
  51314.0831   14.451  0.004    2  1 
  51314.1030   14.397  0.004    2  1 
  51314.1059   14.394  0.004    2  1 
  51314.1088   14.387  0.004    2  1 
  51314.1289   14.350  0.004    2  1 
  51314.1333   14.339  0.004    2  1 
  51314.1363   14.321  0.004    2  1 
  51314.9827   14.410  0.003    2  1 
  51314.9856   14.424  0.003    2  1 
  51314.9885   14.428  0.003    2  1 
  51315.0015   14.474  0.004    2  1 
  51315.0043   14.490  0.003    2  1 
  51315.0069   14.492  0.003    2  1 
  51315.0251   14.552  0.003    2  1 
  51315.0277   14.562  0.003    2  1 
  51315.0304   14.569  0.003    2  1 
  51315.0489   14.627  0.003    2  1 
  51315.0516   14.643  0.003    2  1 
  51315.0542   14.644  0.003    2  1 
  51315.0780   14.705  0.004    2  1 
  51315.0807   14.710  0.004    2  1 
  51315.0833   14.717  0.004    2  1 
  51315.1015   14.748  0.004    2  1 
  51315.1041   14.751  0.004    2  1 
  51315.1068   14.756  0.004    2  1 
  51315.1290   14.761  0.005    2  1 
  51315.1319   14.764  0.005    2  1 
  51316.0194   14.349  0.003    2  1 
  51316.0221   14.340  0.003    2  1 
  51316.0247   14.330  0.003    2  1 
  51316.0431   14.304  0.003    2  1 
  51316.0458   14.295  0.003    2  1 
  51316.0485   14.303  0.003    2  1 
  51316.0667   14.305  0.003    2  1 
  51316.0693   14.312  0.003    2  1 
  51316.0720   14.311  0.003    2  1 
  51316.0905   14.343  0.003    2  1 
  51316.0934   14.348  0.003    2  1 
  51316.0963   14.360  0.003    2  1 
  51316.1148   14.419  0.003    2  1 
  51316.1175   14.424  0.003    2  1 
  51316.1201   14.424  0.003    2  1 
  51316.9647   14.711  0.004    2  1 
  51316.9676   14.720  0.004    2  1 
  51316.9705   14.726  0.005    2  1 
  51316.9896   14.749  0.004    2  1 
  51316.9923   14.753  0.004    2  1 
  51316.9949   14.763  0.004    2  1 
  51317.0088   14.765  0.004    2  1 
  51317.0117   14.771  0.004    2  1 
  51317.0321   14.763  0.005    2  1 
  51317.0351   14.760  0.005    2  1 
  51317.0391   14.757  0.004    2  1 
  51317.0602   14.693  0.004    2  1 
  51317.0631   14.679  0.004    2  1 
  51317.0660   14.668  0.004    2  1 
  51317.0858   14.557  0.004    2  1 
  51317.0887   14.538  0.004    2  1 
  51317.0916   14.527  0.004    2  1 
  51317.1111   14.429  0.004    2  1 
  51317.1140   14.421  0.004    2  1 
  51317.1169   14.416  0.004    2  1 
  51317.9628   14.313  0.004    2  1 
  51317.9657   14.314  0.004    2  1 
  51317.9685   14.322  0.004    2  1 
  51317.9883   14.374  0.004    2  1 
  51317.9912   14.381  0.004    2  1 
  51317.9941   14.391  0.004    2  1 
  51318.0135   14.464  0.004    2  1 
  51318.0164   14.462  0.004    2  1 
  51318.0194   14.473  0.004    2  1 
  51318.0413   14.555  0.004    2  1 
  51318.0445   14.565  0.005    2  1 
  51318.0477   14.573  0.004    2  1 
  51318.0697   14.645  0.005    2  1 
  51318.0730   14.662  0.005    2  1 
  51318.0762   14.670  0.005    2  1 
  51318.0981   14.727  0.006    2  1 
  51318.1014   14.731  0.005    2  1 
  51318.1046   14.744  0.006    2  1 
  51318.1265   14.773  0.006    2  1 
  51318.1298   14.774  0.006    2  1 
  51318.9642   14.593  0.003    2  1 
  51318.9680   14.563  0.004    2  1 
  51318.9708   14.552  0.004    2  1 
  51318.9737   14.534  0.004    2  1 
  51318.9929   14.418  0.003    2  1 
  51318.9956   14.405  0.003    2  1 
  51318.9983   14.403  0.004    2  1 
  51319.0180   14.374  0.004    2  1 
  51319.0209   14.371  0.004    2  1 
  51319.0238   14.368  0.003    2  1 
  51319.0443   14.305  0.004    2  1 
  51319.0474   14.297  0.004    2  1 
  51319.0505   14.291  0.004    2  1 
  51319.0793   14.288  0.003    2  1 
  51319.0820   14.294  0.003    2  1 
  51319.0847   14.303  0.003    2  1 
  51319.1030   14.334  0.003    2  1 
  51319.1084   14.342  0.003    2  1 
  51319.1110   14.350  0.003    2  1 
  51320.1030   14.540  0.003    2  1 
  51320.1053   14.529  0.003    2  1 
  51320.1076   14.513  0.003    2  1 
  51320.1238   14.423  0.003    2  1 
  51320.1261   14.421  0.003    2  1 
  51320.1284   14.414  0.003    2  1 
  51320.1450   14.391  0.003    2  1 
  51320.1477   14.386  0.003    2  1 
  51320.1503   14.384  0.003    2  1 
  51320.9635   14.308  0.003    2  1 
  51320.9664   14.314  0.003    2  1 
  51320.9693   14.314  0.003    2  1 
  51320.9887   14.338  0.003    2  1 
  51320.9911   14.338  0.003    2  1 
  51320.9936   14.346  0.003    2  1 
  51321.0102   14.390  0.002    2  1 
  51321.0126   14.398  0.003    2  1 
  51321.0150   14.402  0.003    2  1 
  51321.0318   14.457  0.003    2  1 
  51321.0344   14.466  0.003    2  1 
  51321.0369   14.476  0.003    2  1 
  51321.0543   14.530  0.003    2  1 
  51321.0568   14.547  0.003    2  1 
  51321.0594   14.551  0.003    2  1 
  51321.0847   14.635  0.003    2  1 
  51321.0873   14.643  0.003    2  1 
  51321.0898   14.648  0.003    2  1 
  51321.1133   14.710  0.003    2  1 
  51321.1159   14.711  0.004    2  1 
  51321.1186   14.718  0.004    2  1 
  51321.1339   14.741  0.004    2  1 
  51321.1365   14.751  0.004    2  1 
  51332.9696   14.379  0.005    2  1 
  51332.9739   14.379  0.005    2  1 
  51332.9891   14.353  0.004    2  1 
  51332.9928   14.346  0.005    2  1 
  51332.9965   14.333  0.005    2  1 
  51333.0083   14.314  0.004    2  1 
  51333.0120   14.320  0.004    2  1 
  51333.0226   14.301  0.004    2  1 
  51333.0264   14.307  0.004    2  1 
  51333.0514   14.317  0.004    2  1 
  51333.0552   14.325  0.005    2  1 
  51333.0742   14.372  0.004    2  1 
  51333.0779   14.377  0.005    2  1 
  51333.0907   14.419  0.004    2  1 
  51333.0945   14.434  0.004    2  1 
  51333.1178   14.506  0.004    2  1 
  51333.1221   14.521  0.005    2  1 
  51333.1335   14.567  0.005    2  1 
  51333.1369   14.586  0.005    2  1 
  51333.1529   14.628  0.005    2  1 
  51333.1565   14.635  0.005    2  1 
  51333.1716   14.685  0.005    2  1 
  51333.1752   14.690  0.005    2  1 
  51334.9841   14.440  0.003    2  1 
  51334.9871   14.444  0.003    2  1 
  51335.0175   14.560  0.004    2  1 
  51335.0204   14.572  0.004    2  1 
  51335.0301   14.608  0.004    2  1 
  51335.0334   14.609  0.004    2  1 
  51335.0517   14.665  0.004    2  1 
  51335.0552   14.678  0.005    2  1 
  51335.0692   14.706  0.005    2  1 
  51335.0727   14.717  0.005    2  1 
  51335.0833   14.736  0.005    2  1 
  51335.0867   14.733  0.005    2  1 
  51335.1133   14.761  0.005    2  1 
  51335.1167   14.765  0.005    2  1 
  51335.9535   14.466  0.004    2  1 
  51335.9726   14.386  0.004    2  1 
  51335.9768   14.380  0.004    2  1 
  51335.9997   14.349  0.003    2  1 
  51336.0027   14.345  0.004    2  1 
  51336.0203   14.313  0.004    2  1 
  51336.0236   14.298  0.004    2  1 
  51336.0357   14.286  0.004    2  1 
  51336.0388   14.286  0.004    2  1 
  51336.0593   14.298  0.004    2  1 
  51336.0629   14.295  0.004    2  1 
  51336.0769   14.317  0.004    2  1 
  51336.0803   14.324  0.004    2  1 
  51336.1025   14.388  0.004    2  1 
  51336.1059   14.399  0.004    2  1 
  51336.1206   14.447  0.005    2  1 
  51336.1240   14.466  0.004    2  1 
  51337.0101   14.776  0.005    2  1 
  51337.9904   14.415  0.005    2  1 
  51337.9940   14.420  0.005    2  1 
  51338.0162   14.503  0.004    2  1 
  51338.0196   14.523  0.005    2  1 
  51338.0339   14.564  0.005    2  1 
  51338.0376   14.573  0.005    2  1 
  51338.9901   14.394  0.003    2  1 
  51338.9938   14.386  0.003    2  1 
  51339.0226   14.351  0.004    2  1 
  51339.0269   14.350  0.004    2  1 
  51339.0867   14.318  0.005    2  1 
  51339.0905   14.327  0.005    2  1 
  51339.1139   14.386  0.004    2  1 
  51339.1177   14.400  0.004    2  1 
  51339.1448   14.488  0.004    2  1 
  51339.1482   14.501  0.004    2  1 
  51339.9766   14.726  0.004    2  1 
  51339.9795   14.717  0.004    2  1 
  51340.0044   14.750  0.004    2  1 
  51340.0078   14.760  0.004    2  1 
  51340.0274   14.751  0.004    2  1 
  51340.0306   14.755  0.004    2  1 
  51340.0540   14.725  0.004    2  1 
  51340.0572   14.711  0.005    2  1 
  51340.0857   14.591  0.004    2  1 
  51340.0892   14.570  0.004    2  1 
  51340.1152   14.412  0.004    2  1 
  51340.1197   14.399  0.004    2  1 
  51340.1229   14.394  0.004    2  1 
  51340.1263   14.397  0.004    2  1 
  51340.1404   14.387  0.004    2  1 
  51340.1437   14.371  0.004    2  1 
  51344.9924   14.545  0.004    2  1 
  51344.9958   14.522  0.003    2  1 
  51344.9988   14.514  0.003    2  1 
  51345.0216   14.397  0.004    2  1 
  51345.0255   14.401  0.004    2  1 
  51345.0302   14.395  0.004    2  1 
  51345.0553   14.360  0.004    2  1 
  51345.0603   14.354  0.003    2  1 
  51345.9856   14.662  0.005    2  1 
  51345.9896   14.670  0.005    2  1 
  51346.0219   14.746  0.005    2  1 
  51346.0264   14.745  0.005    2  1 
  51346.0486   14.758  0.005    2  1 
  51346.0523   14.763  0.005    2  1 
  51346.0791   14.741  0.004    2  1 
  51346.0826   14.738  0.004    2  1 
  51347.0416   14.401  0.004    2  1 
  51347.0453   14.420  0.003    2  1 
  51347.0743   14.513  0.004    2  1 
  51347.0777   14.531  0.004    2  1 
  51347.0990   14.606  0.003    2  1 
  51347.1022   14.614  0.003    2  1 
  51347.9769   14.716  0.004    2  1 
  51347.9802   14.710  0.004    2  1 
  51347.9834   14.694  0.004    2  1 
  51347.9983   14.619  0.004    2  1 
  51348.0028   14.594  0.004    2  1 
  51348.0063   14.569  0.004    2  1 
  51348.0242   14.460  0.004    2  1 
  51348.0274   14.443  0.004    2  1 
  51348.0943   14.298  0.004    2  1 
  51348.0983   14.289  0.005    2  1 
  51348.1018   14.292  0.004    2  1 
  51348.9650   14.545  0.004    2  1 
  51348.9682   14.560  0.004    2  1 
  51348.9853   14.622  0.004    2  1 
  51348.9883   14.624  0.004    2  1 
  51348.9912   14.634  0.004    2  1 
  51349.0316   14.739  0.004    2  1 
  51349.0346   14.743  0.004    2  1 
  51349.9815   14.299  0.003    2  1 
  51349.9851   14.293  0.003    2  1 
  51349.9973   14.298  0.003    2  1 
  51350.0033   14.290  0.004    2  1 
  51350.0066   14.296  0.004    2  1 
  51350.0164   14.317  0.004    2  1 
  51350.0197   14.313  0.004    2  1 
  51350.0296   14.335  0.004    2  1 
  51380.9973   14.445  0.003    2  1 
  51381.0004   14.475  0.003    2  1 
  51381.0031   14.477  0.003    2  1 
  51381.0187   14.525  0.003    2  1 
  51381.0214   14.531  0.003    2  1 
  51381.0242   14.539  0.003    2  1 
  51381.9830   14.415  0.004    2  1 
  51381.9859   14.408  0.004    2  1 
  51381.9888   14.404  0.004    2  1 
  51382.0000   14.392  0.003    2  1 
  51382.0029   14.391  0.003    2  1 
  51382.9793   14.737  0.005    2  1 
  51382.9826   14.743  0.004    2  1 
  51382.9857   14.749  0.004    2  1 
  51382.9965   14.756  0.004    2  1 
  51382.9995   14.767  0.005    2  1 
  51383.9746   14.324  0.003    2  1 
  51383.9773   14.329  0.003    2  1 
  51383.9799   14.337  0.003    2  1 
  51383.9899   14.365  0.003    2  1 
  51383.9926   14.375  0.003    2  1 
  51384.9751   14.512  0.003    2  1 
  51384.9777   14.493  0.003    2  1 
  51384.9802   14.479  0.003    2  1 
  51384.9896   14.423  0.003    2  1 
  51384.9921   14.413  0.003    2  1 
  51385.9711   14.675  0.003    2  1 
  51385.9737   14.688  0.003    2  1 
  51385.9763   14.696  0.003    2  1 
  51385.9857   14.704  0.004    2  1 
  51385.9884   14.731  0.004    2  1 
  51386.9965   14.333  0.003    2  1 
  51387.0003   14.346  0.003    2  1 
  51387.0041   14.367  0.003    2  1 
  51387.0216   14.409  0.004    2  1 
  51387.0254   14.431  0.004    2  1 
  51387.0293   14.437  0.004    2  1 
  51388.9801   14.665  0.005    2  1 
  51388.9834   14.669  0.005    2  1 
  51388.9866   14.684  0.005    2  1 
  51388.9984   14.726  0.005    2  1 
  51389.0017   14.717  0.005    2  1 
  51389.9783   14.294  0.003    2  1 
  51389.9809   14.289  0.003    2  1 
  51389.9836   14.278  0.003    2  1 
  51390.9729   14.702  0.003    2  1 
  51390.9756   14.696  0.003    2  1 
  51390.9783   14.678  0.003    2  1 
  51391.9728   14.590  0.003    2  1 
  51391.9754   14.598  0.003    2  1 
  51391.9779   14.600  0.003    2  1 
  51671.0871   14.739  0.004    2  1 
  51671.0917   14.743  0.004    2  1 
  51671.0952   14.751  0.004    2  1 
  51671.1189   14.759  0.004    2  1 
  51671.1232   14.753  0.005    2  1 
  51671.9996   14.352  0.003    2  1 
  51672.0039   14.332  0.003    2  1 
  51672.0350   14.291  0.003    2  1 
  51672.0382   14.297  0.003    2  1 
  51673.0232   14.747  0.003    2  1 
  51674.0574   14.654  0.006    2  1 
  51674.0620   14.668  0.006    2  1 
  51674.0938   14.739  0.005    2  1 
  51674.0985   14.743  0.005    2  1 
  51674.1159   14.761  0.005    2  1 
  51674.1223   14.762  0.005    2  1 
  51674.9763   14.409  0.004    2  1 
  51674.9824   14.388  0.005    2  1 
  51675.0212   14.338  0.005    2  1 
  51676.0163   14.765  0.004    2  1 
  51692.9816   14.761  0.004    2  1 
  51692.9854   14.757  0.004    2  1 
  51693.9780   14.419  0.003    2  1 
  51693.9814   14.427  0.003    2  1 
  51694.9914   14.400  0.003    2  1 
  51694.9946   14.399  0.003    2  1 
  51765.9974   14.382  0.004    2  1 
  51766.0012   14.397  0.004    2  1 
  51766.0048   14.418  0.004    2  1 
  51766.0266   14.481  0.004    2  1 
  51766.0301   14.491  0.004    2  1 
  51216.3144   15.190  0.004    3  1 
  51216.3408   15.256  0.004    3  1 
  51216.3634   15.092  0.003    3  1 
  51216.3905   14.940  0.004    3  1 
  51217.3019   14.740  0.004    3  1 
  51217.3494   14.975  0.003    3  1 
  51217.3710   15.085  0.004    3  1 
  51217.3906   15.172  0.004    3  1 
  51218.2854   14.819  0.004    3  1 
  51218.3156   14.712  0.004    3  1 
  51218.3347   14.703  0.003    3  1 
  51218.3653   14.611  0.003    3  1 
  51218.3848   14.592  0.003    3  1 
  51219.2918   15.227  0.004    3  1 
  51219.3100   15.267  0.004    3  1 
  51219.3296   15.279  0.004    3  1 
  51219.3536   15.269  0.004    3  1 
  51219.3723   15.213  0.004    3  1 
  51220.2720   14.602  0.003    3  1 
  51220.2946   14.656  0.003    3  1 
  51220.3117   14.718  0.003    3  1 
  51220.3299   14.805  0.003    3  1 
  51220.3473   14.889  0.004    3  1 
  51220.3643   14.974  0.004    3  1 
  51220.3816   15.063  0.004    3  1 
  51221.2763   15.094  0.004    3  1 
  51221.2964   14.897  0.003    3  1 
  51221.3145   14.761  0.003    3  1 
  51221.3318   14.750  0.003    3  1 
  51221.3496   14.715  0.003    3  1 
  51221.3673   14.654  0.003    3  1 
  51283.2546   14.587  0.003    3  1 
  51283.2783   14.637  0.003    3  1 
  51283.3008   14.721  0.003    3  1 
  51283.3322   14.886  0.003    3  1 
  51283.3553   15.015  0.003    3  1 
  51283.3773   15.130  0.003    3  1 
  51284.2134   15.283  0.004    3  1 
  51284.2375   15.223  0.004    3  1 
  51284.2581   15.084  0.003    3  1 
  51284.2875   14.804  0.003    3  1 
  51284.3124   14.713  0.003    3  1 
  51284.3383   14.630  0.003    3  1 
  51285.0451   14.789  0.003    3  1 
  51285.0691   14.739  0.003    3  1 
  51285.0932   14.656  0.003    3  1 
  51285.1257   14.593  0.003    3  1 
  51285.1514   14.627  0.003    3  1 
  51285.1754   14.699  0.003    3  1 
  51285.2060   14.835  0.003    3  1 
  51285.2321   14.951  0.003    3  1 
  51285.2586   15.108  0.004    3  1 
  51285.2928   15.229  0.004    3  1 
  51285.3257   15.282  0.004    3  1 
  51286.0393   15.196  0.003    3  1 
  51286.0670   15.256  0.003    3  1 
  51286.0977   15.242  0.003    3  1 
  51286.1302   15.163  0.003    3  1 
  51286.1560   14.978  0.003    3  1 
  51286.1833   14.743  0.003    3  1 
  51286.2193   14.677  0.003    3  1 
  51286.2434   14.605  0.003    3  1 
  51286.2655   14.592  0.003    3  1 
  51286.2958   14.652  0.003    3  1 
  51286.3291   14.795  0.003    3  1 
  51286.3521   14.906  0.003    3  1 
  51304.9838   15.203  0.003    3  1 
  51305.0251   14.879  0.004    3  1 
  51305.0718   14.721  0.003    3  1 
  51305.0961   14.621  0.003    3  1 
  51305.1465   14.616  0.004    3  1 
  51305.1755   14.731  0.003    3  1 
  51305.2054   14.882  0.004    3  1 
  51305.2345   15.050  0.004    3  1 
  51305.2666   15.157  0.004    3  1 
  51305.2880   15.193  0.004    3  1 
  51305.9773   14.954  0.003    3  1 
  51306.0428   15.223  0.004    3  1 
  51306.0809   15.254  0.004    3  1 
  51306.1087   15.173  0.003    3  1 
  51306.1330   15.083  0.004    3  1 
  51306.1578   14.844  0.003    3  1 
  51306.1875   14.737  0.003    3  1 
  51306.2101   14.686  0.003    3  1 
  51306.2308   14.619  0.003    3  1 
  51306.2771   14.613  0.002    3  1 
  51306.2972   14.677  0.003    3  1 
  51308.0025   15.085  0.003    3  1 
  51308.0294   14.928  0.003    3  1 
  51308.0600   14.730  0.003    3  1 
  51308.0958   14.659  0.002    3  1 
  51308.1244   14.563  0.003    3  1 
  51310.1057   14.865  0.002    3  1 
  51310.1100   14.892  0.002    3  1 
  51310.1132   14.900  0.002    3  1 
  51311.9792   14.810  0.004    3  1 
  51311.9983   14.903  0.003    3  1 
  51312.0087   14.965  0.004    3  1 
  51312.0350   15.077  0.003    3  1 
  51312.0550   15.173  0.004    3  1 
  51312.0672   15.187  0.004    3  1 
  51312.0870   15.240  0.004    3  1 
  51312.0988   15.276  0.004    3  1 
  51312.9828   14.692  0.002    3  1 
  51313.0063   14.608  0.002    3  1 
  51313.0300   14.561  0.002    3  1 
  51313.0562   14.600  0.002    3  1 
  51313.1113   14.812  0.003    3  1 
  51313.9807   15.252  0.004    3  1 
  51314.0143   15.245  0.004    3  1 
  51314.0397   15.150  0.004    3  1 
  51314.1124   14.712  0.003    3  1 
  51314.9752   14.699  0.003    3  1 
  51315.0102   14.867  0.003    3  1 
  51315.0336   14.991  0.003    3  1 
  51315.0747   15.179  0.004    3  1 
  51315.0982   15.249  0.004    3  1 
  51315.1216   15.258  0.004    3  1 
  51316.0399   14.583  0.002    3  1 
  51316.0634   14.585  0.003    3  1 
  51316.0869   14.620  0.003    3  1 
  51316.1115   14.708  0.003    3  1 
  51316.9740   15.204  0.004    3  1 
  51317.0052   15.309  0.005    3  1 
  51317.0282   15.356  0.007    3  1 
  51317.0566   15.170  0.004    3  1 
  51317.0822   14.968  0.004    3  1 
  51317.1075   14.759  0.003    3  1 
  51317.9847   14.668  0.003    3  1 
  51318.0099   14.773  0.004    3  1 
  51318.0374   14.938  0.005    3  1 
  51318.1226   15.320  0.006    3  1 
  51318.9772   14.860  0.003    3  1 
  51319.0019   14.706  0.003    3  1 
  51319.0274   14.649  0.003    3  1 
  51319.0757   14.561  0.003    3  1 
  51319.0997   14.614  0.003    3  1 
  51320.1000   14.937  0.003    3  1 
  51320.1208   14.769  0.002    3  1 
  51320.1417   14.714  0.003    3  1 
  51320.9728   14.591  0.003    3  1 
  51320.9965   14.658  0.002    3  1 
  51321.0180   14.742  0.002    3  1 
  51321.0400   14.852  0.003    3  1 
  51321.0624   14.928  0.003    3  1 
  51321.0930   15.120  0.003    3  1 
  51321.1217   15.192  0.003    3  1 
  51380.9937   14.798  0.003    3  1 
  51381.9793   14.764  0.003    3  1 
  51382.9755   15.279  0.005    3  1 
  51383.9715   14.665  0.002    3  1 
  51384.9721   14.838  0.002    3  1 
  51385.9679   15.117  0.003    3  1 
  51386.9917   14.663  0.003    3  1 
  51388.9755   15.134  0.004    3  1 
  51389.9750   14.612  0.002    3  1 
  51390.9697   15.039  0.002    3  1 
  51693.9923   14.846  0.003    3  1 
  51695.0052   14.725  0.003    3  1 
 56468.97641   13.271  0.024   -1  1 
 56469.04707   13.234  0.018   -1  1 
 56469.10896   13.337  0.009   -1  1 
 56469.17285   13.338  0.006   -1  1 
 56471.00364   13.329  0.016   -1  1 
 56471.06640   13.302  0.007   -1  1 
 56471.12490   13.393  0.006   -1  1 
 56471.18188   13.362  0.006   -1  1 
 56471.96759   13.343  0.018   -1  1 
 56472.03374   13.445  0.043   -1  1 
 56472.09484   13.440  0.031   -1  1 
 56472.15243   13.339  0.006   -1  1 
 56468.95296   13.659  0.027   -2  1 
 56469.02441   13.339  0.015   -2  1 
 56469.08813   13.467  0.021   -2  1 
 56469.15134   13.303  0.008   -2  1 
 56471.02588   13.297  0.009   -2  1 
 56471.08671   13.377  0.018   -2  1 
 56471.14302   13.350  0.008   -2  1 
 56471.94704   13.433  0.006   -2  1 
 56472.01085   13.290  0.017   -2  1 
 56472.07480   13.272  0.025   -2  1 
 56472.13240   13.351  0.013   -2  1 
 56472.19216   13.300  0.006   -2  1 
 56469.00041   13.593  0.007   -5  1 
 56469.06767   13.530  0.006   -5  1 
 56469.13003   13.517  0.013   -5  1 
 56469.19349   13.671  0.010   -5  1 
 56470.98130   13.461  0.009   -5  1 
 56471.04693   13.675  0.017   -5  1 
 56471.10523   13.665  0.008   -5  1 
 56471.16397   13.694  0.008   -5  1 
 56471.98857   13.652  0.005   -5  1 
 56472.05430   13.535  0.021   -5  1 
 56472.11383   13.528  0.005   -5  1 
 56472.17109   13.568  0.008   -5  1 
