  51216.3218   14.397  0.004    2  1 
  51216.3464   14.428  0.004    2  1 
  51216.3689   14.456  0.004    2  1 
  51216.3980   14.483  0.005    2  1 
  51217.3101   14.560  0.005    2  1 
  51217.3328   14.577  0.004    2  1 
  51217.3552   14.600  0.005    2  1 
  51217.3759   14.615  0.005    2  1 
  51217.3953   14.634  0.005    2  1 
  51218.2773   14.697  0.005    2  1 
  51218.3093   14.731  0.005    2  1 
  51218.3298   14.727  0.005    2  1 
  51218.3573   14.671  0.005    2  1 
  51218.3794   14.553  0.004    2  1 
  51219.3336   14.084  0.003    2  1 
  51219.3596   14.124  0.004    2  1 
  51219.3768   14.155  0.004    2  1 
  51220.2621   14.258  0.004    2  1 
  51220.2906   14.291  0.004    2  1 
  51220.3077   14.315  0.004    2  1 
  51220.3257   14.334  0.004    2  1 
  51220.3432   14.357  0.004    2  1 
  51220.3602   14.375  0.004    2  1 
  51220.3776   14.399  0.004    2  1 
  51221.2835   14.509  0.004    2  1 
  51221.3009   14.527  0.004    2  1 
  51221.3188   14.531  0.004    2  1 
  51221.3358   14.547  0.004    2  1 
  51221.3538   14.563  0.004    2  1 
  51221.3722   14.569  0.004    2  1 
  51283.2451   14.402  0.004    2  1 
  51283.2493   14.344  0.004    2  1 
  51283.2714   14.254  0.004    2  1 
  51283.2748   14.245  0.003    2  1 
  51283.2939   14.156  0.003    2  1 
  51283.2972   14.140  0.003    2  1 
  51283.3202   14.053  0.003    2  1 
  51283.3234   14.048  0.003    2  1 
  51283.3487   14.045  0.003    2  1 
  51283.3518   14.047  0.003    2  1 
  51283.3707   14.072  0.003    2  1 
  51283.3738   14.080  0.003    2  1 
  51284.2195   14.140  0.003    2  1 
  51284.2229   14.148  0.003    2  1 
  51284.2413   14.175  0.003    2  1 
  51284.2443   14.180  0.003    2  1 
  51284.2617   14.206  0.003    2  1 
  51284.2648   14.207  0.003    2  1 
  51284.2942   14.247  0.003    2  1 
  51284.2973   14.248  0.003    2  1 
  51284.3168   14.269  0.004    2  1 
  51284.3211   14.279  0.004    2  1 
  51284.3428   14.300  0.004    2  1 
  51284.3464   14.306  0.004    2  1 
  51285.0513   14.177  0.003    2  1 
  51285.0543   14.182  0.003    2  1 
  51285.0739   14.211  0.003    2  1 
  51285.0778   14.216  0.003    2  1 
  51285.0975   14.246  0.003    2  1 
  51285.1006   14.252  0.004    2  1 
  51285.1324   14.285  0.003    2  1 
  51285.1360   14.290  0.003    2  1 
  51285.1558   14.308  0.003    2  1 
  51285.1588   14.310  0.003    2  1 
  51285.1796   14.337  0.003    2  1 
  51285.1830   14.340  0.003    2  1 
  51285.2125   14.377  0.003    2  1 
  51285.2157   14.378  0.003    2  1 
  51285.2362   14.409  0.004    2  1 
  51285.2426   14.420  0.004    2  1 
  51285.2630   14.437  0.004    2  1 
  51285.2666   14.444  0.004    2  1 
  51285.2998   14.483  0.004    2  1 
  51285.3033   14.487  0.004    2  1 
  51285.3308   14.514  0.004    2  1 
  51285.3348   14.512  0.004    2  1 
  51285.3382   14.514  0.004    2  1 
  51286.0461   14.402  0.003    2  1 
  51286.0493   14.410  0.003    2  1 
  51286.0716   14.441  0.003    2  1 
  51286.0753   14.448  0.003    2  1 
  51286.1026   14.472  0.003    2  1 
  51286.1061   14.482  0.004    2  1 
  51286.1365   14.510  0.004    2  1 
  51286.1398   14.513  0.004    2  1 
  51286.1608   14.530  0.004    2  1 
  51286.1639   14.528  0.004    2  1 
  51286.1669   14.528  0.004    2  1 
  51286.1875   14.547  0.004    2  1 
  51286.1908   14.548  0.004    2  1 
  51286.2255   14.572  0.004    2  1 
  51286.2285   14.575  0.004    2  1 
  51286.2476   14.582  0.004    2  1 
  51286.2508   14.590  0.004    2  1 
  51286.2697   14.604  0.004    2  1 
  51286.2727   14.607  0.004    2  1 
  51286.3022   14.634  0.004    2  1 
  51286.3055   14.637  0.004    2  1 
  51286.3218   14.655  0.004    2  1 
  51286.3250   14.654  0.004    2  1 
  51286.3450   14.681  0.004    2  1 
  51286.3481   14.686  0.004    2  1 
  51304.9873   14.678  0.004    2  1 
  51304.9926   14.686  0.004    2  1 
  51305.0328   14.719  0.004    2  1 
  51305.0362   14.723  0.004    2  1 
  51305.0559   14.730  0.005    2  1 
  51305.0599   14.730  0.005    2  1 
  51305.0890   14.695  0.004    2  1 
  51305.0922   14.681  0.004    2  1 
  51305.1235   14.508  0.004    2  1 
  51305.1269   14.470  0.004    2  1 
  51305.1509   14.260  0.004    2  1 
  51305.1547   14.260  0.004    2  1 
  51305.1853   14.135  0.003    2  1 
  51305.1885   14.124  0.004    2  1 
  51305.2098   14.048  0.003    2  1 
  51305.2128   14.048  0.003    2  1 
  51305.2431   14.058  0.003    2  1 
  51305.2461   14.057  0.003    2  1 
  51305.2704   14.098  0.003    2  1 
  51305.2734   14.098  0.003    2  1 
  51305.2966   14.143  0.003    2  1 
  51305.2995   14.146  0.003    2  1 
  51305.9857   14.196  0.003    2  1 
  51305.9885   14.180  0.003    2  1 
  51305.9912   14.163  0.003    2  1 
  51306.0256   14.043  0.003    2  1 
  51306.0285   14.040  0.003    2  1 
  51306.0465   14.048  0.003    2  1 
  51306.0498   14.048  0.003    2  1 
  51306.0896   14.112  0.003    2  1 
  51306.0930   14.116  0.003    2  1 
  51306.1123   14.149  0.003    2  1 
  51306.1151   14.156  0.003    2  1 
  51306.1375   14.190  0.003    2  1 
  51306.1405   14.198  0.003    2  1 
  51306.1636   14.225  0.003    2  1 
  51306.1673   14.232  0.003    2  1 
  51306.1937   14.265  0.003    2  1 
  51306.1966   14.270  0.003    2  1 
  51306.2146   14.290  0.004    2  1 
  51306.2178   14.292  0.003    2  1 
  51306.2343   14.315  0.003    2  1 
  51306.2380   14.313  0.003    2  1 
  51306.2574   14.336  0.003    2  1 
  51306.2602   14.347  0.003    2  1 
  51306.2805   14.377  0.003    2  1 
  51306.2835   14.373  0.003    2  1 
  51306.3009   14.395  0.003    2  1 
  51306.3038   14.401  0.003    2  1 
  51306.3135   14.416  0.004    2  1 
  51306.3184   14.417  0.004    2  1 
  51307.0456   14.318  0.004    2  1 
  51307.0501   14.321  0.004    2  1 
  51307.0593   14.332  0.003    2  1 
  51307.0645   14.335  0.003    2  1 
  51307.0699   14.337  0.006    2  1 
  51307.0747   14.349  0.004    2  1 
  51308.0084   14.504  0.003    2  1 
  51308.0112   14.506  0.003    2  1 
  51308.0334   14.515  0.003    2  1 
  51308.0362   14.523  0.003    2  1 
  51308.0394   14.532  0.003    2  1 
  51308.0633   14.543  0.003    2  1 
  51308.0663   14.543  0.003    2  1 
  51308.0995   14.562  0.003    2  1 
  51308.1031   14.557  0.003    2  1 
  51308.1280   14.584  0.004    2  1 
  51308.1309   14.582  0.004    2  1 
  51310.0850   14.034  0.002    2  1 
  51310.0874   14.043  0.002    2  1 
  51310.0897   14.037  0.002    2  1 
  51310.0922   14.034  0.002    2  1 
  51310.1430   14.111  0.003    2  1 
  51310.1458   14.120  0.003    2  1 
  51310.1486   14.118  0.003    2  1 
  51311.0244   14.233  0.004    2  1 
  51311.0302   14.238  0.004    2  1 
  51311.0334   14.245  0.004    2  1 
  51311.0506   14.256  0.002    2  1 
  51311.0539   14.262  0.002    2  1 
  51311.0637   14.274  0.003    2  1 
  51311.0669   14.279  0.004    2  1 
  51311.0702   14.285  0.003    2  1 
  51311.0907   14.301  0.004    2  1 
  51311.0946   14.310  0.004    2  1 
  51311.0980   14.317  0.003    2  1 
  51311.1015   14.318  0.003    2  1 
  51311.1071   14.322  0.003    2  1 
  51311.1298   14.354  0.004    2  1 
  51311.1327   14.352  0.004    2  1 
  51311.1357   14.354  0.004    2  1 
  51311.1398   14.362  0.004    2  1 
  51311.1447   14.365  0.004    2  1 
  51311.9726   14.358  0.003    2  1 
  51311.9755   14.388  0.004    2  1 
  51312.0020   14.431  0.004    2  1 
  51312.0049   14.441  0.004    2  1 
  51312.0255   14.462  0.004    2  1 
  51312.0284   14.468  0.004    2  1 
  51312.0314   14.468  0.004    2  1 
  51312.0584   14.500  0.003    2  1 
  51312.0611   14.504  0.003    2  1 
  51312.0638   14.502  0.003    2  1 
  51312.0903   14.522  0.003    2  1 
  51312.0929   14.529  0.003    2  1 
  51312.0955   14.524  0.003    2  1 
  51312.1146   14.544  0.004    2  1 
  51312.1173   14.542  0.003    2  1 
  51312.1200   14.543  0.003    2  1 
  51312.9860   14.576  0.003    2  1 
  51312.9887   14.582  0.003    2  1 
  51312.9913   14.585  0.003    2  1 
  51313.0096   14.595  0.004    2  1 
  51313.0123   14.603  0.004    2  1 
  51313.0149   14.602  0.003    2  1 
  51313.0333   14.623  0.004    2  1 
  51313.0360   14.617  0.004    2  1 
  51313.0386   14.626  0.004    2  1 
  51313.0413   14.623  0.004    2  1 
  51313.0595   14.636  0.003    2  1 
  51313.0622   14.644  0.004    2  1 
  51313.0648   14.650  0.004    2  1 
  51313.0911   14.673  0.004    2  1 
  51313.0937   14.673  0.004    2  1 
  51313.0964   14.675  0.004    2  1 
  51313.1146   14.705  0.004    2  1 
  51313.1172   14.698  0.004    2  1 
  51313.1199   14.708  0.004    2  1 
  51313.1226   14.704  0.004    2  1 
  51313.9843   14.738  0.004    2  1 
  51313.9872   14.731  0.004    2  1 
  51313.9901   14.725  0.004    2  1 
  51314.0178   14.655  0.004    2  1 
  51314.0207   14.646  0.004    2  1 
  51314.0236   14.631  0.004    2  1 
  51314.0432   14.486  0.004    2  1 
  51314.0461   14.451  0.004    2  1 
  51314.0490   14.414  0.004    2  1 
  51314.0772   14.248  0.003    2  1 
  51314.0802   14.239  0.003    2  1 
  51314.0831   14.234  0.003    2  1 
  51314.1030   14.136  0.003    2  1 
  51314.1059   14.119  0.003    2  1 
  51314.1088   14.107  0.003    2  1 
  51314.1289   14.047  0.003    2  1 
  51314.1333   14.043  0.003    2  1 
  51314.1363   14.042  0.003    2  1 
  51314.9827   14.071  0.003    2  1 
  51314.9856   14.081  0.003    2  1 
  51314.9885   14.081  0.003    2  1 
  51315.0015   14.101  0.003    2  1 
  51315.0043   14.113  0.003    2  1 
  51315.0069   14.115  0.003    2  1 
  51315.0251   14.142  0.003    2  1 
  51315.0277   14.148  0.003    2  1 
  51315.0304   14.150  0.003    2  1 
  51315.0489   14.178  0.003    2  1 
  51315.0516   14.186  0.003    2  1 
  51315.0542   14.191  0.003    2  1 
  51315.0780   14.220  0.003    2  1 
  51315.0807   14.223  0.003    2  1 
  51315.0833   14.229  0.003    2  1 
  51315.1015   14.256  0.003    2  1 
  51315.1041   14.254  0.003    2  1 
  51315.1068   14.252  0.003    2  1 
  51315.1290   14.283  0.004    2  1 
  51315.1319   14.285  0.004    2  1 
  51316.0194   14.380  0.003    2  1 
  51316.0221   14.388  0.003    2  1 
  51316.0247   14.388  0.003    2  1 
  51316.0431   14.407  0.003    2  1 
  51316.0458   14.418  0.003    2  1 
  51316.0485   14.419  0.003    2  1 
  51316.0667   14.445  0.003    2  1 
  51316.0693   14.446  0.003    2  1 
  51316.0720   14.454  0.003    2  1 
  51316.0905   14.473  0.004    2  1 
  51316.0934   14.478  0.004    2  1 
  51316.0963   14.480  0.004    2  1 
  51316.1148   14.499  0.003    2  1 
  51316.1175   14.499  0.003    2  1 
  51316.1201   14.507  0.003    2  1 
  51316.9647   14.529  0.004    2  1 
  51316.9676   14.529  0.004    2  1 
  51316.9705   14.531  0.004    2  1 
  51316.9896   14.549  0.003    2  1 
  51316.9923   14.552  0.003    2  1 
  51316.9949   14.554  0.003    2  1 
  51317.0088   14.557  0.004    2  1 
  51317.0117   14.555  0.004    2  1 
  51317.0321   14.571  0.005    2  1 
  51317.0351   14.576  0.004    2  1 
  51317.0391   14.579  0.004    2  1 
  51317.0602   14.596  0.004    2  1 
  51317.0631   14.599  0.004    2  1 
  51317.0660   14.600  0.004    2  1 
  51317.0858   14.616  0.004    2  1 
  51317.0887   14.608  0.004    2  1 
  51317.0916   14.624  0.004    2  1 
  51317.1111   14.635  0.004    2  1 
  51317.1140   14.624  0.005    2  1 
  51317.1169   14.642  0.004    2  1 
  51317.9628   14.680  0.004    2  1 
  51317.9657   14.673  0.004    2  1 
  51317.9685   14.677  0.004    2  1 
  51317.9883   14.704  0.004    2  1 
  51317.9912   14.709  0.004    2  1 
  51317.9941   14.711  0.004    2  1 
  51318.0135   14.726  0.004    2  1 
  51318.0164   14.715  0.005    2  1 
  51318.0194   14.727  0.005    2  1 
  51318.0413   14.723  0.005    2  1 
  51318.0445   14.713  0.005    2  1 
  51318.0477   14.717  0.005    2  1 
  51318.0697   14.656  0.005    2  1 
  51318.0730   14.633  0.005    2  1 
  51318.0762   14.615  0.005    2  1 
  51318.0981   14.457  0.005    2  1 
  51318.1014   14.418  0.004    2  1 
  51318.1046   14.372  0.004    2  1 
  51318.1265   14.259  0.004    2  1 
  51318.1298   14.254  0.004    2  1 
  51318.9642   14.153  0.003    2  1 
  51318.9680   14.137  0.003    2  1 
  51318.9708   14.121  0.003    2  1 
  51318.9737   14.104  0.003    2  1 
  51318.9929   14.052  0.003    2  1 
  51318.9956   14.053  0.003    2  1 
  51318.9983   14.046  0.003    2  1 
  51319.0180   14.051  0.003    2  1 
  51319.0209   14.052  0.003    2  1 
  51319.0238   14.055  0.003    2  1 
  51319.0443   14.087  0.003    2  1 
  51319.0474   14.090  0.003    2  1 
  51319.0505   14.097  0.003    2  1 
  51319.0793   14.137  0.003    2  1 
  51319.0820   14.146  0.003    2  1 
  51319.0847   14.151  0.003    2  1 
  51319.1030   14.177  0.003    2  1 
  51319.1084   14.187  0.003    2  1 
  51319.1110   14.193  0.003    2  1 
  51320.1030   14.425  0.003    2  1 
  51320.1053   14.426  0.003    2  1 
  51320.1076   14.426  0.003    2  1 
  51320.1238   14.445  0.003    2  1 
  51320.1261   14.454  0.003    2  1 
  51320.1284   14.459  0.003    2  1 
  51320.1450   14.472  0.003    2  1 
  51320.1477   14.479  0.003    2  1 
  51320.1503   14.488  0.003    2  1 
  51320.9635   14.488  0.004    2  1 
  51320.9664   14.488  0.004    2  1 
  51320.9693   14.494  0.004    2  1 
  51320.9887   14.507  0.003    2  1 
  51320.9911   14.506  0.003    2  1 
  51320.9936   14.501  0.003    2  1 
  51321.0102   14.521  0.003    2  1 
  51321.0126   14.525  0.003    2  1 
  51321.0150   14.533  0.003    2  1 
  51321.0318   14.540  0.003    2  1 
  51321.0344   14.540  0.003    2  1 
  51321.0369   14.545  0.003    2  1 
  51321.0543   14.553  0.003    2  1 
  51321.0568   14.544  0.003    2  1 
  51321.0594   14.555  0.003    2  1 
  51321.0847   14.570  0.003    2  1 
  51321.0873   14.575  0.003    2  1 
  51321.0898   14.579  0.003    2  1 
  51321.1133   14.596  0.003    2  1 
  51321.1159   14.597  0.004    2  1 
  51321.1186   14.597  0.004    2  1 
  51321.1339   14.604  0.003    2  1 
  51321.1365   14.610  0.004    2  1 
  51332.9696   14.290  0.005    2  1 
  51332.9739   14.296  0.005    2  1 
  51332.9891   14.310  0.004    2  1 
  51332.9928   14.322  0.005    2  1 
  51332.9965   14.323  0.005    2  1 
  51333.0083   14.344  0.004    2  1 
  51333.0120   14.343  0.004    2  1 
  51333.0226   14.352  0.004    2  1 
  51333.0264   14.360  0.004    2  1 
  51333.0514   14.395  0.004    2  1 
  51333.0552   14.395  0.005    2  1 
  51333.0742   14.418  0.005    2  1 
  51333.0779   14.424  0.005    2  1 
  51333.0907   14.445  0.004    2  1 
  51333.0945   14.450  0.004    2  1 
  51333.1178   14.477  0.004    2  1 
  51333.1221   14.478  0.005    2  1 
  51333.1335   14.488  0.005    2  1 
  51333.1369   14.497  0.005    2  1 
  51333.1529   14.511  0.005    2  1 
  51333.1565   14.512  0.005    2  1 
  51333.1716   14.524  0.005    2  1 
  51333.1752   14.528  0.005    2  1 
  51334.9841   14.679  0.004    2  1 
  51334.9871   14.681  0.004    2  1 
  51335.0175   14.713  0.004    2  1 
  51335.0204   14.715  0.004    2  1 
  51335.0301   14.727  0.004    2  1 
  51335.0334   14.723  0.004    2  1 
  51335.0517   14.731  0.005    2  1 
  51335.0552   14.729  0.005    2  1 
  51335.0692   14.721  0.005    2  1 
  51335.0727   14.718  0.005    2  1 
  51335.0833   14.695  0.005    2  1 
  51335.0867   14.677  0.005    2  1 
  51335.1133   14.539  0.005    2  1 
  51335.1167   14.508  0.004    2  1 
  51335.9535   14.264  0.004    2  1 
  51335.9726   14.229  0.004    2  1 
  51335.9768   14.203  0.004    2  1 
  51335.9997   14.090  0.003    2  1 
  51336.0027   14.073  0.003    2  1 
  51336.0203   14.040  0.003    2  1 
  51336.0236   14.039  0.003    2  1 
  51336.0357   14.042  0.003    2  1 
  51336.0388   14.047  0.003    2  1 
  51336.0593   14.073  0.004    2  1 
  51336.0629   14.077  0.004    2  1 
  51336.0769   14.099  0.004    2  1 
  51336.0803   14.107  0.004    2  1 
  51336.1025   14.142  0.004    2  1 
  51336.1059   14.150  0.004    2  1 
  51336.1206   14.178  0.004    2  1 
  51336.1240   14.174  0.004    2  1 
  51337.0101   14.283  0.004    2  1 
  51337.9904   14.482  0.005    2  1 
  51337.9940   14.489  0.005    2  1 
  51338.0162   14.511  0.004    2  1 
  51338.0196   14.510  0.005    2  1 
  51338.0339   14.517  0.005    2  1 
  51338.0376   14.518  0.005    2  1 
  51338.9901   14.632  0.004    2  1 
  51338.9938   14.632  0.004    2  1 
  51339.0226   14.650  0.005    2  1 
  51339.0269   14.656  0.005    2  1 
  51339.0867   14.677  0.005    2  1 
  51339.0905   14.697  0.005    2  1 
  51339.1139   14.720  0.005    2  1 
  51339.1177   14.716  0.005    2  1 
  51339.1448   14.665  0.005    2  1 
  51339.1482   14.648  0.004    2  1 
  51339.9766   14.549  0.004    2  1 
  51339.9795   14.528  0.004    2  1 
  51340.0044   14.268  0.003    2  1 
  51340.0078   14.257  0.003    2  1 
  51340.0274   14.215  0.003    2  1 
  51340.0306   14.200  0.003    2  1 
  51340.0540   14.079  0.003    2  1 
  51340.0572   14.074  0.003    2  1 
  51340.0857   14.043  0.003    2  1 
  51340.0892   14.039  0.004    2  1 
  51340.1152   14.078  0.003    2  1 
  51340.1197   14.081  0.003    2  1 
  51340.1229   14.087  0.003    2  1 
  51340.1263   14.095  0.003    2  1 
  51340.1404   14.119  0.004    2  1 
  51340.1437   14.126  0.004    2  1 
  51344.9924   14.094  0.003    2  1 
  51344.9958   14.100  0.003    2  1 
  51344.9988   14.104  0.003    2  1 
  51345.0216   14.145  0.003    2  1 
  51345.0255   14.153  0.004    2  1 
  51345.0302   14.160  0.004    2  1 
  51345.0553   14.197  0.003    2  1 
  51345.0603   14.205  0.003    2  1 
  51345.9856   14.344  0.004    2  1 
  51345.9896   14.347  0.004    2  1 
  51346.0219   14.390  0.004    2  1 
  51346.0264   14.400  0.004    2  1 
  51346.0486   14.428  0.004    2  1 
  51346.0523   14.430  0.004    2  1 
  51346.0791   14.465  0.004    2  1 
  51346.0826   14.472  0.004    2  1 
  51347.0416   14.584  0.004    2  1 
  51347.0453   14.583  0.003    2  1 
  51347.0743   14.611  0.004    2  1 
  51347.0777   14.614  0.004    2  1 
  51347.0990   14.633  0.003    2  1 
  51347.1022   14.635  0.003    2  1 
  51347.9769   14.705  0.004    2  1 
  51347.9802   14.705  0.004    2  1 
  51347.9834   14.708  0.004    2  1 
  51347.9983   14.721  0.004    2  1 
  51348.0028   14.727  0.004    2  1 
  51348.0063   14.729  0.004    2  1 
  51348.0242   14.729  0.004    2  1 
  51348.0274   14.729  0.004    2  1 
  51348.0943   14.433  0.005    2  1 
  51348.0983   14.373  0.005    2  1 
  51348.1018   14.335  0.004    2  1 
  51348.9650   14.111  0.003    2  1 
  51348.9682   14.095  0.003    2  1 
  51348.9853   14.040  0.003    2  1 
  51348.9883   14.039  0.003    2  1 
  51348.9912   14.041  0.003    2  1 
  51349.0316   14.071  0.003    2  1 
  51349.0346   14.077  0.003    2  1 
  51349.9815   14.279  0.003    2  1 
  51349.9851   14.285  0.003    2  1 
  51349.9973   14.295  0.003    2  1 
  51350.0033   14.302  0.004    2  1 
  51350.0066   14.300  0.004    2  1 
  51350.0164   14.320  0.004    2  1 
  51350.0197   14.321  0.004    2  1 
  51350.0296   14.328  0.004    2  1 
  51380.9973   14.520  0.004    2  1 
  51381.0004   14.529  0.003    2  1 
  51381.0031   14.527  0.003    2  1 
  51381.0187   14.538  0.003    2  1 
  51381.0214   14.539  0.003    2  1 
  51381.0242   14.545  0.003    2  1 
  51381.9830   14.659  0.004    2  1 
  51381.9859   14.650  0.004    2  1 
  51381.9888   14.656  0.004    2  1 
  51382.0000   14.670  0.004    2  1 
  51382.0029   14.678  0.004    2  1 
  51382.9793   14.257  0.004    2  1 
  51382.9826   14.249  0.003    2  1 
  51382.9857   14.242  0.003    2  1 
  51382.9965   14.196  0.003    2  1 
  51382.9995   14.188  0.004    2  1 
  51383.9746   14.211  0.003    2  1 
  51383.9773   14.215  0.003    2  1 
  51383.9799   14.219  0.003    2  1 
  51383.9899   14.231  0.003    2  1 
  51383.9926   14.241  0.003    2  1 
  51384.9751   14.447  0.003    2  1 
  51384.9777   14.451  0.003    2  1 
  51384.9802   14.453  0.003    2  1 
  51384.9896   14.470  0.003    2  1 
  51384.9921   14.475  0.003    2  1 
  51385.9711   14.598  0.003    2  1 
  51385.9737   14.607  0.003    2  1 
  51385.9763   14.608  0.003    2  1 
  51385.9857   14.617  0.004    2  1 
  51385.9884   14.620  0.004    2  1 
  51386.9965   14.531  0.004    2  1 
  51387.0003   14.497  0.004    2  1 
  51387.0041   14.448  0.004    2  1 
  51387.0216   14.269  0.003    2  1 
  51387.0254   14.261  0.003    2  1 
  51387.0293   14.257  0.003    2  1 
  51388.9801   14.384  0.004    2  1 
  51388.9834   14.393  0.004    2  1 
  51388.9866   14.394  0.004    2  1 
  51388.9984   14.407  0.004    2  1 
  51389.0017   14.415  0.004    2  1 
  51389.9783   14.565  0.003    2  1 
  51389.9809   14.564  0.003    2  1 
  51389.9836   14.566  0.003    2  1 
  51390.9729   14.718  0.003    2  1 
  51390.9756   14.724  0.003    2  1 
  51390.9783   14.721  0.003    2  1 
  51391.9728   14.046  0.002    2  1 
  51391.9754   14.046  0.002    2  1 
  51391.9779   14.047  0.002    2  1 
  51671.0871   14.383  0.004    2  1 
  51671.0917   14.386  0.004    2  1 
  51671.0952   14.387  0.004    2  1 
  51671.1189   14.422  0.004    2  1 
  51671.1232   14.428  0.004    2  1 
  51671.9996   14.512  0.004    2  1 
  51672.0039   14.519  0.004    2  1 
  51672.0350   14.529  0.004    2  1 
  51672.0382   14.536  0.004    2  1 
  51673.0232   14.681  0.003    2  1 
  51674.0574   14.052  0.004    2  1 
  51674.0938   14.069  0.004    2  1 
  51674.0985   14.071  0.004    2  1 
  51674.1159   14.099  0.004    2  1 
  51674.1223   14.109  0.003    2  1 
  51674.9763   14.181  0.004    2  1 
  51674.9824   14.189  0.004    2  1 
  51675.0212   14.244  0.004    2  1 
  51676.0163   14.472  0.004    2  1 
  51692.9816   14.392  0.004    2  1 
  51692.9854   14.397  0.004    2  1 
  51693.9780   14.566  0.004    2  1 
  51693.9814   14.570  0.004    2  1 
  51694.9914   14.731  0.004    2  1 
  51694.9946   14.701  0.004    2  1 
  51765.9974   14.467  0.004    2  1 
  51766.0012   14.472  0.004    2  1 
  51766.0048   14.478  0.004    2  1 
  51766.0266   14.494  0.004    2  1 
  51766.0301   14.492  0.004    2  1 
  51216.3408   15.001  0.004    3  1 
  51216.3634   14.977  0.003    3  1 
  51216.3905   15.095  0.004    3  1 
  51217.3019   15.200  0.004    3  1 
  51217.3494   15.190  0.004    3  1 
  51217.3710   15.251  0.004    3  1 
  51217.3906   15.283  0.004    3  1 
  51218.2854   15.411  0.005    3  1 
  51218.3156   15.430  0.005    3  1 
  51218.3347   15.403  0.004    3  1 
  51218.3653   15.241  0.004    3  1 
  51218.3848   15.067  0.004    3  1 
  51219.2918   14.382  0.003    3  1 
  51219.3100   14.398  0.003    3  1 
  51219.3296   14.438  0.003    3  1 
  51219.3536   14.497  0.003    3  1 
  51219.3723   14.547  0.003    3  1 
  51220.2720   14.773  0.003    3  1 
  51220.2946   14.804  0.003    3  1 
  51220.3117   14.837  0.003    3  1 
  51220.3299   14.868  0.003    3  1 
  51220.3473   14.906  0.004    3  1 
  51220.3643   14.937  0.004    3  1 
  51220.3816   14.971  0.003    3  1 
  51221.2763   15.130  0.004    3  1 
  51221.2964   15.153  0.004    3  1 
  51221.3145   15.165  0.004    3  1 
  51221.3318   15.178  0.004    3  1 
  51221.3496   15.190  0.004    3  1 
  51221.3673   15.200  0.004    3  1 
  51283.2546   14.754  0.003    3  1 
  51283.2783   14.649  0.003    3  1 
  51283.3008   14.491  0.002    3  1 
  51283.3322   14.376  0.002    3  1 
  51283.3553   14.400  0.002    3  1 
  51284.2134   14.511  0.003    3  1 
  51284.2375   14.577  0.003    3  1 
  51284.2581   14.628  0.003    3  1 
  51284.2875   14.704  0.003    3  1 
  51284.3124   14.753  0.003    3  1 
  51284.3383   14.801  0.003    3  1 
  51285.0451   14.596  0.002    3  1 
  51285.0691   14.653  0.003    3  1 
  51285.0932   14.699  0.003    3  1 
  51285.1257   14.770  0.003    3  1 
  51285.1514   14.813  0.003    3  1 
  51285.1754   14.850  0.003    3  1 
  51285.2060   14.906  0.003    3  1 
  51285.2321   14.960  0.003    3  1 
  51285.2586   15.024  0.003    3  1 
  51285.2928   15.086  0.003    3  1 
  51285.3257   15.132  0.003    3  1 
  51286.0393   14.926  0.003    3  1 
  51286.0670   15.038  0.003    3  1 
  51286.1560   15.055  0.003    3  1 
  51286.1833   15.174  0.003    3  1 
  51286.2193   15.205  0.003    3  1 
  51286.2434   15.221  0.004    3  1 
  51286.2655   15.248  0.004    3  1 
  51286.3291   15.337  0.004    3  1 
  51286.3521   15.379  0.004    3  1 
  51304.9838   15.362  0.004    3  1 
  51305.0251   15.411  0.005    3  1 
  51305.0718   15.413  0.005    3  1 
  51305.0961   15.322  0.004    3  1 
  51305.1465   14.722  0.004    3  1 
  51305.1755   14.593  0.003    3  1 
  51305.2054   14.405  0.003    3  1 
  51305.2345   14.390  0.003    3  1 
  51305.2666   14.454  0.003    3  1 
  51305.2880   14.508  0.003    3  1 
  51305.9773   14.668  0.002    3  1 
  51306.0428   14.384  0.003    3  1 
  51306.0809   14.471  0.003    3  1 
  51306.1330   14.604  0.003    3  1 
  51306.1875   14.691  0.003    3  1 
  51306.2101   14.754  0.003    3  1 
  51306.2538   14.850  0.003    3  1 
  51306.2771   14.901  0.003    3  1 
  51306.2972   14.945  0.003    3  1 
  51308.0025   15.079  0.003    3  1 
  51308.0600   15.178  0.003    3  1 
  51308.0958   15.135  0.003    3  1 
  51308.1244   15.233  0.004    3  1 
  51311.9792   14.980  0.004    3  1 
  51311.9983   15.013  0.004    3  1 
  51312.0087   15.038  0.004    3  1 
  51312.0350   15.082  0.004    3  1 
  51312.0550   15.115  0.004    3  1 
  51312.0672   15.131  0.003    3  1 
  51312.0870   15.147  0.004    3  1 
  51312.0988   15.163  0.004    3  1 
  51312.9828   15.233  0.003    3  1 
  51313.0063   15.252  0.003    3  1 
  51313.0300   15.273  0.004    3  1 
  51313.0562   15.296  0.003    3  1 
  51313.1113   15.382  0.004    3  1 
  51313.9807   15.439  0.004    3  1 
  51314.0143   15.322  0.004    3  1 
  51314.0397   15.103  0.004    3  1 
  51314.1124   14.454  0.003    3  1 
  51314.9752   14.425  0.002    3  1 
  51315.0102   14.516  0.002    3  1 
  51315.0336   14.572  0.003    3  1 
  51315.0747   14.669  0.003    3  1 
  51315.0982   14.719  0.003    3  1 
  51315.1216   14.768  0.003    3  1 
  51316.0399   14.990  0.003    3  1 
  51316.0634   15.031  0.003    3  1 
  51316.0869   15.082  0.003    3  1 
  51316.1115   15.119  0.003    3  1 
  51316.9740   15.181  0.004    3  1 
  51317.0052   15.193  0.004    3  1 
  51317.0282   15.196  0.005    3  1 
  51317.0566   15.244  0.004    3  1 
  51317.0822   15.270  0.004    3  1 
  51317.1075   15.297  0.004    3  1 
  51317.9847   15.400  0.004    3  1 
  51318.0099   15.411  0.005    3  1 
  51318.0374   15.413  0.005    3  1 
  51318.0942   14.963  0.002    3  1 
  51318.1226   14.720  0.004    3  1 
  51318.9772   14.470  0.003    3  1 
  51319.0019   14.356  0.003    3  1 
  51319.0274   14.415  0.003    3  1 
  51319.0757   14.534  0.003    3  1 
  51319.0997   14.590  0.003    3  1 
  51320.1000   14.936  0.003    3  1 
  51320.1208   15.028  0.003    3  1 
  51320.1417   15.070  0.003    3  1 
  51320.9728   15.118  0.003    3  1 
  51321.0180   15.143  0.003    3  1 
  51321.0400   15.180  0.003    3  1 
  51321.0624   15.186  0.003    3  1 
  51321.0930   15.210  0.004    3  1 
  51321.1217   15.254  0.003    3  1 
  51380.9937   15.141  0.004    3  1 
  51381.9793   15.319  0.004    3  1 
  51382.9755   14.709  0.003    3  1 
  51384.9721   14.996  0.002    3  1 
  51385.9679   15.223  0.003    3  1 
  51386.9917   15.166  0.004    3  1 
  51388.9755   14.930  0.004    3  1 
  51389.9750   15.200  0.003    3  1 
  51391.9697   14.357  0.002    3  1 
  51693.9923   15.217  0.003    3  1 
  51695.0052   15.370  0.004    3  1 
 56468.97641   13.030  0.049   -1  1 
 56469.04707   12.975  0.034   -1  1 
 56469.10896   12.918  0.049   -1  1 
 56469.17285   12.853  0.022   -1  1 
 56471.00364   12.882  0.029   -1  1 
 56471.06640   12.858  0.012   -1  1 
 56471.12490   13.074  0.026   -1  1 
 56471.18188   12.973  0.016   -1  1 
 56471.96759   13.335  0.032   -1  1 
 56472.03374   13.194  0.035   -1  1 
 56472.09484   13.152  0.016   -1  1 
 56472.15243   13.104  0.019   -1  1 
 56468.95296   13.081  0.038   -2  1 
 56469.02441   12.926  0.021   -2  1 
 56469.08813   13.057  0.038   -2  1 
 56469.15134   12.835  0.023   -2  1 
 56471.02588   12.893  0.033   -2  1 
 56471.08671   12.828  0.014   -2  1 
 56471.14302   12.906  0.012   -2  1 
 56471.94704   12.938  0.021   -2  1 
 56472.01085   12.777  0.026   -2  1 
 56472.07480   13.181  0.031   -2  1 
 56472.13240   13.035  0.008   -2  1 
 56472.19216   13.062  0.009   -2  1 
 56469.00041   13.238  0.020   -5  1 
 56469.06767   13.130  0.017   -5  1 
 56469.13003   13.095  0.013   -5  1 
 56469.19349   13.110  0.016   -5  1 
 56470.98130   13.268  0.032   -5  1 
 56471.04693   13.169  0.018   -5  1 
 56471.10523   13.259  0.018   -5  1 
 56471.16397   13.287  0.015   -5  1 
 56471.98857   13.301  0.015   -5  1 
 56472.05430   13.360  0.020   -5  1 
 56472.11383   13.373  0.013   -5  1 
 56472.17109   13.405  0.009   -5  1 
