  51216.2987   13.944  0.003    2  1 
  51216.3275   14.077  0.003    2  1 
  51216.3519   14.188  0.003    2  1 
  51216.3771   14.286  0.004    2  1 
  51217.2851   14.879  0.005    2  1 
  51217.3152   14.911  0.005    2  1 
  51217.3378   14.893  0.005    2  1 
  51217.3598   14.881  0.005    2  1 
  51217.3804   14.911  0.005    2  1 
  51218.3013   14.474  0.004    2  1 
  51218.3254   14.545  0.004    2  1 
  51218.3504   14.610  0.004    2  1 
  51218.3753   14.680  0.004    2  1 
  51219.2775   14.991  0.005    2  1 
  51219.3014   15.026  0.005    2  1 
  51219.3186   14.999  0.005    2  1 
  51219.3397   14.733  0.004    2  1 
  51219.3635   14.171  0.003    2  1 
  51219.3810   13.917  0.003    2  1 
  51220.2867   14.777  0.004    2  1 
  51220.3036   14.806  0.004    2  1 
  51220.3219   14.827  0.005    2  1 
  51220.3391   14.840  0.005    2  1 
  51220.3564   14.853  0.005    2  1 
  51220.3729   14.865  0.005    2  1 
  51220.3920   14.876  0.005    2  1 
  51221.2619   13.909  0.003    2  1 
  51221.2873   14.024  0.003    2  1 
  51221.3052   14.107  0.003    2  1 
  51221.3230   14.181  0.003    2  1 
  51221.3396   14.251  0.003    2  1 
  51221.3577   14.311  0.004    2  1 
  51221.3762   14.371  0.004    2  1 
  51283.2102   14.910  0.004    2  1 
  51283.2288   14.910  0.004    2  1 
  51283.2338   14.905  0.004    2  1 
  51283.2391   14.904  0.004    2  1 
  51283.2642   14.892  0.004    2  1 
  51283.2680   14.892  0.004    2  1 
  51283.2868   14.930  0.004    2  1 
  51283.2902   14.947  0.004    2  1 
  51283.3138   15.011  0.004    2  1 
  51283.3170   15.014  0.004    2  1 
  51283.3408   15.028  0.004    2  1 
  51283.3447   15.028  0.004    2  1 
  51283.3642   14.905  0.004    2  1 
  51283.3673   14.855  0.004    2  1 
  51284.1955   14.455  0.003    2  1 
  51284.1993   14.471  0.003    2  1 
  51284.2266   14.560  0.003    2  1 
  51284.2298   14.563  0.004    2  1 
  51284.2475   14.610  0.004    2  1 
  51284.2506   14.621  0.004    2  1 
  51284.2679   14.662  0.004    2  1 
  51284.2711   14.667  0.004    2  1 
  51284.3004   14.739  0.004    2  1 
  51284.3036   14.747  0.004    2  1 
  51284.3257   14.800  0.004    2  1 
  51284.3289   14.798  0.004    2  1 
  51285.0269   14.863  0.004    2  1 
  51285.0299   14.866  0.004    2  1 
  51285.0577   14.891  0.004    2  1 
  51285.0607   14.894  0.004    2  1 
  51285.0814   14.916  0.004    2  1 
  51285.0847   14.912  0.004    2  1 
  51285.1052   14.906  0.004    2  1 
  51285.1084   14.891  0.004    2  1 
  51285.1396   14.908  0.004    2  1 
  51285.1427   14.913  0.004    2  1 
  51285.1624   14.970  0.004    2  1 
  51285.1654   14.967  0.004    2  1 
  51285.1891   15.029  0.004    2  1 
  51285.1924   15.023  0.004    2  1 
  51285.2195   14.988  0.004    2  1 
  51285.2227   14.968  0.004    2  1 
  51285.2468   14.506  0.003    2  1 
  51285.2498   14.419  0.003    2  1 
  51285.2738   13.965  0.003    2  1 
  51285.2775   13.924  0.003    2  1 
  51285.3077   13.944  0.003    2  1 
  51285.3112   13.958  0.003    2  1 
  51285.3425   14.115  0.003    2  1 
  51285.3456   14.129  0.003    2  1 
  51286.0177   14.331  0.003    2  1 
  51286.0241   14.353  0.003    2  1 
  51286.0542   14.439  0.003    2  1 
  51286.0574   14.458  0.003    2  1 
  51286.0794   14.515  0.003    2  1 
  51286.0832   14.528  0.003    2  1 
  51286.1105   14.608  0.003    2  1 
  51286.1136   14.609  0.003    2  1 
  51286.1441   14.689  0.004    2  1 
  51286.1472   14.695  0.004    2  1 
  51286.1708   14.748  0.004    2  1 
  51286.1740   14.757  0.004    2  1 
  51286.1969   14.796  0.004    2  1 
  51286.2002   14.801  0.004    2  1 
  51286.2322   14.838  0.004    2  1 
  51286.2352   14.842  0.004    2  1 
  51286.2544   14.849  0.004    2  1 
  51286.2573   14.855  0.004    2  1 
  51286.2785   14.875  0.004    2  1 
  51286.2816   14.883  0.004    2  1 
  51286.3149   14.908  0.004    2  1 
  51286.3179   14.920  0.004    2  1 
  51286.3375   14.911  0.004    2  1 
  51286.3409   14.914  0.004    2  1 
  51286.3604   14.893  0.004    2  1 
  51286.3635   14.884  0.004    2  1 
  51286.3665   14.891  0.004    2  1 
  51304.9667   14.904  0.003    2  1 
  51304.9697   14.908  0.003    2  1 
  51304.9956   14.901  0.004    2  1 
  51304.9985   14.894  0.004    2  1 
  51305.0393   14.916  0.004    2  1 
  51305.0423   14.925  0.004    2  1 
  51305.0812   15.022  0.005    2  1 
  51305.0852   15.026  0.005    2  1 
  51305.1040   15.025  0.004    2  1 
  51305.1077   15.010  0.004    2  1 
  51305.1328   14.741  0.004    2  1 
  51305.1357   14.664  0.004    2  1 
  51305.1582   14.142  0.003    2  1 
  51305.1616   14.073  0.003    2  1 
  51305.1919   13.906  0.003    2  1 
  51305.1953   13.921  0.003    2  1 
  51305.2170   14.023  0.003    2  1 
  51305.2202   14.040  0.003    2  1 
  51305.2493   14.166  0.003    2  1 
  51305.2523   14.186  0.003    2  1 
  51305.2764   14.271  0.003    2  1 
  51305.2796   14.284  0.004    2  1 
  51305.3025   14.365  0.003    2  1 
  51305.3054   14.379  0.003    2  1 
  51305.9643   14.492  0.003    2  1 
  51305.9672   14.495  0.003    2  1 
  51305.9940   14.571  0.003    2  1 
  51305.9970   14.582  0.003    2  1 
  51305.9997   14.586  0.003    2  1 
  51306.0313   14.670  0.003    2  1 
  51306.0340   14.685  0.003    2  1 
  51306.0638   14.750  0.004    2  1 
  51306.0674   14.752  0.003    2  1 
  51306.0960   14.798  0.004    2  1 
  51306.0990   14.803  0.004    2  1 
  51306.1183   14.833  0.003    2  1 
  51306.1209   14.830  0.003    2  1 
  51306.1434   14.851  0.004    2  1 
  51306.1474   14.844  0.005    2  1 
  51306.1743   14.871  0.004    2  1 
  51306.1770   14.866  0.003    2  1 
  51306.1996   14.898  0.004    2  1 
  51306.2025   14.903  0.003    2  1 
  51306.2207   14.910  0.004    2  1 
  51306.2235   14.911  0.003    2  1 
  51306.2407   14.892  0.003    2  1 
  51306.2432   14.890  0.003    2  1 
  51306.2458   14.892  0.003    2  1 
  51306.2665   14.882  0.003    2  1 
  51306.2691   14.886  0.003    2  1 
  51306.2862   14.922  0.004    2  1 
  51306.2895   14.941  0.004    2  1 
  51306.3068   14.976  0.004    2  1 
  51306.3101   14.992  0.004    2  1 
  51306.9828   14.956  0.005    2  1 
  51306.9870   14.931  0.004    2  1 
  51307.0161   14.289  0.003    2  1 
  51307.0270   14.072  0.003    2  1 
  51307.0388   13.914  0.003    2  1 
  51307.0824   14.016  0.004    2  1 
  51307.9862   14.841  0.004    2  1 
  51307.9901   14.832  0.003    2  1 
  51308.0178   14.851  0.003    2  1 
  51308.0212   14.851  0.003    2  1 
  51308.0443   14.877  0.003    2  1 
  51308.0713   14.905  0.003    2  1 
  51308.0749   14.906  0.003    2  1 
  51308.0779   14.912  0.003    2  1 
  51308.1072   14.892  0.004    2  1 
  51308.1114   14.888  0.004    2  1 
  51310.1342   14.102  0.002    2  1 
  51310.1371   14.047  0.002    2  1 
  51310.1402   13.996  0.002    2  1 
  51314.9621   14.872  0.005    2  1 
  51314.9650   14.884  0.004    2  1 
  51314.9679   14.896  0.004    2  1 
  51314.9914   14.926  0.004    2  1 
  51314.9943   14.935  0.004    2  1 
  51314.9972   14.937  0.004    2  1 
  51315.0171   14.997  0.004    2  1 
  51315.0197   15.002  0.004    2  1 
  51315.0224   15.008  0.004    2  1 
  51315.0409   15.030  0.004    2  1 
  51315.0436   15.033  0.004    2  1 
  51315.0462   15.032  0.004    2  1 
  51315.0650   14.950  0.004    2  1 
  51315.0677   14.938  0.004    2  1 
  51315.0860   14.563  0.003    2  1 
  51315.0887   14.486  0.003    2  1 
  51315.0913   14.419  0.003    2  1 
  51315.1094   14.057  0.003    2  1 
  51315.1121   14.014  0.002    2  1 
  51315.1148   13.979  0.002    2  1 
  51316.0277   14.779  0.003    2  1 
  51316.0303   14.784  0.003    2  1 
  51316.0330   14.784  0.003    2  1 
  51316.0511   14.815  0.004    2  1 
  51316.0538   14.819  0.004    2  1 
  51316.0565   14.818  0.003    2  1 
  51316.0746   14.838  0.004    2  1 
  51316.0773   14.842  0.004    2  1 
  51316.0800   14.845  0.004    2  1 
  51316.0992   14.856  0.004    2  1 
  51316.1020   14.856  0.003    2  1 
  51316.1046   14.866  0.004    2  1 
  51316.1228   14.874  0.004    2  1 
  51316.1255   14.880  0.004    2  1 
  51316.1281   14.884  0.004    2  1 
  51316.9815   13.957  0.002    2  1 
  51316.9843   13.924  0.002    2  1 
  51316.9869   13.913  0.002    2  1 
  51316.9978   13.893  0.003    2  1 
  51317.0147   13.950  0.003    2  1 
  51317.0176   13.969  0.003    2  1 
  51317.0205   13.977  0.003    2  1 
  51317.0420   14.087  0.003    2  1 
  51317.0450   14.099  0.003    2  1 
  51317.0483   14.117  0.003    2  1 
  51317.0689   14.200  0.003    2  1 
  51317.0718   14.212  0.003    2  1 
  51317.0747   14.221  0.003    2  1 
  51317.0946   14.295  0.003    2  1 
  51317.0974   14.306  0.003    2  1 
  51317.1000   14.313  0.003    2  1 
  51317.1199   14.386  0.003    2  1 
  51317.1228   14.385  0.003    2  1 
  51317.1257   14.402  0.003    2  1 
  51317.9715   14.865  0.004    2  1 
  51317.9744   14.856  0.004    2  1 
  51317.9772   14.866  0.004    2  1 
  51317.9970   14.877  0.004    2  1 
  51317.9998   14.884  0.003    2  1 
  51318.0025   14.889  0.004    2  1 
  51318.0227   14.911  0.005    2  1 
  51318.0260   14.914  0.005    2  1 
  51318.0292   14.925  0.006    2  1 
  51318.0510   14.903  0.005    2  1 
  51318.0542   14.899  0.005    2  1 
  51318.0575   14.896  0.005    2  1 
  51318.0795   14.893  0.005    2  1 
  51318.0827   14.895  0.005    2  1 
  51318.0859   14.899  0.005    2  1 
  51318.1079   14.958  0.006    2  1 
  51318.1111   14.972  0.006    2  1 
  51318.1144   14.986  0.006    2  1 
  51318.9846   14.379  0.003    2  1 
  51318.9874   14.388  0.003    2  1 
  51318.9902   14.401  0.003    2  1 
  51319.0093   14.461  0.003    2  1 
  51319.0122   14.464  0.003    2  1 
  51319.0151   14.472  0.004    2  1 
  51319.0351   14.532  0.004    2  1 
  51319.0380   14.546  0.004    2  1 
  51319.0411   14.554  0.004    2  1 
  51319.0623   14.607  0.004    2  1 
  51319.0653   14.620  0.004    2  1 
  51319.0682   14.622  0.004    2  1 
  51319.0874   14.675  0.003    2  1 
  51319.0902   14.678  0.003    2  1 
  51319.0928   14.684  0.003    2  1 
  51319.1137   14.735  0.003    2  1 
  51319.1164   14.745  0.003    2  1 
  51319.1190   14.749  0.003    2  1 
  51320.0869   14.002  0.002    2  1 
  51320.0909   13.955  0.002    2  1 
  51320.1531   14.097  0.003    2  1 
  51320.1557   14.116  0.003    2  1 
  51320.1584   14.124  0.002    2  1 
  51320.9810   14.738  0.004    2  1 
  51320.9838   14.745  0.003    2  1 
  51321.0292   14.821  0.003    2  1 
  51321.0466   14.830  0.003    2  1 
  51321.0491   14.840  0.003    2  1 
  51321.0517   14.840  0.003    2  1 
  51321.0689   14.854  0.003    2  1 
  51321.0714   14.852  0.003    2  1 
  51321.0740   14.859  0.003    2  1 
  51321.0997   14.880  0.004    2  1 
  51321.1023   14.884  0.004    2  1 
  51321.1049   14.882  0.004    2  1 
  51321.1074   14.886  0.004    2  1 
  51321.1100   14.894  0.004    2  1 
  51321.1285   14.906  0.004    2  1 
  51321.1311   14.917  0.004    2  1 
  51332.9607   14.913  0.006    2  1 
  51332.9651   14.912  0.007    2  1 
  51332.9797   14.893  0.005    2  1 
  51332.9834   14.892  0.005    2  1 
  51333.0005   14.896  0.005    2  1 
  51333.0039   14.892  0.005    2  1 
  51333.0156   14.914  0.005    2  1 
  51333.0192   14.928  0.005    2  1 
  51333.0445   14.996  0.005    2  1 
  51333.0479   15.003  0.005    2  1 
  51333.0636   15.023  0.007    2  1 
  51333.0681   15.028  0.007    2  1 
  51333.0834   15.012  0.005    2  1 
  51333.0869   15.001  0.005    2  1 
  51333.0981   14.920  0.005    2  1 
  51333.1018   14.867  0.005    2  1 
  51333.1258   14.298  0.004    2  1 
  51333.1294   14.231  0.004    2  1 
  51333.1410   14.012  0.004    2  1 
  51333.1452   13.946  0.004    2  1 
  51333.1492   13.912  0.003    2  1 
  51333.1642   13.892  0.003    2  1 
  51333.1679   13.905  0.003    2  1 
  51334.9778   14.642  0.003    2  1 
  51334.9806   14.561  0.003    2  1 
  51335.0115   13.942  0.002    2  1 
  51335.0145   13.919  0.002    2  1 
  51335.0237   13.888  0.003    2  1 
  51335.0269   13.894  0.003    2  1 
  51335.0365   13.920  0.003    2  1 
  51335.0396   13.939  0.003    2  1 
  51335.0624   14.045  0.003    2  1 
  51335.0658   14.058  0.003    2  1 
  51335.0766   14.106  0.003    2  1 
  51335.0800   14.126  0.003    2  1 
  51335.1009   14.218  0.003    2  1 
  51335.1041   14.230  0.004    2  1 
  51335.9585   14.831  0.005    2  1 
  51335.9619   14.837  0.004    2  1 
  51335.9661   14.835  0.005    2  1 
  51335.9693   14.840  0.004    2  1 
  51335.9855   14.851  0.004    2  1 
  51335.9915   14.854  0.004    2  1 
  51335.9966   14.857  0.004    2  1 
  51336.0139   14.873  0.004    2  1 
  51336.0172   14.872  0.004    2  1 
  51336.0275   14.886  0.004    2  1 
  51336.0306   14.894  0.004    2  1 
  51336.0439   14.906  0.004    2  1 
  51336.0470   14.906  0.004    2  1 
  51336.0662   14.919  0.005    2  1 
  51336.0696   14.914  0.005    2  1 
  51336.0728   14.909  0.005    2  1 
  51336.0954   14.885  0.005    2  1 
  51336.0989   14.880  0.005    2  1 
  51336.1119   14.894  0.005    2  1 
  51336.1153   14.899  0.005    2  1 
  51336.1297   14.933  0.005    2  1 
  51336.1557   15.016  0.008    2  1 
  51336.1600   15.015  0.007    2  1 
  51336.1647   15.026  0.008    2  1 
  51336.9567   14.182  0.002    2  1 
  51337.0022   14.342  0.003    2  1 
  51337.9827   14.909  0.006    2  1 
  51337.9868   14.920  0.005    2  1 
  51337.9997   14.941  0.005    2  1 
  51338.0033   14.959  0.005    2  1 
  51338.0231   15.006  0.005    2  1 
  51338.0265   15.017  0.005    2  1 
  51338.0304   15.023  0.005    2  1 
  51338.9791   14.665  0.004    2  1 
  51338.9849   14.684  0.004    2  1 
  51339.0116   14.745  0.005    2  1 
  51339.0151   14.756  0.005    2  1 
  51339.0441   14.800  0.004    2  1 
  51339.0477   14.808  0.004    2  1 
  51339.0513   14.814  0.005    2  1 
  51339.0774   14.846  0.005    2  1 
  51339.0807   14.845  0.005    2  1 
  51339.1053   14.864  0.005    2  1 
  51339.1093   14.868  0.005    2  1 
  51339.1327   14.882  0.005    2  1 
  51339.1363   14.888  0.005    2  1 
  51339.9588   14.426  0.003    2  1 
  51339.9627   14.338  0.003    2  1 
  51339.9835   13.965  0.003    2  1 
  51339.9874   13.925  0.003    2  1 
  51340.0115   13.923  0.003    2  1 
  51340.0146   13.938  0.003    2  1 
  51340.0349   14.034  0.003    2  1 
  51340.0380   14.055  0.003    2  1 
  51340.0659   14.180  0.003    2  1 
  51340.0696   14.194  0.003    2  1 
  51340.0938   14.284  0.004    2  1 
  51340.0983   14.303  0.004    2  1 
  51340.1334   14.418  0.004    2  1 
  51340.1366   14.425  0.004    2  1 
  51344.9654   13.899  0.002    2  1 
  51344.9786   13.904  0.002    2  1 
  51344.9829   13.916  0.003    2  1 
  51345.0052   14.017  0.003    2  1 
  51345.0092   14.041  0.003    2  1 
  51345.0132   14.059  0.002    2  1 
  51345.0170   14.080  0.003    2  1 
  51345.0353   14.163  0.003    2  1 
  51345.0390   14.182  0.002    2  1 
  51345.0645   14.278  0.003    2  1 
  51345.0690   14.294  0.003    2  1 
  51345.9658   14.879  0.006    2  1 
  51345.9696   14.881  0.006    2  1 
  51345.9999   14.907  0.005    2  1 
  51346.0043   14.908  0.005    2  1 
  51346.0310   14.896  0.005    2  1 
  51346.0343   14.888  0.005    2  1 
  51346.0571   14.895  0.005    2  1 
  51346.0604   14.903  0.005    2  1 
  51347.0221   14.563  0.004    2  1 
  51347.0274   14.586  0.002    2  1 
  51347.0562   14.656  0.004    2  1 
  51347.0597   14.666  0.004    2  1 
  51347.0815   14.720  0.003    2  1 
  51347.0850   14.721  0.003    2  1 
  51347.9550   14.990  0.004    2  1 
  51347.9581   14.978  0.004    2  1 
  51347.9877   15.031  0.005    2  1 
  51347.9914   15.033  0.005    2  1 
  51347.9948   15.032  0.005    2  1 
  51348.0181   14.923  0.004    2  1 
  51348.0211   14.889  0.004    2  1 
  51348.0849   13.889  0.004    2  1 
  51348.0897   13.907  0.003    2  1 
  51348.1054   13.972  0.003    2  1 
  51348.1088   13.994  0.003    2  1 
  51348.1122   14.001  0.003    2  1 
  51348.9528   14.728  0.004    2  1 
  51348.9557   14.738  0.004    2  1 
  51348.9795   14.782  0.004    2  1 
  51348.9824   14.793  0.004    2  1 
  51348.9941   14.807  0.004    2  1 
  51349.0152   14.828  0.004    2  1 
  51349.0189   14.826  0.004    2  1 
  51349.9596   13.946  0.002    2  1 
  51349.9627   13.958  0.002    2  1 
  51349.9911   14.083  0.003    2  1 
  51349.9944   14.097  0.003    2  1 
  51350.0097   14.164  0.003    2  1 
  51350.0128   14.185  0.003    2  1 
  51350.0228   14.224  0.003    2  1 
  51364.9643   14.297  0.003    2  1 
  51364.9677   14.311  0.003    2  1 
  51380.9714   14.876  0.003    2  1 
  51380.9769   14.778  0.003    2  1 
  51380.9801   14.710  0.003    2  1 
  51380.9845   14.592  0.003    2  1 
  51381.0066   14.093  0.002    2  1 
  51381.0096   14.039  0.002    2  1 
  51381.0136   13.974  0.002    2  1 
  51381.9638   14.828  0.004    2  1 
  51381.9679   14.829  0.004    2  1 
  51381.9716   14.842  0.005    2  1 
  51381.9917   14.852  0.004    2  1 
  51381.9946   14.857  0.005    2  1 
  51382.9605   14.174  0.003    2  1 
  51382.9652   14.192  0.003    2  1 
  51382.9682   14.201  0.003    2  1 
  51382.9887   14.286  0.003    2  1 
  51382.9916   14.289  0.003    2  1 
  51383.9595   14.894  0.004    2  1 
  51383.9621   14.881  0.004    2  1 
  51383.9648   14.890  0.004    2  1 
  51383.9826   14.896  0.004    2  1 
  51383.9853   14.906  0.004    2  1 
  51384.9606   14.609  0.003    2  1 
  51384.9631   14.615  0.003    2  1 
  51384.9657   14.621  0.003    2  1 
  51384.9827   14.668  0.003    2  1 
  51384.9853   14.670  0.003    2  1 
  51385.9557   14.646  0.003    2  1 
  51385.9589   14.561  0.003    2  1 
  51385.9615   14.484  0.003    2  1 
  51385.9788   14.120  0.002    2  1 
  51385.9814   14.064  0.002    2  1 
  51386.9731   14.854  0.005    2  1 
  51386.9769   14.853  0.004    2  1 
  51386.9807   14.863  0.004    2  1 
  51387.0101   14.891  0.004    2  1 
  51387.0139   14.896  0.005    2  1 
  51387.0177   14.900  0.005    2  1 
  51388.9571   14.907  0.005    2  1 
  51388.9622   14.911  0.005    2  1 
  51388.9659   14.914  0.005    2  1 
  51388.9899   14.993  0.005    2  1 
  51388.9932   14.987  0.005    2  1 
  51389.9629   14.678  0.003    2  1 
  51389.9656   14.689  0.003    2  1 
  51389.9683   14.697  0.003    2  1 
  51390.9578   14.023  0.002    2  1 
  51390.9604   13.989  0.002    2  1 
  51390.9631   13.936  0.003    2  1 
  51391.9583   14.867  0.003    2  1 
  51391.9609   14.865  0.003    2  1 
  51391.9634   14.866  0.003    2  1 
  51646.1374   14.770  0.004    2  1 
  51646.1447   14.784  0.005    2  1 
  51646.1486   14.791  0.005    2  1 
  51646.1532   14.798  0.005    2  1 
  51646.1570   14.803  0.006    2  1 
  51646.1609   14.808  0.006    2  1 
  51646.1649   14.817  0.006    2  1 
  51646.1687   14.824  0.005    2  1 
  51646.1727   14.824  0.005    2  1 
  51646.1764   14.824  0.005    2  1 
  51646.1801   14.833  0.005    2  1 
  51646.1837   14.836  0.004    2  1 
  51646.1871   14.841  0.005    2  1 
  51646.1907   14.845  0.005    2  1 
  51646.1944   14.845  0.005    2  1 
  51646.1983   14.845  0.005    2  1 
  51646.2025   14.845  0.005    2  1 
  51646.2065   14.856  0.005    2  1 
  51646.2100   14.854  0.005    2  1 
  51646.2138   14.856  0.004    2  1 
  51646.2172   14.859  0.004    2  1 
  51646.2206   14.857  0.004    2  1 
  51646.2245   14.864  0.004    2  1 
  51646.2283   14.866  0.004    2  1 
  51646.2320   14.870  0.004    2  1 
  51646.2362   14.868  0.004    2  1 
  51646.2394   14.874  0.004    2  1 
  51646.2426   14.875  0.004    2  1 
  51646.2457   14.883  0.004    2  1 
  51646.2489   14.881  0.004    2  1 
  51646.2523   14.891  0.004    2  1 
  51646.2557   14.893  0.004    2  1 
  51646.2591   14.901  0.004    2  1 
  51646.2626   14.905  0.005    2  1 
  51646.2660   14.904  0.004    2  1 
  51646.2694   14.915  0.005    2  1 
  51646.2730   14.919  0.006    2  1 
  51646.2769   14.924  0.007    2  1 
  51646.2811   14.928  0.008    2  1 
  51646.2852   14.920  0.006    2  1 
  51646.2895   14.912  0.006    2  1 
  51646.2939   14.908  0.006    2  1 
  51646.2986   14.904  0.006    2  1 
  51646.3027   14.900  0.007    2  1 
  51646.3070   14.892  0.006    2  1 
  51646.3111   14.890  0.005    2  1 
  51646.3151   14.887  0.005    2  1 
  51646.3189   14.884  0.004    2  1 
  51646.3225   14.887  0.004    2  1 
  51646.3260   14.892  0.004    2  1 
  51646.3296   14.892  0.005    2  1 
  51646.3330   14.897  0.004    2  1 
  51646.3377   14.907  0.005    2  1 
  51646.3414   14.913  0.005    2  1 
  51646.3451   14.919  0.005    2  1 
  51646.3496   14.927  0.004    2  1 
  51646.3530   14.943  0.005    2  1 
  51646.3568   14.948  0.005    2  1 
  51646.3602   14.967  0.006    2  1 
  51646.3637   14.974  0.005    2  1 
  51646.3679   14.986  0.005    2  1 
  51646.3713   14.999  0.005    2  1 
  51646.3746   15.005  0.006    2  1 
  51671.0353   14.828  0.004    2  1 
  51671.0585   14.842  0.004    2  1 
  51671.0649   14.844  0.004    2  1 
  51671.0721   14.856  0.004    2  1 
  51671.0771   14.853  0.005    2  1 
  51671.1013   14.874  0.004    2  1 
  51671.1053   14.873  0.004    2  1 
  51671.1107   14.879  0.004    2  1 
  51671.1151   14.886  0.004    2  1 
  51671.1292   14.897  0.004    2  1 
  51671.9878   13.919  0.002    2  1 
  51671.9920   13.934  0.002    2  1 
  51672.0277   14.108  0.003    2  1 
  51672.0316   14.125  0.003    2  1 
  51672.0822   14.316  0.003    2  1 
  51674.0685   14.674  0.005    2  1 
  51674.0726   14.686  0.005    2  1 
  51674.1052   14.764  0.005    2  1 
  51674.1117   14.775  0.005    2  1 
  51674.1260   14.797  0.004    2  1 
  51674.1296   14.805  0.004    2  1 
  51674.1332   14.813  0.004    2  1 
  51674.1368   14.820  0.004    2  1 
  51674.1405   14.824  0.004    2  1 
  51674.1444   14.823  0.004    2  1 
  51674.9689   14.997  0.005    2  1 
  51674.9724   15.003  0.005    2  1 
  51674.9867   15.024  0.005    2  1 
  51674.9911   15.029  0.006    2  1 
  51675.0041   15.034  0.006    2  1 
  51675.0121   15.014  0.006    2  1 
  51675.0159   14.994  0.006    2  1 
  51675.0253   14.903  0.004    2  1 
  51675.0289   14.857  0.004    2  1 
  51675.0351   14.748  0.004    2  1 
  51675.0465   14.438  0.004    2  1 
  51675.0521   14.307  0.004    2  1 
  51675.0558   14.245  0.003    2  1 
  51675.0622   14.119  0.003    2  1 
  51675.0661   14.047  0.003    2  1 
  51675.0719   13.956  0.003    2  1 
  51675.0756   13.925  0.003    2  1 
  51675.0814   13.898  0.003    2  1 
  51675.0858   13.892  0.003    2  1 
  51675.0927   13.906  0.003    2  1 
  51675.0970   13.921  0.003    2  1 
  51675.9751   14.776  0.004    2  1 
  51675.9802   14.781  0.004    2  1 
  51675.9906   14.794  0.004    2  1 
  51675.9939   14.801  0.004    2  1 
  51675.9971   14.812  0.004    2  1 
  51676.0005   14.812  0.004    2  1 
  51676.0036   14.818  0.004    2  1 
  51676.0067   14.820  0.004    2  1 
  51676.0112   14.830  0.004    2  1 
  51676.0240   14.835  0.005    2  1 
  51676.0301   14.840  0.004    2  1 
  51676.9616   13.919  0.003    2  1 
  51676.9713   13.961  0.004    2  1 
  51676.9757   13.978  0.004    2  1 
  51676.9867   14.032  0.004    2  1 
  51676.9919   14.048  0.005    2  1 
  51676.9969   14.079  0.004    2  1 
  51677.0090   14.138  0.004    2  1 
  51677.0126   14.152  0.004    2  1 
  51677.0180   14.181  0.004    2  1 
  51677.0226   14.195  0.004    2  1 
  51677.0271   14.216  0.005    2  1 
  51677.0318   14.232  0.004    2  1 
  51677.0362   14.253  0.004    2  1 
  51677.0410   14.267  0.005    2  1 
  51677.0453   14.286  0.005    2  1 
  51677.0499   14.297  0.005    2  1 
  51677.0580   14.325  0.005    2  1 
  51677.0628   14.345  0.005    2  1 
  51677.0672   14.358  0.005    2  1 
  51677.0713   14.371  0.004    2  1 
  51677.0751   14.383  0.005    2  1 
  51677.0793   14.393  0.004    2  1 
  51677.0835   14.412  0.004    2  1 
  51677.0877   14.420  0.004    2  1 
  51677.0918   14.438  0.004    2  1 
  51677.0956   14.448  0.005    2  1 
  51677.0996   14.452  0.005    2  1 
  51677.1044   14.475  0.005    2  1 
  51677.1082   14.473  0.005    2  1 
  51677.1121   14.499  0.005    2  1 
  51677.1160   14.513  0.005    2  1 
  51677.1199   14.524  0.005    2  1 
  51677.1238   14.531  0.005    2  1 
  51677.1276   14.549  0.005    2  1 
  51677.1315   14.554  0.005    2  1 
  51677.1353   14.561  0.005    2  1 
  51677.1396   14.571  0.005    2  1 
  51677.1434   14.591  0.005    2  1 
  51677.1476   14.597  0.005    2  1 
  51677.1520   14.613  0.005    2  1 
  51677.1564   14.617  0.005    2  1 
  51677.1603   14.632  0.005    2  1 
  51677.1642   14.644  0.005    2  1 
  51677.1680   14.651  0.005    2  1 
  51677.1719   14.660  0.005    2  1 
  51677.1759   14.672  0.005    2  1 
  51677.1797   14.678  0.005    2  1 
  51677.1836   14.695  0.005    2  1 
  51677.1883   14.701  0.005    2  1 
  51677.1922   14.710  0.005    2  1 
  51677.1960   14.723  0.005    2  1 
  51677.1999   14.729  0.005    2  1 
  51677.2038   14.735  0.005    2  1 
  51677.2083   14.745  0.005    2  1 
  51677.2133   14.761  0.005    2  1 
  51677.2176   14.762  0.006    2  1 
  51677.2233   14.783  0.006    2  1 
  51677.2285   14.789  0.009    2  1 
  51677.2335   14.798  0.007    2  1 
  51677.2391   14.806  0.008    2  1 
  51677.2465   14.816  0.008    2  1 
  51677.2524   14.821  0.006    2  1 
  51677.2571   14.825  0.006    2  1 
  51677.2620   14.830  0.006    2  1 
  51677.2664   14.844  0.006    2  1 
  51677.2708   14.839  0.006    2  1 
  51691.0375   14.904  0.002    2  1 
  51691.0409   14.911  0.004    2  1 
  51691.0444   14.913  0.004    2  1 
  51691.0509   14.912  0.003    2  1 
  51691.0543   14.907  0.004    2  1 
  51691.0579   14.903  0.004    2  1 
  51691.0633   14.895  0.003    2  1 
  51691.0670   14.899  0.003    2  1 
  51691.0711   14.886  0.003    2  1 
  51691.0770   14.884  0.003    2  1 
  51691.0805   14.881  0.004    2  1 
  51691.0840   14.879  0.004    2  1 
  51691.0896   14.879  0.004    2  1 
  51691.0931   14.886  0.003    2  1 
  51691.0971   14.901  0.003    2  1 
  51691.1040   14.909  0.004    2  1 
  51691.1083   14.917  0.004    2  1 
  51691.1122   14.928  0.004    2  1 
  51691.1180   14.942  0.004    2  1 
  51691.1214   14.954  0.004    2  1 
  51691.1249   14.970  0.004    2  1 
  51691.1323   14.983  0.004    2  1 
  51691.1357   14.989  0.003    2  1 
  51691.1392   15.004  0.004    2  1 
  51691.1448   15.013  0.004    2  1 
  51691.1522   15.027  0.003    2  1 
  51691.1561   15.032  0.002    2  1 
  51693.0130   15.023  0.005    2  1 
  51693.0165   15.083  0.004    2  1 
  51693.0248   15.031  0.005    2  1 
  51693.0305   15.033  0.004    2  1 
  51693.0340   15.025  0.004    2  1 
  51693.0378   15.018  0.004    2  1 
  51694.0082   14.768  0.004    2  1 
  51694.0114   14.777  0.004    2  1 
  51694.0148   14.819  0.004    2  1 
  51694.0202   14.794  0.004    2  1 
  51694.0234   14.796  0.004    2  1 
  51694.0267   14.799  0.004    2  1 
  51694.0319   14.806  0.004    2  1 
  51694.0351   14.810  0.004    2  1 
  51694.0384   14.816  0.004    2  1 
  51694.0418   14.817  0.004    2  1 
  51694.0472   14.820  0.004    2  1 
  51694.0505   14.829  0.004    2  1 
  51694.0537   14.824  0.004    2  1 
  51694.0590   14.833  0.004    2  1 
  51694.0623   14.839  0.004    2  1 
  51694.0656   14.834  0.004    2  1 
  51694.0714   14.844  0.004    2  1 
  51694.0748   14.845  0.004    2  1 
  51694.0781   14.848  0.004    2  1 
  51694.0836   14.851  0.004    2  1 
  51694.0868   14.855  0.004    2  1 
  51694.0901   14.853  0.004    2  1 
  51694.0957   14.859  0.004    2  1 
  51694.0989   14.865  0.004    2  1 
  51694.1021   14.863  0.004    2  1 
  51694.1075   14.870  0.004    2  1 
  51694.1106   14.869  0.004    2  1 
  51694.1138   14.867  0.004    2  1 
  51694.1190   14.883  0.004    2  1 
  51694.1221   14.886  0.004    2  1 
  51694.1252   14.892  0.004    2  1 
  51694.1286   14.891  0.004    2  1 
  51695.0280   14.091  0.003    2  1 
  51695.0317   14.104  0.002    2  1 
  51697.9712   14.986  0.005    2  1 
  51697.9818   15.011  0.005    2  1 
  51765.9746   14.376  0.003    2  1 
  51765.9783   14.393  0.004    2  1 
  51765.9820   14.403  0.003    2  1 
  51766.0194   14.518  0.004    2  1 
  51766.0229   14.524  0.004    2  1 
  51216.3847   14.585  0.003    3  1 
  51217.2936   15.418  0.005    3  1 
  51217.3214   15.443  0.005    3  1 
  51217.3432   15.388  0.004    3  1 
  51217.3852   15.435  0.005    3  1 
  51218.2935   14.799  0.004    3  1 
  51218.3212   14.941  0.004    3  1 
  51218.3442   15.035  0.004    3  1 
  51218.3704   15.118  0.004    3  1 
  51219.2811   15.541  0.002    3  1 
  51219.2844   15.539  0.005    3  1 
  51219.3053   15.563  0.005    3  1 
  51219.3228   15.478  0.005    3  1 
  51219.3465   14.923  0.003    3  1 
  51219.3676   14.309  0.003    3  1 
  51219.3851   14.069  0.002    3  1 
  51220.2805   15.274  0.004    3  1 
  51220.2995   15.309  0.004    3  1 
  51220.3171   15.338  0.004    3  1 
  51220.3349   15.352  0.005    3  1 
  51220.3523   15.366  0.004    3  1 
  51220.3689   15.379  0.005    3  1 
  51220.3877   15.396  0.006    3  1 
  51221.2691   14.087  0.002    3  1 
  51221.2915   14.239  0.002    3  1 
  51221.3097   14.323  0.002    3  1 
  51221.3270   14.446  0.003    3  1 
  51221.3437   14.527  0.003    3  1 
  51221.3619   14.622  0.003    3  1 
  51221.3854   14.732  0.003    3  1 
  51283.2237   15.447  0.004    3  1 
  51283.2601   15.386  0.004    3  1 
  51283.2830   15.431  0.004    3  1 
  51283.3050   15.511  0.004    3  1 
  51283.3367   15.576  0.004    3  1 
  51283.3600   15.450  0.004    3  1 
  51284.2056   14.852  0.003    3  1 
  51284.2337   14.974  0.003    3  1 
  51284.2542   15.066  0.003    3  1 
  51284.2806   15.155  0.004    3  1 
  51284.3075   15.242  0.004    3  1 
  51284.3333   15.315  0.004    3  1 
  51285.0371   15.403  0.003    3  1 
  51285.0646   15.436  0.004    3  1 
  51285.0885   15.454  0.004    3  1 
  51285.1182   15.390  0.004    3  1 
  51285.1470   15.441  0.004    3  1 
  51285.1698   15.494  0.004    3  1 
  51285.1988   15.560  0.004    3  1 
  51285.2270   15.415  0.004    3  1 
  51285.2539   14.615  0.003    3  1 
  51285.2851   14.035  0.002    3  1 
  51285.3202   14.197  0.002    3  1 
  51285.3496   14.386  0.002    3  1 
  51286.0308   14.755  0.002    3  1 
  51286.0619   14.838  0.003    3  1 
  51286.0921   14.993  0.003    3  1 
  51286.1226   15.133  0.003    3  1 
  51286.1512   15.191  0.003    3  1 
  51286.1789   15.276  0.004    3  1 
  51286.2076   15.313  0.004    3  1 
  51286.2389   15.363  0.004    3  1 
  51286.2613   15.371  0.004    3  1 
  51286.2889   15.411  0.004    3  1 
  51286.3108   15.451  0.004    3  1 
  51286.3335   15.459  0.004    3  1 
  51286.3566   15.408  0.004    3  1 
  51304.9734   15.462  0.003    3  1 
  51305.0076   15.405  0.005    3  1 
  51305.0510   15.458  0.004    3  1 
  51305.0770   15.544  0.005    3  1 
  51305.1004   15.570  0.005    3  1 
  51305.1407   14.853  0.004    3  1 
  51305.1707   14.095  0.003    3  1 
  51305.1996   14.079  0.003    3  1 
  51305.2299   14.280  0.003    3  1 
  51305.2561   14.431  0.003    3  1 
  51305.2836   14.562  0.003    3  1 
  51305.3139   14.723  0.004    3  1 
  51305.9733   14.928  0.003    3  1 
  51306.0375   15.153  0.004    3  1 
  51306.0735   15.256  0.004    3  1 
  51306.1026   15.367  0.004    3  1 
  51306.1285   15.342  0.004    3  1 
  51306.1517   15.369  0.006    3  1 
  51306.2269   15.453  0.004    3  1 
  51306.2491   15.412  0.004    3  1 
  51306.2725   15.411  0.004    3  1 
  51306.2932   15.471  0.004    3  1 
  51308.0249   15.385  0.003    3  1 
  51308.0524   15.404  0.004    3  1 
  51308.1202   15.388  0.004    3  1 
  51310.1272   14.507  0.002    3  1 
  51310.1308   14.422  0.002    3  1 
  51314.9714   15.403  0.004    3  1 
  51315.0138   15.500  0.004    3  1 
  51315.0372   15.558  0.004    3  1 
  51315.0710   15.365  0.004    3  1 
  51315.0946   14.607  0.003    3  1 
  51315.1180   14.081  0.002    3  1 
  51316.0597   15.342  0.004    3  1 
  51316.0832   15.363  0.004    3  1 
  51316.1079   15.373  0.004    3  1 
  51316.9780   14.266  0.002    3  1 
  51317.0013   14.016  0.002    3  1 
  51317.0523   14.341  0.003    3  1 
  51317.0782   14.456  0.003    3  1 
  51317.1035   14.607  0.003    3  1 
  51317.9808   15.387  0.004    3  1 
  51318.0060   15.433  0.005    3  1 
  51318.0331   15.453  0.008    3  1 
  51318.0898   15.404  0.007    3  1 
  51318.1183   15.585  0.014    3  1 
  51318.9811   14.718  0.003    3  1 
  51319.0058   14.804  0.003    3  1 
  51319.0315   14.900  0.004    3  1 
  51319.0717   15.059  0.004    3  1 
  51319.0961   15.157  0.004    3  1 
  51320.0968   14.031  0.002    3  1 
  51321.0212   15.323  0.003    3  1 
  51321.0658   15.359  0.004    3  1 
  51321.0965   15.382  0.004    3  1 
  51321.1252   15.431  0.004    3  1 
  51333.0403   15.508  0.005    3  1 
  51333.1062   15.238  0.004    3  1 
  51334.9989   15.050  0.003    3  1 
  51335.0432   14.089  0.002    3  1 
  51335.0972   14.417  0.003    3  1 
  51335.1083   14.472  0.003    3  1 
  51336.0103   15.385  0.004    3  1 
  51336.0508   15.446  0.005    3  1 
  51336.0891   15.403  0.005    3  1 
  51338.0075   15.484  0.006    3  1 
  51338.9740   15.106  0.003    3  1 
  51339.0046   15.201  0.004    3  1 
  51339.0385   15.296  0.004    3  1 
  51339.0685   15.335  0.005    3  1 
  51339.1006   15.366  0.005    3  1 
  51339.1280   15.394  0.005    3  1 
  51339.9665   14.544  0.002    3  1 
  51339.9935   14.032  0.002    3  1 
  51340.0189   14.117  0.002    3  1 
  51340.0441   14.195  0.003    3  1 
  51340.0753   14.450  0.003    3  1 
  51340.1041   14.538  0.004    3  1 
  51345.0430   14.426  0.003    3  1 
  51345.0736   14.588  0.002    3  1 
  51345.9747   15.410  0.005    3  1 
  51346.0101   15.444  0.005    3  1 
  51346.0388   15.387  0.004    3  1 
  51346.0670   15.412  0.004    3  1 
  51347.0317   15.018  0.003    3  1 
  51347.0645   15.133  0.004    3  1 
  51347.0896   15.220  0.003    3  1 
  51347.9638   15.503  0.004    3  1 
  51348.0146   15.454  0.005    3  1 
  51348.9591   15.218  0.004    3  1 
  51349.0243   15.348  0.004    3  1 
  51349.9679   14.163  0.002    3  1 
  51364.9721   14.581  0.003    3  1 
  51380.9890   14.783  0.003    3  1 
  51381.9751   15.351  0.004    3  1 
  51382.9716   14.414  0.003    3  1 
  51385.9645   14.741  0.003    3  1 
  51386.9859   15.377  0.004    3  1 
  51388.9699   15.431  0.005    3  1 
  51389.9715   15.181  0.003    3  1 
  51390.9663   14.397  0.002    3  1 
  51391.9664   15.369  0.002    3  1 
  51672.0213   14.289  0.002    3  1 
  51674.0796   15.141  0.005    3  1 
  51674.9989   15.574  0.006    3  1 
  51693.0053   15.535  0.004    3  1 
  51694.0012   15.259  0.004    3  1 
  51765.9863   14.751  0.003    3  1 
  51766.0153   14.817  0.005    3  1 
 56468.97641   13.024  0.035   -1  1 
 56469.04707   13.193  0.037   -1  1 
 56469.10896   13.129  0.039   -1  1 
 56469.17285   13.093  0.012   -1  1 
 56471.00364   13.113  0.020   -1  1 
 56471.06640   13.098  0.020   -1  1 
 56471.12490   13.126  0.018   -1  1 
 56471.18188   13.271  0.011   -1  1 
 56471.96759   13.316  0.030   -1  1 
 56472.03374   13.091  0.014   -1  1 
 56472.09484   13.098  0.010   -1  1 
 56472.15243   13.057  0.011   -1  1 
 56468.95296   13.034  0.023   -2  1 
 56469.02441   13.108  0.020   -2  1 
 56469.08813   13.131  0.019   -2  1 
 56469.15134   13.052  0.014   -2  1 
 56471.02588   13.149  0.021   -2  1 
 56471.08671   13.131  0.018   -2  1 
 56471.14302   13.157  0.007   -2  1 
 56471.94704   13.225  0.014   -2  1 
 56472.01085   12.981  0.012   -2  1 
 56472.07480   13.299  0.020   -2  1 
 56472.13240   12.973  0.010   -2  1 
 56472.19216   13.011  0.011   -2  1 
 56469.00041   13.388  0.011   -5  1 
 56469.06767   13.351  0.009   -5  1 
 56469.13003   13.411  0.007   -5  1 
 56469.19349   13.445  0.012   -5  1 
 56470.98130   13.392  0.013   -5  1 
 56471.04693   13.450  0.013   -5  1 
 56471.10523   13.468  0.007   -5  1 
 56471.16397   13.512  0.007   -5  1 
 56471.98857   13.207  0.009   -5  1 
 56472.05430   13.254  0.008   -5  1 
 56472.11383   13.283  0.011   -5  1 
 56472.17109   13.339  0.012   -5  1 
