  51216.3218   14.808  0.005    2  1 
  51216.3464   14.835  0.005    2  1 
  51216.3689   14.851  0.005    2  1 
  51216.3980   14.858  0.007    2  1 
  51217.3101   14.157  0.004    2  1 
  51217.3328   14.251  0.004    2  1 
  51217.3552   14.354  0.004    2  1 
  51217.3759   14.406  0.004    2  1 
  51217.3953   14.473  0.005    2  1 
  51218.2773   14.882  0.006    2  1 
  51218.3093   14.890  0.005    2  1 
  51218.3298   14.945  0.005    2  1 
  51218.3573   15.018  0.006    2  1 
  51218.3794   14.984  0.005    2  1 
  51219.3336   14.798  0.005    2  1 
  51219.3596   14.834  0.005    2  1 
  51219.3768   14.839  0.005    2  1 
  51220.2621   13.867  0.003    2  1 
  51220.2906   14.024  0.003    2  1 
  51220.3077   14.087  0.004    2  1 
  51220.3257   14.177  0.004    2  1 
  51220.3432   14.252  0.004    2  1 
  51220.3602   14.306  0.004    2  1 
  51220.3776   14.370  0.004    2  1 
  51221.2835   14.894  0.005    2  1 
  51221.3009   14.864  0.005    2  1 
  51221.3188   14.886  0.005    2  1 
  51221.3358   14.935  0.005    2  1 
  51221.3538   14.989  0.006    2  1 
  51221.3722   15.014  0.005    2  1 
  51283.2451   14.862  0.004    2  1 
  51283.2493   14.859  0.005    2  1 
  51283.2714   14.874  0.005    2  1 
  51283.2748   14.875  0.005    2  1 
  51283.2939   14.897  0.005    2  1 
  51283.2972   14.895  0.005    2  1 
  51283.3202   14.889  0.005    2  1 
  51283.3234   14.889  0.005    2  1 
  51283.3487   14.878  0.004    2  1 
  51283.3518   14.881  0.004    2  1 
  51283.3707   14.932  0.005    2  1 
  51283.3738   14.931  0.005    2  1 
  51284.2195   14.345  0.004    2  1 
  51284.2229   14.355  0.004    2  1 
  51284.2413   14.420  0.004    2  1 
  51284.2443   14.426  0.004    2  1 
  51284.2617   14.490  0.004    2  1 
  51284.2648   14.500  0.004    2  1 
  51284.2942   14.577  0.004    2  1 
  51284.2973   14.589  0.004    2  1 
  51284.3168   14.649  0.004    2  1 
  51284.3211   14.649  0.005    2  1 
  51284.3428   14.710  0.005    2  1 
  51284.3464   14.722  0.005    2  1 
  51285.0513   14.854  0.004    2  1 
  51285.0543   14.853  0.004    2  1 
  51285.0739   14.867  0.004    2  1 
  51285.0778   14.867  0.004    2  1 
  51285.0975   14.900  0.005    2  1 
  51285.1006   14.911  0.005    2  1 
  51285.1324   14.890  0.005    2  1 
  51285.1360   14.882  0.005    2  1 
  51285.1558   14.874  0.004    2  1 
  51285.1588   14.872  0.004    2  1 
  51285.1796   14.927  0.005    2  1 
  51285.1830   14.936  0.005    2  1 
  51285.2125   15.011  0.005    2  1 
  51285.2157   15.018  0.005    2  1 
  51285.2362   14.999  0.005    2  1 
  51285.2426   14.962  0.005    2  1 
  51285.2630   14.569  0.005    2  1 
  51285.2666   14.458  0.004    2  1 
  51285.2998   13.833  0.003    2  1 
  51285.3033   13.831  0.003    2  1 
  51285.3308   13.935  0.003    2  1 
  51285.3348   13.965  0.003    2  1 
  51285.3382   13.986  0.003    2  1 
  51286.0461   14.421  0.003    2  1 
  51286.0493   14.441  0.003    2  1 
  51286.0716   14.493  0.004    2  1 
  51286.0753   14.506  0.004    2  1 
  51286.1026   14.582  0.004    2  1 
  51286.1061   14.605  0.004    2  1 
  51286.1365   14.682  0.004    2  1 
  51286.1398   14.693  0.004    2  1 
  51286.1608   14.740  0.004    2  1 
  51286.1639   14.746  0.004    2  1 
  51286.1669   14.754  0.004    2  1 
  51286.1875   14.791  0.004    2  1 
  51286.1908   14.799  0.004    2  1 
  51286.2255   14.838  0.004    2  1 
  51286.2285   14.840  0.004    2  1 
  51286.2476   14.847  0.004    2  1 
  51286.2508   14.851  0.004    2  1 
  51286.2697   14.863  0.005    2  1 
  51286.2727   14.862  0.004    2  1 
  51286.3022   14.895  0.005    2  1 
  51286.3055   14.898  0.005    2  1 
  51286.3218   14.898  0.005    2  1 
  51286.3250   14.908  0.005    2  1 
  51286.3450   14.873  0.005    2  1 
  51286.3481   14.873  0.005    2  1 
  51304.9873   14.901  0.005    2  1 
  51304.9926   14.903  0.004    2  1 
  51305.0328   14.872  0.005    2  1 
  51305.0362   14.876  0.004    2  1 
  51305.0559   14.914  0.005    2  1 
  51305.0599   14.930  0.005    2  1 
  51305.0890   15.002  0.005    2  1 
  51305.0922   15.016  0.005    2  1 
  51305.1235   14.918  0.005    2  1 
  51305.1269   14.878  0.005    2  1 
  51305.1509   14.263  0.004    2  1 
  51305.1547   14.189  0.004    2  1 
  51305.1853   13.852  0.003    2  1 
  51305.1885   13.850  0.003    2  1 
  51305.2098   13.949  0.003    2  1 
  51305.2128   13.972  0.003    2  1 
  51305.2431   14.122  0.003    2  1 
  51305.2461   14.131  0.003    2  1 
  51305.2704   14.236  0.004    2  1 
  51305.2734   14.244  0.004    2  1 
  51305.2966   14.329  0.004    2  1 
  51305.2995   14.346  0.004    2  1 
  51305.9857   14.612  0.003    2  1 
  51305.9885   14.608  0.003    2  1 
  51305.9912   14.632  0.003    2  1 
  51306.0256   14.714  0.003    2  1 
  51306.0285   14.726  0.004    2  1 
  51306.0465   14.763  0.004    2  1 
  51306.0498   14.770  0.004    2  1 
  51306.0896   14.827  0.004    2  1 
  51306.0930   14.828  0.004    2  1 
  51306.1123   14.846  0.004    2  1 
  51306.1151   14.843  0.004    2  1 
  51306.1375   14.861  0.004    2  1 
  51306.1405   14.857  0.004    2  1 
  51306.1636   14.865  0.004    2  1 
  51306.1673   14.875  0.004    2  1 
  51306.1937   14.893  0.004    2  1 
  51306.1966   14.896  0.004    2  1 
  51306.2146   14.883  0.005    2  1 
  51306.2178   14.878  0.004    2  1 
  51306.2343   14.863  0.004    2  1 
  51306.2380   14.870  0.004    2  1 
  51306.2574   14.911  0.004    2  1 
  51306.2602   14.920  0.004    2  1 
  51306.2805   14.976  0.004    2  1 
  51306.2835   14.978  0.004    2  1 
  51306.3009   15.016  0.005    2  1 
  51306.3038   15.016  0.005    2  1 
  51306.3135   14.998  0.005    2  1 
  51306.3184   14.976  0.005    2  1 
  51307.0456   14.098  0.004    2  1 
  51307.0501   14.097  0.004    2  1 
  51307.0593   14.153  0.003    2  1 
  51307.0645   14.145  0.003    2  1 
  51307.0699   14.145  0.007    2  1 
  51307.0747   14.194  0.005    2  1 
  51308.0084   14.902  0.004    2  1 
  51308.0112   14.896  0.004    2  1 
  51308.0334   14.866  0.003    2  1 
  51308.0362   14.858  0.003    2  1 
  51308.0394   14.875  0.004    2  1 
  51308.0633   14.905  0.004    2  1 
  51308.0663   14.908  0.004    2  1 
  51308.0995   15.000  0.004    2  1 
  51308.1031   15.007  0.004    2  1 
  51308.1280   14.969  0.005    2  1 
  51308.1309   14.942  0.005    2  1 
  51310.0850   14.242  0.002    2  1 
  51310.0874   14.248  0.002    2  1 
  51310.0897   14.258  0.002    2  1 
  51310.0922   14.268  0.002    2  1 
  51310.1430   14.437  0.003    2  1 
  51310.1458   14.447  0.003    2  1 
  51310.1486   14.449  0.004    2  1 
  51311.0244   14.919  0.007    2  1 
  51311.0302   14.911  0.006    2  1 
  51311.0334   14.900  0.006    2  1 
  51311.0506   14.875  0.003    2  1 
  51311.0539   14.886  0.003    2  1 
  51311.0637   14.892  0.005    2  1 
  51311.0669   14.907  0.005    2  1 
  51311.0702   14.916  0.004    2  1 
  51311.0907   14.976  0.005    2  1 
  51311.0946   14.988  0.005    2  1 
  51311.0980   14.981  0.005    2  1 
  51311.1015   14.997  0.005    2  1 
  51311.1071   15.003  0.005    2  1 
  51311.1298   15.008  0.005    2  1 
  51311.1327   15.000  0.005    2  1 
  51311.1357   15.004  0.006    2  1 
  51311.1398   14.979  0.005    2  1 
  51311.1447   14.939  0.005    2  1 
  51311.9726   14.501  0.005    2  1 
  51311.9755   14.500  0.004    2  1 
  51312.0020   14.584  0.004    2  1 
  51312.0049   14.598  0.004    2  1 
  51312.0255   14.660  0.004    2  1 
  51312.0284   14.659  0.004    2  1 
  51312.0314   14.673  0.004    2  1 
  51312.0584   14.736  0.004    2  1 
  51312.0611   14.740  0.004    2  1 
  51312.0638   14.753  0.004    2  1 
  51312.0903   14.801  0.004    2  1 
  51312.0929   14.805  0.004    2  1 
  51312.0955   14.807  0.004    2  1 
  51312.1146   14.833  0.004    2  1 
  51312.1173   14.825  0.004    2  1 
  51312.1200   14.839  0.004    2  1 
  51312.9860   14.180  0.003    2  1 
  51312.9887   14.139  0.003    2  1 
  51312.9913   14.076  0.003    2  1 
  51313.0096   13.850  0.003    2  1 
  51313.0123   13.854  0.003    2  1 
  51313.0149   13.870  0.002    2  1 
  51313.0333   13.921  0.003    2  1 
  51313.0360   13.932  0.003    2  1 
  51313.0386   13.952  0.003    2  1 
  51313.0413   13.973  0.003    2  1 
  51313.0595   14.082  0.003    2  1 
  51313.0622   14.079  0.003    2  1 
  51313.0648   14.097  0.003    2  1 
  51313.0911   14.204  0.003    2  1 
  51313.0937   14.226  0.003    2  1 
  51313.0964   14.240  0.003    2  1 
  51313.1146   14.304  0.003    2  1 
  51313.1172   14.318  0.003    2  1 
  51313.1199   14.324  0.003    2  1 
  51313.1226   14.329  0.003    2  1 
  51313.9843   14.864  0.004    2  1 
  51313.9872   14.877  0.005    2  1 
  51313.9901   14.879  0.005    2  1 
  51314.0178   14.916  0.005    2  1 
  51314.0207   14.902  0.005    2  1 
  51314.0236   14.909  0.005    2  1 
  51314.0432   14.894  0.005    2  1 
  51314.0461   14.891  0.005    2  1 
  51314.0490   14.894  0.005    2  1 
  51314.0772   14.898  0.005    2  1 
  51314.0802   14.903  0.005    2  1 
  51314.0831   14.911  0.005    2  1 
  51314.1030   14.981  0.005    2  1 
  51314.1059   14.980  0.006    2  1 
  51314.1088   14.992  0.005    2  1 
  51314.1289   15.019  0.005    2  1 
  51314.1333   15.031  0.006    2  1 
  51314.1363   15.027  0.006    2  1 
  51314.9827   14.491  0.004    2  1 
  51314.9856   14.500  0.004    2  1 
  51314.9885   14.511  0.004    2  1 
  51315.0015   14.545  0.004    2  1 
  51315.0043   14.554  0.004    2  1 
  51315.0069   14.567  0.004    2  1 
  51315.0251   14.615  0.004    2  1 
  51315.0277   14.623  0.004    2  1 
  51315.0304   14.633  0.003    2  1 
  51315.0489   14.687  0.004    2  1 
  51315.0516   14.691  0.004    2  1 
  51315.0542   14.700  0.004    2  1 
  51315.0780   14.755  0.004    2  1 
  51315.0807   14.760  0.004    2  1 
  51315.0833   14.763  0.004    2  1 
  51315.1015   14.799  0.004    2  1 
  51315.1041   14.806  0.004    2  1 
  51315.1068   14.808  0.004    2  1 
  51315.1290   14.842  0.005    2  1 
  51315.1319   14.841  0.005    2  1 
  51316.0194   13.878  0.002    2  1 
  51316.0221   13.882  0.002    2  1 
  51316.0247   13.869  0.002    2  1 
  51316.0431   13.935  0.002    2  1 
  51316.0458   13.928  0.003    2  1 
  51316.0485   13.948  0.003    2  1 
  51316.0667   14.019  0.003    2  1 
  51316.0693   14.038  0.003    2  1 
  51316.0720   14.064  0.003    2  1 
  51316.0905   14.155  0.003    2  1 
  51316.0934   14.169  0.003    2  1 
  51316.0963   14.186  0.003    2  1 
  51316.1148   14.249  0.003    2  1 
  51316.1175   14.266  0.003    2  1 
  51316.1201   14.266  0.003    2  1 
  51316.9647   14.850  0.004    2  1 
  51316.9676   14.850  0.005    2  1 
  51316.9705   14.859  0.005    2  1 
  51316.9896   14.863  0.004    2  1 
  51316.9923   14.861  0.004    2  1 
  51316.9949   14.869  0.004    2  1 
  51317.0088   14.877  0.005    2  1 
  51317.0117   14.890  0.005    2  1 
  51317.0321   14.907  0.006    2  1 
  51317.0351   14.908  0.005    2  1 
  51317.0391   14.903  0.005    2  1 
  51317.0602   14.875  0.005    2  1 
  51317.0631   14.870  0.005    2  1 
  51317.0660   14.870  0.005    2  1 
  51317.0858   14.888  0.005    2  1 
  51317.0887   14.893  0.005    2  1 
  51317.0916   14.900  0.005    2  1 
  51317.1111   14.958  0.005    2  1 
  51317.1140   14.965  0.005    2  1 
  51317.1169   14.970  0.005    2  1 
  51317.9628   14.381  0.004    2  1 
  51317.9657   14.383  0.004    2  1 
  51317.9685   14.387  0.004    2  1 
  51317.9883   14.457  0.004    2  1 
  51317.9912   14.478  0.004    2  1 
  51317.9941   14.486  0.004    2  1 
  51318.0135   14.547  0.004    2  1 
  51318.0164   14.540  0.005    2  1 
  51318.0194   14.553  0.005    2  1 
  51318.0413   14.620  0.005    2  1 
  51318.0445   14.631  0.005    2  1 
  51318.0477   14.639  0.005    2  1 
  51318.0697   14.709  0.005    2  1 
  51318.0730   14.709  0.006    2  1 
  51318.0762   14.720  0.006    2  1 
  51318.0981   14.778  0.006    2  1 
  51318.1014   14.779  0.006    2  1 
  51318.1046   14.795  0.007    2  1 
  51318.1265   14.829  0.006    2  1 
  51318.1298   14.835  0.006    2  1 
  51318.9642   14.997  0.004    2  1 
  51318.9680   14.986  0.005    2  1 
  51318.9708   14.959  0.005    2  1 
  51318.9737   14.953  0.005    2  1 
  51318.9929   14.604  0.004    2  1 
  51318.9956   14.529  0.004    2  1 
  51318.9983   14.434  0.004    2  1 
  51319.0180   13.954  0.003    2  1 
  51319.0209   13.938  0.003    2  1 
  51319.0238   13.913  0.003    2  1 
  51319.0443   13.866  0.003    2  1 
  51319.0474   13.882  0.003    2  1 
  51319.0505   13.889  0.003    2  1 
  51319.0793   14.075  0.003    2  1 
  51319.0820   14.064  0.003    2  1 
  51319.0847   14.084  0.003    2  1 
  51319.1030   14.158  0.003    2  1 
  51319.1084   14.178  0.003    2  1 
  51319.1110   14.197  0.003    2  1 
  51320.1030   14.889  0.003    2  1 
  51320.1053   14.900  0.003    2  1 
  51320.1076   14.905  0.003    2  1 
  51320.1238   14.956  0.003    2  1 
  51320.1261   14.962  0.004    2  1 
  51320.1284   14.966  0.004    2  1 
  51320.1450   15.013  0.004    2  1 
  51320.1477   15.018  0.004    2  1 
  51320.1503   15.020  0.004    2  1 
  51320.9635   14.357  0.003    2  1 
  51320.9664   14.367  0.004    2  1 
  51320.9693   14.382  0.004    2  1 
  51320.9887   14.448  0.003    2  1 
  51320.9911   14.446  0.003    2  1 
  51320.9936   14.464  0.003    2  1 
  51321.0102   14.510  0.003    2  1 
  51321.0126   14.519  0.003    2  1 
  51321.0150   14.523  0.003    2  1 
  51321.0318   14.572  0.003    2  1 
  51321.0344   14.580  0.003    2  1 
  51321.0369   14.589  0.003    2  1 
  51321.0543   14.637  0.003    2  1 
  51321.0568   14.645  0.003    2  1 
  51321.0594   14.645  0.003    2  1 
  51321.0847   14.717  0.004    2  1 
  51321.0873   14.723  0.004    2  1 
  51321.0898   14.726  0.004    2  1 
  51321.1133   14.779  0.004    2  1 
  51321.1159   14.785  0.004    2  1 
  51321.1186   14.790  0.004    2  1 
  51321.1339   14.817  0.004    2  1 
  51321.1365   14.811  0.004    2  1 
  51332.9696   14.204  0.005    2  1 
  51332.9739   14.214  0.005    2  1 
  51332.9891   14.292  0.004    2  1 
  51332.9928   14.285  0.005    2  1 
  51332.9965   14.298  0.005    2  1 
  51333.0083   14.350  0.004    2  1 
  51333.0120   14.360  0.004    2  1 
  51333.0226   14.397  0.004    2  1 
  51333.0264   14.417  0.004    2  1 
  51333.0514   14.485  0.005    2  1 
  51333.0552   14.497  0.006    2  1 
  51333.0742   14.558  0.005    2  1 
  51333.0779   14.567  0.005    2  1 
  51333.0907   14.607  0.005    2  1 
  51333.0945   14.617  0.005    2  1 
  51333.1178   14.679  0.005    2  1 
  51333.1221   14.700  0.005    2  1 
  51333.1335   14.719  0.006    2  1 
  51333.1369   14.726  0.006    2  1 
  51333.1529   14.767  0.006    2  1 
  51333.1565   14.768  0.006    2  1 
  51333.1716   14.801  0.006    2  1 
  51333.1752   14.801  0.006    2  1 
  51334.9841   14.812  0.004    2  1 
  51334.9871   14.814  0.004    2  1 
  51335.0175   14.846  0.004    2  1 
  51335.0204   14.850  0.004    2  1 
  51335.0301   14.848  0.005    2  1 
  51335.0334   14.847  0.005    2  1 
  51335.0517   14.858  0.005    2  1 
  51335.0552   14.866  0.005    2  1 
  51335.0692   14.876  0.005    2  1 
  51335.0727   14.875  0.005    2  1 
  51335.0833   14.897  0.006    2  1 
  51335.0867   14.892  0.005    2  1 
  51335.1133   14.919  0.006    2  1 
  51335.1167   14.909  0.006    2  1 
  51335.9535   14.089  0.004    2  1 
  51335.9726   14.173  0.004    2  1 
  51335.9768   14.194  0.004    2  1 
  51335.9997   14.290  0.003    2  1 
  51336.0027   14.302  0.004    2  1 
  51336.0203   14.356  0.004    2  1 
  51336.0236   14.364  0.004    2  1 
  51336.0357   14.401  0.004    2  1 
  51336.0388   14.407  0.004    2  1 
  51336.0593   14.481  0.004    2  1 
  51336.0629   14.486  0.005    2  1 
  51336.0769   14.534  0.005    2  1 
  51336.0803   14.540  0.005    2  1 
  51336.1025   14.604  0.005    2  1 
  51336.1059   14.619  0.005    2  1 
  51336.1206   14.654  0.005    2  1 
  51336.1240   14.659  0.005    2  1 
  51337.0101   15.038  0.006    2  1 
  51337.9904   14.807  0.006    2  1 
  51337.9940   14.815  0.006    2  1 
  51338.0162   14.833  0.005    2  1 
  51338.0196   14.843  0.006    2  1 
  51338.0339   14.856  0.006    2  1 
  51338.0376   14.861  0.007    2  1 
  51338.9901   14.205  0.003    2  1 
  51338.9938   14.225  0.003    2  1 
  51339.0226   14.317  0.004    2  1 
  51339.0269   14.336  0.004    2  1 
  51339.0867   14.511  0.006    2  1 
  51339.0905   14.530  0.005    2  1 
  51339.1139   14.610  0.005    2  1 
  51339.1177   14.622  0.005    2  1 
  51339.1448   14.694  0.005    2  1 
  51339.1482   14.699  0.005    2  1 
  51339.9766   14.893  0.005    2  1 
  51339.9795   14.898  0.005    2  1 
  51340.0044   14.959  0.005    2  1 
  51340.0078   14.973  0.005    2  1 
  51340.0274   15.027  0.005    2  1 
  51340.0306   15.029  0.005    2  1 
  51340.0540   14.961  0.005    2  1 
  51340.0572   14.939  0.005    2  1 
  51340.0857   14.276  0.004    2  1 
  51340.0892   14.211  0.004    2  1 
  51340.1152   13.836  0.003    2  1 
  51340.1197   13.841  0.003    2  1 
  51340.1229   13.854  0.003    2  1 
  51340.1263   13.862  0.003    2  1 
  51340.1404   13.923  0.003    2  1 
  51340.1437   13.943  0.003    2  1 
  51344.9924   14.114  0.003    2  1 
  51344.9958   14.130  0.003    2  1 
  51344.9988   14.147  0.003    2  1 
  51345.0216   14.226  0.004    2  1 
  51345.0255   14.234  0.004    2  1 
  51345.0302   14.254  0.004    2  1 
  51345.0553   14.339  0.004    2  1 
  51345.0603   14.361  0.004    2  1 
  51345.9856   14.875  0.006    2  1 
  51345.9896   14.876  0.006    2  1 
  51346.0219   14.950  0.006    2  1 
  51346.0264   14.959  0.006    2  1 
  51346.0486   15.020  0.006    2  1 
  51346.0523   15.028  0.006    2  1 
  51346.0791   14.954  0.005    2  1 
  51346.0826   14.914  0.005    2  1 
  51347.0416   14.828  0.005    2  1 
  51347.0453   14.828  0.004    2  1 
  51347.0743   14.849  0.004    2  1 
  51347.0777   14.849  0.004    2  1 
  51347.0990   14.859  0.004    2  1 
  51347.1022   14.850  0.003    2  1 
  51347.9769   13.972  0.003    2  1 
  51347.9802   13.992  0.003    2  1 
  51347.9834   14.008  0.003    2  1 
  51347.9983   14.080  0.003    2  1 
  51348.0028   14.102  0.003    2  1 
  51348.0063   14.120  0.003    2  1 
  51348.0242   14.194  0.003    2  1 
  51348.0274   14.201  0.004    2  1 
  51348.0943   14.436  0.005    2  1 
  51348.0983   14.440  0.005    2  1 
  51348.1018   14.453  0.005    2  1 
  51348.9650   14.906  0.005    2  1 
  51348.9682   14.909  0.005    2  1 
  51348.9853   14.879  0.004    2  1 
  51348.9883   14.881  0.005    2  1 
  51348.9912   14.873  0.004    2  1 
  51349.0316   14.938  0.005    2  1 
  51349.0346   14.963  0.005    2  1 
  51349.9815   14.681  0.004    2  1 
  51349.9851   14.686  0.004    2  1 
  51349.9973   14.724  0.004    2  1 
  51350.0033   14.731  0.005    2  1 
  51350.0066   14.740  0.004    2  1 
  51350.0164   14.756  0.004    2  1 
  51350.0197   14.767  0.005    2  1 
  51350.0296   14.796  0.005    2  1 
  51380.9973   15.010  0.005    2  1 
  51381.0004   15.007  0.004    2  1 
  51381.0031   15.009  0.004    2  1 
  51381.0187   14.915  0.004    2  1 
  51381.0214   14.874  0.004    2  1 
  51381.0242   14.842  0.004    2  1 
  51381.9830   14.838  0.005    2  1 
  51381.9859   14.840  0.005    2  1 
  51381.9888   14.839  0.005    2  1 
  51382.0000   14.844  0.005    2  1 
  51382.0029   14.849  0.005    2  1 
  51382.9793   14.263  0.004    2  1 
  51382.9826   14.284  0.004    2  1 
  51382.9857   14.287  0.004    2  1 
  51382.9965   14.320  0.004    2  1 
  51382.9995   14.322  0.004    2  1 
  51383.9746   14.961  0.004    2  1 
  51383.9773   14.965  0.004    2  1 
  51383.9799   14.973  0.004    2  1 
  51383.9899   15.005  0.005    2  1 
  51383.9926   15.010  0.005    2  1 
  51384.9751   14.815  0.004    2  1 
  51384.9777   14.803  0.004    2  1 
  51384.9802   14.810  0.004    2  1 
  51384.9896   14.825  0.004    2  1 
  51384.9921   14.829  0.004    2  1 
  51385.9711   14.198  0.003    2  1 
  51385.9737   14.217  0.003    2  1 
  51385.9763   14.220  0.003    2  1 
  51385.9857   14.258  0.003    2  1 
  51385.9884   14.265  0.003    2  1 
  51386.9965   14.988  0.005    2  1 
  51387.0003   14.996  0.005    2  1 
  51387.0041   15.008  0.006    2  1 
  51387.0216   15.016  0.006    2  1 
  51387.0254   14.993  0.006    2  1 
  51387.0293   15.003  0.006    2  1 
  51388.9801   14.168  0.004    2  1 
  51388.9834   14.182  0.004    2  1 
  51388.9866   14.194  0.004    2  1 
  51388.9984   14.238  0.004    2  1 
  51389.9783   14.914  0.004    2  1 
  51389.9809   14.913  0.004    2  1 
  51389.9836   14.920  0.004    2  1 
  51390.9729   14.756  0.003    2  1 
  51390.9756   14.767  0.004    2  1 
  51390.9783   14.769  0.004    2  1 
  51391.9728   14.129  0.002    2  1 
  51391.9754   14.157  0.002    2  1 
  51391.9779   14.140  0.003    2  1 
  51671.0871   14.803  0.005    2  1 
  51671.0917   14.814  0.005    2  1 
  51671.0952   14.813  0.005    2  1 
  51671.1189   14.838  0.005    2  1 
  51671.1232   14.834  0.005    2  1 
  51671.9996   13.856  0.003    2  1 
  51672.0039   13.860  0.003    2  1 
  51672.0350   13.981  0.003    2  1 
  51672.0382   13.996  0.003    2  1 
  51673.0232   14.903  0.004    2  1 
  51674.0574   14.712  0.006    2  1 
  51674.0620   14.733  0.006    2  1 
  51674.0938   14.803  0.006    2  1 
  51674.0985   14.812  0.006    2  1 
  51674.1159   14.832  0.006    2  1 
  51674.1223   14.836  0.005    2  1 
  51674.9763   14.507  0.005    2  1 
  51674.9824   14.335  0.005    2  1 
  51675.0212   13.864  0.004    2  1 
  51676.0163   14.891  0.005    2  1 
  51692.9816   14.986  0.005    2  1 
  51692.9854   14.998  0.005    2  1 
  51693.9780   14.810  0.004    2  1 
  51693.9814   14.813  0.004    2  1 
  51694.9914   14.287  0.003    2  1 
  51694.9946   14.300  0.003    2  1 
  51765.9974   13.951  0.003    2  1 
  51766.0012   13.964  0.003    2  1 
  51766.0048   13.986  0.003    2  1 
  51766.0266   14.084  0.004    2  1 
  51766.0301   14.117  0.004    2  1 
  51216.3144   15.280  0.004    3  1 
  51216.3408   15.321  0.004    3  1 
  51216.3634   15.340  0.004    3  1 
  51216.3905   15.341  0.005    3  1 
  51217.3019   14.326  0.003    3  1 
  51217.3494   14.587  0.003    3  1 
  51217.3710   14.690  0.003    3  1 
  51217.3906   14.777  0.003    3  1 
  51218.2854   15.354  0.005    3  1 
  51218.3156   15.395  0.005    3  1 
  51218.3347   15.459  0.005    3  1 
  51218.3653   15.522  0.005    3  1 
  51218.3848   15.416  0.004    3  1 
  51219.2918   15.159  0.004    3  1 
  51219.3100   15.222  0.004    3  1 
  51219.3296   15.273  0.004    3  1 
  51219.3536   15.318  0.004    3  1 
  51219.3723   15.333  0.004    3  1 
  51220.2720   14.038  0.002    3  1 
  51220.2946   14.202  0.002    3  1 
  51220.3117   14.309  0.002    3  1 
  51220.3299   14.415  0.003    3  1 
  51220.3473   14.510  0.003    3  1 
  51220.3643   14.592  0.003    3  1 
  51220.3816   14.685  0.003    3  1 
  51221.2763   15.404  0.004    3  1 
  51221.2964   15.362  0.004    3  1 
  51221.3145   15.362  0.004    3  1 
  51221.3496   15.468  0.004    3  1 
  51221.3673   15.517  0.004    3  1 
  51283.2546   15.359  0.004    3  1 
  51283.2783   15.371  0.004    3  1 
  51283.3008   15.405  0.004    3  1 
  51283.3322   15.365  0.004    3  1 
  51283.3553   15.364  0.004    3  1 
  51283.3773   15.431  0.004    3  1 
  51284.2134   14.605  0.003    3  1 
  51284.2375   14.724  0.003    3  1 
  51284.2581   14.813  0.003    3  1 
  51284.2875   14.947  0.003    3  1 
  51284.3124   15.049  0.003    3  1 
  51284.3383   15.148  0.004    3  1 
  51285.0451   15.357  0.003    3  1 
  51285.0691   15.375  0.004    3  1 
  51285.0932   15.391  0.004    3  1 
  51285.1257   15.397  0.004    3  1 
  51285.1514   15.346  0.004    3  1 
  51285.1754   15.391  0.004    3  1 
  51285.2060   15.490  0.004    3  1 
  51285.2321   15.494  0.004    3  1 
  51285.2586   15.096  0.003    3  1 
  51285.2928   14.028  0.002    3  1 
  51285.3257   14.042  0.002    3  1 
  51286.0670   14.841  0.003    3  1 
  51286.1302   15.103  0.003    3  1 
  51286.1833   15.263  0.003    3  1 
  51286.2193   15.324  0.004    3  1 
  51286.2434   15.341  0.004    3  1 
  51286.2655   15.347  0.004    3  1 
  51286.2958   15.378  0.004    3  1 
  51286.3291   15.392  0.004    3  1 
  51286.3521   15.348  0.004    3  1 
  51304.9838   15.412  0.004    3  1 
  51305.0251   15.354  0.004    3  1 
  51305.0718   15.456  0.004    3  1 
  51305.0961   15.506  0.004    3  1 
  51305.1465   14.664  0.003    3  1 
  51305.1755   14.001  0.002    3  1 
  51305.2054   14.089  0.003    3  1 
  51305.2345   14.277  0.003    3  1 
  51305.2666   14.478  0.003    3  1 
  51305.2880   14.589  0.003    3  1 
  51305.9773   14.994  0.003    3  1 
  51306.0428   15.220  0.004    3  1 
  51306.1330   15.335  0.004    3  1 
  51306.1875   15.394  0.004    3  1 
  51306.2101   15.389  0.004    3  1 
  51306.2771   15.459  0.004    3  1 
  51306.2972   15.516  0.004    3  1 
  51308.0025   15.426  0.003    3  1 
  51308.0600   15.378  0.003    3  1 
  51308.0958   15.497  0.003    3  1 
  51308.1244   15.478  0.004    3  1 
  51310.1057   14.602  0.002    3  1 
  51310.1100   14.607  0.002    3  1 
  51311.9792   14.913  0.004    3  1 
  51311.9983   14.967  0.004    3  1 
  51312.0087   15.003  0.004    3  1 
  51312.0350   15.106  0.003    3  1 
  51312.0550   15.179  0.004    3  1 
  51312.0672   15.212  0.004    3  1 
  51312.0870   15.272  0.004    3  1 
  51312.0988   15.292  0.004    3  1 
  51312.9828   14.504  0.002    3  1 
  51313.0063   13.994  0.002    3  1 
  51313.0300   14.039  0.002    3  1 
  51313.0562   14.236  0.002    3  1 
  51313.1113   14.538  0.002    3  1 
  51313.9807   15.366  0.004    3  1 
  51314.0143   15.401  0.004    3  1 
  51314.0397   15.393  0.004    3  1 
  51314.1124   15.473  0.005    3  1 
  51314.9752   14.823  0.003    3  1 
  51315.0102   14.970  0.003    3  1 
  51315.0336   15.060  0.003    3  1 
  51315.0747   15.203  0.003    3  1 
  51315.0982   15.264  0.004    3  1 
  51315.1216   15.314  0.004    3  1 
  51316.0399   14.015  0.002    3  1 
  51316.0634   14.178  0.002    3  1 
  51316.0869   14.335  0.002    3  1 
  51316.1115   14.477  0.002    3  1 
  51316.9740   15.354  0.004    3  1 
  51317.0052   15.365  0.004    3  1 
  51317.0282   15.385  0.005    3  1 
  51317.0566   15.377  0.004    3  1 
  51317.0822   15.352  0.004    3  1 
  51317.1075   15.416  0.004    3  1 
  51317.9847   14.818  0.003    3  1 
  51318.0099   14.932  0.003    3  1 
  51318.0374   15.035  0.004    3  1 
  51318.0942   15.235  0.005    3  1 
  51318.1226   15.294  0.005    3  1 
  51318.9772   15.393  0.004    3  1 
  51319.0019   14.625  0.003    3  1 
  51319.0274   14.004  0.002    3  1 
  51319.0757   14.192  0.002    3  1 
  51319.0997   14.342  0.002    3  1 
  51320.1208   15.427  0.003    3  1 
  51320.1417   15.497  0.004    3  1 
  51320.9728   14.705  0.003    3  1 
  51321.0180   14.898  0.003    3  1 
  51321.0400   14.993  0.003    3  1 
  51321.0624   15.078  0.003    3  1 
  51321.0930   15.184  0.003    3  1 
  51321.1217   15.274  0.003    3  1 
  51380.9937   15.522  0.004    3  1 
  51381.9793   15.309  0.004    3  1 
  51382.9755   14.546  0.003    3  1 
  51383.9715   15.437  0.004    3  1 
  51384.9721   15.282  0.004    3  1 
  51386.9917   15.466  0.005    3  1 
  51388.9755   14.389  0.003    3  1 
  51389.9750   15.366  0.003    3  1 
  51693.9923   15.332  0.004    3  1 
  51695.0052   14.624  0.002    3  1 
 56468.97641   13.172  0.036   -1  1 
 56469.04707   13.058  0.031   -1  1 
 56469.10896   12.997  0.032   -1  1 
 56469.17285   13.190  0.021   -1  1 
 56471.00364   13.041  0.016   -1  1 
 56471.06640   13.221  0.014   -1  1 
 56471.12490   13.117  0.015   -1  1 
 56471.18188   13.192  0.009   -1  1 
 56471.96759   13.223  0.027   -1  1 
 56472.03374   13.035  0.011   -1  1 
 56472.09484   12.991  0.011   -1  1 
 56472.15243   13.068  0.011   -1  1 
 56468.95296   13.172  0.035   -2  1 
 56469.02441   12.988  0.019   -2  1 
 56469.08813   13.027  0.018   -2  1 
 56469.15134   13.007  0.015   -2  1 
 56471.02588   13.001  0.019   -2  1 
 56471.08671   13.076  0.014   -2  1 
 56471.14302   13.142  0.019   -2  1 
 56471.94704   13.449  0.016   -2  1 
 56472.01085   13.028  0.017   -2  1 
 56472.07480   13.052  0.014   -2  1 
 56472.13240   13.096  0.013   -2  1 
 56472.19216   13.127  0.023   -2  1 
 56469.00041   13.152  0.016   -5  1 
 56469.06767   13.241  0.011   -5  1 
 56469.13003   13.269  0.017   -5  1 
 56469.19349   13.366  0.009   -5  1 
 56470.98130   13.374  0.013   -5  1 
 56471.04693   13.479  0.016   -5  1 
 56471.10523   13.482  0.007   -5  1 
 56471.16397   13.536  0.025   -5  1 
 56471.98857   13.413  0.022   -5  1 
 56472.05430   13.193  0.009   -5  1 
 56472.11383   13.294  0.012   -5  1 
 56472.17109   13.325  0.006   -5  1 
