  51216.2987   14.440  0.004    2  1 
  51216.3275   14.513  0.004    2  1 
  51216.3519   14.556  0.004    2  1 
  51216.3771   14.611  0.004    2  1 
  51217.2851   14.816  0.005    2  1 
  51217.3152   14.880  0.005    2  1 
  51217.3378   14.920  0.005    2  1 
  51217.3598   14.944  0.005    2  1 
  51217.3804   14.907  0.005    2  1 
  51218.3013   14.474  0.004    2  1 
  51218.3254   14.532  0.004    2  1 
  51218.3504   14.579  0.004    2  1 
  51218.3753   14.622  0.004    2  1 
  51219.2775   14.821  0.005    2  1 
  51219.3014   14.869  0.005    2  1 
  51219.3186   14.907  0.005    2  1 
  51219.3397   14.941  0.005    2  1 
  51219.3635   14.921  0.005    2  1 
  51219.3810   14.820  0.005    2  1 
  51220.2867   14.463  0.004    2  1 
  51220.3036   14.505  0.004    2  1 
  51220.3219   14.538  0.004    2  1 
  51220.3391   14.581  0.004    2  1 
  51220.3564   14.609  0.004    2  1 
  51220.3729   14.637  0.005    2  1 
  51220.3920   14.663  0.005    2  1 
  51221.2619   14.811  0.005    2  1 
  51221.2873   14.868  0.005    2  1 
  51221.3052   14.902  0.005    2  1 
  51221.3230   14.933  0.005    2  1 
  51221.3396   14.940  0.005    2  1 
  51221.3577   14.901  0.005    2  1 
  51221.3762   14.738  0.005    2  1 
  51283.2102   14.321  0.003    2  1 
  51283.2288   14.378  0.004    2  1 
  51283.2338   14.392  0.003    2  1 
  51283.2391   14.401  0.003    2  1 
  51283.2642   14.464  0.004    2  1 
  51283.2680   14.474  0.004    2  1 
  51283.2868   14.515  0.004    2  1 
  51283.2902   14.518  0.004    2  1 
  51283.3138   14.564  0.004    2  1 
  51283.3170   14.574  0.004    2  1 
  51283.3408   14.619  0.004    2  1 
  51283.3447   14.623  0.004    2  1 
  51283.3642   14.654  0.004    2  1 
  51283.3673   14.657  0.004    2  1 
  51284.1955   14.796  0.004    2  1 
  51284.1993   14.795  0.004    2  1 
  51284.2266   14.800  0.004    2  1 
  51284.2298   14.800  0.004    2  1 
  51284.2475   14.841  0.004    2  1 
  51284.2506   14.839  0.004    2  1 
  51284.2679   14.878  0.004    2  1 
  51284.2711   14.885  0.004    2  1 
  51284.3004   14.942  0.005    2  1 
  51284.3036   14.948  0.005    2  1 
  51284.3257   14.948  0.005    2  1 
  51284.3289   14.932  0.005    2  1 
  51285.0269   14.594  0.003    2  1 
  51285.0299   14.540  0.003    2  1 
  51285.0577   14.153  0.003    2  1 
  51285.0607   14.107  0.003    2  1 
  51285.0814   13.978  0.003    2  1 
  51285.0847   13.972  0.003    2  1 
  51285.1052   14.021  0.003    2  1 
  51285.1084   14.027  0.003    2  1 
  51285.1396   14.149  0.003    2  1 
  51285.1427   14.155  0.003    2  1 
  51285.1624   14.216  0.003    2  1 
  51285.1654   14.219  0.003    2  1 
  51285.1891   14.294  0.003    2  1 
  51285.1924   14.308  0.003    2  1 
  51285.2195   14.376  0.003    2  1 
  51285.2227   14.392  0.004    2  1 
  51285.2468   14.447  0.004    2  1 
  51285.2498   14.455  0.004    2  1 
  51285.2738   14.514  0.004    2  1 
  51285.2775   14.522  0.004    2  1 
  51285.3077   14.585  0.004    2  1 
  51285.3112   14.597  0.004    2  1 
  51285.3425   14.642  0.004    2  1 
  51285.3456   14.642  0.004    2  1 
  51286.0177   14.659  0.004    2  1 
  51286.0241   14.669  0.004    2  1 
  51286.0542   14.710  0.004    2  1 
  51286.0574   14.707  0.004    2  1 
  51286.0794   14.728  0.004    2  1 
  51286.0832   14.728  0.004    2  1 
  51286.1105   14.762  0.004    2  1 
  51286.1136   14.758  0.004    2  1 
  51286.1441   14.796  0.004    2  1 
  51286.1472   14.802  0.004    2  1 
  51286.1708   14.800  0.004    2  1 
  51286.1740   14.802  0.004    2  1 
  51286.1969   14.787  0.004    2  1 
  51286.2002   14.794  0.004    2  1 
  51286.2322   14.832  0.004    2  1 
  51286.2352   14.832  0.004    2  1 
  51286.2544   14.877  0.004    2  1 
  51286.2573   14.877  0.005    2  1 
  51286.2785   14.931  0.005    2  1 
  51286.2816   14.934  0.005    2  1 
  51286.3149   14.940  0.005    2  1 
  51286.3179   14.937  0.005    2  1 
  51286.3375   14.816  0.004    2  1 
  51286.3409   14.780  0.004    2  1 
  51286.3604   14.445  0.004    2  1 
  51286.3635   14.387  0.003    2  1 
  51286.3665   14.344  0.003    2  1 
  51304.9667   13.980  0.002    2  1 
  51304.9697   13.978  0.002    2  1 
  51304.9956   14.031  0.003    2  1 
  51304.9985   14.047  0.003    2  1 
  51305.0393   14.189  0.003    2  1 
  51305.0423   14.196  0.003    2  1 
  51305.0812   14.311  0.004    2  1 
  51305.0852   14.321  0.004    2  1 
  51305.1040   14.379  0.003    2  1 
  51305.1077   14.391  0.003    2  1 
  51305.1328   14.466  0.004    2  1 
  51305.1357   14.460  0.004    2  1 
  51305.1582   14.507  0.004    2  1 
  51305.1616   14.514  0.004    2  1 
  51305.1919   14.578  0.005    2  1 
  51305.1953   14.576  0.004    2  1 
  51305.2170   14.620  0.004    2  1 
  51305.2202   14.622  0.004    2  1 
  51305.2493   14.664  0.004    2  1 
  51305.2523   14.669  0.004    2  1 
  51305.2764   14.695  0.004    2  1 
  51305.2796   14.701  0.005    2  1 
  51305.3025   14.723  0.004    2  1 
  51305.3054   14.723  0.004    2  1 
  51305.9643   14.728  0.004    2  1 
  51305.9672   14.727  0.004    2  1 
  51305.9940   14.756  0.003    2  1 
  51305.9970   14.759  0.003    2  1 
  51305.9997   14.768  0.003    2  1 
  51306.0313   14.798  0.004    2  1 
  51306.0340   14.804  0.004    2  1 
  51306.0638   14.800  0.004    2  1 
  51306.0674   14.798  0.004    2  1 
  51306.0960   14.793  0.004    2  1 
  51306.0990   14.798  0.004    2  1 
  51306.1183   14.818  0.004    2  1 
  51306.1209   14.830  0.004    2  1 
  51306.1434   14.864  0.005    2  1 
  51306.1474   14.881  0.005    2  1 
  51306.1743   14.930  0.004    2  1 
  51306.1770   14.935  0.004    2  1 
  51306.1996   14.939  0.004    2  1 
  51306.2025   14.936  0.003    2  1 
  51306.2207   14.862  0.004    2  1 
  51306.2235   14.847  0.003    2  1 
  51306.2407   14.593  0.003    2  1 
  51306.2432   14.544  0.003    2  1 
  51306.2458   14.488  0.003    2  1 
  51306.2665   14.206  0.003    2  1 
  51306.2691   14.170  0.002    2  1 
  51306.2862   14.004  0.003    2  1 
  51306.2895   13.984  0.003    2  1 
  51306.3068   13.986  0.003    2  1 
  51306.3101   13.997  0.003    2  1 
  51306.9828   14.039  0.004    2  1 
  51306.9870   14.055  0.002    2  1 
  51307.0161   14.165  0.003    2  1 
  51307.0270   14.196  0.003    2  1 
  51307.0388   14.226  0.003    2  1 
  51307.0824   14.361  0.004    2  1 
  51307.9862   14.765  0.004    2  1 
  51307.9901   14.765  0.003    2  1 
  51308.0178   14.797  0.003    2  1 
  51308.0212   14.803  0.003    2  1 
  51308.0443   14.805  0.003    2  1 
  51308.0749   14.785  0.003    2  1 
  51308.0779   14.807  0.004    2  1 
  51308.1072   14.824  0.004    2  1 
  51308.1114   14.831  0.004    2  1 
  51310.1342   14.897  0.004    2  1 
  51310.1371   14.902  0.004    2  1 
  51310.1402   14.912  0.004    2  1 
  51314.9621   14.134  0.003    2  1 
  51314.9650   14.116  0.003    2  1 
  51314.9679   14.143  0.003    2  1 
  51314.9914   14.208  0.003    2  1 
  51314.9943   14.217  0.003    2  1 
  51314.9972   14.227  0.003    2  1 
  51315.0171   14.283  0.003    2  1 
  51315.0197   14.291  0.003    2  1 
  51315.0224   14.299  0.003    2  1 
  51315.0409   14.350  0.003    2  1 
  51315.0436   14.360  0.003    2  1 
  51315.0462   14.365  0.003    2  1 
  51315.0650   14.411  0.003    2  1 
  51315.0677   14.424  0.003    2  1 
  51315.0860   14.472  0.003    2  1 
  51315.0887   14.477  0.003    2  1 
  51315.0913   14.481  0.003    2  1 
  51315.1094   14.526  0.003    2  1 
  51315.1121   14.528  0.003    2  1 
  51315.1148   14.527  0.003    2  1 
  51316.0277   14.807  0.004    2  1 
  51316.0303   14.793  0.004    2  1 
  51316.0330   14.788  0.004    2  1 
  51316.0511   14.799  0.004    2  1 
  51316.0538   14.813  0.004    2  1 
  51316.0565   14.810  0.004    2  1 
  51316.0746   14.844  0.004    2  1 
  51316.0773   14.846  0.004    2  1 
  51316.0800   14.854  0.004    2  1 
  51316.0992   14.890  0.004    2  1 
  51316.1020   14.907  0.004    2  1 
  51316.1046   14.908  0.004    2  1 
  51316.1228   14.944  0.004    2  1 
  51316.1255   14.944  0.004    2  1 
  51316.1281   14.957  0.004    2  1 
  51316.9815   14.218  0.003    2  1 
  51316.9843   14.223  0.003    2  1 
  51316.9869   14.228  0.003    2  1 
  51316.9978   14.267  0.003    2  1 
  51317.0147   14.321  0.003    2  1 
  51317.0176   14.321  0.003    2  1 
  51317.0205   14.339  0.004    2  1 
  51317.0420   14.400  0.004    2  1 
  51317.0450   14.405  0.004    2  1 
  51317.0483   14.405  0.004    2  1 
  51317.0689   14.454  0.004    2  1 
  51317.0718   14.471  0.004    2  1 
  51317.0747   14.471  0.004    2  1 
  51317.0946   14.512  0.004    2  1 
  51317.0974   14.524  0.003    2  1 
  51317.1000   14.527  0.004    2  1 
  51317.1199   14.565  0.004    2  1 
  51317.1228   14.574  0.004    2  1 
  51317.1257   14.577  0.004    2  1 
  51317.9715   14.808  0.005    2  1 
  51317.9744   14.805  0.004    2  1 
  51317.9772   14.810  0.004    2  1 
  51317.9970   14.798  0.004    2  1 
  51317.9998   14.799  0.004    2  1 
  51318.0025   14.796  0.004    2  1 
  51318.0227   14.794  0.005    2  1 
  51318.0260   14.791  0.005    2  1 
  51318.0292   14.795  0.006    2  1 
  51318.0510   14.816  0.005    2  1 
  51318.0542   14.832  0.005    2  1 
  51318.0575   14.837  0.005    2  1 
  51318.0795   14.887  0.005    2  1 
  51318.0827   14.883  0.005    2  1 
  51318.0859   14.886  0.005    2  1 
  51318.1079   14.928  0.006    2  1 
  51318.1111   14.936  0.006    2  1 
  51318.1144   14.929  0.006    2  1 
  51318.9846   14.259  0.003    2  1 
  51318.9874   14.263  0.003    2  1 
  51318.9902   14.275  0.003    2  1 
  51319.0093   14.326  0.003    2  1 
  51319.0122   14.334  0.003    2  1 
  51319.0151   14.357  0.004    2  1 
  51319.0351   14.406  0.004    2  1 
  51319.0380   14.415  0.004    2  1 
  51319.0411   14.414  0.004    2  1 
  51319.0623   14.461  0.004    2  1 
  51319.0653   14.496  0.003    2  1 
  51319.0928   14.532  0.003    2  1 
  51319.1137   14.574  0.003    2  1 
  51319.1164   14.584  0.003    2  1 
  51319.1190   14.588  0.003    2  1 
  51320.0869   14.912  0.004    2  1 
  51320.0909   14.917  0.004    2  1 
  51320.1531   14.749  0.004    2  1 
  51320.1557   14.712  0.004    2  1 
  51320.1584   14.659  0.003    2  1 
  51320.9810   14.278  0.003    2  1 
  51320.9838   14.294  0.003    2  1 
  51321.0292   14.411  0.003    2  1 
  51321.0466   14.454  0.003    2  1 
  51321.0491   14.459  0.003    2  1 
  51321.0517   14.467  0.003    2  1 
  51321.0689   14.506  0.003    2  1 
  51321.0714   14.513  0.003    2  1 
  51321.0997   14.578  0.003    2  1 
  51321.1023   14.581  0.003    2  1 
  51321.1049   14.580  0.003    2  1 
  51321.1074   14.586  0.003    2  1 
  51321.1100   14.587  0.003    2  1 
  51321.1285   14.625  0.003    2  1 
  51321.1311   14.631  0.003    2  1 
  51332.9607   14.422  0.005    2  1 
  51332.9651   14.439  0.006    2  1 
  51332.9797   14.466  0.005    2  1 
  51332.9834   14.477  0.004    2  1 
  51333.0005   14.514  0.004    2  1 
  51333.0039   14.520  0.005    2  1 
  51333.0156   14.544  0.004    2  1 
  51333.0192   14.553  0.005    2  1 
  51333.0445   14.592  0.005    2  1 
  51333.0479   14.607  0.004    2  1 
  51333.0636   14.634  0.006    2  1 
  51333.0681   14.642  0.006    2  1 
  51333.0834   14.658  0.005    2  1 
  51333.0869   14.666  0.005    2  1 
  51333.0981   14.673  0.005    2  1 
  51333.1018   14.682  0.005    2  1 
  51333.1258   14.711  0.005    2  1 
  51333.1294   14.716  0.006    2  1 
  51333.1410   14.724  0.006    2  1 
  51333.1452   14.733  0.006    2  1 
  51333.1492   14.734  0.006    2  1 
  51333.1642   14.750  0.005    2  1 
  51333.1679   14.753  0.005    2  1 
  51334.9778   14.473  0.003    2  1 
  51334.9806   14.489  0.003    2  1 
  51335.0115   14.552  0.003    2  1 
  51335.0145   14.557  0.004    2  1 
  51335.0237   14.578  0.004    2  1 
  51335.0269   14.582  0.004    2  1 
  51335.0365   14.606  0.004    2  1 
  51335.0396   14.606  0.004    2  1 
  51335.0624   14.642  0.005    2  1 
  51335.0658   14.651  0.005    2  1 
  51335.0766   14.667  0.005    2  1 
  51335.0800   14.667  0.005    2  1 
  51335.1009   14.691  0.004    2  1 
  51335.1041   14.698  0.005    2  1 
  51335.9585   14.844  0.005    2  1 
  51335.9619   14.847  0.005    2  1 
  51335.9661   14.854  0.005    2  1 
  51335.9693   14.861  0.005    2  1 
  51335.9855   14.901  0.005    2  1 
  51335.9915   14.901  0.004    2  1 
  51335.9966   14.916  0.004    2  1 
  51336.0139   14.943  0.005    2  1 
  51336.0172   14.940  0.005    2  1 
  51336.0275   14.949  0.005    2  1 
  51336.0306   14.952  0.005    2  1 
  51336.0439   14.917  0.005    2  1 
  51336.0470   14.905  0.005    2  1 
  51336.0662   14.707  0.005    2  1 
  51336.0696   14.651  0.004    2  1 
  51336.0728   14.594  0.004    2  1 
  51336.0954   14.237  0.004    2  1 
  51336.0989   14.198  0.004    2  1 
  51336.1119   14.050  0.003    2  1 
  51336.1153   14.015  0.003    2  1 
  51336.1297   13.985  0.004    2  1 
  51336.1600   14.077  0.005    2  1 
  51336.1647   14.113  0.005    2  1 
  51336.9567   14.465  0.002    2  1 
  51337.0022   14.572  0.004    2  1 
  51337.9827   14.915  0.006    2  1 
  51337.9868   14.924  0.006    2  1 
  51337.9997   14.939  0.006    2  1 
  51338.0033   14.948  0.005    2  1 
  51338.0231   14.950  0.005    2  1 
  51338.0265   14.929  0.006    2  1 
  51338.0304   14.925  0.006    2  1 
  51338.9791   14.531  0.004    2  1 
  51338.9849   14.545  0.004    2  1 
  51339.0116   14.607  0.005    2  1 
  51339.0151   14.608  0.005    2  1 
  51339.0441   14.652  0.004    2  1 
  51339.0477   14.656  0.004    2  1 
  51339.0513   14.664  0.005    2  1 
  51339.0774   14.697  0.005    2  1 
  51339.0807   14.701  0.005    2  1 
  51339.1053   14.732  0.005    2  1 
  51339.1093   14.729  0.005    2  1 
  51339.1327   14.750  0.005    2  1 
  51339.1363   14.755  0.005    2  1 
  51339.9588   14.888  0.004    2  1 
  51339.9627   14.895  0.004    2  1 
  51339.9835   14.935  0.005    2  1 
  51339.9874   14.942  0.005    2  1 
  51340.0115   14.951  0.005    2  1 
  51340.0146   14.939  0.004    2  1 
  51340.0349   14.829  0.004    2  1 
  51340.0380   14.799  0.004    2  1 
  51340.0659   14.316  0.004    2  1 
  51340.0696   14.272  0.004    2  1 
  51340.0938   14.019  0.003    2  1 
  51340.0983   14.002  0.003    2  1 
  51340.1334   14.044  0.003    2  1 
  51340.1366   14.050  0.003    2  1 
  51344.9654   14.559  0.003    2  1 
  51344.9786   14.592  0.003    2  1 
  51344.9829   14.595  0.004    2  1 
  51345.0052   14.644  0.004    2  1 
  51345.0092   14.650  0.004    2  1 
  51345.0132   14.654  0.004    2  1 
  51345.0170   14.662  0.004    2  1 
  51345.0353   14.683  0.004    2  1 
  51345.0390   14.692  0.003    2  1 
  51345.0645   14.713  0.004    2  1 
  51345.0690   14.720  0.004    2  1 
  51345.9658   14.947  0.006    2  1 
  51345.9696   14.946  0.006    2  1 
  51345.9999   14.839  0.005    2  1 
  51346.0043   14.788  0.005    2  1 
  51346.0310   14.342  0.004    2  1 
  51346.0343   14.296  0.004    2  1 
  51346.0571   14.026  0.003    2  1 
  51346.0604   14.004  0.003    2  1 
  51347.0221   14.672  0.005    2  1 
  51347.0274   14.680  0.003    2  1 
  51347.0562   14.719  0.004    2  1 
  51347.0597   14.720  0.004    2  1 
  51347.0815   14.746  0.004    2  1 
  51347.0850   14.745  0.004    2  1 
  51347.9550   14.963  0.004    2  1 
  51347.9581   14.946  0.004    2  1 
  51347.9877   14.840  0.004    2  1 
  51347.9914   14.798  0.004    2  1 
  51347.9948   14.760  0.004    2  1 
  51348.0181   14.365  0.004    2  1 
  51348.0211   14.322  0.003    2  1 
  51348.0849   14.036  0.004    2  1 
  51348.0897   14.056  0.004    2  1 
  51348.1054   14.109  0.004    2  1 
  51348.1088   14.117  0.004    2  1 
  51348.1122   14.138  0.004    2  1 
  51348.9528   14.585  0.003    2  1 
  51348.9557   14.597  0.004    2  1 
  51348.9795   14.634  0.004    2  1 
  51348.9824   14.631  0.004    2  1 
  51348.9941   14.657  0.004    2  1 
  51349.0152   14.677  0.004    2  1 
  51349.0189   14.686  0.004    2  1 
  51349.9596   14.922  0.004    2  1 
  51349.9627   14.907  0.004    2  1 
  51349.9911   14.657  0.004    2  1 
  51349.9944   14.587  0.004    2  1 
  51350.0097   14.327  0.003    2  1 
  51350.0128   14.287  0.003    2  1 
  51350.0228   14.168  0.003    2  1 
  51364.9643   14.723  0.004    2  1 
  51364.9677   14.729  0.004    2  1 
  51380.9714   14.810  0.003    2  1 
  51380.9769   14.805  0.004    2  1 
  51380.9801   14.800  0.004    2  1 
  51380.9845   14.798  0.004    2  1 
  51381.0066   14.803  0.004    2  1 
  51381.0096   14.797  0.004    2  1 
  51381.0136   14.806  0.004    2  1 
  51381.9638   14.264  0.003    2  1 
  51381.9679   14.279  0.003    2  1 
  51381.9716   14.296  0.004    2  1 
  51381.9917   14.357  0.004    2  1 
  51381.9946   14.363  0.004    2  1 
  51382.9605   14.806  0.004    2  1 
  51382.9652   14.803  0.004    2  1 
  51382.9682   14.803  0.005    2  1 
  51382.9887   14.788  0.004    2  1 
  51382.9916   14.796  0.004    2  1 
  51383.9595   14.278  0.003    2  1 
  51383.9621   14.285  0.003    2  1 
  51383.9648   14.298  0.003    2  1 
  51383.9826   14.345  0.003    2  1 
  51383.9853   14.360  0.003    2  1 
  51384.9606   14.796  0.004    2  1 
  51384.9631   14.805  0.003    2  1 
  51384.9657   14.798  0.003    2  1 
  51384.9827   14.794  0.003    2  1 
  51384.9853   14.793  0.003    2  1 
  51385.9557   14.293  0.003    2  1 
  51385.9589   14.315  0.003    2  1 
  51385.9615   14.318  0.003    2  1 
  51385.9788   14.360  0.003    2  1 
  51385.9814   14.370  0.003    2  1 
  51386.9731   14.798  0.005    2  1 
  51386.9769   14.794  0.004    2  1 
  51386.9807   14.806  0.004    2  1 
  51387.0101   14.850  0.005    2  1 
  51387.0139   14.840  0.005    2  1 
  51387.0177   14.859  0.005    2  1 
  51388.9571   14.785  0.005    2  1 
  51388.9622   14.797  0.005    2  1 
  51388.9659   14.808  0.005    2  1 
  51388.9899   14.840  0.005    2  1 
  51388.9932   14.835  0.005    2  1 
  51389.9629   14.383  0.003    2  1 
  51389.9656   14.387  0.003    2  1 
  51389.9683   14.390  0.003    2  1 
  51390.9578   14.794  0.004    2  1 
  51390.9604   14.801  0.004    2  1 
  51390.9631   14.803  0.005    2  1 
  51391.9583   14.396  0.003    2  1 
  51646.1374   14.815  0.004    2  1 
  51646.1447   14.812  0.006    2  1 
  51646.1486   14.809  0.005    2  1 
  51646.1532   14.801  0.005    2  1 
  51646.1570   14.807  0.006    2  1 
  51646.1609   14.807  0.006    2  1 
  51646.1649   14.805  0.006    2  1 
  51646.1687   14.805  0.005    2  1 
  51646.1727   14.798  0.005    2  1 
  51646.1764   14.801  0.005    2  1 
  51646.1801   14.797  0.005    2  1 
  51646.1837   14.811  0.005    2  1 
  51646.1871   14.801  0.005    2  1 
  51646.1907   14.812  0.006    2  1 
  51646.1944   14.812  0.005    2  1 
  51646.1983   14.821  0.005    2  1 
  51646.2025   14.825  0.005    2  1 
  51646.2065   14.828  0.005    2  1 
  51646.2100   14.835  0.005    2  1 
  51646.2138   14.840  0.005    2  1 
  51646.2172   14.853  0.005    2  1 
  51646.2206   14.864  0.005    2  1 
  51646.2245   14.869  0.005    2  1 
  51646.2283   14.875  0.005    2  1 
  51646.2320   14.876  0.005    2  1 
  51646.2362   14.893  0.004    2  1 
  51646.2394   14.903  0.004    2  1 
  51646.2426   14.904  0.004    2  1 
  51646.2457   14.911  0.004    2  1 
  51646.2489   14.915  0.004    2  1 
  51646.2523   14.922  0.005    2  1 
  51646.2557   14.933  0.005    2  1 
  51646.2591   14.937  0.005    2  1 
  51646.2626   14.938  0.005    2  1 
  51646.2660   14.945  0.005    2  1 
  51646.2694   14.936  0.006    2  1 
  51646.2730   14.944  0.006    2  1 
  51646.2769   14.932  0.007    2  1 
  51646.2811   14.923  0.007    2  1 
  51646.2852   14.940  0.007    2  1 
  51646.2895   14.953  0.006    2  1 
  51646.2939   14.926  0.006    2  1 
  51646.2986   14.922  0.006    2  1 
  51646.3027   14.902  0.007    2  1 
  51646.3070   14.892  0.006    2  1 
  51646.3111   14.862  0.006    2  1 
  51646.3151   14.826  0.005    2  1 
  51646.3189   14.781  0.004    2  1 
  51646.3225   14.728  0.004    2  1 
  51646.3260   14.668  0.004    2  1 
  51646.3296   14.616  0.004    2  1 
  51646.3330   14.549  0.004    2  1 
  51646.3377   14.464  0.004    2  1 
  51646.3414   14.405  0.004    2  1 
  51646.3451   14.340  0.004    2  1 
  51646.3496   14.292  0.004    2  1 
  51646.3530   14.265  0.004    2  1 
  51646.3568   14.203  0.003    2  1 
  51646.3602   14.225  0.004    2  1 
  51646.3637   14.151  0.004    2  1 
  51646.3679   14.092  0.003    2  1 
  51646.3713   14.056  0.003    2  1 
  51646.3746   14.084  0.004    2  1 
  51671.0721   14.444  0.004    2  1 
  51671.0771   14.468  0.005    2  1 
  51671.1013   14.511  0.004    2  1 
  51671.1053   14.519  0.004    2  1 
  51671.1107   14.528  0.004    2  1 
  51671.1151   14.540  0.004    2  1 
  51671.1292   14.565  0.004    2  1 
  51671.9878   14.815  0.004    2  1 
  51671.9920   14.814  0.004    2  1 
  51672.0277   14.792  0.004    2  1 
  51672.0316   14.790  0.004    2  1 
  51672.0822   14.868  0.004    2  1 
  51674.0685   14.866  0.006    2  1 
  51674.0726   14.874  0.006    2  1 
  51674.1052   14.937  0.006    2  1 
  51674.1117   14.947  0.006    2  1 
  51674.1260   14.956  0.005    2  1 
  51674.1296   14.956  0.005    2  1 
  51674.1332   14.950  0.005    2  1 
  51674.1368   14.940  0.005    2  1 
  51674.1405   14.933  0.005    2  1 
  51674.1444   14.918  0.005    2  1 
  51674.9689   14.224  0.003    2  1 
  51674.9724   14.233  0.004    2  1 
  51674.9867   14.278  0.004    2  1 
  51674.9911   14.296  0.004    2  1 
  51675.0041   14.340  0.004    2  1 
  51675.0121   14.363  0.004    2  1 
  51675.0159   14.371  0.005    2  1 
  51675.0253   14.385  0.004    2  1 
  51675.0289   14.393  0.003    2  1 
  51675.0351   14.409  0.004    2  1 
  51675.0465   14.439  0.004    2  1 
  51675.0521   14.468  0.004    2  1 
  51675.0558   14.463  0.004    2  1 
  51675.0622   14.475  0.004    2  1 
  51675.0661   14.484  0.004    2  1 
  51675.0719   14.499  0.004    2  1 
  51675.0756   14.506  0.004    2  1 
  51675.0814   14.521  0.004    2  1 
  51675.0858   14.532  0.004    2  1 
  51675.0927   14.545  0.004    2  1 
  51675.0970   14.554  0.004    2  1 
  51675.9751   14.815  0.004    2  1 
  51675.9802   14.807  0.005    2  1 
  51675.9906   14.803  0.004    2  1 
  51675.9939   14.801  0.004    2  1 
  51675.9971   14.801  0.004    2  1 
  51676.0005   14.796  0.004    2  1 
  51676.0036   14.800  0.004    2  1 
  51676.0067   14.798  0.004    2  1 
  51676.0112   14.801  0.004    2  1 
  51676.0240   14.810  0.005    2  1 
  51676.0301   14.817  0.005    2  1 
  51676.9616   14.245  0.004    2  1 
  51676.9713   14.275  0.004    2  1 
  51676.9757   14.281  0.004    2  1 
  51676.9867   14.323  0.005    2  1 
  51676.9919   14.362  0.005    2  1 
  51676.9969   14.357  0.005    2  1 
  51677.0090   14.387  0.005    2  1 
  51677.0126   14.378  0.004    2  1 
  51677.0180   14.406  0.005    2  1 
  51677.0226   14.410  0.005    2  1 
  51677.0271   14.426  0.005    2  1 
  51677.0318   14.435  0.005    2  1 
  51677.0362   14.444  0.005    2  1 
  51677.0410   14.457  0.005    2  1 
  51677.0453   14.473  0.005    2  1 
  51677.0499   14.481  0.005    2  1 
  51677.0580   14.501  0.005    2  1 
  51677.0628   14.506  0.005    2  1 
  51677.0672   14.512  0.005    2  1 
  51677.0713   14.526  0.005    2  1 
  51677.0751   14.536  0.005    2  1 
  51677.0793   14.544  0.005    2  1 
  51677.0835   14.551  0.005    2  1 
  51677.0877   14.555  0.005    2  1 
  51677.0918   14.566  0.005    2  1 
  51677.0956   14.577  0.005    2  1 
  51677.0996   14.597  0.006    2  1 
  51677.1044   14.597  0.005    2  1 
  51677.1082   14.611  0.006    2  1 
  51677.1121   14.612  0.005    2  1 
  51677.1160   14.619  0.005    2  1 
  51677.1199   14.625  0.006    2  1 
  51677.1238   14.625  0.005    2  1 
  51677.1276   14.638  0.005    2  1 
  51677.1315   14.646  0.005    2  1 
  51677.1353   14.649  0.005    2  1 
  51677.1396   14.648  0.005    2  1 
  51677.1434   14.656  0.005    2  1 
  51677.1476   14.663  0.005    2  1 
  51677.1520   14.667  0.005    2  1 
  51677.1564   14.672  0.005    2  1 
  51677.1603   14.678  0.005    2  1 
  51677.1642   14.686  0.005    2  1 
  51677.1680   14.686  0.005    2  1 
  51677.1719   14.691  0.005    2  1 
  51677.1759   14.698  0.005    2  1 
  51677.1797   14.702  0.005    2  1 
  51677.1836   14.705  0.006    2  1 
  51677.1883   14.712  0.005    2  1 
  51677.1922   14.709  0.005    2  1 
  51677.1960   14.721  0.005    2  1 
  51677.1999   14.718  0.006    2  1 
  51677.2038   14.724  0.005    2  1 
  51677.2083   14.738  0.006    2  1 
  51677.2133   14.732  0.006    2  1 
  51677.2176   14.744  0.006    2  1 
  51677.2233   14.747  0.006    2  1 
  51677.2285   14.752  0.008    2  1 
  51677.2335   14.753  0.007    2  1 
  51677.2391   14.767  0.008    2  1 
  51677.2524   14.776  0.006    2  1 
  51677.2571   14.781  0.006    2  1 
  51677.2620   14.786  0.006    2  1 
  51677.2664   14.795  0.006    2  1 
  51677.2708   14.799  0.006    2  1 
  51691.0375   14.610  0.002    2  1 
  51691.0409   14.613  0.003    2  1 
  51691.0444   14.620  0.004    2  1 
  51691.0509   14.636  0.003    2  1 
  51691.0543   14.641  0.004    2  1 
  51691.0579   14.644  0.004    2  1 
  51691.0633   14.651  0.003    2  1 
  51691.0670   14.668  0.003    2  1 
  51691.0711   14.663  0.003    2  1 
  51691.0770   14.680  0.003    2  1 
  51691.0805   14.678  0.004    2  1 
  51691.0840   14.680  0.004    2  1 
  51691.0896   14.689  0.004    2  1 
  51691.0931   14.695  0.003    2  1 
  51691.0971   14.707  0.003    2  1 
  51691.1040   14.712  0.004    2  1 
  51691.1083   14.710  0.004    2  1 
  51691.1122   14.718  0.004    2  1 
  51691.1180   14.723  0.004    2  1 
  51691.1214   14.726  0.004    2  1 
  51691.1249   14.731  0.004    2  1 
  51691.1323   14.739  0.004    2  1 
  51691.1357   14.742  0.003    2  1 
  51691.1392   14.745  0.004    2  1 
  51691.1448   14.749  0.003    2  1 
  51691.1522   14.759  0.003    2  1 
  51691.1561   14.757  0.002    2  1 
  51693.0130   14.586  0.004    2  1 
  51693.0165   14.572  0.004    2  1 
  51693.0248   14.608  0.004    2  1 
  51693.0305   14.619  0.004    2  1 
  51693.0340   14.621  0.004    2  1 
  51693.0378   14.629  0.004    2  1 
  51694.0082   14.955  0.004    2  1 
  51694.0114   14.963  0.004    2  1 
  51694.0148   14.951  0.004    2  1 
  51694.0202   14.953  0.004    2  1 
  51694.0234   14.951  0.004    2  1 
  51694.0267   14.943  0.004    2  1 
  51694.0319   14.930  0.004    2  1 
  51694.0351   14.913  0.004    2  1 
  51694.0384   14.897  0.004    2  1 
  51694.0418   14.870  0.004    2  1 
  51694.0472   14.819  0.004    2  1 
  51694.0505   14.778  0.004    2  1 
  51694.0537   14.724  0.004    2  1 
  51694.0590   14.631  0.004    2  1 
  51694.0623   14.561  0.004    2  1 
  51694.0656   14.505  0.003    2  1 
  51694.0714   14.402  0.003    2  1 
  51694.0748   14.339  0.003    2  1 
  51694.0781   14.309  0.003    2  1 
  51694.0836   14.244  0.003    2  1 
  51694.0868   14.202  0.003    2  1 
  51694.0901   14.156  0.003    2  1 
  51694.0957   14.092  0.003    2  1 
  51694.0989   14.061  0.003    2  1 
  51694.1075   14.002  0.003    2  1 
  51694.1106   13.985  0.003    2  1 
  51694.1190   13.983  0.003    2  1 
  51694.1221   13.981  0.003    2  1 
  51694.1252   13.985  0.003    2  1 
  51694.1286   13.997  0.003    2  1 
  51695.0280   14.636  0.004    2  1 
  51695.0317   14.645  0.003    2  1 
  51697.9712   14.935  0.005    2  1 
  51697.9818   14.955  0.005    2  1 
  51765.9746   14.652  0.004    2  1 
  51765.9783   14.659  0.004    2  1 
  51765.9820   14.663  0.004    2  1 
  51766.0194   14.716  0.005    2  1 
  51766.0229   14.721  0.005    2  1 
  51216.3063   14.946  0.003    3  1 
  51216.3342   14.995  0.004    3  1 
  51216.3572   15.083  0.004    3  1 
  51216.3847   15.131  0.004    3  1 
  51217.2936   15.381  0.005    3  1 
  51217.3214   15.459  0.005    3  1 
  51217.3852   15.421  0.004    3  1 
  51218.2935   14.895  0.004    3  1 
  51218.3212   14.986  0.004    3  1 
  51218.3442   15.050  0.004    3  1 
  51218.3704   15.123  0.004    3  1 
  51219.2811   15.389  0.002    3  1 
  51219.2844   15.385  0.005    3  1 
  51219.3053   15.446  0.005    3  1 
  51219.3228   15.491  0.005    3  1 
  51219.3465   15.519  0.005    3  1 
  51219.3676   15.474  0.005    3  1 
  51219.3851   15.282  0.004    3  1 
  51220.2805   14.881  0.003    3  1 
  51220.2995   14.945  0.004    3  1 
  51220.3171   15.004  0.004    3  1 
  51220.3349   15.106  0.004    3  1 
  51220.3523   15.100  0.004    3  1 
  51220.3689   15.147  0.004    3  1 
  51220.3877   15.229  0.003    3  1 
  51221.2691   15.382  0.004    3  1 
  51221.2915   15.436  0.005    3  1 
  51221.3097   15.477  0.004    3  1 
  51221.3270   15.501  0.004    3  1 
  51221.3437   15.522  0.005    3  1 
  51221.3619   15.440  0.005    3  1 
  51221.3854   15.039  0.004    3  1 
  51283.2237   14.753  0.003    3  1 
  51283.2601   14.930  0.003    3  1 
  51283.2830   15.043  0.003    3  1 
  51283.3050   15.074  0.003    3  1 
  51283.3367   15.148  0.004    3  1 
  51283.3600   15.206  0.003    3  1 
  51284.2056   15.342  0.004    3  1 
  51284.2337   15.358  0.004    3  1 
  51284.2542   15.405  0.004    3  1 
  51284.2806   15.486  0.005    3  1 
  51284.3075   15.560  0.005    3  1 
  51284.3333   15.499  0.004    3  1 
  51285.0371   14.812  0.003    3  1 
  51285.0646   14.485  0.002    3  1 
  51285.0885   14.209  0.002    3  1 
  51285.1182   14.351  0.002    3  1 
  51285.1470   14.495  0.002    3  1 
  51285.1698   14.610  0.003    3  1 
  51285.1988   14.689  0.003    3  1 
  51285.2270   14.819  0.003    3  1 
  51285.2539   14.934  0.003    3  1 
  51285.2851   15.038  0.003    3  1 
  51285.3202   15.137  0.004    3  1 
  51285.3496   15.203  0.004    3  1 
  51286.0308   15.230  0.003    3  1 
  51286.0619   15.267  0.004    3  1 
  51286.0871   15.282  0.004    3  1 
  51286.0921   15.287  0.004    3  1 
  51286.1226   15.333  0.003    3  1 
  51286.1512   15.361  0.003    3  1 
  51286.1789   15.347  0.003    3  1 
  51286.2076   15.333  0.004    3  1 
  51286.2389   15.401  0.004    3  1 
  51286.2613   15.414  0.004    3  1 
  51286.2889   15.462  0.004    3  1 
  51286.3108   15.487  0.004    3  1 
  51286.3335   15.412  0.004    3  1 
  51286.3566   15.000  0.003    3  1 
  51304.9734   14.341  0.002    3  1 
  51305.0076   14.333  0.003    3  1 
  51305.0770   14.658  0.003    3  1 
  51305.1004   14.759  0.003    3  1 
  51305.1407   14.922  0.004    3  1 
  51305.1707   15.015  0.004    3  1 
  51305.1996   15.111  0.004    3  1 
  51305.2299   15.174  0.004    3  1 
  51305.2561   15.227  0.004    3  1 
  51305.2836   15.283  0.005    3  1 
  51305.3139   15.324  0.005    3  1 
  51305.9733   15.311  0.004    3  1 
  51306.0117   15.333  0.004    3  1 
  51306.0157   15.319  0.003    3  1 
  51306.0375   15.381  0.004    3  1 
  51306.0735   15.347  0.004    3  1 
  51306.1026   15.330  0.004    3  1 
  51306.1285   15.373  0.004    3  1 
  51306.1517   15.442  0.005    3  1 
  51306.1807   15.491  0.004    3  1 
  51306.2059   15.402  0.002    3  1 
  51306.2269   15.331  0.004    3  1 
  51306.2491   15.022  0.003    3  1 
  51306.2725   14.690  0.003    3  1 
  51306.2932   14.312  0.002    3  1 
  51307.9986   15.340  0.003    3  1 
  51308.0249   15.332  0.002    3  1 
  51308.0524   15.374  0.004    3  1 
  51308.0811   15.340  0.003    3  1 
  51308.0851   15.316  0.003    3  1 
  51308.1202   15.399  0.004    3  1 
  51310.1272   15.441  0.004    3  1 
  51310.1308   15.458  0.004    3  1 
  51314.9714   14.430  0.003    3  1 
  51315.0138   14.621  0.003    3  1 
  51315.0372   14.717  0.003    3  1 
  51315.0710   14.856  0.003    3  1 
  51315.0946   14.942  0.003    3  1 
  51315.1180   15.016  0.003    3  1 
  51316.0363   15.337  0.004    3  1 
  51316.0597   15.367  0.004    3  1 
  51316.0832   15.417  0.004    3  1 
  51316.1079   15.479  0.004    3  1 
  51317.0013   14.652  0.003    3  1 
  51317.0241   14.781  0.003    3  1 
  51317.0523   14.826  0.004    3  1 
  51317.0782   14.925  0.004    3  1 
  51317.1035   15.003  0.004    3  1 
  51317.9808   15.367  0.004    3  1 
  51318.0060   15.348  0.004    3  1 
  51318.0331   15.333  0.005    3  1 
  51318.0898   15.434  0.005    3  1 
  51318.1183   15.451  0.005    3  1 
  51318.9811   14.591  0.003    3  1 
  51319.0058   14.678  0.003    3  1 
  51319.0315   14.789  0.003    3  1 
  51319.0717   14.934  0.004    3  1 
  51319.0961   15.021  0.003    3  1 
  51320.1175   15.448  0.003    3  1 
  51321.0212   14.789  0.003    3  1 
  51321.0434   14.938  0.003    3  1 
  51321.0658   14.971  0.003    3  1 
  51321.0965   15.045  0.003    3  1 
  51321.1252   15.127  0.004    3  1 
  51333.0403   15.080  0.004    3  1 
  51333.1062   15.220  0.004    3  1 
  51334.9989   14.985  0.003    3  1 
  51335.0432   15.117  0.004    3  1 
  51335.0972   15.241  0.004    3  1 
  51335.1083   15.254  0.005    3  1 
  51336.0103   15.525  0.004    3  1 
  51336.0508   15.417  0.005    3  1 
  51336.0891   14.667  0.003    3  1 
  51338.0075   15.508  0.005    3  1 
  51338.9740   14.998  0.003    3  1 
  51339.0046   15.084  0.004    3  1 
  51339.0385   15.163  0.004    3  1 
  51339.0685   15.228  0.004    3  1 
  51339.1006   15.274  0.005    3  1 
  51339.1280   15.309  0.005    3  1 
  51339.9665   15.463  0.004    3  1 
  51339.9935   15.487  0.004    3  1 
  51340.0189   15.504  0.004    3  1 
  51340.0441   15.207  0.004    3  1 
  51340.0753   14.541  0.003    3  1 
  51340.1041   14.281  0.003    3  1 
  51345.0430   15.236  0.004    3  1 
  51345.0736   15.282  0.004    3  1 
  51345.9747   15.530  0.005    3  1 
  51346.0101   15.207  0.004    3  1 
  51346.0388   14.577  0.003    3  1 
  51346.0670   14.261  0.003    3  1 
  51347.0317   15.221  0.004    3  1 
  51347.0645   15.283  0.004    3  1 
  51347.0896   15.295  0.003    3  1 
  51347.9638   15.528  0.004    3  1 
  51348.0146   14.841  0.003    3  1 
  51348.9591   15.105  0.004    3  1 
  51349.0243   15.235  0.004    3  1 
  51349.9679   15.430  0.004    3  1 
  51364.9721   15.284  0.004    3  1 
  51380.9890   15.361  0.004    3  1 
  51381.9751   14.678  0.003    3  1 
  51382.9716   15.364  0.004    3  1 
  51384.9688   15.326  0.003    3  1 
  51385.9645   14.767  0.003    3  1 
  51386.9859   15.331  0.004    3  1 
  51388.9699   15.351  0.004    3  1 
  51389.9715   14.851  0.003    3  1 
  51390.9663   15.349  0.003    3  1 
  51672.0213   15.351  0.004    3  1 
  51674.0796   15.445  0.005    3  1 
  51674.9989   14.692  0.003    3  1 
  51675.0396   14.853  0.003    3  1 
  51693.0053   15.061  0.004    3  1 
  51694.0012   15.534  0.005    3  1 
  51765.9863   15.219  0.004    3  1 
  51766.0153   15.281  0.005    3  1 
 56468.97641   12.304  0.101   -1  1 
 56469.04707   12.436  0.094   -1  1 
 56469.10896   12.591  0.073   -1  1 
 56469.17285   12.659  0.080   -1  1 
 56471.00364   12.663  0.081   -1  1 
 56471.06640   12.693  0.051   -1  1 
 56471.12490   12.621  0.073   -1  1 
 56471.18188   12.686  0.052   -1  1 
 56471.96759   12.351  0.066   -1  1 
 56472.03374   12.536  0.079   -1  1 
 56472.09484   12.404  0.068   -1  1 
 56472.15243   12.490  0.061   -1  1 
 56468.95296   12.040  0.164   -2  1 
 56469.02441   12.677  0.113   -2  1 
 56469.08813   12.165  0.174   -2  1 
 56469.15134   12.769  0.120   -2  1 
 56471.02588   12.438  0.099   -2  1 
 56471.08671   12.632  0.078   -2  1 
 56471.14302   12.630  0.062   -2  1 
 56471.94704   12.357  0.075   -2  1 
 56472.01085   12.577  0.099   -2  1 
 56472.07480   12.337  0.089   -2  1 
 56472.13240   12.609  0.044   -2  1 
 56472.19216   12.523  0.069   -2  1 
 56469.00041   12.562  0.117   -5  1 
 56469.06767   13.223  0.065   -5  1 
 56469.13003   12.928  0.096   -5  1 
 56469.19349   13.231  0.076   -5  1 
 56470.98130   13.211  0.058   -5  1 
 56471.04693   13.088  0.099   -5  1 
 56471.10523   13.185  0.055   -5  1 
 56471.16397   13.385  0.042   -5  1 
 56471.98857   12.974  0.051   -5  1 
 56472.05430   13.086  0.046   -5  1 
 56472.11383   13.004  0.048   -5  1 
 56472.17109   13.007  0.037   -5  1 
