  51216.3218   14.749  0.005    2  1 
  51216.3464   14.799  0.005    2  1 
  51216.3689   14.815  0.005    2  1 
  51216.3980   14.822  0.006    2  1 
  51217.3101   14.215  0.004    2  1 
  51217.3328   14.322  0.004    2  1 
  51217.3552   14.402  0.004    2  1 
  51217.3759   14.465  0.004    2  1 
  51217.3953   14.523  0.005    2  1 
  51218.2773   14.853  0.005    2  1 
  51218.3093   14.954  0.005    2  1 
  51218.3298   14.961  0.005    2  1 
  51218.3573   14.724  0.005    2  1 
  51218.3794   14.184  0.004    2  1 
  51219.3336   14.846  0.005    2  1 
  51219.3596   14.834  0.005    2  1 
  51219.3768   14.866  0.005    2  1 
  51220.2621   14.256  0.004    2  1 
  51220.2906   14.374  0.004    2  1 
  51220.3077   14.422  0.004    2  1 
  51220.3257   14.473  0.004    2  1 
  51220.3432   14.525  0.004    2  1 
  51220.3602   14.569  0.004    2  1 
  51220.3776   14.605  0.004    2  1 
  51221.2835   14.861  0.005    2  1 
  51221.3009   14.684  0.004    2  1 
  51221.3188   14.337  0.004    2  1 
  51221.3358   14.027  0.003    2  1 
  51221.3538   13.918  0.003    2  1 
  51221.3722   13.981  0.003    2  1 
  51283.2451   13.963  0.003    2  1 
  51283.2493   14.000  0.003    2  1 
  51283.2714   14.103  0.003    2  1 
  51283.2748   14.121  0.003    2  1 
  51283.2939   14.200  0.003    2  1 
  51283.2972   14.216  0.003    2  1 
  51283.3202   14.319  0.003    2  1 
  51283.3234   14.331  0.003    2  1 
  51283.3487   14.424  0.003    2  1 
  51283.3518   14.440  0.003    2  1 
  51283.3707   14.496  0.004    2  1 
  51283.3738   14.506  0.004    2  1 
  51284.2195   14.852  0.004    2  1 
  51284.2229   14.847  0.004    2  1 
  51284.2413   14.826  0.004    2  1 
  51284.2443   14.817  0.004    2  1 
  51284.2617   14.858  0.004    2  1 
  51284.2648   14.867  0.004    2  1 
  51284.2942   14.940  0.005    2  1 
  51284.2973   14.946  0.005    2  1 
  51284.3168   14.948  0.005    2  1 
  51284.3211   14.923  0.005    2  1 
  51284.3428   14.690  0.004    2  1 
  51284.3464   14.612  0.004    2  1 
  51285.0513   14.177  0.003    2  1 
  51285.0543   14.177  0.003    2  1 
  51285.0739   14.270  0.003    2  1 
  51285.0778   14.285  0.003    2  1 
  51285.0975   14.363  0.003    2  1 
  51285.1006   14.382  0.004    2  1 
  51285.1324   14.476  0.004    2  1 
  51285.1360   14.492  0.004    2  1 
  51285.1558   14.544  0.004    2  1 
  51285.1588   14.543  0.004    2  1 
  51285.1796   14.597  0.004    2  1 
  51285.1830   14.609  0.004    2  1 
  51285.2125   14.676  0.004    2  1 
  51285.2157   14.684  0.004    2  1 
  51285.2362   14.717  0.004    2  1 
  51285.2426   14.741  0.004    2  1 
  51285.2630   14.741  0.004    2  1 
  51285.2666   14.760  0.004    2  1 
  51285.2998   14.807  0.004    2  1 
  51285.3033   14.811  0.005    2  1 
  51285.3308   14.831  0.005    2  1 
  51285.3348   14.852  0.004    2  1 
  51285.3382   14.846  0.004    2  1 
  51286.0461   14.874  0.004    2  1 
  51286.0493   14.928  0.004    2  1 
  51286.0716   14.949  0.004    2  1 
  51286.0753   14.949  0.004    2  1 
  51286.1026   14.737  0.003    2  1 
  51286.1061   14.703  0.004    2  1 
  51286.1365   14.134  0.003    2  1 
  51286.1398   14.029  0.003    2  1 
  51286.1608   13.878  0.003    2  1 
  51286.1639   13.945  0.003    2  1 
  51286.1669   13.906  0.003    2  1 
  51286.1875   13.981  0.003    2  1 
  51286.1908   13.995  0.003    2  1 
  51286.2255   14.157  0.003    2  1 
  51286.2285   14.172  0.003    2  1 
  51286.2476   14.256  0.003    2  1 
  51286.2508   14.264  0.003    2  1 
  51286.2697   14.340  0.003    2  1 
  51286.2727   14.354  0.003    2  1 
  51286.3022   14.449  0.004    2  1 
  51286.3055   14.460  0.004    2  1 
  51286.3218   14.517  0.004    2  1 
  51286.3250   14.517  0.004    2  1 
  51286.3450   14.566  0.004    2  1 
  51286.3481   14.579  0.004    2  1 
  51304.9873   14.064  0.003    2  1 
  51304.9926   13.955  0.003    2  1 
  51305.0328   13.881  0.003    2  1 
  51305.0362   13.909  0.003    2  1 
  51305.0559   14.025  0.003    2  1 
  51305.0599   14.047  0.003    2  1 
  51305.0890   14.183  0.003    2  1 
  51305.0922   14.201  0.003    2  1 
  51305.1235   14.339  0.004    2  1 
  51305.1269   14.351  0.004    2  1 
  51305.1509   14.439  0.004    2  1 
  51305.1547   14.455  0.004    2  1 
  51305.1853   14.551  0.004    2  1 
  51305.1885   14.558  0.004    2  1 
  51305.2098   14.614  0.004    2  1 
  51305.2128   14.618  0.004    2  1 
  51305.2431   14.685  0.004    2  1 
  51305.2461   14.695  0.004    2  1 
  51305.2704   14.740  0.004    2  1 
  51305.2734   14.757  0.004    2  1 
  51305.2966   14.784  0.004    2  1 
  51305.2995   14.776  0.004    2  1 
  51305.9857   14.895  0.004    2  1 
  51305.9885   14.882  0.004    2  1 
  51305.9912   14.874  0.003    2  1 
  51306.0256   14.852  0.004    2  1 
  51306.0285   14.828  0.003    2  1 
  51306.0465   14.850  0.004    2  1 
  51306.0498   14.854  0.004    2  1 
  51306.0896   14.928  0.004    2  1 
  51306.0930   14.936  0.004    2  1 
  51306.1123   14.966  0.004    2  1 
  51306.1151   14.968  0.004    2  1 
  51306.1375   14.775  0.004    2  1 
  51306.1405   14.718  0.004    2  1 
  51306.1636   14.113  0.003    2  1 
  51306.1673   14.035  0.003    2  1 
  51306.1937   13.830  0.002    2  1 
  51306.1966   13.841  0.002    2  1 
  51306.2146   13.913  0.003    2  1 
  51306.2178   13.940  0.003    2  1 
  51306.2343   14.024  0.003    2  1 
  51306.2380   14.050  0.003    2  1 
  51306.2574   14.201  0.002    2  1 
  51306.2602   14.165  0.002    2  1 
  51306.2805   14.247  0.003    2  1 
  51306.2835   14.264  0.003    2  1 
  51306.3009   14.336  0.003    2  1 
  51306.3038   14.352  0.003    2  1 
  51306.3135   14.385  0.003    2  1 
  51306.3184   14.406  0.004    2  1 
  51307.0456   14.732  0.004    2  1 
  51307.0501   14.727  0.004    2  1 
  51307.0593   14.745  0.003    2  1 
  51307.0645   14.708  0.003    2  1 
  51307.0747   14.710  0.004    2  1 
  51308.0084   14.076  0.003    2  1 
  51308.0112   14.090  0.003    2  1 
  51308.0334   14.192  0.003    2  1 
  51308.0362   14.201  0.003    2  1 
  51308.0394   14.223  0.003    2  1 
  51308.0633   14.320  0.003    2  1 
  51308.0663   14.336  0.003    2  1 
  51308.0995   14.457  0.003    2  1 
  51308.1031   14.464  0.003    2  1 
  51308.1280   14.543  0.004    2  1 
  51308.1309   14.549  0.004    2  1 
  51310.0850   14.838  0.003    2  1 
  51310.0874   14.841  0.003    2  1 
  51310.0897   14.844  0.003    2  1 
  51310.0922   14.845  0.003    2  1 
  51310.1430   14.845  0.004    2  1 
  51310.1458   14.849  0.004    2  1 
  51310.1486   14.840  0.004    2  1 
  51311.0244   14.406  0.004    2  1 
  51311.0302   14.415  0.004    2  1 
  51311.0334   14.423  0.004    2  1 
  51311.0506   14.453  0.002    2  1 
  51311.0539   14.472  0.002    2  1 
  51311.0637   14.502  0.003    2  1 
  51311.0669   14.507  0.004    2  1 
  51311.0702   14.503  0.003    2  1 
  51311.0907   14.562  0.004    2  1 
  51311.0946   14.578  0.004    2  1 
  51311.0980   14.586  0.004    2  1 
  51311.1015   14.597  0.004    2  1 
  51311.1071   14.617  0.004    2  1 
  51311.1298   14.663  0.004    2  1 
  51311.1327   14.668  0.004    2  1 
  51311.1357   14.670  0.004    2  1 
  51311.1398   14.681  0.004    2  1 
  51311.1447   14.678  0.004    2  1 
  51311.9726   14.832  0.004    2  1 
  51311.9755   14.881  0.004    2  1 
  51312.0020   14.884  0.004    2  1 
  51312.0049   14.861  0.004    2  1 
  51312.0255   14.679  0.004    2  1 
  51312.0284   14.629  0.004    2  1 
  51312.0314   14.568  0.003    2  1 
  51312.0584   14.067  0.003    2  1 
  51312.0611   14.025  0.003    2  1 
  51312.0638   14.006  0.003    2  1 
  51312.0903   13.970  0.002    2  1 
  51312.0929   13.978  0.002    2  1 
  51312.0955   14.007  0.002    2  1 
  51312.1146   14.073  0.003    2  1 
  51312.1173   14.084  0.003    2  1 
  51312.1200   14.097  0.003    2  1 
  51312.9860   14.781  0.003    2  1 
  51312.9887   14.806  0.004    2  1 
  51312.9913   14.804  0.004    2  1 
  51313.0096   14.799  0.004    2  1 
  51313.0123   14.801  0.004    2  1 
  51313.0149   14.787  0.003    2  1 
  51313.0333   14.807  0.004    2  1 
  51313.0360   14.794  0.004    2  1 
  51313.0386   14.797  0.004    2  1 
  51313.0413   14.815  0.004    2  1 
  51313.0595   14.802  0.003    2  1 
  51313.0622   14.834  0.004    2  1 
  51313.0648   14.847  0.004    2  1 
  51313.0911   14.846  0.004    2  1 
  51313.0937   14.826  0.004    2  1 
  51313.0964   14.836  0.004    2  1 
  51313.1146   14.845  0.004    2  1 
  51313.1172   14.837  0.004    2  1 
  51313.1199   14.853  0.004    2  1 
  51313.1226   14.849  0.004    2  1 
  51313.9843   14.440  0.003    2  1 
  51313.9872   14.442  0.004    2  1 
  51313.9901   14.444  0.004    2  1 
  51314.0178   14.509  0.004    2  1 
  51314.0207   14.518  0.004    2  1 
  51314.0236   14.523  0.004    2  1 
  51314.0432   14.569  0.004    2  1 
  51314.0461   14.576  0.004    2  1 
  51314.0490   14.583  0.004    2  1 
  51314.0772   14.663  0.004    2  1 
  51314.0802   14.669  0.004    2  1 
  51314.0831   14.677  0.004    2  1 
  51314.1030   14.716  0.004    2  1 
  51314.1059   14.716  0.004    2  1 
  51314.1088   14.730  0.004    2  1 
  51314.1289   14.774  0.004    2  1 
  51314.1333   14.759  0.004    2  1 
  51314.1363   14.762  0.004    2  1 
  51314.9827   14.445  0.004    2  1 
  51314.9856   14.399  0.003    2  1 
  51314.9885   14.346  0.003    2  1 
  51315.0015   14.103  0.003    2  1 
  51315.0043   14.059  0.003    2  1 
  51315.0069   14.024  0.003    2  1 
  51315.0251   13.948  0.003    2  1 
  51315.0277   13.966  0.003    2  1 
  51315.0304   13.964  0.003    2  1 
  51315.0489   14.055  0.003    2  1 
  51315.0516   14.057  0.003    2  1 
  51315.0542   14.068  0.003    2  1 
  51315.0780   14.173  0.003    2  1 
  51315.0807   14.191  0.003    2  1 
  51315.0833   14.203  0.003    2  1 
  51315.1015   14.270  0.003    2  1 
  51315.1041   14.279  0.003    2  1 
  51315.1068   14.290  0.003    2  1 
  51315.1290   14.356  0.004    2  1 
  51315.1319   14.367  0.004    2  1 
  51316.0194   14.861  0.004    2  1 
  51316.0221   14.853  0.004    2  1 
  51316.0247   14.866  0.004    2  1 
  51316.0431   14.860  0.004    2  1 
  51316.0458   14.854  0.004    2  1 
  51316.0485   14.843  0.004    2  1 
  51316.0667   14.833  0.004    2  1 
  51316.0693   14.849  0.004    2  1 
  51316.0720   14.832  0.004    2  1 
  51316.0905   14.889  0.004    2  1 
  51316.0934   14.898  0.004    2  1 
  51316.0963   14.909  0.004    2  1 
  51316.1148   14.907  0.004    2  1 
  51316.1175   14.907  0.004    2  1 
  51316.1201   14.899  0.004    2  1 
  51316.9647   14.510  0.004    2  1 
  51316.9676   14.509  0.004    2  1 
  51316.9705   14.521  0.004    2  1 
  51316.9896   14.577  0.003    2  1 
  51316.9923   14.583  0.003    2  1 
  51316.9949   14.592  0.003    2  1 
  51317.0088   14.615  0.004    2  1 
  51317.0117   14.635  0.004    2  1 
  51317.0321   14.684  0.005    2  1 
  51317.0351   14.695  0.004    2  1 
  51317.0391   14.707  0.004    2  1 
  51317.0602   14.748  0.004    2  1 
  51317.0631   14.771  0.004    2  1 
  51317.0660   14.768  0.004    2  1 
  51317.0858   14.791  0.004    2  1 
  51317.0887   14.768  0.004    2  1 
  51317.0916   14.798  0.004    2  1 
  51317.1111   14.786  0.004    2  1 
  51317.1140   14.770  0.004    2  1 
  51317.1169   14.778  0.004    2  1 
  51317.9628   13.941  0.003    2  1 
  51317.9657   13.967  0.003    2  1 
  51317.9685   13.957  0.003    2  1 
  51317.9883   14.023  0.003    2  1 
  51317.9912   14.014  0.003    2  1 
  51317.9941   14.022  0.003    2  1 
  51318.0135   14.123  0.003    2  1 
  51318.0164   14.149  0.003    2  1 
  51318.0194   14.154  0.004    2  1 
  51318.0413   14.235  0.004    2  1 
  51318.0445   14.257  0.004    2  1 
  51318.0477   14.261  0.004    2  1 
  51318.0697   14.331  0.004    2  1 
  51318.0730   14.348  0.004    2  1 
  51318.0762   14.354  0.004    2  1 
  51318.0981   14.407  0.004    2  1 
  51318.1014   14.417  0.004    2  1 
  51318.1046   14.422  0.004    2  1 
  51318.1265   14.468  0.004    2  1 
  51318.1298   14.474  0.004    2  1 
  51318.9642   14.871  0.004    2  1 
  51318.9680   14.870  0.005    2  1 
  51318.9708   14.869  0.004    2  1 
  51318.9737   14.849  0.004    2  1 
  51318.9929   14.830  0.004    2  1 
  51318.9956   14.817  0.004    2  1 
  51318.9983   14.847  0.004    2  1 
  51319.0180   14.835  0.004    2  1 
  51319.0209   14.866  0.004    2  1 
  51319.0238   14.883  0.004    2  1 
  51319.0443   14.915  0.005    2  1 
  51319.0474   14.929  0.005    2  1 
  51319.0505   14.923  0.005    2  1 
  51319.0793   14.901  0.004    2  1 
  51319.0820   14.878  0.004    2  1 
  51319.0847   14.868  0.004    2  1 
  51319.1030   14.583  0.004    2  1 
  51319.1084   14.444  0.003    2  1 
  51319.1110   14.379  0.003    2  1 
  51320.1030   14.805  0.003    2  1 
  51320.1053   14.820  0.003    2  1 
  51320.1076   14.824  0.003    2  1 
  51320.1238   14.839  0.003    2  1 
  51320.1261   14.848  0.003    2  1 
  51320.1284   14.849  0.003    2  1 
  51320.1450   14.827  0.003    2  1 
  51320.1477   14.870  0.004    2  1 
  51320.1503   14.831  0.004    2  1 
  51320.9635   14.081  0.003    2  1 
  51320.9664   14.097  0.003    2  1 
  51320.9693   14.117  0.003    2  1 
  51320.9887   14.221  0.002    2  1 
  51320.9911   14.225  0.002    2  1 
  51320.9936   14.251  0.002    2  1 
  51321.0102   14.280  0.002    2  1 
  51321.0126   14.303  0.003    2  1 
  51321.0150   14.314  0.002    2  1 
  51321.0318   14.356  0.003    2  1 
  51321.0344   14.357  0.003    2  1 
  51321.0369   14.371  0.003    2  1 
  51321.0543   14.417  0.003    2  1 
  51321.0568   14.423  0.003    2  1 
  51321.0594   14.436  0.003    2  1 
  51321.0847   14.505  0.003    2  1 
  51321.0873   14.512  0.003    2  1 
  51321.0898   14.516  0.003    2  1 
  51321.1133   14.579  0.003    2  1 
  51321.1159   14.589  0.003    2  1 
  51321.1186   14.599  0.003    2  1 
  51321.1339   14.624  0.003    2  1 
  51321.1365   14.644  0.003    2  1 
  51332.9696   14.740  0.006    2  1 
  51332.9739   14.742  0.005    2  1 
  51332.9891   14.776  0.005    2  1 
  51332.9928   14.767  0.005    2  1 
  51332.9965   14.763  0.005    2  1 
  51333.0083   14.793  0.005    2  1 
  51333.0120   14.804  0.005    2  1 
  51333.0226   14.800  0.005    2  1 
  51333.0264   14.809  0.005    2  1 
  51333.0514   14.803  0.005    2  1 
  51333.0552   14.791  0.005    2  1 
  51333.0742   14.824  0.005    2  1 
  51333.0779   14.808  0.005    2  1 
  51333.0907   14.842  0.005    2  1 
  51333.0945   14.851  0.005    2  1 
  51333.1178   14.849  0.005    2  1 
  51333.1221   14.836  0.005    2  1 
  51333.1335   14.817  0.005    2  1 
  51333.1369   14.831  0.005    2  1 
  51333.1529   14.842  0.005    2  1 
  51333.1565   14.844  0.006    2  1 
  51333.1716   14.881  0.006    2  1 
  51333.1752   14.892  0.006    2  1 
  51334.9841   14.858  0.004    2  1 
  51334.9871   14.857  0.004    2  1 
  51335.0175   14.400  0.003    2  1 
  51335.0204   14.344  0.003    2  1 
  51335.0301   14.152  0.003    2  1 
  51335.0334   14.098  0.003    2  1 
  51335.0517   13.944  0.003    2  1 
  51335.0552   13.950  0.003    2  1 
  51335.0692   13.986  0.003    2  1 
  51335.0727   13.998  0.003    2  1 
  51335.0833   14.044  0.004    2  1 
  51335.0867   14.064  0.003    2  1 
  51335.1133   14.176  0.004    2  1 
  51335.1167   14.188  0.004    2  1 
  51335.9535   14.783  0.005    2  1 
  51335.9726   14.789  0.005    2  1 
  51335.9768   14.789  0.005    2  1 
  51335.9997   14.805  0.004    2  1 
  51336.0027   14.799  0.004    2  1 
  51336.0203   14.817  0.004    2  1 
  51336.0236   14.813  0.004    2  1 
  51336.0357   14.824  0.005    2  1 
  51336.0388   14.820  0.004    2  1 
  51336.0593   14.841  0.005    2  1 
  51336.0629   14.835  0.005    2  1 
  51336.0769   14.838  0.005    2  1 
  51336.0803   14.824  0.005    2  1 
  51336.1025   14.864  0.005    2  1 
  51336.1059   14.864  0.005    2  1 
  51336.1206   14.870  0.005    2  1 
  51336.1240   14.899  0.005    2  1 
  51337.0101   14.522  0.003    2  1 
  51337.9904   13.973  0.004    2  1 
  51337.9940   13.963  0.004    2  1 
  51338.0162   14.001  0.003    2  1 
  51338.0196   14.028  0.003    2  1 
  51338.0339   14.088  0.004    2  1 
  51338.0376   14.122  0.004    2  1 
  51338.9901   14.841  0.004    2  1 
  51338.9938   14.846  0.004    2  1 
  51339.0226   14.808  0.005    2  1 
  51339.0269   14.827  0.005    2  1 
  51339.0867   14.802  0.004    2  1 
  51339.0905   14.858  0.005    2  1 
  51339.1139   14.822  0.005    2  1 
  51339.1177   14.776  0.005    2  1 
  51339.1448   14.327  0.004    2  1 
  51339.1482   14.267  0.004    2  1 
  51339.9766   14.595  0.004    2  1 
  51339.9795   14.605  0.004    2  1 
  51340.0044   14.683  0.004    2  1 
  51340.0078   14.690  0.004    2  1 
  51340.0274   14.732  0.004    2  1 
  51340.0306   14.741  0.004    2  1 
  51340.0540   14.772  0.004    2  1 
  51340.0572   14.778  0.004    2  1 
  51340.0857   14.773  0.004    2  1 
  51340.0892   14.777  0.005    2  1 
  51340.1152   14.768  0.004    2  1 
  51340.1197   14.774  0.004    2  1 
  51340.1229   14.785  0.004    2  1 
  51340.1263   14.788  0.004    2  1 
  51340.1404   14.791  0.004    2  1 
  51340.1437   14.796  0.005    2  1 
  51344.9924   14.985  0.004    2  1 
  51344.9958   14.975  0.004    2  1 
  51344.9988   14.971  0.004    2  1 
  51345.0216   14.744  0.004    2  1 
  51345.0255   14.659  0.005    2  1 
  51345.0302   14.530  0.004    2  1 
  51345.0553   13.910  0.003    2  1 
  51345.0603   13.837  0.003    2  1 
  51345.9856   14.824  0.005    2  1 
  51345.9896   14.828  0.005    2  1 
  51346.0219   14.850  0.005    2  1 
  51346.0264   14.858  0.005    2  1 
  51346.0486   14.872  0.005    2  1 
  51346.0523   14.874  0.005    2  1 
  51346.0791   14.873  0.005    2  1 
  51346.0826   14.872  0.004    2  1 
  51347.0416   14.619  0.004    2  1 
  51347.0453   14.631  0.003    2  1 
  51347.0743   14.701  0.004    2  1 
  51347.0777   14.706  0.004    2  1 
  51347.0990   14.748  0.004    2  1 
  51347.1022   14.758  0.003    2  1 
  51347.9769   14.509  0.004    2  1 
  51347.9802   14.398  0.004    2  1 
  51347.9834   14.290  0.003    2  1 
  51347.9983   13.944  0.003    2  1 
  51348.0028   13.860  0.003    2  1 
  51348.0063   13.821  0.003    2  1 
  51348.0242   13.811  0.003    2  1 
  51348.0274   13.833  0.003    2  1 
  51348.0943   14.185  0.004    2  1 
  51348.0983   14.219  0.004    2  1 
  51348.1018   14.223  0.004    2  1 
  51348.9650   14.865  0.005    2  1 
  51348.9682   14.872  0.004    2  1 
  51348.9853   14.862  0.004    2  1 
  51348.9883   14.864  0.004    2  1 
  51348.9912   14.881  0.004    2  1 
  51349.0316   14.845  0.004    2  1 
  51349.0346   14.836  0.004    2  1 
  51349.9815   14.597  0.003    2  1 
  51349.9851   14.610  0.003    2  1 
  51349.9973   14.646  0.004    2  1 
  51350.0033   14.657  0.005    2  1 
  51350.0066   14.663  0.004    2  1 
  51350.0164   14.685  0.004    2  1 
  51350.0197   14.699  0.004    2  1 
  51350.0296   14.713  0.004    2  1 
  51380.9973   13.961  0.003    2  1 
  51381.0004   13.945  0.002    2  1 
  51381.0031   13.940  0.002    2  1 
  51381.0187   13.975  0.003    2  1 
  51381.0214   13.987  0.003    2  1 
  51381.0242   13.996  0.003    2  1 
  51381.9830   14.810  0.004    2  1 
  51381.9859   14.787  0.004    2  1 
  51381.9888   14.797  0.004    2  1 
  51382.0000   14.842  0.004    2  1 
  51382.0029   14.810  0.004    2  1 
  51382.9793   14.596  0.004    2  1 
  51382.9826   14.602  0.004    2  1 
  51382.9857   14.606  0.004    2  1 
  51382.9965   14.635  0.004    2  1 
  51382.9995   14.615  0.004    2  1 
  51383.9746   14.008  0.003    2  1 
  51383.9773   14.026  0.003    2  1 
  51383.9799   14.045  0.003    2  1 
  51383.9899   14.089  0.003    2  1 
  51383.9926   14.103  0.003    2  1 
  51384.9751   14.783  0.003    2  1 
  51384.9777   14.825  0.003    2  1 
  51384.9802   14.785  0.003    2  1 
  51384.9896   14.866  0.004    2  1 
  51384.9921   14.799  0.003    2  1 
  51385.9711   14.743  0.004    2  1 
  51385.9737   14.743  0.004    2  1 
  51385.9763   14.738  0.003    2  1 
  51385.9857   14.766  0.004    2  1 
  51385.9884   14.775  0.004    2  1 
  51386.9965   14.297  0.003    2  1 
  51387.0003   14.313  0.003    2  1 
  51387.0041   14.322  0.003    2  1 
  51387.0216   14.374  0.004    2  1 
  51387.0254   14.387  0.004    2  1 
  51387.0293   14.400  0.004    2  1 
  51388.9801   14.808  0.005    2  1 
  51388.9834   14.811  0.004    2  1 
  51388.9866   14.822  0.005    2  1 
  51388.9984   14.789  0.005    2  1 
  51389.0017   14.795  0.004    2  1 
  51389.9783   14.405  0.003    2  1 
  51389.9809   14.417  0.003    2  1 
  51389.9836   14.427  0.003    2  1 
  51390.9729   14.800  0.004    2  1 
  51390.9756   14.731  0.003    2  1 
  51390.9783   14.659  0.003    2  1 
  51391.9728   14.869  0.003    2  1 
  51391.9754   14.855  0.003    2  1 
  51391.9779   14.877  0.003    2  1 
  51671.0871   14.654  0.004    2  1 
  51671.0917   14.666  0.004    2  1 
  51671.0952   14.672  0.004    2  1 
  51671.1189   14.737  0.004    2  1 
  51671.1232   14.746  0.005    2  1 
  51671.9996   14.417  0.003    2  1 
  51672.0039   14.339  0.003    2  1 
  51672.0350   13.948  0.003    2  1 
  51672.0382   13.946  0.003    2  1 
  51673.0232   14.831  0.003    2  1 
  51674.0574   14.706  0.005    2  1 
  51674.0620   14.706  0.005    2  1 
  51674.0938   14.762  0.005    2  1 
  51674.0985   14.773  0.005    2  1 
  51674.1159   14.789  0.005    2  1 
  51674.1223   14.788  0.005    2  1 
  51674.9763   13.947  0.004    2  1 
  51674.9824   13.935  0.004    2  1 
  51675.0212   14.094  0.004    2  1 
  51676.0163   14.840  0.004    2  1 
  51692.9816   14.783  0.004    2  1 
  51692.9854   14.788  0.004    2  1 
  51693.9780   14.445  0.004    2  1 
  51693.9814   14.452  0.004    2  1 
  51694.9914   14.118  0.003    2  1 
  51694.9946   14.066  0.003    2  1 
  51765.9974   14.775  0.004    2  1 
  51766.0012   14.765  0.004    2  1 
  51766.0048   14.781  0.004    2  1 
  51766.0266   14.774  0.004    2  1 
  51766.0301   14.776  0.004    2  1 
  51216.3144   15.410  0.005    3  1 
  51216.3408   15.498  0.005    3  1 
  51216.3634   15.522  0.005    3  1 
  51216.3905   15.640  0.006    3  1 
  51217.3019   14.444  0.003    3  1 
  51217.3494   14.765  0.003    3  1 
  51217.3710   14.889  0.003    3  1 
  51217.3906   14.986  0.004    3  1 
  51218.2854   15.661  0.006    3  1 
  51218.3156   15.747  0.007    3  1 
  51218.3347   15.589  0.005    3  1 
  51218.3653   15.390  0.004    3  1 
  51218.3848   14.307  0.003    3  1 
  51219.2918   15.494  0.005    3  1 
  51219.3100   15.543  0.005    3  1 
  51219.3296   15.522  0.005    3  1 
  51219.3536   15.562  0.005    3  1 
  51219.3723   15.533  0.005    3  1 
  51220.2720   14.658  0.003    3  1 
  51220.2946   14.782  0.003    3  1 
  51220.3117   14.876  0.003    3  1 
  51220.3299   14.968  0.004    3  1 
  51220.3473   15.050  0.004    3  1 
  51220.3643   15.119  0.004    3  1 
  51220.3816   15.185  0.004    3  1 
  51221.2763   15.615  0.005    3  1 
  51221.2964   15.366  0.004    3  1 
  51221.3145   14.816  0.003    3  1 
  51221.3318   14.331  0.003    3  1 
  51221.3496   14.100  0.002    3  1 
  51221.3673   14.146  0.002    3  1 
  51283.2546   14.201  0.002    3  1 
  51283.2783   14.389  0.002    3  1 
  51283.3008   14.542  0.003    3  1 
  51283.3322   14.757  0.003    3  1 
  51283.3553   14.892  0.003    3  1 
  51283.3773   15.023  0.003    3  1 
  51284.2134   15.612  0.005    3  1 
  51284.2375   15.537  0.005    3  1 
  51284.2581   15.561  0.005    3  1 
  51284.2875   15.742  0.006    3  1 
  51284.3124   15.756  0.005    3  1 
  51284.3383   15.446  0.005    3  1 
  51285.0451   14.410  0.002    3  1 
  51285.0691   14.576  0.002    3  1 
  51285.0932   14.721  0.003    3  1 
  51285.1257   14.907  0.003    3  1 
  51285.1514   15.030  0.003    3  1 
  51285.1754   15.156  0.004    3  1 
  51285.2060   15.287  0.004    3  1 
  51285.2321   15.383  0.004    3  1 
  51285.2586   15.495  0.005    3  1 
  51285.2928   15.511  0.004    3  1 
  51285.3257   15.543  0.004    3  1 
  51286.0393   15.548  0.004    3  1 
  51286.0670   15.656  0.004    3  1 
  51286.0977   15.424  0.003    3  1 
  51286.1302   14.556  0.002    3  1 
  51286.1560   14.035  0.002    3  1 
  51286.1833   14.154  0.002    3  1 
  51286.2193   14.386  0.002    3  1 
  51286.2434   14.560  0.003    3  1 
  51286.2655   14.696  0.003    3  1 
  51286.2958   14.875  0.003    3  1 
  51286.3291   15.053  0.003    3  1 
  51286.3521   15.165  0.004    3  1 
  51304.9838   14.413  0.002    3  1 
  51305.0251   13.984  0.002    3  1 
  51305.0718   14.340  0.003    3  1 
  51305.0961   14.515  0.003    3  1 
  51305.1465   14.858  0.004    3  1 
  51305.1755   15.032  0.004    3  1 
  51305.2054   15.188  0.005    3  1 
  51305.2345   15.329  0.005    3  1 
  51305.2666   15.384  0.005    3  1 
  51305.2880   15.444  0.005    3  1 
  51305.9773   15.612  0.004    3  1 
  51306.0428   15.469  0.005    3  1 
  51306.0809   15.616  0.005    3  1 
  51306.1087   15.537  0.003    3  1 
  51306.1330   15.518  0.005    3  1 
  51306.1578   14.561  0.003    3  1 
  51306.1875   14.006  0.002    3  1 
  51306.2101   14.058  0.002    3  1 
  51306.2308   14.229  0.002    3  1 
  51306.2771   14.555  0.002    3  1 
  51306.2972   14.699  0.003    3  1 
  51308.0294   14.469  0.002    3  1 
  51308.0600   14.672  0.002    3  1 
  51308.0919   14.840  0.002    3  1 
  51308.0958   14.871  0.003    3  1 
  51308.1244   15.026  0.003    3  1 
  51310.1100   15.407  0.002    3  1 
  51311.9792   15.833  0.008    3  1 
  51311.9983   15.624  0.005    3  1 
  51312.0087   15.538  0.005    3  1 
  51312.0350   14.936  0.003    3  1 
  51312.0550   14.398  0.002    3  1 
  51312.0672   14.149  0.002    3  1 
  51312.0870   14.154  0.002    3  1 
  51312.0988   14.207  0.002    3  1 
  51312.9828   15.415  0.003    3  1 
  51313.0063   15.469  0.004    3  1 
  51313.0300   15.471  0.004    3  1 
  51313.1113   15.523  0.004    3  1 
  51313.9807   14.876  0.003    3  1 
  51314.0143   14.994  0.003    3  1 
  51314.0397   15.104  0.004    3  1 
  51314.1124   15.459  0.005    3  1 
  51314.9752   15.078  0.003    3  1 
  51315.0102   14.183  0.002    3  1 
  51315.0336   14.171  0.002    3  1 
  51315.0747   14.434  0.002    3  1 
  51315.0982   14.572  0.003    3  1 
  51315.1216   14.713  0.003    3  1 
  51316.0399   15.525  0.004    3  1 
  51316.0634   15.549  0.004    3  1 
  51316.0869   15.637  0.005    3  1 
  51316.1115   15.628  0.004    3  1 
  51316.9740   15.075  0.004    3  1 
  51317.0052   15.270  0.005    3  1 
  51317.0566   15.454  0.005    3  1 
  51317.0822   15.520  0.005    3  1 
  51317.1075   15.526  0.005    3  1 
  51317.9847   14.138  0.002    3  1 
  51318.0099   14.293  0.003    3  1 
  51318.0374   14.487  0.004    3  1 
  51318.0942   14.831  0.011    3  1 
  51318.1226   14.972  0.005    3  1 
  51318.9772   15.616  0.005    3  1 
  51319.0019   15.529  0.005    3  1 
  51319.0274   15.610  0.005    3  1 
  51319.0757   15.629  0.005    3  1 
  51319.0997   15.200  0.004    3  1 
  51320.1000   15.443  0.003    3  1 
  51320.1417   15.559  0.004    3  1 
  51320.9728   14.392  0.002    3  1 
  51320.9965   14.687  0.002    3  1 
  51321.0180   14.658  0.002    3  1 
  51321.0400   14.776  0.003    3  1 
  51321.0624   14.865  0.003    3  1 
  51321.0930   15.036  0.003    3  1 
  51321.1217   15.166  0.003    3  1 
  51380.9937   14.174  0.002    3  1 
  51381.9793   15.527  0.005    3  1 
  51382.9755   15.223  0.006    3  1 
  51383.9715   14.200  0.002    3  1 
  51385.9679   15.345  0.004    3  1 
  51386.9917   14.626  0.003    3  1 
  51388.9755   15.664  0.007    3  1 
  51389.9750   14.811  0.003    3  1 
  51693.9923   14.927  0.003    3  1 
  51695.0052   14.177  0.002    3  1 
 56468.97641   13.107  0.023   -1  1 
 56469.04707   13.139  0.018   -1  1 
 56469.10896   13.128  0.022   -1  1 
 56469.17285   13.401  0.016   -1  1 
 56471.00364   13.268  0.013   -1  1 
 56471.06640   13.469  0.014   -1  1 
 56471.12490   13.244  0.013   -1  1 
 56471.18188   13.070  0.008   -1  1 
 56471.96759   13.035  0.018   -1  1 
 56472.03374   13.142  0.009   -1  1 
 56472.09484   13.229  0.011   -1  1 
 56472.15243   13.266  0.005   -1  1 
 56468.95296   13.035  0.021   -2  1 
 56469.02441   12.974  0.013   -2  1 
 56469.08813   13.096  0.012   -2  1 
 56469.15134   13.157  0.007   -2  1 
 56471.02588   13.272  0.011   -2  1 
 56471.08671   13.402  0.008   -2  1 
 56471.14302   13.119  0.008   -2  1 
 56471.94704   13.094  0.024   -2  1 
 56472.01085   13.131  0.019   -2  1 
 56472.07480   13.177  0.008   -2  1 
 56472.13240   13.243  0.011   -2  1 
 56472.19216   13.349  0.016   -2  1 
 56469.00041   13.346  0.011   -5  1 
 56469.06767   13.460  0.012   -5  1 
 56469.13003   13.539  0.009   -5  1 
 56469.19349   13.570  0.004   -5  1 
 56470.98130   13.649  0.016   -5  1 
 56471.04693   13.713  0.010   -5  1 
 56471.10523   13.661  0.015   -5  1 
 56471.16397   13.233  0.023   -5  1 
 56471.98857   13.441  0.031   -5  1 
 56472.05430   13.490  0.007   -5  1 
 56472.11383   13.555  0.009   -5  1 
 56472.17109   13.597  0.005   -5  1 
