  51216.3218   14.458  0.004    2  1 
  51216.3464   14.532  0.004    2  1 
  51216.3689   14.610  0.005    2  1 
  51216.3980   14.714  0.006    2  1 
  51217.3101   14.792  0.005    2  1 
  51217.3328   14.633  0.005    2  1 
  51217.3552   14.534  0.004    2  1 
  51217.3759   14.512  0.004    2  1 
  51217.3953   14.481  0.005    2  1 
  51218.2773   14.532  0.005    2  1 
  51218.3093   14.645  0.005    2  1 
  51218.3298   14.722  0.005    2  1 
  51218.3573   14.798  0.005    2  1 
  51218.3794   14.849  0.005    2  1 
  51219.3336   14.461  0.004    2  1 
  51219.3596   14.439  0.004    2  1 
  51219.3768   14.432  0.004    2  1 
  51220.2621   14.727  0.005    2  1 
  51220.2906   14.806  0.005    2  1 
  51220.3077   14.842  0.005    2  1 
  51220.3257   14.870  0.005    2  1 
  51220.3432   14.873  0.005    2  1 
  51220.3602   14.874  0.005    2  1 
  51220.3776   14.851  0.005    2  1 
  51221.2835   14.422  0.004    2  1 
  51221.3009   14.413  0.004    2  1 
  51221.3188   14.432  0.004    2  1 
  51221.3358   14.469  0.004    2  1 
  51221.3538   14.507  0.004    2  1 
  51221.3722   14.568  0.004    2  1 
  51283.2451   14.831  0.004    2  1 
  51283.2493   14.842  0.005    2  1 
  51283.2714   14.884  0.005    2  1 
  51283.2748   14.882  0.005    2  1 
  51283.2939   14.893  0.005    2  1 
  51283.2972   14.890  0.005    2  1 
  51283.3202   14.877  0.005    2  1 
  51283.3234   14.872  0.005    2  1 
  51283.3487   14.769  0.004    2  1 
  51283.3518   14.753  0.004    2  1 
  51283.3707   14.604  0.004    2  1 
  51283.3738   14.587  0.004    2  1 
  51284.2195   14.462  0.004    2  1 
  51284.2229   14.455  0.004    2  1 
  51284.2413   14.437  0.004    2  1 
  51284.2443   14.435  0.004    2  1 
  51284.2617   14.431  0.004    2  1 
  51284.2648   14.433  0.004    2  1 
  51284.2942   14.474  0.004    2  1 
  51284.2973   14.485  0.004    2  1 
  51284.3168   14.538  0.004    2  1 
  51284.3211   14.556  0.004    2  1 
  51284.3428   14.646  0.005    2  1 
  51284.3464   14.653  0.004    2  1 
  51285.0513   14.454  0.003    2  1 
  51285.0543   14.458  0.003    2  1 
  51285.0739   14.505  0.004    2  1 
  51285.0778   14.524  0.004    2  1 
  51285.0975   14.585  0.004    2  1 
  51285.1006   14.598  0.005    2  1 
  51285.1324   14.711  0.004    2  1 
  51285.1360   14.713  0.004    2  1 
  51285.1558   14.773  0.004    2  1 
  51285.1588   14.786  0.004    2  1 
  51285.1796   14.836  0.004    2  1 
  51285.1830   14.839  0.004    2  1 
  51285.2125   14.884  0.005    2  1 
  51285.2157   14.884  0.005    2  1 
  51285.2362   14.887  0.005    2  1 
  51285.2426   14.880  0.005    2  1 
  51285.2630   14.848  0.005    2  1 
  51285.2666   14.834  0.005    2  1 
  51285.2998   14.609  0.004    2  1 
  51285.3033   14.585  0.004    2  1 
  51285.3308   14.540  0.004    2  1 
  51285.3348   14.535  0.004    2  1 
  51285.3382   14.533  0.004    2  1 
  51286.0461   14.788  0.004    2  1 
  51286.0493   14.771  0.004    2  1 
  51286.0716   14.622  0.004    2  1 
  51286.0753   14.602  0.004    2  1 
  51286.1026   14.554  0.004    2  1 
  51286.1061   14.548  0.004    2  1 
  51286.1365   14.472  0.004    2  1 
  51286.1398   14.479  0.004    2  1 
  51286.1608   14.438  0.004    2  1 
  51286.1639   14.443  0.003    2  1 
  51286.1669   14.441  0.003    2  1 
  51286.1875   14.432  0.004    2  1 
  51286.1908   14.432  0.004    2  1 
  51286.2255   14.480  0.004    2  1 
  51286.2285   14.490  0.004    2  1 
  51286.2476   14.543  0.004    2  1 
  51286.2508   14.559  0.004    2  1 
  51286.2697   14.623  0.004    2  1 
  51286.2727   14.634  0.004    2  1 
  51286.3022   14.739  0.004    2  1 
  51286.3055   14.749  0.004    2  1 
  51286.3218   14.794  0.004    2  1 
  51286.3250   14.799  0.004    2  1 
  51286.3450   14.846  0.004    2  1 
  51286.3481   14.846  0.004    2  1 
  51304.9873   14.683  0.004    2  1 
  51304.9926   14.646  0.004    2  1 
  51305.0328   14.522  0.004    2  1 
  51305.0362   14.518  0.004    2  1 
  51305.0559   14.482  0.004    2  1 
  51305.0599   14.475  0.004    2  1 
  51305.0890   14.428  0.004    2  1 
  51305.0922   14.428  0.004    2  1 
  51305.1235   14.421  0.004    2  1 
  51305.1269   14.424  0.004    2  1 
  51305.1509   14.481  0.005    2  1 
  51305.1547   14.494  0.005    2  1 
  51305.1853   14.597  0.004    2  1 
  51305.1885   14.613  0.005    2  1 
  51305.2098   14.689  0.004    2  1 
  51305.2128   14.702  0.004    2  1 
  51305.2431   14.791  0.005    2  1 
  51305.2461   14.793  0.005    2  1 
  51305.2704   14.848  0.005    2  1 
  51305.2734   14.854  0.005    2  1 
  51305.2966   14.884  0.005    2  1 
  51305.2995   14.887  0.005    2  1 
  51305.9857   14.693  0.003    2  1 
  51305.9885   14.708  0.003    2  1 
  51305.9912   14.721  0.003    2  1 
  51306.0256   14.815  0.004    2  1 
  51306.0285   14.818  0.004    2  1 
  51306.0465   14.852  0.004    2  1 
  51306.0498   14.856  0.004    2  1 
  51306.0896   14.876  0.004    2  1 
  51306.0930   14.874  0.004    2  1 
  51306.1123   14.846  0.004    2  1 
  51306.1151   14.839  0.004    2  1 
  51306.1375   14.745  0.004    2  1 
  51306.1405   14.723  0.004    2  1 
  51306.1636   14.550  0.004    2  1 
  51306.1673   14.535  0.004    2  1 
  51306.1937   14.516  0.003    2  1 
  51306.1966   14.510  0.003    2  1 
  51306.2146   14.481  0.004    2  1 
  51306.2178   14.481  0.003    2  1 
  51306.2343   14.460  0.003    2  1 
  51306.2380   14.464  0.003    2  1 
  51306.2574   14.439  0.003    2  1 
  51306.2602   14.437  0.003    2  1 
  51306.2805   14.446  0.003    2  1 
  51306.2835   14.447  0.003    2  1 
  51306.3009   14.472  0.003    2  1 
  51306.3038   14.476  0.003    2  1 
  51306.3135   14.499  0.004    2  1 
  51306.3184   14.511  0.004    2  1 
  51307.0456   14.419  0.004    2  1 
  51307.0501   14.419  0.004    2  1 
  51307.0593   14.434  0.003    2  1 
  51307.0645   14.437  0.003    2  1 
  51307.0699   14.422  0.009    2  1 
  51307.0747   14.457  0.006    2  1 
  51308.0084   14.880  0.004    2  1 
  51308.0112   14.875  0.004    2  1 
  51308.0334   14.867  0.004    2  1 
  51308.0362   14.857  0.004    2  1 
  51308.0394   14.861  0.004    2  1 
  51308.0633   14.772  0.004    2  1 
  51308.0663   14.752  0.003    2  1 
  51308.0995   14.536  0.003    2  1 
  51308.1031   14.532  0.003    2  1 
  51308.1280   14.506  0.004    2  1 
  51308.1309   14.503  0.004    2  1 
  51310.0850   14.465  0.003    2  1 
  51310.0874   14.471  0.002    2  1 
  51310.0897   14.456  0.002    2  1 
  51310.0922   14.458  0.003    2  1 
  51310.1430   14.438  0.003    2  1 
  51310.1458   14.441  0.003    2  1 
  51310.1486   14.439  0.004    2  1 
  51311.0244   14.776  0.007    2  1 
  51311.0302   14.781  0.006    2  1 
  51311.0334   14.795  0.006    2  1 
  51311.0506   14.833  0.003    2  1 
  51311.0539   14.846  0.003    2  1 
  51311.0637   14.852  0.004    2  1 
  51311.0669   14.864  0.005    2  1 
  51311.0702   14.883  0.004    2  1 
  51311.0907   14.889  0.005    2  1 
  51311.0946   14.886  0.005    2  1 
  51311.0980   14.884  0.005    2  1 
  51311.1015   14.886  0.005    2  1 
  51311.1071   14.884  0.005    2  1 
  51311.1298   14.862  0.005    2  1 
  51311.1327   14.854  0.005    2  1 
  51311.1357   14.846  0.005    2  1 
  51311.1398   14.838  0.005    2  1 
  51311.1447   14.817  0.005    2  1 
  51311.9726   14.540  0.005    2  1 
  51311.9755   14.536  0.004    2  1 
  51312.0020   14.478  0.004    2  1 
  51312.0049   14.471  0.004    2  1 
  51312.0255   14.460  0.004    2  1 
  51312.0284   14.447  0.004    2  1 
  51312.0314   14.450  0.003    2  1 
  51312.0584   14.427  0.003    2  1 
  51312.0611   14.428  0.003    2  1 
  51312.0638   14.424  0.003    2  1 
  51312.0903   14.464  0.003    2  1 
  51312.0929   14.469  0.003    2  1 
  51312.0955   14.483  0.003    2  1 
  51312.1146   14.522  0.004    2  1 
  51312.1173   14.535  0.003    2  1 
  51312.1200   14.542  0.003    2  1 
  51312.9860   14.836  0.004    2  1 
  51312.9887   14.829  0.004    2  1 
  51312.9913   14.845  0.004    2  1 
  51313.0096   14.872  0.004    2  1 
  51313.0123   14.870  0.004    2  1 
  51313.0149   14.873  0.004    2  1 
  51313.0333   14.892  0.004    2  1 
  51313.0360   14.885  0.004    2  1 
  51313.0386   14.887  0.004    2  1 
  51313.0413   14.882  0.004    2  1 
  51313.0595   14.865  0.004    2  1 
  51313.0622   14.854  0.004    2  1 
  51313.0648   14.847  0.004    2  1 
  51313.0911   14.720  0.004    2  1 
  51313.0937   14.705  0.004    2  1 
  51313.0964   14.684  0.004    2  1 
  51313.1146   14.551  0.003    2  1 
  51313.1172   14.546  0.003    2  1 
  51313.1199   14.540  0.003    2  1 
  51313.1226   14.537  0.003    2  1 
  51313.9843   14.426  0.004    2  1 
  51313.9872   14.423  0.004    2  1 
  51313.9901   14.424  0.004    2  1 
  51314.0178   14.453  0.004    2  1 
  51314.0207   14.463  0.004    2  1 
  51314.0236   14.468  0.004    2  1 
  51314.0432   14.520  0.004    2  1 
  51314.0461   14.527  0.004    2  1 
  51314.0490   14.538  0.004    2  1 
  51314.0772   14.634  0.004    2  1 
  51314.0802   14.643  0.004    2  1 
  51314.0831   14.653  0.004    2  1 
  51314.1030   14.727  0.005    2  1 
  51314.1059   14.731  0.005    2  1 
  51314.1088   14.742  0.005    2  1 
  51314.1289   14.791  0.005    2  1 
  51314.1333   14.810  0.005    2  1 
  51314.1363   14.819  0.005    2  1 
  51314.9827   14.870  0.004    2  1 
  51314.9856   14.867  0.004    2  1 
  51314.9885   14.862  0.004    2  1 
  51315.0015   14.835  0.004    2  1 
  51315.0043   14.825  0.004    2  1 
  51315.0069   14.809  0.004    2  1 
  51315.0251   14.695  0.004    2  1 
  51315.0277   14.673  0.004    2  1 
  51315.0304   14.649  0.004    2  1 
  51315.0489   14.551  0.003    2  1 
  51315.0516   14.536  0.003    2  1 
  51315.0542   14.538  0.003    2  1 
  51315.0780   14.515  0.003    2  1 
  51315.0807   14.504  0.003    2  1 
  51315.0833   14.505  0.004    2  1 
  51315.1015   14.469  0.004    2  1 
  51315.1041   14.466  0.004    2  1 
  51315.1068   14.465  0.003    2  1 
  51315.1290   14.440  0.004    2  1 
  51315.1319   14.429  0.004    2  1 
  51316.0194   14.672  0.004    2  1 
  51316.0221   14.687  0.004    2  1 
  51316.0247   14.692  0.004    2  1 
  51316.0431   14.754  0.004    2  1 
  51316.0458   14.764  0.004    2  1 
  51316.0485   14.767  0.004    2  1 
  51316.0667   14.820  0.004    2  1 
  51316.0693   14.827  0.004    2  1 
  51316.0720   14.829  0.004    2  1 
  51316.0905   14.854  0.004    2  1 
  51316.0934   14.862  0.004    2  1 
  51316.0963   14.864  0.004    2  1 
  51316.1148   14.877  0.004    2  1 
  51316.1175   14.875  0.004    2  1 
  51316.1201   14.869  0.004    2  1 
  51316.9647   14.633  0.004    2  1 
  51316.9676   14.614  0.004    2  1 
  51316.9705   14.592  0.004    2  1 
  51316.9896   14.535  0.004    2  1 
  51316.9923   14.543  0.004    2  1 
  51316.9949   14.536  0.003    2  1 
  51317.0088   14.508  0.004    2  1 
  51317.0117   14.506  0.004    2  1 
  51317.0321   14.473  0.005    2  1 
  51317.0351   14.481  0.004    2  1 
  51317.0391   14.470  0.004    2  1 
  51317.0602   14.436  0.004    2  1 
  51317.0631   14.441  0.004    2  1 
  51317.0660   14.432  0.004    2  1 
  51317.0858   14.423  0.004    2  1 
  51317.0887   14.427  0.004    2  1 
  51317.0916   14.433  0.004    2  1 
  51317.1111   14.461  0.004    2  1 
  51317.1140   14.468  0.004    2  1 
  51317.1169   14.470  0.004    2  1 
  51317.9628   14.723  0.005    2  1 
  51317.9657   14.738  0.005    2  1 
  51317.9685   14.741  0.005    2  1 
  51317.9883   14.806  0.005    2  1 
  51317.9912   14.809  0.005    2  1 
  51317.9941   14.816  0.005    2  1 
  51318.0135   14.854  0.005    2  1 
  51318.0164   14.863  0.006    2  1 
  51318.0194   14.865  0.006    2  1 
  51318.0413   14.887  0.005    2  1 
  51318.0445   14.898  0.006    2  1 
  51318.0477   14.886  0.005    2  1 
  51318.0697   14.884  0.006    2  1 
  51318.0730   14.893  0.006    2  1 
  51318.0762   14.880  0.006    2  1 
  51318.0981   14.828  0.006    2  1 
  51318.1014   14.805  0.006    2  1 
  51318.1046   14.795  0.007    2  1 
  51318.1265   14.627  0.006    2  1 
  51318.1298   14.606  0.006    2  1 
  51318.9642   14.483  0.003    2  1 
  51318.9680   14.476  0.004    2  1 
  51318.9708   14.482  0.004    2  1 
  51318.9737   14.467  0.004    2  1 
  51318.9929   14.439  0.003    2  1 
  51318.9956   14.434  0.003    2  1 
  51318.9983   14.432  0.004    2  1 
  51319.0180   14.420  0.004    2  1 
  51319.0209   14.430  0.004    2  1 
  51319.0238   14.431  0.004    2  1 
  51319.0443   14.468  0.004    2  1 
  51319.0474   14.475  0.004    2  1 
  51319.0505   14.485  0.004    2  1 
  51319.0793   14.574  0.004    2  1 
  51319.0820   14.578  0.004    2  1 
  51319.0847   14.591  0.003    2  1 
  51319.1030   14.660  0.004    2  1 
  51319.1084   14.678  0.004    2  1 
  51319.1110   14.687  0.004    2  1 
  51320.1030   14.507  0.003    2  1 
  51320.1053   14.502  0.003    2  1 
  51320.1076   14.486  0.003    2  1 
  51320.1238   14.460  0.003    2  1 
  51320.1261   14.465  0.003    2  1 
  51320.1284   14.454  0.003    2  1 
  51320.1450   14.441  0.003    2  1 
  51320.1477   14.444  0.003    2  1 
  51320.1503   14.437  0.003    2  1 
  51320.9635   14.448  0.004    2  1 
  51320.9664   14.447  0.004    2  1 
  51320.9693   14.455  0.004    2  1 
  51320.9887   14.500  0.003    2  1 
  51320.9911   14.506  0.003    2  1 
  51320.9936   14.517  0.003    2  1 
  51321.0102   14.573  0.003    2  1 
  51321.0126   14.582  0.003    2  1 
  51321.0150   14.586  0.003    2  1 
  51321.0318   14.645  0.003    2  1 
  51321.0344   14.654  0.003    2  1 
  51321.0369   14.668  0.003    2  1 
  51321.0543   14.719  0.004    2  1 
  51321.0568   14.731  0.003    2  1 
  51321.0594   14.739  0.004    2  1 
  51321.0847   14.801  0.004    2  1 
  51321.0873   14.812  0.004    2  1 
  51321.0898   14.825  0.004    2  1 
  51321.1133   14.858  0.004    2  1 
  51321.1159   14.868  0.004    2  1 
  51321.1186   14.872  0.004    2  1 
  51321.1339   14.888  0.004    2  1 
  51321.1365   14.890  0.004    2  1 
  51332.9696   14.525  0.006    2  1 
  51332.9739   14.536  0.006    2  1 
  51332.9891   14.592  0.005    2  1 
  51332.9928   14.603  0.006    2  1 
  51332.9965   14.613  0.006    2  1 
  51333.0083   14.657  0.005    2  1 
  51333.0120   14.668  0.005    2  1 
  51333.0226   14.707  0.005    2  1 
  51333.0264   14.715  0.005    2  1 
  51333.0514   14.790  0.006    2  1 
  51333.0552   14.804  0.007    2  1 
  51333.0742   14.839  0.006    2  1 
  51333.0779   14.849  0.006    2  1 
  51333.0907   14.868  0.006    2  1 
  51333.0945   14.863  0.005    2  1 
  51333.1178   14.891  0.006    2  1 
  51333.1221   14.892  0.006    2  1 
  51333.1335   14.890  0.006    2  1 
  51333.1369   14.881  0.006    2  1 
  51333.1529   14.848  0.006    2  1 
  51333.1565   14.846  0.006    2  1 
  51333.1716   14.764  0.006    2  1 
  51333.1752   14.739  0.006    2  1 
  51334.9841   14.787  0.004    2  1 
  51334.9871   14.796  0.004    2  1 
  51335.0175   14.857  0.004    2  1 
  51335.0204   14.855  0.004    2  1 
  51335.0301   14.867  0.005    2  1 
  51335.0334   14.874  0.005    2  1 
  51335.0517   14.882  0.005    2  1 
  51335.0552   14.887  0.005    2  1 
  51335.0692   14.877  0.005    2  1 
  51335.0727   14.868  0.005    2  1 
  51335.0833   14.848  0.005    2  1 
  51335.0867   14.831  0.005    2  1 
  51335.1133   14.680  0.005    2  1 
  51335.1167   14.650  0.005    2  1 
  51335.9535   14.452  0.004    2  1 
  51335.9726   14.427  0.004    2  1 
  51335.9768   14.431  0.004    2  1 
  51335.9997   14.431  0.004    2  1 
  51336.0027   14.433  0.004    2  1 
  51336.0203   14.448  0.004    2  1 
  51336.0236   14.450  0.004    2  1 
  51336.0357   14.471  0.004    2  1 
  51336.0388   14.474  0.004    2  1 
  51336.0593   14.523  0.004    2  1 
  51336.0629   14.535  0.005    2  1 
  51336.0769   14.582  0.005    2  1 
  51336.0803   14.592  0.005    2  1 
  51336.1025   14.667  0.005    2  1 
  51336.1059   14.686  0.005    2  1 
  51336.1206   14.734  0.005    2  1 
  51336.1240   14.744  0.005    2  1 
  51337.9904   14.519  0.005    2  1 
  51337.9940   14.528  0.005    2  1 
  51338.0162   14.603  0.005    2  1 
  51338.0196   14.623  0.005    2  1 
  51338.0339   14.670  0.005    2  1 
  51338.0376   14.688  0.006    2  1 
  51338.9901   14.558  0.004    2  1 
  51338.9938   14.540  0.004    2  1 
  51339.0226   14.511  0.005    2  1 
  51339.0269   14.496  0.005    2  1 
  51339.0867   14.400  0.006    2  1 
  51339.0905   14.419  0.005    2  1 
  51339.1139   14.454  0.004    2  1 
  51339.1177   14.459  0.005    2  1 
  51339.1448   14.523  0.004    2  1 
  51339.1482   14.531  0.004    2  1 
  51339.9766   14.712  0.004    2  1 
  51339.9795   14.724  0.004    2  1 
  51340.0044   14.790  0.004    2  1 
  51340.0078   14.803  0.004    2  1 
  51340.0274   14.851  0.005    2  1 
  51340.0306   14.855  0.005    2  1 
  51340.0540   14.877  0.005    2  1 
  51340.0572   14.879  0.005    2  1 
  51340.0857   14.885  0.006    2  1 
  51340.0892   14.869  0.005    2  1 
  51340.1152   14.805  0.005    2  1 
  51340.1197   14.780  0.005    2  1 
  51340.1229   14.751  0.005    2  1 
  51340.1263   14.735  0.005    2  1 
  51340.1404   14.629  0.005    2  1 
  51340.1437   14.607  0.005    2  1 
  51344.9924   14.698  0.004    2  1 
  51344.9958   14.711  0.003    2  1 
  51344.9988   14.721  0.004    2  1 
  51345.0216   14.799  0.005    2  1 
  51345.0255   14.805  0.005    2  1 
  51345.0302   14.810  0.005    2  1 
  51345.0553   14.862  0.005    2  1 
  51345.0603   14.863  0.004    2  1 
  51345.9856   14.484  0.005    2  1 
  51345.9896   14.480  0.005    2  1 
  51346.0219   14.427  0.005    2  1 
  51346.0264   14.429  0.004    2  1 
  51346.0486   14.414  0.004    2  1 
  51346.0523   14.417  0.004    2  1 
  51346.0791   14.467  0.004    2  1 
  51346.0826   14.476  0.004    2  1 
  51347.0416   14.872  0.005    2  1 
  51347.0453   14.865  0.004    2  1 
  51347.0743   14.748  0.004    2  1 
  51347.0777   14.728  0.004    2  1 
  51347.0990   14.574  0.003    2  1 
  51347.1022   14.557  0.003    2  1 
  51347.9769   14.433  0.004    2  1 
  51347.9802   14.430  0.004    2  1 
  51347.9834   14.432  0.004    2  1 
  51347.9983   14.452  0.004    2  1 
  51348.0028   14.450  0.004    2  1 
  51348.0063   14.457  0.004    2  1 
  51348.0242   14.500  0.004    2  1 
  51348.0274   14.504  0.004    2  1 
  51348.0943   14.741  0.006    2  1 
  51348.0983   14.762  0.006    2  1 
  51348.1018   14.770  0.006    2  1 
  51348.9650   14.885  0.005    2  1 
  51348.9682   14.875  0.005    2  1 
  51348.9853   14.846  0.004    2  1 
  51348.9883   14.848  0.004    2  1 
  51348.9912   14.832  0.004    2  1 
  51349.0316   14.563  0.004    2  1 
  51349.0346   14.547  0.004    2  1 
  51349.9815   14.591  0.004    2  1 
  51349.9851   14.608  0.004    2  1 
  51349.9973   14.653  0.004    2  1 
  51350.0033   14.670  0.005    2  1 
  51350.0066   14.687  0.004    2  1 
  51350.0164   14.721  0.004    2  1 
  51350.0197   14.733  0.004    2  1 
  51350.0296   14.765  0.005    2  1 
  51380.9973   14.868  0.004    2  1 
  51381.0004   14.874  0.004    2  1 
  51381.0031   14.875  0.004    2  1 
  51381.0187   14.861  0.004    2  1 
  51381.0214   14.861  0.004    2  1 
  51381.0242   14.869  0.004    2  1 
  51381.9830   14.454  0.004    2  1 
  51381.9859   14.456  0.004    2  1 
  51381.9888   14.471  0.004    2  1 
  51382.0000   14.490  0.004    2  1 
  51382.0029   14.499  0.004    2  1 
  51382.9793   14.801  0.005    2  1 
  51382.9826   14.784  0.005    2  1 
  51382.9857   14.773  0.005    2  1 
  51382.9965   14.712  0.005    2  1 
  51382.9995   14.690  0.005    2  1 
  51383.9746   14.629  0.004    2  1 
  51383.9773   14.631  0.004    2  1 
  51383.9799   14.645  0.004    2  1 
  51383.9899   14.676  0.004    2  1 
  51383.9926   14.682  0.004    2  1 
  51384.9751   14.530  0.003    2  1 
  51384.9777   14.526  0.003    2  1 
  51384.9802   14.522  0.003    2  1 
  51384.9896   14.499  0.003    2  1 
  51384.9921   14.489  0.003    2  1 
  51385.9711   14.822  0.004    2  1 
  51385.9737   14.828  0.004    2  1 
  51385.9763   14.836  0.004    2  1 
  51385.9857   14.856  0.004    2  1 
  51385.9884   14.853  0.004    2  1 
  51386.9965   14.414  0.004    2  1 
  51387.0003   14.423  0.004    2  1 
  51387.0041   14.440  0.004    2  1 
  51387.0216   14.496  0.004    2  1 
  51387.0254   14.508  0.004    2  1 
  51387.0293   14.527  0.004    2  1 
  51388.9801   14.591  0.005    2  1 
  51388.9834   14.600  0.005    2  1 
  51388.9866   14.617  0.005    2  1 
  51388.9984   14.657  0.005    2  1 
  51389.0017   14.667  0.005    2  1 
  51389.9783   14.552  0.003    2  1 
  51389.9809   14.545  0.003    2  1 
  51389.9836   14.552  0.003    2  1 
  51390.9729   14.785  0.004    2  1 
  51390.9756   14.791  0.004    2  1 
  51390.9783   14.799  0.004    2  1 
  51391.9728   14.458  0.003    2  1 
  51391.9754   14.452  0.003    2  1 
  51391.9779   14.451  0.003    2  1 
  51671.0871   14.617  0.004    2  1 
  51671.0917   14.588  0.004    2  1 
  51671.0952   14.572  0.004    2  1 
  51671.1189   14.540  0.004    2  1 
  51671.1232   14.533  0.004    2  1 
  51671.9996   14.466  0.004    2  1 
  51672.0039   14.473  0.004    2  1 
  51672.0350   14.555  0.004    2  1 
  51672.0382   14.570  0.004    2  1 
  51673.0232   14.594  0.003    2  1 
  51674.0574   14.822  0.006    2  1 
  51674.0620   14.835  0.007    2  1 
  51674.0938   14.875  0.006    2  1 
  51674.0985   14.871  0.006    2  1 
  51674.1159   14.863  0.006    2  1 
  51674.1223   14.858  0.005    2  1 
  51674.9763   14.541  0.005    2  1 
  51674.9824   14.531  0.005    2  1 
  51675.0212   14.452  0.005    2  1 
  51676.0163   14.861  0.005    2  1 
  51692.9816   14.825  0.005    2  1 
  51692.9854   14.836  0.005    2  1 
  51693.9780   14.429  0.004    2  1 
  51693.9814   14.429  0.004    2  1 
  51694.9914   14.819  0.004    2  1 
  51694.9946   14.821  0.004    2  1 
  51765.9974   14.881  0.005    2  1 
  51766.0012   14.888  0.005    2  1 
  51766.0048   14.887  0.005    2  1 
  51766.0266   14.897  0.006    2  1 
  51766.0301   14.884  0.005    2  1 
  51216.3408   14.842  0.004    3  1 
  51216.3905   15.106  0.005    3  1 
  51217.3019   15.287  0.005    3  1 
  51217.3710   14.853  0.003    3  1 
  51217.3906   14.796  0.003    3  1 
  51218.2854   14.884  0.004    3  1 
  51218.3156   15.069  0.005    3  1 
  51218.3347   15.177  0.004    3  1 
  51218.3653   15.293  0.004    3  1 
  51218.3848   15.355  0.005    3  1 
  51219.2918   14.864  0.004    3  1 
  51219.3100   14.816  0.004    3  1 
  51219.3296   14.766  0.003    3  1 
  51219.3536   14.724  0.003    3  1 
  51219.3723   14.711  0.003    3  1 
  51220.2720   15.206  0.004    3  1 
  51220.3117   15.330  0.004    3  1 
  51220.3299   15.366  0.004    3  1 
  51220.3473   15.394  0.005    3  1 
  51220.3643   15.371  0.005    3  1 
  51220.3816   15.321  0.004    3  1 
  51221.2964   14.697  0.003    3  1 
  51221.3145   14.708  0.003    3  1 
  51221.3318   14.756  0.003    3  1 
  51221.3496   14.816  0.003    3  1 
  51221.3673   14.898  0.003    3  1 
  51283.2546   15.329  0.004    3  1 
  51283.2783   15.381  0.004    3  1 
  51283.3008   15.416  0.004    3  1 
  51283.3322   15.330  0.004    3  1 
  51283.3553   15.159  0.003    3  1 
  51283.3773   14.913  0.003    3  1 
  51284.2134   14.760  0.003    3  1 
  51284.2375   14.722  0.003    3  1 
  51284.2581   14.710  0.003    3  1 
  51284.2875   14.762  0.003    3  1 
  51284.3124   14.869  0.003    3  1 
  51284.3383   15.008  0.004    3  1 
  51285.0451   14.733  0.003    3  1 
  51285.0691   14.819  0.003    3  1 
  51285.0932   14.917  0.003    3  1 
  51285.1257   15.089  0.003    3  1 
  51285.1514   15.211  0.004    3  1 
  51285.1754   15.304  0.004    3  1 
  51285.2060   15.385  0.004    3  1 
  51285.2321   15.382  0.004    3  1 
  51285.2586   15.340  0.005    3  1 
  51285.2928   15.046  0.004    3  1 
  51285.3257   14.881  0.003    3  1 
  51286.0393   15.248  0.003    3  1 
  51286.0670   15.023  0.003    3  1 
  51286.0977   14.892  0.003    3  1 
  51286.1302   14.810  0.003    3  1 
  51286.1833   14.716  0.003    3  1 
  51286.2193   14.771  0.003    3  1 
  51286.2434   14.868  0.003    3  1 
  51286.2655   14.989  0.003    3  1 
  51286.2958   15.158  0.003    3  1 
  51286.3291   15.286  0.004    3  1 
  51286.3521   15.377  0.004    3  1 
  51304.9838   15.092  0.003    3  1 
  51305.0251   14.854  0.004    3  1 
  51305.0718   14.748  0.003    3  1 
  51305.0961   14.693  0.003    3  1 
  51305.1465   14.772  0.004    3  1 
  51305.1755   14.907  0.004    3  1 
  51305.2054   15.076  0.005    3  1 
  51305.2345   15.238  0.005    3  1 
  51305.2666   15.321  0.005    3  1 
  51305.2880   15.384  0.005    3  1 
  51305.9773   15.077  0.003    3  1 
  51306.0428   15.295  0.004    3  1 
  51306.0809   15.334  0.004    3  1 
  51306.1330   15.191  0.004    3  1 
  51306.1578   14.930  0.004    3  1 
  51306.1875   14.899  0.003    3  1 
  51306.2771   14.757  0.003    3  1 
  51306.2972   14.790  0.003    3  1 
  51308.0025   15.357  0.003    3  1 
  51308.0600   15.220  0.003    3  1 
  51308.0958   14.883  0.002    3  1 
  51308.1244   14.876  0.003    3  1 
  51311.9792   14.831  0.005    3  1 
  51311.9983   14.793  0.003    3  1 
  51312.0087   14.774  0.003    3  1 
  51312.0350   14.732  0.003    3  1 
  51312.0550   14.716  0.003    3  1 
  51312.0672   14.708  0.003    3  1 
  51312.0870   14.751  0.003    3  1 
  51312.0988   14.790  0.003    3  1 
  51312.9828   15.283  0.003    3  1 
  51313.0063   15.347  0.004    3  1 
  51313.0300   15.371  0.004    3  1 
  51313.1113   14.887  0.003    3  1 
  51313.9807   14.707  0.003    3  1 
  51314.0143   14.734  0.003    3  1 
  51314.0397   14.821  0.003    3  1 
  51314.1124   15.211  0.005    3  1 
  51314.9752   15.363  0.004    3  1 
  51315.0102   15.227  0.004    3  1 
  51315.0336   14.986  0.003    3  1 
  51315.0747   14.844  0.003    3  1 
  51315.0982   14.756  0.003    3  1 
  51315.1216   14.722  0.003    3  1 
  51316.0399   15.183  0.003    3  1 
  51316.0634   15.272  0.004    3  1 
  51316.0869   15.348  0.004    3  1 
  51316.9740   14.902  0.003    3  1 
  51317.0052   14.811  0.004    3  1 
  51317.0282   14.732  0.006    3  1 
  51317.0566   14.724  0.003    3  1 
  51317.0822   14.685  0.003    3  1 
  51317.1075   14.742  0.003    3  1 
  51317.9847   15.243  0.004    3  1 
  51318.0099   15.351  0.006    3  1 
  51318.0374   15.449  0.008    3  1 
  51318.1226   15.014  0.006    3  1 
  51318.9772   14.745  0.003    3  1 
  51319.0019   14.700  0.003    3  1 
  51319.0274   14.720  0.003    3  1 
  51319.0757   14.901  0.003    3  1 
  51319.0997   15.027  0.003    3  1 
  51320.1000   14.832  0.002    3  1 
  51320.1208   14.768  0.003    3  1 
  51320.1417   14.731  0.003    3  1 
  51321.0180   14.963  0.003    3  1 
  51321.0624   15.175  0.003    3  1 
  51321.0930   15.293  0.004    3  1 
  51321.1217   15.369  0.004    3  1 
  51380.9937   15.373  0.004    3  1 
  51381.9793   14.738  0.003    3  1 
  51382.9755   15.301  0.007    3  1 
  51383.9715   15.005  0.003    3  1 
  51384.9721   14.907  0.002    3  1 
  51385.9679   15.288  0.003    3  1 
  51386.9917   14.707  0.003    3  1 
  51388.9755   14.916  0.004    3  1 
  51693.9923   14.773  0.003    3  1 
  51695.0052   15.186  0.003    3  1 
 56468.97641   13.394  0.019   -1  1 
 56469.04707   13.510  0.018   -1  1 
 56469.10896   13.391  0.017   -1  1 
 56469.17285   13.555  0.022   -1  1 
 56471.00364   13.396  0.013   -1  1 
 56471.06640   13.525  0.019   -1  1 
 56471.12490   13.406  0.011   -1  1 
 56471.18188   13.346  0.011   -1  1 
 56471.96759   13.249  0.016   -1  1 
 56472.03374   13.263  0.011   -1  1 
 56472.09484   13.406  0.007   -1  1 
 56472.15243   13.422  0.008   -1  1 
 56468.95296   13.167  0.017   -2  1 
 56469.02441   13.373  0.012   -2  1 
 56469.08813   13.431  0.017   -2  1 
 56469.15134   13.394  0.009   -2  1 
 56471.02588   13.397  0.013   -2  1 
 56471.08671   13.424  0.015   -2  1 
 56471.14302   13.396  0.013   -2  1 
 56471.94704   13.339  0.014   -2  1 
 56472.01085   13.244  0.019   -2  1 
 56472.07480   13.330  0.010   -2  1 
 56472.13240   13.373  0.005   -2  1 
 56472.19216   13.516  0.020   -2  1 
 56469.00041   13.598  0.007   -5  1 
 56469.06767   13.707  0.011   -5  1 
 56469.13003   13.715  0.010   -5  1 
 56469.19349   13.618  0.010   -5  1 
 56470.98130   13.715  0.007   -5  1 
 56471.04693   13.738  0.007   -5  1 
 56471.10523   13.658  0.010   -5  1 
 56471.16397   13.610  0.032   -5  1 
 56471.98857   13.487  0.022   -5  1 
 56472.05430   13.561  0.015   -5  1 
 56472.11383   13.682  0.009   -5  1 
 56472.17109   13.708  0.009   -5  1 
