  51216.3218   13.914  0.003    2  1 
  51216.3464   13.931  0.003    2  1 
  51216.3689   13.954  0.003    2  1 
  51216.3980   13.963  0.004    2  1 
  51217.3101   13.728  0.003    2  1 
  51217.3328   13.760  0.003    2  1 
  51217.3552   13.786  0.003    2  1 
  51217.3759   13.801  0.003    2  1 
  51217.3953   13.814  0.003    2  1 
  51218.2773   13.891  0.003    2  1 
  51218.3093   13.922  0.003    2  1 
  51218.3298   13.939  0.003    2  1 
  51218.3573   13.958  0.003    2  1 
  51218.3794   13.960  0.003    2  1 
  51219.3336   13.778  0.003    2  1 
  51219.3596   13.803  0.003    2  1 
  51219.3768   13.815  0.003    2  1 
  51220.2621   13.907  0.003    2  1 
  51220.2906   13.920  0.003    2  1 
  51220.3077   13.940  0.003    2  1 
  51220.3257   13.957  0.003    2  1 
  51220.3432   13.963  0.003    2  1 
  51220.3602   13.962  0.003    2  1 
  51220.3776   13.925  0.003    2  1 
  51221.2835   13.743  0.003    2  1 
  51221.3009   13.759  0.003    2  1 
  51221.3188   13.781  0.003    2  1 
  51221.3358   13.796  0.003    2  1 
  51221.3538   13.813  0.003    2  1 
  51221.3722   13.829  0.003    2  1 
  51283.2451   13.549  0.002    2  1 
  51283.2493   13.556  0.003    2  1 
  51283.2714   13.597  0.003    2  1 
  51283.2748   13.609  0.002    2  1 
  51283.2939   13.642  0.002    2  1 
  51283.2972   13.647  0.002    2  1 
  51283.3202   13.678  0.003    2  1 
  51283.3234   13.687  0.002    2  1 
  51283.3487   13.722  0.002    2  1 
  51283.3518   13.726  0.002    2  1 
  51283.3707   13.751  0.002    2  1 
  51283.3738   13.751  0.002    2  1 
  51284.2195   13.883  0.003    2  1 
  51284.2229   13.883  0.003    2  1 
  51284.2413   13.895  0.003    2  1 
  51284.2443   13.902  0.003    2  1 
  51284.2617   13.902  0.003    2  1 
  51284.2648   13.898  0.003    2  1 
  51284.2942   13.900  0.003    2  1 
  51284.2973   13.895  0.003    2  1 
  51284.3168   13.899  0.003    2  1 
  51284.3211   13.897  0.003    2  1 
  51284.3428   13.909  0.003    2  1 
  51284.3464   13.915  0.003    2  1 
  51285.0513   13.964  0.002    2  1 
  51285.0543   13.948  0.002    2  1 
  51285.0739   13.955  0.003    2  1 
  51285.0778   13.953  0.003    2  1 
  51285.0975   13.914  0.003    2  1 
  51285.1006   13.890  0.004    2  1 
  51285.1324   13.614  0.003    2  1 
  51285.1360   13.584  0.002    2  1 
  51285.1558   13.476  0.002    2  1 
  51285.1588   13.435  0.002    2  1 
  51285.1796   13.443  0.002    2  1 
  51285.1830   13.449  0.002    2  1 
  51285.2125   13.519  0.002    2  1 
  51285.2157   13.524  0.002    2  1 
  51285.2362   13.563  0.003    2  1 
  51285.2426   13.576  0.002    2  1 
  51285.2630   13.614  0.003    2  1 
  51285.2666   13.622  0.003    2  1 
  51285.2998   13.671  0.003    2  1 
  51285.3033   13.681  0.003    2  1 
  51285.3308   13.723  0.003    2  1 
  51285.3348   13.725  0.002    2  1 
  51285.3382   13.729  0.003    2  1 
  51286.0461   13.790  0.002    2  1 
  51286.0493   13.798  0.002    2  1 
  51286.0716   13.808  0.002    2  1 
  51286.0753   13.815  0.002    2  1 
  51286.1026   13.835  0.002    2  1 
  51286.1061   13.834  0.002    2  1 
  51286.1365   13.852  0.003    2  1 
  51286.1398   13.854  0.003    2  1 
  51286.1608   13.862  0.003    2  1 
  51286.1639   13.859  0.002    2  1 
  51286.1669   13.867  0.002    2  1 
  51286.1875   13.875  0.003    2  1 
  51286.1908   13.876  0.003    2  1 
  51286.2255   13.894  0.003    2  1 
  51286.2285   13.894  0.003    2  1 
  51286.2476   13.900  0.003    2  1 
  51286.2508   13.897  0.003    2  1 
  51286.2697   13.896  0.003    2  1 
  51286.2727   13.901  0.003    2  1 
  51286.3022   13.894  0.003    2  1 
  51286.3055   13.899  0.003    2  1 
  51286.3218   13.914  0.003    2  1 
  51286.3250   13.908  0.003    2  1 
  51286.3450   13.931  0.003    2  1 
  51286.3481   13.934  0.003    2  1 
  51304.9873   13.436  0.002    2  1 
  51304.9926   13.451  0.002    2  1 
  51305.0328   13.536  0.002    2  1 
  51305.0362   13.549  0.002    2  1 
  51305.0559   13.618  0.003    2  1 
  51305.0599   13.593  0.003    2  1 
  51305.0890   13.641  0.002    2  1 
  51305.0922   13.648  0.003    2  1 
  51305.1235   13.697  0.003    2  1 
  51305.1269   13.699  0.003    2  1 
  51305.1509   13.733  0.003    2  1 
  51305.1547   13.734  0.003    2  1 
  51305.1853   13.773  0.003    2  1 
  51305.1885   13.778  0.003    2  1 
  51305.2098   13.798  0.003    2  1 
  51305.2128   13.805  0.003    2  1 
  51305.2431   13.822  0.003    2  1 
  51305.2461   13.826  0.003    2  1 
  51305.2704   13.844  0.003    2  1 
  51305.2734   13.846  0.003    2  1 
  51305.2966   13.855  0.003    2  1 
  51305.2995   13.858  0.003    2  1 
  51305.9857   13.872  0.002    2  1 
  51305.9885   13.875  0.002    2  1 
  51305.9912   13.870  0.002    2  1 
  51306.0256   13.892  0.002    2  1 
  51306.0285   13.890  0.002    2  1 
  51306.0465   13.896  0.003    2  1 
  51306.0498   13.898  0.003    2  1 
  51306.0896   13.892  0.003    2  1 
  51306.0930   13.891  0.003    2  1 
  51306.1123   13.893  0.002    2  1 
  51306.1151   13.895  0.002    2  1 
  51306.1375   13.914  0.003    2  1 
  51306.1405   13.915  0.003    2  1 
  51306.1636   13.939  0.003    2  1 
  51306.1673   13.941  0.003    2  1 
  51306.1937   13.962  0.002    2  1 
  51306.1966   13.961  0.002    2  1 
  51306.2146   13.946  0.003    2  1 
  51306.2178   13.943  0.002    2  1 
  51306.2343   13.885  0.002    2  1 
  51306.2380   13.862  0.002    2  1 
  51306.2574   13.657  0.002    2  1 
  51306.2602   13.641  0.002    2  1 
  51306.2805   13.485  0.002    2  1 
  51306.2835   13.461  0.002    2  1 
  51306.3009   13.423  0.002    2  1 
  51306.3038   13.426  0.002    2  1 
  51306.3135   13.441  0.002    2  1 
  51306.3184   13.452  0.002    2  1 
  51307.0456   13.602  0.003    2  1 
  51307.0501   13.600  0.003    2  1 
  51307.0593   13.615  0.002    2  1 
  51307.0645   13.616  0.002    2  1 
  51307.0699   13.611  0.006    2  1 
  51307.0747   13.635  0.004    2  1 
  51308.0084   13.901  0.002    2  1 
  51308.0112   13.899  0.002    2  1 
  51308.0334   13.896  0.002    2  1 
  51308.0362   13.900  0.002    2  1 
  51308.0394   13.897  0.002    2  1 
  51308.0633   13.897  0.002    2  1 
  51308.0663   13.898  0.002    2  1 
  51308.0995   13.896  0.002    2  1 
  51308.1031   13.909  0.002    2  1 
  51308.1280   13.922  0.003    2  1 
  51308.1309   13.921  0.003    2  1 
  51310.0850   13.903  0.002    2  1 
  51310.0874   13.902  0.002    2  1 
  51310.0897   13.904  0.002    2  1 
  51310.0922   13.907  0.002    2  1 
  51310.1430   13.958  0.002    2  1 
  51310.1458   13.954  0.002    2  1 
  51310.1486   13.955  0.003    2  1 
  51311.0244   13.612  0.004    2  1 
  51311.0302   13.630  0.003    2  1 
  51311.0334   13.641  0.003    2  1 
  51311.0506   13.667  0.002    2  1 
  51311.0539   13.680  0.002    2  1 
  51311.0637   13.687  0.003    2  1 
  51311.0669   13.696  0.003    2  1 
  51311.0702   13.693  0.002    2  1 
  51311.0907   13.734  0.003    2  1 
  51311.0946   13.734  0.003    2  1 
  51311.0980   13.742  0.003    2  1 
  51311.1015   13.747  0.003    2  1 
  51311.1071   13.752  0.003    2  1 
  51311.1298   13.775  0.003    2  1 
  51311.1327   13.780  0.003    2  1 
  51311.1357   13.781  0.003    2  1 
  51311.1398   13.784  0.003    2  1 
  51311.1447   13.793  0.003    2  1 
  51311.9755   13.898  0.003    2  1 
  51312.0020   13.903  0.003    2  1 
  51312.0049   13.903  0.003    2  1 
  51312.0255   13.898  0.003    2  1 
  51312.0284   13.900  0.003    2  1 
  51312.0314   13.889  0.003    2  1 
  51312.0584   13.896  0.002    2  1 
  51312.0611   13.901  0.003    2  1 
  51312.0638   13.902  0.002    2  1 
  51312.0903   13.921  0.002    2  1 
  51312.0929   13.922  0.002    2  1 
  51312.0955   13.930  0.002    2  1 
  51312.1146   13.945  0.003    2  1 
  51312.1173   13.944  0.003    2  1 
  51312.1200   13.950  0.003    2  1 
  51312.9860   13.599  0.002    2  1 
  51312.9887   13.599  0.002    2  1 
  51312.9913   13.608  0.002    2  1 
  51313.0096   13.642  0.002    2  1 
  51313.0123   13.652  0.002    2  1 
  51313.0149   13.648  0.002    2  1 
  51313.0333   13.678  0.002    2  1 
  51313.0360   13.679  0.002    2  1 
  51313.0386   13.683  0.002    2  1 
  51313.0413   13.691  0.003    2  1 
  51313.0595   13.714  0.002    2  1 
  51313.0622   13.718  0.002    2  1 
  51313.0648   13.725  0.002    2  1 
  51313.0911   13.758  0.002    2  1 
  51313.0937   13.760  0.002    2  1 
  51313.0964   13.771  0.002    2  1 
  51313.1146   13.785  0.002    2  1 
  51313.1172   13.787  0.002    2  1 
  51313.1199   13.786  0.002    2  1 
  51313.1226   13.785  0.002    2  1 
  51313.9843   13.897  0.003    2  1 
  51313.9872   13.902  0.003    2  1 
  51313.9901   13.897  0.003    2  1 
  51314.0178   13.891  0.003    2  1 
  51314.0207   13.891  0.003    2  1 
  51314.0236   13.894  0.003    2  1 
  51314.0432   13.903  0.003    2  1 
  51314.0461   13.903  0.003    2  1 
  51314.0490   13.904  0.003    2  1 
  51314.0772   13.930  0.003    2  1 
  51314.0802   13.934  0.003    2  1 
  51314.0831   13.936  0.003    2  1 
  51314.1030   13.958  0.003    2  1 
  51314.1059   13.957  0.003    2  1 
  51314.1088   13.961  0.003    2  1 
  51314.1289   13.961  0.003    2  1 
  51314.1333   13.955  0.003    2  1 
  51314.1363   13.959  0.003    2  1 
  51314.9827   13.622  0.002    2  1 
  51314.9856   13.632  0.002    2  1 
  51314.9885   13.640  0.002    2  1 
  51315.0015   13.656  0.003    2  1 
  51315.0043   13.651  0.002    2  1 
  51315.0069   13.658  0.002    2  1 
  51315.0251   13.694  0.002    2  1 
  51315.0277   13.691  0.002    2  1 
  51315.0304   13.701  0.002    2  1 
  51315.0489   13.730  0.002    2  1 
  51315.0516   13.729  0.002    2  1 
  51315.0542   13.732  0.002    2  1 
  51315.0780   13.760  0.002    2  1 
  51315.0807   13.763  0.002    2  1 
  51315.0833   13.766  0.002    2  1 
  51315.1015   13.782  0.003    2  1 
  51315.1041   13.783  0.003    2  1 
  51315.1068   13.788  0.002    2  1 
  51315.1290   13.813  0.003    2  1 
  51315.1319   13.813  0.003    2  1 
  51316.0194   13.897  0.002    2  1 
  51316.0221   13.898  0.002    2  1 
  51316.0247   13.905  0.002    2  1 
  51316.0431   13.913  0.002    2  1 
  51316.0458   13.914  0.002    2  1 
  51316.0485   13.919  0.002    2  1 
  51316.0667   13.942  0.003    2  1 
  51316.0693   13.934  0.003    2  1 
  51316.0720   13.943  0.003    2  1 
  51316.0905   13.949  0.003    2  1 
  51316.0934   13.953  0.003    2  1 
  51316.0963   13.957  0.003    2  1 
  51316.1148   13.958  0.002    2  1 
  51316.1175   13.951  0.002    2  1 
  51316.1201   13.951  0.002    2  1 
  51316.9647   13.627  0.002    2  1 
  51316.9676   13.629  0.003    2  1 
  51316.9705   13.634  0.003    2  1 
  51316.9896   13.667  0.002    2  1 
  51316.9923   13.672  0.002    2  1 
  51316.9949   13.674  0.002    2  1 
  51317.0088   13.695  0.003    2  1 
  51317.0117   13.702  0.003    2  1 
  51317.0321   13.732  0.003    2  1 
  51317.0351   13.732  0.003    2  1 
  51317.0391   13.733  0.003    2  1 
  51317.0602   13.761  0.003    2  1 
  51317.0631   13.760  0.003    2  1 
  51317.0660   13.766  0.003    2  1 
  51317.0858   13.788  0.003    2  1 
  51317.0887   13.792  0.003    2  1 
  51317.0916   13.795  0.003    2  1 
  51317.1111   13.814  0.003    2  1 
  51317.1140   13.801  0.003    2  1 
  51317.1169   13.816  0.003    2  1 
  51317.9628   13.895  0.003    2  1 
  51317.9657   13.897  0.003    2  1 
  51317.9685   13.896  0.003    2  1 
  51317.9883   13.891  0.003    2  1 
  51317.9912   13.897  0.003    2  1 
  51317.9941   13.904  0.003    2  1 
  51318.0135   13.911  0.003    2  1 
  51318.0164   13.910  0.004    2  1 
  51318.0194   13.913  0.003    2  1 
  51318.0413   13.929  0.003    2  1 
  51318.0445   13.935  0.004    2  1 
  51318.0477   13.940  0.003    2  1 
  51318.0697   13.959  0.004    2  1 
  51318.0730   13.960  0.004    2  1 
  51318.0762   13.966  0.004    2  1 
  51318.0981   13.964  0.004    2  1 
  51318.1014   13.956  0.004    2  1 
  51318.1046   13.958  0.005    2  1 
  51318.1265   13.848  0.004    2  1 
  51318.1298   13.816  0.004    2  1 
  51318.9642   13.661  0.002    2  1 
  51318.9680   13.669  0.003    2  1 
  51318.9708   13.672  0.002    2  1 
  51318.9737   13.667  0.002    2  1 
  51318.9929   13.700  0.002    2  1 
  51318.9956   13.706  0.002    2  1 
  51318.9983   13.703  0.002    2  1 
  51319.0180   13.735  0.003    2  1 
  51319.0209   13.738  0.003    2  1 
  51319.0238   13.745  0.002    2  1 
  51319.0443   13.766  0.003    2  1 
  51319.0474   13.772  0.003    2  1 
  51319.0505   13.776  0.003    2  1 
  51319.0793   13.802  0.002    2  1 
  51319.0820   13.806  0.002    2  1 
  51319.0847   13.807  0.002    2  1 
  51319.1030   13.825  0.003    2  1 
  51319.1084   13.828  0.002    2  1 
  51319.1110   13.830  0.002    2  1 
  51320.1030   13.884  0.002    2  1 
  51320.1053   13.868  0.002    2  1 
  51320.1076   13.854  0.002    2  1 
  51320.1238   13.678  0.002    2  1 
  51320.1261   13.658  0.002    2  1 
  51320.1284   13.643  0.002    2  1 
  51320.1450   13.510  0.002    2  1 
  51320.1477   13.495  0.002    2  1 
  51320.1503   13.471  0.002    2  1 
  51320.9635   13.687  0.002    2  1 
  51320.9664   13.690  0.002    2  1 
  51320.9693   13.693  0.002    2  1 
  51320.9887   13.722  0.002    2  1 
  51320.9911   13.725  0.002    2  1 
  51320.9936   13.726  0.002    2  1 
  51321.0102   13.746  0.002    2  1 
  51321.0126   13.751  0.002    2  1 
  51321.0150   13.752  0.002    2  1 
  51321.0318   13.772  0.002    2  1 
  51321.0344   13.779  0.002    2  1 
  51321.0369   13.784  0.002    2  1 
  51321.0543   13.794  0.002    2  1 
  51321.0568   13.798  0.002    2  1 
  51321.0594   13.803  0.002    2  1 
  51321.0847   13.825  0.002    2  1 
  51321.0873   13.832  0.002    2  1 
  51321.0898   13.825  0.002    2  1 
  51321.1133   13.849  0.002    2  1 
  51321.1159   13.842  0.002    2  1 
  51321.1186   13.849  0.002    2  1 
  51321.1339   13.853  0.002    2  1 
  51321.1365   13.857  0.002    2  1 
  51332.9696   13.817  0.004    2  1 
  51332.9739   13.820  0.004    2  1 
  51332.9891   13.838  0.003    2  1 
  51332.9928   13.839  0.004    2  1 
  51332.9965   13.836  0.004    2  1 
  51333.0083   13.849  0.003    2  1 
  51333.0120   13.850  0.003    2  1 
  51333.0226   13.857  0.003    2  1 
  51333.0264   13.857  0.003    2  1 
  51333.0514   13.865  0.004    2  1 
  51333.0552   13.870  0.004    2  1 
  51333.0742   13.879  0.004    2  1 
  51333.0779   13.879  0.004    2  1 
  51333.0907   13.888  0.003    2  1 
  51333.0945   13.886  0.003    2  1 
  51333.1178   13.898  0.003    2  1 
  51333.1221   13.902  0.003    2  1 
  51333.1335   13.905  0.004    2  1 
  51333.1369   13.902  0.004    2  1 
  51333.1529   13.900  0.004    2  1 
  51333.1565   13.895  0.004    2  1 
  51333.1716   13.895  0.004    2  1 
  51333.1752   13.893  0.004    2  1 
  51334.9841   13.846  0.003    2  1 
  51334.9871   13.841  0.002    2  1 
  51335.0175   13.860  0.003    2  1 
  51335.0204   13.859  0.003    2  1 
  51335.0301   13.868  0.003    2  1 
  51335.0334   13.864  0.003    2  1 
  51335.0517   13.873  0.003    2  1 
  51335.0552   13.879  0.003    2  1 
  51335.0692   13.881  0.003    2  1 
  51335.0727   13.885  0.003    2  1 
  51335.0833   13.890  0.003    2  1 
  51335.0867   13.895  0.003    2  1 
  51335.1133   13.901  0.003    2  1 
  51335.1167   13.900  0.003    2  1 
  51335.9535   13.880  0.003    2  1 
  51335.9726   13.670  0.003    2  1 
  51335.9768   13.646  0.003    2  1 
  51335.9997   13.476  0.002    2  1 
  51336.0027   13.461  0.002    2  1 
  51336.0203   13.428  0.002    2  1 
  51336.0236   13.434  0.002    2  1 
  51336.0357   13.452  0.003    2  1 
  51336.0388   13.457  0.003    2  1 
  51336.0593   13.512  0.003    2  1 
  51336.0629   13.518  0.003    2  1 
  51336.0769   13.552  0.003    2  1 
  51336.0803   13.554  0.003    2  1 
  51336.1025   13.608  0.003    2  1 
  51336.1059   13.607  0.003    2  1 
  51336.1206   13.630  0.003    2  1 
  51336.1240   13.634  0.003    2  1 
  51337.0101   13.868  0.004    2  1 
  51337.9904   13.424  0.003    2  1 
  51337.9940   13.422  0.003    2  1 
  51338.0162   13.449  0.003    2  1 
  51338.0196   13.458  0.003    2  1 
  51338.0339   13.492  0.003    2  1 
  51338.0376   13.491  0.003    2  1 
  51338.9901   13.862  0.003    2  1 
  51338.9938   13.865  0.003    2  1 
  51339.0226   13.876  0.004    2  1 
  51339.0269   13.887  0.003    2  1 
  51339.0867   13.903  0.005    2  1 
  51339.0905   13.899  0.004    2  1 
  51339.1139   13.895  0.003    2  1 
  51339.1177   13.895  0.003    2  1 
  51339.1448   13.907  0.003    2  1 
  51339.1482   13.905  0.003    2  1 
  51339.9766   13.430  0.002    2  1 
  51339.9795   13.427  0.002    2  1 
  51340.0044   13.469  0.002    2  1 
  51340.0078   13.485  0.002    2  1 
  51340.0274   13.524  0.003    2  1 
  51340.0306   13.526  0.003    2  1 
  51340.0540   13.577  0.003    2  1 
  51340.0572   13.584  0.003    2  1 
  51340.0857   13.630  0.003    2  1 
  51340.0892   13.639  0.003    2  1 
  51340.1152   13.680  0.003    2  1 
  51340.1197   13.691  0.003    2  1 
  51340.1229   13.695  0.003    2  1 
  51340.1263   13.701  0.003    2  1 
  51340.1404   13.719  0.003    2  1 
  51340.1437   13.724  0.003    2  1 
  51344.9924   13.893  0.003    2  1 
  51344.9958   13.894  0.002    2  1 
  51344.9988   13.894  0.002    2  1 
  51345.0216   13.904  0.003    2  1 
  51345.0255   13.901  0.003    2  1 
  51345.0302   13.903  0.003    2  1 
  51345.0553   13.892  0.003    2  1 
  51345.0603   13.891  0.003    2  1 
  51345.9856   13.552  0.003    2  1 
  51345.9896   13.568  0.003    2  1 
  51346.0219   13.626  0.003    2  1 
  51346.0264   13.627  0.003    2  1 
  51346.0486   13.670  0.003    2  1 
  51346.0523   13.672  0.003    2  1 
  51346.0791   13.714  0.003    2  1 
  51346.0826   13.716  0.003    2  1 
  51347.0416   13.889  0.003    2  1 
  51347.0453   13.887  0.002    2  1 
  51347.0743   13.907  0.003    2  1 
  51347.0777   13.909  0.003    2  1 
  51347.0990   13.931  0.002    2  1 
  51347.1022   13.934  0.002    2  1 
  51347.9769   13.579  0.003    2  1 
  51347.9802   13.585  0.003    2  1 
  51347.9834   13.589  0.003    2  1 
  51347.9983   13.613  0.003    2  1 
  51348.0028   13.620  0.003    2  1 
  51348.0063   13.626  0.002    2  1 
  51348.0242   13.654  0.003    2  1 
  51348.0274   13.659  0.003    2  1 
  51348.0943   13.748  0.004    2  1 
  51348.0983   13.756  0.004    2  1 
  51348.1018   13.762  0.004    2  1 
  51348.9650   13.897  0.003    2  1 
  51348.9682   13.899  0.003    2  1 
  51348.9853   13.897  0.003    2  1 
  51348.9883   13.900  0.003    2  1 
  51348.9912   13.901  0.003    2  1 
  51349.0316   13.896  0.003    2  1 
  51349.0346   13.889  0.003    2  1 
  51349.9815   13.624  0.002    2  1 
  51349.9851   13.625  0.002    2  1 
  51349.9973   13.644  0.002    2  1 
  51350.0033   13.656  0.003    2  1 
  51350.0066   13.660  0.003    2  1 
  51350.0164   13.675  0.003    2  1 
  51350.0197   13.681  0.003    2  1 
  51350.0296   13.696  0.003    2  1 
  51380.9973   13.588  0.002    2  1 
  51381.0004   13.584  0.002    2  1 
  51381.0031   13.590  0.002    2  1 
  51381.0187   13.618  0.002    2  1 
  51381.0214   13.631  0.002    2  1 
  51381.0242   13.631  0.002    2  1 
  51381.9830   13.897  0.003    2  1 
  51381.9859   13.898  0.003    2  1 
  51381.9888   13.895  0.003    2  1 
  51382.0000   13.897  0.003    2  1 
  51382.0029   13.901  0.003    2  1 
  51382.9793   13.574  0.003    2  1 
  51382.9826   13.583  0.002    2  1 
  51382.9857   13.590  0.003    2  1 
  51382.9965   13.611  0.003    2  1 
  51382.9995   13.605  0.003    2  1 
  51383.9746   13.901  0.002    2  1 
  51383.9773   13.898  0.002    2  1 
  51383.9799   13.904  0.002    2  1 
  51383.9899   13.903  0.003    2  1 
  51383.9926   13.896  0.002    2  1 
  51384.9751   13.612  0.002    2  1 
  51384.9777   13.619  0.002    2  1 
  51384.9802   13.618  0.002    2  1 
  51384.9896   13.630  0.002    2  1 
  51384.9921   13.644  0.002    2  1 
  51385.9711   13.904  0.002    2  1 
  51385.9737   13.898  0.002    2  1 
  51385.9763   13.900  0.002    2  1 
  51385.9857   13.892  0.002    2  1 
  51386.9965   13.672  0.002    2  1 
  51387.0003   13.680  0.002    2  1 
  51387.0041   13.682  0.002    2  1 
  51387.0216   13.710  0.002    2  1 
  51387.0254   13.703  0.002    2  1 
  51387.0293   13.714  0.002    2  1 
  51388.9801   13.680  0.003    2  1 
  51388.9834   13.678  0.003    2  1 
  51388.9866   13.683  0.003    2  1 
  51388.9984   13.702  0.003    2  1 
  51389.0017   13.709  0.003    2  1 
  51389.9783   13.890  0.002    2  1 
  51389.9809   13.890  0.002    2  1 
  51389.9836   13.900  0.002    2  1 
  51390.9729   13.694  0.002    2  1 
  51390.9756   13.699  0.002    2  1 
  51390.9783   13.707  0.002    2  1 
  51391.9728   13.905  0.002    2  1 
  51391.9754   13.901  0.002    2  1 
  51391.9779   13.903  0.002    2  1 
  51671.0871   13.824  0.003    2  1 
  51671.0917   13.829  0.003    2  1 
  51671.0952   13.836  0.003    2  1 
  51671.1189   13.841  0.003    2  1 
  51671.1232   13.843  0.003    2  1 
  51671.9996   13.923  0.003    2  1 
  51672.0039   13.926  0.003    2  1 
  51672.0350   13.957  0.003    2  1 
  51672.0382   13.957  0.003    2  1 
  51673.0232   13.785  0.002    2  1 
  51674.0574   13.947  0.004    2  1 
  51674.0938   13.649  0.003    2  1 
  51674.0985   13.625  0.003    2  1 
  51674.1159   13.486  0.003    2  1 
  51674.1223   13.448  0.003    2  1 
  51674.9763   13.750  0.003    2  1 
  51674.9824   13.758  0.003    2  1 
  51675.0212   13.802  0.004    2  1 
  51676.0163   13.963  0.003    2  1 
  51692.9816   13.882  0.003    2  1 
  51692.9854   13.871  0.003    2  1 
  51693.9780   13.506  0.002    2  1 
  51693.9814   13.502  0.002    2  1 
  51694.9914   13.889  0.002    2  1 
  51765.9974   13.567  0.003    2  1 
  51766.0012   13.579  0.003    2  1 
  51766.0048   13.584  0.003    2  1 
  51766.0266   13.618  0.003    2  1 
  51766.0301   13.628  0.003    2  1 
  51216.3144   14.294  0.002    3  1 
  51216.3408   14.333  0.002    3  1 
  51216.3634   14.338  0.002    3  1 
  51216.3905   14.364  0.003    3  1 
  51217.3019   14.073  0.002    3  1 
  51217.3494   14.149  0.002    3  1 
  51217.3710   14.156  0.002    3  1 
  51217.3906   14.206  0.002    3  1 
  51218.2854   14.293  0.003    3  1 
  51218.3156   14.320  0.003    3  1 
  51218.3347   14.348  0.002    3  1 
  51218.3653   14.342  0.002    3  1 
  51218.3848   14.352  0.002    3  1 
  51219.2918   14.076  0.002    3  1 
  51219.3100   14.110  0.002    3  1 
  51219.3296   14.139  0.002    3  1 
  51219.3536   14.171  0.002    3  1 
  51219.3723   14.207  0.002    3  1 
  51220.2720   14.296  0.002    3  1 
  51220.2946   14.321  0.002    3  1 
  51220.3117   14.337  0.002    3  1 
  51220.3299   14.353  0.002    3  1 
  51220.3473   14.367  0.003    3  1 
  51220.3643   14.359  0.003    3  1 
  51220.3816   14.303  0.002    3  1 
  51221.2763   14.080  0.002    3  1 
  51221.2964   14.119  0.002    3  1 
  51221.3145   14.150  0.002    3  1 
  51221.3318   14.173  0.002    3  1 
  51221.3496   14.195  0.002    3  1 
  51221.3673   14.217  0.002    3  1 
  51283.2546   13.851  0.002    3  1 
  51283.2783   13.920  0.002    3  1 
  51283.3008   13.978  0.002    3  1 
  51283.3322   14.050  0.002    3  1 
  51283.3553   14.100  0.002    3  1 
  51284.2134   14.282  0.002    3  1 
  51284.2375   14.304  0.002    3  1 
  51284.2581   14.312  0.003    3  1 
  51284.2875   14.306  0.002    3  1 
  51284.3124   14.306  0.002    3  1 
  51284.3383   14.320  0.002    3  1 
  51285.0451   14.345  0.002    3  1 
  51285.0691   14.356  0.002    3  1 
  51285.0932   14.314  0.002    3  1 
  51285.1257   13.999  0.002    3  1 
  51285.1514   13.722  0.002    3  1 
  51285.1754   13.663  0.002    3  1 
  51285.2060   13.776  0.002    3  1 
  51285.2321   13.846  0.002    3  1 
  51285.2586   13.924  0.002    3  1 
  51285.2928   14.006  0.002    3  1 
  51285.3257   14.080  0.002    3  1 
  51286.0393   14.156  0.002    3  1 
  51286.0670   14.185  0.002    3  1 
  51286.1302   14.249  0.002    3  1 
  51286.1833   14.276  0.002    3  1 
  51286.2193   14.301  0.002    3  1 
  51286.2434   14.309  0.002    3  1 
  51286.2655   14.308  0.002    3  1 
  51286.2958   14.303  0.002    3  1 
  51286.3291   14.335  0.002    3  1 
  51286.3521   14.367  0.002    3  1 
  51304.9838   13.667  0.001    3  1 
  51305.0251   13.787  0.002    3  1 
  51305.0718   13.915  0.002    3  1 
  51305.0961   13.974  0.002    3  1 
  51305.1465   14.081  0.003    3  1 
  51305.1755   14.138  0.002    3  1 
  51305.2054   14.182  0.003    3  1 
  51305.2345   14.221  0.002    3  1 
  51305.2666   14.262  0.002    3  1 
  51305.2880   14.269  0.002    3  1 
  51305.9773   14.257  0.002    3  1 
  51306.0428   14.300  0.002    3  1 
  51306.0809   14.303  0.002    3  1 
  51306.1330   14.310  0.002    3  1 
  51306.1578   14.345  0.002    3  1 
  51306.1875   14.331  0.002    3  1 
  51306.2101   14.344  0.002    3  1 
  51306.2538   14.023  0.002    3  1 
  51306.2771   13.767  0.002    3  1 
  51306.2972   13.676  0.002    3  1 
  51308.0025   14.280  0.002    3  1 
  51308.0294   14.294  0.002    3  1 
  51308.0600   14.299  0.002    3  1 
  51308.0919   14.281  0.002    3  1 
  51308.0958   14.271  0.002    3  1 
  51308.1244   14.319  0.002    3  1 
  51310.1132   14.312  0.001    3  1 
  51311.9792   14.295  0.003    3  1 
  51311.9983   14.304  0.003    3  1 
  51312.0087   14.312  0.003    3  1 
  51312.0350   14.291  0.002    3  1 
  51312.0550   14.296  0.002    3  1 
  51312.0672   14.303  0.002    3  1 
  51312.0870   14.310  0.002    3  1 
  51312.0988   14.329  0.002    3  1 
  51312.9828   13.879  0.002    3  1 
  51313.0063   13.942  0.002    3  1 
  51313.0300   13.996  0.002    3  1 
  51313.0562   14.055  0.002    3  1 
  51313.0838   14.071  0.002    3  1 
  51313.1113   14.153  0.002    3  1 
  51313.9807   14.304  0.002    3  1 
  51314.0143   14.289  0.002    3  1 
  51314.0397   14.302  0.002    3  1 
  51314.1124   14.372  0.003    3  1 
  51314.9752   13.913  0.002    3  1 
  51315.0102   13.996  0.002    3  1 
  51315.0336   14.047  0.002    3  1 
  51315.0747   14.128  0.002    3  1 
  51315.0982   14.161  0.002    3  1 
  51315.1216   14.199  0.002    3  1 
  51316.0399   14.308  0.002    3  1 
  51316.0634   14.330  0.002    3  1 
  51316.0869   14.365  0.002    3  1 
  51316.1115   14.354  0.002    3  1 
  51316.9740   13.961  0.002    3  1 
  51317.0052   14.040  0.002    3  1 
  51317.0282   14.095  0.003    3  1 
  51317.0566   14.122  0.002    3  1 
  51317.0822   14.168  0.002    3  1 
  51317.1075   14.204  0.002    3  1 
  51317.9847   14.280  0.002    3  1 
  51318.0099   14.297  0.002    3  1 
  51318.0374   14.314  0.003    3  1 
  51318.1226   14.266  0.003    3  1 
  51318.9772   14.015  0.002    3  1 
  51319.0019   14.078  0.003    3  1 
  51319.0274   14.109  0.002    3  1 
  51319.0757   14.185  0.002    3  1 
  51319.0997   14.214  0.002    3  1 
  51320.1000   14.263  0.002    3  1 
  51320.1208   14.045  0.002    3  1 
  51320.1417   13.819  0.002    3  1 
  51320.9728   14.043  0.002    3  1 
  51321.0180   14.095  0.002    3  1 
  51321.0400   14.158  0.002    3  1 
  51321.0624   14.195  0.002    3  1 
  51321.0930   14.234  0.002    3  1 
  51321.1217   14.246  0.002    3  1 
  51380.9937   13.865  0.002    3  1 
  51381.9793   14.309  0.002    3  1 
  51382.9755   13.886  0.002    3  1 
  51383.9715   14.303  0.002    3  1 
  51385.9679   14.304  0.002    3  1 
  51386.9917   14.000  0.002    3  1 
  51388.9755   14.011  0.002    3  1 
  51389.9750   14.295  0.002    3  1 
  51391.9697   14.318  0.001    3  1 
 56468.97641   12.575  0.115   -1  1 
 56469.04707   12.632  0.101   -1  1 
 56469.10896   12.443  0.071   -1  1 
 56469.17285   12.629  0.026   -1  1 
 56471.00364   12.686  0.063   -1  1 
 56471.06640   12.935  0.015   -1  1 
 56471.12490   12.728  0.030   -1  1 
 56471.18188   12.696  0.018   -1  1 
 56471.96759   12.322  0.042   -1  1 
 56472.03374   12.694  0.022   -1  1 
 56472.09484   12.747  0.025   -1  1 
 56472.15243   12.783  0.018   -1  1 
 56468.95296   12.397  0.098   -2  1 
 56469.02441   12.462  0.067   -2  1 
 56469.08813   12.509  0.046   -2  1 
 56469.15134   12.770  0.049   -2  1 
 56471.02588   12.604  0.056   -2  1 
 56471.08671   12.784  0.022   -2  1 
 56471.14302   12.708  0.016   -2  1 
 56471.94704   12.562  0.022   -2  1 
 56472.01085   12.614  0.050   -2  1 
 56472.07480   12.459  0.028   -2  1 
 56472.13240   12.666  0.014   -2  1 
 56472.19216   12.793  0.022   -2  1 
 56469.00041   12.721  0.043   -5  1 
 56469.06767   12.991  0.028   -5  1 
 56469.13003   12.948  0.030   -5  1 
 56469.19349   12.772  0.019   -5  1 
 56470.98130   13.047  0.015   -5  1 
 56471.04693   13.005  0.029   -5  1 
 56471.10523   13.080  0.012   -5  1 
 56471.16397   12.844  0.016   -5  1 
 56471.98857   12.802  0.026   -5  1 
 56472.05430   12.982  0.028   -5  1 
 56472.11383   12.846  0.015   -5  1 
 56472.17109   12.913  0.013   -5  1 
