  51216.3218   14.587  0.005    2  1 
  51216.3464   14.599  0.004    2  1 
  51216.3689   14.588  0.005    2  1 
  51216.3980   14.553  0.006    2  1 
  51217.3101   14.386  0.004    2  1 
  51217.3328   14.436  0.004    2  1 
  51217.3552   14.474  0.004    2  1 
  51217.3759   14.508  0.004    2  1 
  51217.3953   14.543  0.005    2  1 
  51218.2773   14.472  0.005    2  1 
  51218.3093   14.412  0.004    2  1 
  51218.3298   14.384  0.004    2  1 
  51218.3573   14.359  0.004    2  1 
  51218.3794   14.354  0.004    2  1 
  51219.3336   14.584  0.004    2  1 
  51219.3596   14.539  0.004    2  1 
  51219.3768   14.503  0.004    2  1 
  51220.2621   14.385  0.004    2  1 
  51220.2906   14.425  0.004    2  1 
  51220.3077   14.457  0.004    2  1 
  51220.3257   14.495  0.004    2  1 
  51220.3432   14.528  0.004    2  1 
  51220.3602   14.555  0.004    2  1 
  51220.3776   14.583  0.004    2  1 
  51221.2835   14.396  0.004    2  1 
  51221.3009   14.376  0.004    2  1 
  51221.3188   14.375  0.004    2  1 
  51221.3358   14.367  0.004    2  1 
  51221.3538   14.366  0.004    2  1 
  51221.3722   14.383  0.004    2  1 
  51283.2451   14.576  0.004    2  1 
  51283.2493   14.587  0.004    2  1 
  51283.2714   14.607  0.004    2  1 
  51283.2748   14.608  0.004    2  1 
  51283.2939   14.616  0.004    2  1 
  51283.2972   14.614  0.004    2  1 
  51283.3202   14.598  0.004    2  1 
  51283.3234   14.595  0.004    2  1 
  51283.3487   14.544  0.004    2  1 
  51283.3518   14.536  0.004    2  1 
  51283.3707   14.482  0.004    2  1 
  51283.3738   14.478  0.004    2  1 
  51284.2195   14.338  0.004    2  1 
  51284.2229   14.344  0.004    2  1 
  51284.2413   14.354  0.004    2  1 
  51284.2443   14.365  0.004    2  1 
  51284.2617   14.390  0.004    2  1 
  51284.2648   14.403  0.004    2  1 
  51284.2942   14.458  0.004    2  1 
  51284.2973   14.460  0.004    2  1 
  51284.3168   14.506  0.004    2  1 
  51284.3211   14.515  0.004    2  1 
  51284.3428   14.563  0.004    2  1 
  51284.3464   14.561  0.004    2  1 
  51285.0513   14.493  0.003    2  1 
  51285.0543   14.503  0.003    2  1 
  51285.0739   14.540  0.004    2  1 
  51285.0778   14.551  0.004    2  1 
  51285.0975   14.586  0.004    2  1 
  51285.1006   14.585  0.004    2  1 
  51285.1324   14.616  0.004    2  1 
  51285.1360   14.616  0.004    2  1 
  51285.1558   14.605  0.004    2  1 
  51285.1588   14.608  0.004    2  1 
  51285.1796   14.583  0.004    2  1 
  51285.1830   14.578  0.004    2  1 
  51285.2125   14.511  0.004    2  1 
  51285.2157   14.500  0.004    2  1 
  51285.2362   14.443  0.004    2  1 
  51285.2426   14.427  0.004    2  1 
  51285.2630   14.397  0.004    2  1 
  51285.2666   14.387  0.004    2  1 
  51285.2998   14.353  0.004    2  1 
  51285.3033   14.346  0.004    2  1 
  51285.3308   14.350  0.004    2  1 
  51285.3348   14.349  0.003    2  1 
  51285.3382   14.355  0.004    2  1 
  51286.0461   14.349  0.003    2  1 
  51286.0493   14.347  0.003    2  1 
  51286.0716   14.347  0.003    2  1 
  51286.0753   14.356  0.003    2  1 
  51286.1026   14.388  0.003    2  1 
  51286.1061   14.391  0.003    2  1 
  51286.1365   14.444  0.003    2  1 
  51286.1398   14.453  0.004    2  1 
  51286.1608   14.495  0.004    2  1 
  51286.1639   14.504  0.004    2  1 
  51286.1669   14.508  0.004    2  1 
  51286.1875   14.548  0.004    2  1 
  51286.1908   14.554  0.004    2  1 
  51286.2255   14.602  0.004    2  1 
  51286.2285   14.600  0.004    2  1 
  51286.2476   14.604  0.004    2  1 
  51286.2508   14.613  0.004    2  1 
  51286.2697   14.604  0.004    2  1 
  51286.2727   14.598  0.004    2  1 
  51286.3022   14.551  0.004    2  1 
  51286.3055   14.544  0.004    2  1 
  51286.3218   14.504  0.004    2  1 
  51286.3250   14.498  0.004    2  1 
  51286.3450   14.443  0.004    2  1 
  51286.3481   14.434  0.004    2  1 
  51304.9873   14.415  0.004    2  1 
  51304.9926   14.433  0.003    2  1 
  51305.0328   14.511  0.004    2  1 
  51305.0362   14.523  0.004    2  1 
  51305.0559   14.556  0.004    2  1 
  51305.0599   14.561  0.004    2  1 
  51305.0890   14.613  0.004    2  1 
  51305.0922   14.608  0.004    2  1 
  51305.1235   14.619  0.004    2  1 
  51305.1269   14.616  0.005    2  1 
  51305.1509   14.591  0.005    2  1 
  51305.1547   14.584  0.005    2  1 
  51305.1853   14.511  0.004    2  1 
  51305.1885   14.498  0.004    2  1 
  51305.2098   14.433  0.004    2  1 
  51305.2128   14.433  0.004    2  1 
  51305.2431   14.392  0.004    2  1 
  51305.2461   14.383  0.004    2  1 
  51305.2704   14.356  0.004    2  1 
  51305.2734   14.349  0.004    2  1 
  51305.2966   14.346  0.004    2  1 
  51305.2995   14.344  0.004    2  1 
  51305.9857   14.385  0.003    2  1 
  51305.9885   14.384  0.003    2  1 
  51305.9912   14.380  0.003    2  1 
  51306.0256   14.342  0.003    2  1 
  51306.0285   14.345  0.003    2  1 
  51306.0465   14.346  0.003    2  1 
  51306.0498   14.350  0.003    2  1 
  51306.0896   14.407  0.003    2  1 
  51306.0930   14.409  0.003    2  1 
  51306.1123   14.450  0.003    2  1 
  51306.1151   14.454  0.003    2  1 
  51306.1375   14.507  0.003    2  1 
  51306.1405   14.516  0.003    2  1 
  51306.1636   14.558  0.004    2  1 
  51306.1673   14.566  0.004    2  1 
  51306.1937   14.598  0.003    2  1 
  51306.1966   14.605  0.003    2  1 
  51306.2146   14.612  0.004    2  1 
  51306.2178   14.616  0.004    2  1 
  51306.2343   14.612  0.003    2  1 
  51306.2380   14.611  0.003    2  1 
  51306.2574   14.600  0.003    2  1 
  51306.2602   14.592  0.003    2  1 
  51306.2805   14.548  0.003    2  1 
  51306.2835   14.538  0.003    2  1 
  51306.3009   14.491  0.003    2  1 
  51306.3038   14.493  0.003    2  1 
  51306.3135   14.462  0.004    2  1 
  51306.3184   14.448  0.004    2  1 
  51307.0456   14.485  0.004    2  1 
  51307.0501   14.471  0.004    2  1 
  51307.0593   14.445  0.003    2  1 
  51307.0645   14.430  0.003    2  1 
  51307.0699   14.425  0.008    2  1 
  51307.0747   14.417  0.005    2  1 
  51308.0084   14.546  0.003    2  1 
  51308.0112   14.554  0.003    2  1 
  51308.0334   14.587  0.003    2  1 
  51308.0362   14.595  0.003    2  1 
  51308.0394   14.598  0.003    2  1 
  51308.0633   14.616  0.003    2  1 
  51308.0663   14.621  0.003    2  1 
  51308.0995   14.601  0.003    2  1 
  51308.1031   14.596  0.003    2  1 
  51308.1280   14.556  0.004    2  1 
  51308.1309   14.551  0.004    2  1 
  51310.0850   14.354  0.002    2  1 
  51310.0874   14.354  0.002    2  1 
  51310.0897   14.354  0.002    2  1 
  51310.0922   14.348  0.002    2  1 
  51310.1430   14.378  0.003    2  1 
  51310.1458   14.386  0.003    2  1 
  51310.1486   14.387  0.003    2  1 
  51311.0244   14.637  0.006    2  1 
  51311.0302   14.636  0.005    2  1 
  51311.0334   14.634  0.005    2  1 
  51311.0506   14.621  0.003    2  1 
  51311.0539   14.611  0.003    2  1 
  51311.0637   14.609  0.004    2  1 
  51311.0669   14.601  0.005    2  1 
  51311.0702   14.603  0.003    2  1 
  51311.0907   14.550  0.004    2  1 
  51311.0946   14.540  0.004    2  1 
  51311.0980   14.535  0.004    2  1 
  51311.1015   14.517  0.004    2  1 
  51311.1071   14.504  0.004    2  1 
  51311.1298   14.438  0.004    2  1 
  51311.1327   14.432  0.004    2  1 
  51311.1357   14.424  0.004    2  1 
  51311.1398   14.415  0.004    2  1 
  51311.1447   14.403  0.004    2  1 
  51311.9726   14.323  0.005    2  1 
  51311.9755   14.364  0.004    2  1 
  51312.0020   14.396  0.004    2  1 
  51312.0049   14.405  0.004    2  1 
  51312.0255   14.440  0.004    2  1 
  51312.0284   14.444  0.004    2  1 
  51312.0314   14.455  0.003    2  1 
  51312.0584   14.512  0.003    2  1 
  51312.0611   14.522  0.003    2  1 
  51312.0638   14.524  0.003    2  1 
  51312.0903   14.577  0.003    2  1 
  51312.0929   14.577  0.003    2  1 
  51312.0955   14.580  0.003    2  1 
  51312.1146   14.606  0.004    2  1 
  51312.1173   14.607  0.004    2  1 
  51312.1200   14.614  0.004    2  1 
  51312.9860   14.427  0.003    2  1 
  51312.9887   14.427  0.003    2  1 
  51312.9913   14.420  0.003    2  1 
  51313.0096   14.390  0.003    2  1 
  51313.0123   14.387  0.003    2  1 
  51313.0149   14.385  0.003    2  1 
  51313.0333   14.359  0.003    2  1 
  51313.0360   14.357  0.003    2  1 
  51313.0386   14.362  0.003    2  1 
  51313.0413   14.350  0.004    2  1 
  51313.0595   14.348  0.003    2  1 
  51313.0622   14.349  0.003    2  1 
  51313.0648   14.348  0.003    2  1 
  51313.0911   14.363  0.003    2  1 
  51313.0937   14.364  0.003    2  1 
  51313.0964   14.370  0.003    2  1 
  51313.1146   14.402  0.003    2  1 
  51313.1172   14.402  0.003    2  1 
  51313.1199   14.412  0.003    2  1 
  51313.1226   14.415  0.003    2  1 
  51313.9843   14.629  0.004    2  1 
  51313.9872   14.621  0.004    2  1 
  51313.9901   14.625  0.004    2  1 
  51314.0178   14.614  0.004    2  1 
  51314.0207   14.601  0.004    2  1 
  51314.0236   14.607  0.004    2  1 
  51314.0432   14.568  0.004    2  1 
  51314.0461   14.560  0.004    2  1 
  51314.0490   14.556  0.004    2  1 
  51314.0772   14.475  0.004    2  1 
  51314.0802   14.460  0.004    2  1 
  51314.0831   14.459  0.004    2  1 
  51314.1030   14.410  0.004    2  1 
  51314.1059   14.403  0.004    2  1 
  51314.1088   14.400  0.004    2  1 
  51314.1289   14.375  0.004    2  1 
  51314.1333   14.365  0.004    2  1 
  51314.1363   14.365  0.004    2  1 
  51314.9827   14.431  0.004    2  1 
  51314.9856   14.440  0.004    2  1 
  51314.9885   14.445  0.004    2  1 
  51315.0015   14.474  0.004    2  1 
  51315.0043   14.484  0.003    2  1 
  51315.0069   14.487  0.003    2  1 
  51315.0251   14.528  0.003    2  1 
  51315.0277   14.532  0.003    2  1 
  51315.0304   14.544  0.003    2  1 
  51315.0489   14.573  0.003    2  1 
  51315.0516   14.577  0.003    2  1 
  51315.0542   14.580  0.003    2  1 
  51315.0780   14.615  0.004    2  1 
  51315.0807   14.609  0.004    2  1 
  51315.0833   14.615  0.004    2  1 
  51315.1015   14.622  0.004    2  1 
  51315.1041   14.625  0.004    2  1 
  51315.1068   14.619  0.004    2  1 
  51315.1290   14.615  0.004    2  1 
  51315.1319   14.612  0.004    2  1 
  51316.0194   14.341  0.003    2  1 
  51316.0221   14.345  0.003    2  1 
  51316.0247   14.347  0.003    2  1 
  51316.0431   14.360  0.003    2  1 
  51316.0458   14.363  0.003    2  1 
  51316.0485   14.360  0.003    2  1 
  51316.0667   14.386  0.003    2  1 
  51316.0693   14.391  0.003    2  1 
  51316.0720   14.392  0.003    2  1 
  51316.0905   14.431  0.004    2  1 
  51316.0934   14.430  0.004    2  1 
  51316.0963   14.439  0.004    2  1 
  51316.1148   14.471  0.003    2  1 
  51316.1175   14.485  0.003    2  1 
  51316.1201   14.490  0.003    2  1 
  51316.9647   14.615  0.004    2  1 
  51316.9676   14.617  0.004    2  1 
  51316.9705   14.617  0.004    2  1 
  51316.9896   14.586  0.004    2  1 
  51316.9923   14.584  0.004    2  1 
  51316.9949   14.582  0.003    2  1 
  51317.0088   14.553  0.004    2  1 
  51317.0117   14.535  0.004    2  1 
  51317.0321   14.483  0.004    2  1 
  51317.0351   14.472  0.004    2  1 
  51317.0391   14.452  0.004    2  1 
  51317.0602   14.413  0.004    2  1 
  51317.0631   14.415  0.004    2  1 
  51317.0660   14.410  0.004    2  1 
  51317.0858   14.378  0.004    2  1 
  51317.0887   14.375  0.004    2  1 
  51317.0916   14.373  0.004    2  1 
  51317.1111   14.358  0.004    2  1 
  51317.1140   14.355  0.004    2  1 
  51317.1169   14.348  0.004    2  1 
  51317.9628   14.477  0.004    2  1 
  51317.9657   14.495  0.004    2  1 
  51317.9685   14.498  0.004    2  1 
  51317.9883   14.542  0.004    2  1 
  51317.9912   14.544  0.004    2  1 
  51317.9941   14.547  0.004    2  1 
  51318.0135   14.580  0.004    2  1 
  51318.0164   14.590  0.005    2  1 
  51318.0194   14.592  0.005    2  1 
  51318.0413   14.613  0.005    2  1 
  51318.0445   14.629  0.005    2  1 
  51318.0477   14.626  0.005    2  1 
  51318.0697   14.625  0.005    2  1 
  51318.0730   14.628  0.005    2  1 
  51318.0762   14.619  0.005    2  1 
  51318.0981   14.601  0.005    2  1 
  51318.1014   14.589  0.005    2  1 
  51318.1046   14.595  0.006    2  1 
  51318.1265   14.524  0.005    2  1 
  51318.1298   14.517  0.005    2  1 
  51318.9642   14.344  0.003    2  1 
  51318.9680   14.345  0.004    2  1 
  51318.9708   14.341  0.003    2  1 
  51318.9737   14.344  0.003    2  1 
  51318.9929   14.349  0.003    2  1 
  51318.9956   14.350  0.003    2  1 
  51318.9983   14.356  0.003    2  1 
  51319.0180   14.375  0.004    2  1 
  51319.0209   14.376  0.004    2  1 
  51319.0238   14.387  0.003    2  1 
  51319.0443   14.425  0.004    2  1 
  51319.0474   14.425  0.004    2  1 
  51319.0505   14.433  0.004    2  1 
  51319.0793   14.496  0.004    2  1 
  51319.0820   14.503  0.003    2  1 
  51319.0847   14.510  0.003    2  1 
  51319.1030   14.552  0.004    2  1 
  51319.1084   14.563  0.003    2  1 
  51319.1110   14.568  0.003    2  1 
  51320.1030   14.355  0.003    2  1 
  51320.1053   14.351  0.002    2  1 
  51320.1076   14.362  0.003    2  1 
  51320.1238   14.375  0.003    2  1 
  51320.1261   14.380  0.003    2  1 
  51320.1284   14.376  0.003    2  1 
  51320.1450   14.406  0.003    2  1 
  51320.1477   14.414  0.003    2  1 
  51320.1503   14.419  0.003    2  1 
  51320.9635   14.566  0.004    2  1 
  51320.9664   14.564  0.004    2  1 
  51320.9693   14.580  0.004    2  1 
  51320.9887   14.597  0.003    2  1 
  51320.9911   14.599  0.003    2  1 
  51320.9936   14.603  0.003    2  1 
  51321.0102   14.618  0.003    2  1 
  51321.0126   14.617  0.003    2  1 
  51321.0150   14.620  0.003    2  1 
  51321.0318   14.609  0.003    2  1 
  51321.0344   14.614  0.003    2  1 
  51321.0369   14.617  0.003    2  1 
  51321.0543   14.595  0.003    2  1 
  51321.0568   14.593  0.003    2  1 
  51321.0594   14.593  0.003    2  1 
  51321.0847   14.529  0.003    2  1 
  51321.0873   14.522  0.003    2  1 
  51321.0898   14.516  0.003    2  1 
  51321.1133   14.441  0.003    2  1 
  51321.1159   14.445  0.003    2  1 
  51321.1186   14.435  0.003    2  1 
  51321.1339   14.407  0.003    2  1 
  51321.1365   14.407  0.003    2  1 
  51332.9696   14.408  0.005    2  1 
  51332.9739   14.397  0.005    2  1 
  51332.9891   14.377  0.004    2  1 
  51332.9928   14.372  0.005    2  1 
  51332.9965   14.367  0.005    2  1 
  51333.0083   14.351  0.004    2  1 
  51333.0120   14.349  0.004    2  1 
  51333.0226   14.346  0.004    2  1 
  51333.0264   14.343  0.004    2  1 
  51333.0514   14.353  0.004    2  1 
  51333.0552   14.353  0.005    2  1 
  51333.0742   14.368  0.005    2  1 
  51333.0779   14.377  0.005    2  1 
  51333.0907   14.398  0.004    2  1 
  51333.0945   14.414  0.004    2  1 
  51333.1178   14.455  0.004    2  1 
  51333.1221   14.462  0.005    2  1 
  51333.1335   14.493  0.005    2  1 
  51333.1369   14.505  0.005    2  1 
  51333.1529   14.532  0.005    2  1 
  51333.1565   14.546  0.005    2  1 
  51333.1716   14.572  0.005    2  1 
  51333.1752   14.578  0.005    2  1 
  51334.9841   14.495  0.004    2  1 
  51334.9871   14.498  0.004    2  1 
  51335.0175   14.564  0.004    2  1 
  51335.0204   14.567  0.004    2  1 
  51335.0301   14.588  0.004    2  1 
  51335.0334   14.590  0.004    2  1 
  51335.0517   14.607  0.004    2  1 
  51335.0552   14.612  0.005    2  1 
  51335.0692   14.618  0.005    2  1 
  51335.0727   14.623  0.004    2  1 
  51335.0833   14.617  0.005    2  1 
  51335.0867   14.618  0.005    2  1 
  51335.1133   14.585  0.005    2  1 
  51335.1167   14.583  0.005    2  1 
  51335.9535   14.372  0.004    2  1 
  51335.9726   14.347  0.004    2  1 
  51335.9768   14.345  0.004    2  1 
  51335.9997   14.344  0.004    2  1 
  51336.0027   14.344  0.004    2  1 
  51336.0203   14.361  0.004    2  1 
  51336.0236   14.362  0.004    2  1 
  51336.0357   14.379  0.004    2  1 
  51336.0388   14.379  0.004    2  1 
  51336.0593   14.420  0.004    2  1 
  51336.0629   14.422  0.004    2  1 
  51336.0769   14.457  0.004    2  1 
  51336.0803   14.461  0.005    2  1 
  51336.1025   14.513  0.004    2  1 
  51336.1059   14.526  0.005    2  1 
  51336.1206   14.555  0.005    2  1 
  51336.1240   14.562  0.005    2  1 
  51337.0101   14.469  0.004    2  1 
  51337.9904   14.588  0.005    2  1 
  51337.9940   14.597  0.005    2  1 
  51338.0162   14.621  0.005    2  1 
  51338.0196   14.616  0.005    2  1 
  51338.0339   14.625  0.005    2  1 
  51338.0376   14.628  0.006    2  1 
  51338.9901   14.375  0.004    2  1 
  51338.9938   14.374  0.004    2  1 
  51339.0226   14.426  0.005    2  1 
  51339.0269   14.436  0.004    2  1 
  51339.0867   14.566  0.006    2  1 
  51339.0905   14.571  0.005    2  1 
  51339.1139   14.598  0.005    2  1 
  51339.1177   14.602  0.005    2  1 
  51339.1448   14.622  0.005    2  1 
  51339.1482   14.617  0.004    2  1 
  51339.9766   14.445  0.004    2  1 
  51339.9795   14.446  0.004    2  1 
  51340.0044   14.401  0.003    2  1 
  51340.0078   14.397  0.003    2  1 
  51340.0274   14.365  0.004    2  1 
  51340.0306   14.362  0.004    2  1 
  51340.0540   14.338  0.004    2  1 
  51340.0572   14.344  0.004    2  1 
  51340.0857   14.350  0.004    2  1 
  51340.0892   14.356  0.004    2  1 
  51340.1152   14.391  0.004    2  1 
  51340.1197   14.405  0.004    2  1 
  51340.1229   14.414  0.004    2  1 
  51340.1263   14.420  0.004    2  1 
  51340.1404   14.442  0.004    2  1 
  51340.1437   14.459  0.004    2  1 
  51344.9924   14.540  0.004    2  1 
  51344.9958   14.542  0.003    2  1 
  51344.9988   14.554  0.003    2  1 
  51345.0216   14.597  0.004    2  1 
  51345.0255   14.601  0.005    2  1 
  51345.0302   14.604  0.004    2  1 
  51345.0553   14.621  0.004    2  1 
  51345.0603   14.623  0.004    2  1 
  51345.9856   14.340  0.004    2  1 
  51345.9896   14.339  0.004    2  1 
  51346.0219   14.370  0.004    2  1 
  51346.0264   14.378  0.004    2  1 
  51346.0486   14.422  0.004    2  1 
  51346.0523   14.429  0.004    2  1 
  51346.0791   14.488  0.004    2  1 
  51346.0826   14.501  0.004    2  1 
  51347.0416   14.385  0.004    2  1 
  51347.0453   14.377  0.003    2  1 
  51347.0743   14.341  0.003    2  1 
  51347.0777   14.342  0.003    2  1 
  51347.0990   14.340  0.003    2  1 
  51347.1022   14.338  0.003    2  1 
  51347.9769   14.579  0.004    2  1 
  51347.9802   14.585  0.004    2  1 
  51347.9834   14.593  0.004    2  1 
  51347.9983   14.606  0.004    2  1 
  51348.0028   14.606  0.004    2  1 
  51348.0063   14.609  0.004    2  1 
  51348.0242   14.614  0.004    2  1 
  51348.0274   14.617  0.004    2  1 
  51348.0943   14.505  0.005    2  1 
  51348.0983   14.493  0.005    2  1 
  51348.1018   14.482  0.005    2  1 
  51348.9650   14.352  0.004    2  1 
  51348.9682   14.357  0.004    2  1 
  51348.9853   14.383  0.003    2  1 
  51348.9883   14.387  0.004    2  1 
  51348.9912   14.389  0.003    2  1 
  51349.0316   14.473  0.004    2  1 
  51349.0346   14.485  0.004    2  1 
  51349.9815   14.405  0.003    2  1 
  51349.9851   14.400  0.003    2  1 
  51349.9973   14.378  0.003    2  1 
  51350.0033   14.371  0.004    2  1 
  51350.0066   14.365  0.004    2  1 
  51350.0164   14.354  0.004    2  1 
  51350.0197   14.350  0.004    2  1 
  51350.0296   14.339  0.004    2  1 
  51380.9973   14.546  0.004    2  1 
  51381.0004   14.543  0.003    2  1 
  51381.0031   14.538  0.003    2  1 
  51381.0187   14.487  0.003    2  1 
  51381.0214   14.481  0.003    2  1 
  51381.0242   14.476  0.003    2  1 
  51381.9830   14.548  0.004    2  1 
  51381.9859   14.557  0.004    2  1 
  51381.9888   14.563  0.004    2  1 
  51382.0000   14.574  0.004    2  1 
  51382.0029   14.576  0.004    2  1 
  51382.9793   14.343  0.004    2  1 
  51382.9826   14.345  0.004    2  1 
  51382.9857   14.350  0.004    2  1 
  51382.9965   14.350  0.004    2  1 
  51382.9995   14.355  0.004    2  1 
  51383.9746   14.502  0.003    2  1 
  51383.9773   14.494  0.003    2  1 
  51383.9799   14.483  0.003    2  1 
  51383.9899   14.456  0.004    2  1 
  51383.9926   14.446  0.003    2  1 
  51384.9751   14.595  0.003    2  1 
  51384.9777   14.602  0.003    2  1 
  51384.9802   14.598  0.003    2  1 
  51384.9896   14.608  0.003    2  1 
  51384.9921   14.609  0.003    2  1 
  51385.9711   14.373  0.003    2  1 
  51385.9737   14.374  0.003    2  1 
  51385.9763   14.383  0.003    2  1 
  51385.9857   14.402  0.003    2  1 
  51385.9884   14.411  0.003    2  1 
  51386.9965   14.359  0.003    2  1 
  51387.0003   14.355  0.003    2  1 
  51387.0041   14.354  0.003    2  1 
  51387.0216   14.332  0.004    2  1 
  51387.0254   14.335  0.003    2  1 
  51387.0293   14.326  0.003    2  1 
  51388.9801   14.480  0.004    2  1 
  51388.9834   14.487  0.004    2  1 
  51388.9866   14.489  0.004    2  1 
  51388.9984   14.515  0.005    2  1 
  51389.0017   14.521  0.005    2  1 
  51389.9783   14.344  0.003    2  1 
  51389.9809   14.341  0.003    2  1 
  51389.9836   14.335  0.003    2  1 
  51390.9729   14.566  0.003    2  1 
  51390.9756   14.568  0.003    2  1 
  51390.9783   14.561  0.003    2  1 
  51391.9728   14.546  0.003    2  1 
  51391.9754   14.553  0.003    2  1 
  51391.9779   14.562  0.003    2  1 
  51671.0871   14.445  0.004    2  1 
  51671.0917   14.434  0.004    2  1 
  51671.0952   14.431  0.004    2  1 
  51671.1189   14.396  0.004    2  1 
  51671.1232   14.391  0.004    2  1 
  51671.9996   14.478  0.004    2  1 
  51672.0039   14.484  0.003    2  1 
  51672.0350   14.533  0.004    2  1 
  51672.0382   14.534  0.004    2  1 
  51673.0232   14.372  0.003    2  1 
  51674.0574   14.423  0.005    2  1 
  51674.0938   14.384  0.005    2  1 
  51674.0985   14.384  0.005    2  1 
  51674.1159   14.377  0.004    2  1 
  51674.1223   14.369  0.004    2  1 
  51674.9763   14.505  0.005    2  1 
  51674.9824   14.517  0.005    2  1 
  51675.0212   14.561  0.005    2  1 
  51676.0163   14.402  0.004    2  1 
  51692.9816   14.370  0.004    2  1 
  51692.9854   14.369  0.004    2  1 
  51693.9780   14.522  0.004    2  1 
  51693.9814   14.516  0.004    2  1 
  51694.9914   14.558  0.003    2  1 
  51694.9946   14.540  0.003    2  1 
  51765.9974   14.574  0.004    2  1 
  51766.0012   14.580  0.004    2  1 
  51766.0048   14.580  0.004    2  1 
  51766.0266   14.600  0.005    2  1 
  51766.0301   14.597  0.005    2  1 
  51216.3408   14.978  0.004    3  1 
  51216.3905   14.917  0.004    3  1 
  51217.3019   14.649  0.003    3  1 
  51218.2854   14.749  0.004    3  1 
  51218.3156   14.688  0.004    3  1 
  51218.3347   14.658  0.003    3  1 
  51218.3653   14.562  0.003    3  1 
  51218.3848   14.628  0.003    3  1 
  51219.2918   14.976  0.004    3  1 
  51219.3100   14.977  0.004    3  1 
  51219.3296   14.958  0.004    3  1 
  51219.3536   14.900  0.003    3  1 
  51219.3723   14.849  0.003    3  1 
  51220.2720   14.682  0.003    3  1 
  51220.2946   14.741  0.003    3  1 
  51220.3299   14.839  0.003    3  1 
  51220.3473   14.885  0.004    3  1 
  51220.3643   14.924  0.004    3  1 
  51220.3816   14.971  0.004    3  1 
  51221.2763   14.698  0.003    3  1 
  51221.2964   14.659  0.003    3  1 
  51221.3496   14.647  0.003    3  1 
  51283.2783   15.006  0.003    3  1 
  51283.3008   15.003  0.003    3  1 
  51283.3322   14.964  0.003    3  1 
  51283.3553   14.883  0.003    3  1 
  51284.2134   14.604  0.003    3  1 
  51284.2375   14.625  0.003    3  1 
  51284.2581   14.673  0.003    3  1 
  51284.2875   14.753  0.003    3  1 
  51284.3124   14.846  0.003    3  1 
  51284.3383   14.929  0.003    3  1 
  51285.0451   14.800  0.003    3  1 
  51285.0691   14.871  0.003    3  1 
  51285.0932   14.932  0.003    3  1 
  51285.1257   14.993  0.003    3  1 
  51285.1514   14.980  0.003    3  1 
  51285.1754   14.953  0.003    3  1 
  51285.2060   14.872  0.003    3  1 
  51285.2321   14.758  0.003    3  1 
  51285.2586   14.690  0.003    3  1 
  51285.2928   14.628  0.003    3  1 
  51285.3257   14.631  0.003    3  1 
  51286.0670   14.611  0.002    3  1 
  51286.1833   14.890  0.003    3  1 
  51286.2193   14.968  0.003    3  1 
  51286.2434   14.980  0.003    3  1 
  51286.2655   14.980  0.003    3  1 
  51286.3291   14.813  0.003    3  1 
  51286.3521   14.750  0.003    3  1 
  51304.9838   14.702  0.003    3  1 
  51305.0251   14.821  0.004    3  1 
  51305.0718   14.947  0.004    3  1 
  51305.0961   14.988  0.003    3  1 
  51305.1465   14.960  0.004    3  1 
  51305.1755   14.880  0.004    3  1 
  51305.2054   14.760  0.004    3  1 
  51305.2345   14.682  0.003    3  1 
  51305.2666   14.652  0.003    3  1 
  51305.2880   14.640  0.003    3  1 
  51305.9773   14.680  0.002    3  1 
  51306.0428   14.605  0.003    3  1 
  51306.0809   14.669  0.003    3  1 
  51306.1330   14.827  0.003    3  1 
  51306.2101   14.953  0.003    3  1 
  51306.2538   14.989  0.003    3  1 
  51306.2771   14.926  0.003    3  1 
  51306.2972   14.863  0.003    3  1 
  51308.0600   14.989  0.003    3  1 
  51308.1244   14.920  0.003    3  1 
  51311.9792   14.601  0.004    3  1 
  51311.9983   14.665  0.003    3  1 
  51312.0087   14.684  0.003    3  1 
  51312.0350   14.764  0.003    3  1 
  51312.0550   14.831  0.003    3  1 
  51312.0672   14.869  0.003    3  1 
  51312.0870   14.933  0.003    3  1 
  51312.0988   14.954  0.003    3  1 
  51312.9828   14.730  0.002    3  1 
  51313.0063   14.677  0.003    3  1 
  51313.0300   14.636  0.003    3  1 
  51313.0562   14.606  0.002    3  1 
  51313.1113   14.676  0.003    3  1 
  51313.9807   14.990  0.003    3  1 
  51314.0143   14.973  0.003    3  1 
  51314.0397   14.921  0.003    3  1 
  51314.1124   14.670  0.003    3  1 
  51314.9752   14.706  0.003    3  1 
  51315.0102   14.810  0.003    3  1 
  51315.0336   14.894  0.003    3  1 
  51315.0747   14.979  0.003    3  1 
  51315.0982   15.002  0.004    3  1 
  51315.1216   14.991  0.003    3  1 
  51316.0399   14.619  0.003    3  1 
  51316.0634   14.656  0.003    3  1 
  51316.0869   14.714  0.003    3  1 
  51316.1115   14.805  0.003    3  1 
  51316.9740   14.971  0.003    3  1 
  51317.0052   14.905  0.004    3  1 
  51317.0282   14.795  0.005    3  1 
  51317.0566   14.713  0.003    3  1 
  51317.0822   14.657  0.003    3  1 
  51317.1075   14.615  0.003    3  1 
  51317.9847   14.868  0.003    3  1 
  51318.0099   14.940  0.004    3  1 
  51318.0374   15.003  0.005    3  1 
  51318.1226   14.878  0.005    3  1 
  51318.9772   14.594  0.003    3  1 
  51319.0019   14.618  0.003    3  1 
  51319.0274   14.664  0.003    3  1 
  51319.0757   14.815  0.003    3  1 
  51319.0997   14.894  0.003    3  1 
  51320.1000   14.548  0.002    3  1 
  51320.1208   14.644  0.002    3  1 
  51320.1417   14.694  0.003    3  1 
  51320.9728   14.935  0.003    3  1 
  51321.0180   14.922  0.003    3  1 
  51321.0400   14.968  0.003    3  1 
  51321.0624   14.935  0.003    3  1 
  51321.0930   14.826  0.003    3  1 
  51321.1217   14.729  0.003    3  1 
  51380.9937   14.927  0.003    3  1 
  51381.9793   14.893  0.003    3  1 
  51382.9755   14.586  0.004    3  1 
  51383.9715   14.793  0.003    3  1 
  51386.9917   14.664  0.003    3  1 
  51388.9755   14.777  0.004    3  1 
  51389.9750   14.637  0.002    3  1 
  51390.9697   14.953  0.003    3  1 
  51695.0052   14.930  0.003    3  1 
 56468.97641   13.483  0.019   -1  1 
 56469.04707   13.328  0.021   -1  1 
 56469.10896   13.533  0.031   -1  1 
 56469.17285   13.492  0.011   -1  1 
 56471.00364   13.487  0.017   -1  1 
 56471.06640   13.430  0.007   -1  1 
 56471.12490   13.520  0.018   -1  1 
 56471.18188   13.453  0.007   -1  1 
 56471.96759   13.821  0.026   -1  1 
 56472.03374   13.569  0.019   -1  1 
 56472.09484   13.427  0.007   -1  1 
 56472.15243   13.461  0.013   -1  1 
 56468.95296   13.426  0.031   -2  1 
 56469.02441   13.389  0.018   -2  1 
 56469.08813   13.530  0.022   -2  1 
 56469.15134   13.425  0.020   -2  1 
 56471.02588   13.449  0.018   -2  1 
 56471.08671   13.391  0.006   -2  1 
 56471.14302   13.354  0.010   -2  1 
 56471.94704   13.447  0.026   -2  1 
 56472.01085   13.361  0.028   -2  1 
 56472.07480   13.516  0.019   -2  1 
 56472.13240   13.354  0.024   -2  1 
 56472.19216   13.427  0.008   -2  1 
 56469.00041   13.599  0.009   -5  1 
 56469.06767   13.656  0.011   -5  1 
 56469.13003   13.646  0.015   -5  1 
 56469.19349   13.658  0.006   -5  1 
 56470.98130   13.960  0.049   -5  1 
 56471.04693   13.636  0.007   -5  1 
 56471.10523   13.613  0.005   -5  1 
 56471.16397   13.612  0.006   -5  1 
 56471.98857   13.666  0.017   -5  1 
 56472.05430   13.620  0.009   -5  1 
 56472.11383   13.655  0.006   -5  1 
 56472.17109   13.647  0.014   -5  1 
