  51216.3218   14.815  0.005    2  1 
  51216.3464   14.878  0.005    2  1 
  51216.3689   14.911  0.006    2  1 
  51216.3980   14.835  0.006    2  1 
  51217.3101   14.580  0.005    2  1 
  51217.3328   14.626  0.005    2  1 
  51217.3552   14.666  0.005    2  1 
  51217.3759   14.696  0.005    2  1 
  51217.3953   14.718  0.005    2  1 
  51218.2773   14.506  0.005    2  1 
  51218.3093   13.876  0.003    2  1 
  51218.3298   13.837  0.003    2  1 
  51218.3573   13.960  0.004    2  1 
  51218.3794   14.048  0.004    2  1 
  51219.3336   14.783  0.005    2  1 
  51219.3596   14.797  0.005    2  1 
  51219.3768   14.779  0.005    2  1 
  51220.2621   14.146  0.004    2  1 
  51220.2906   14.241  0.004    2  1 
  51220.3077   14.305  0.004    2  1 
  51220.3257   14.352  0.004    2  1 
  51220.3432   14.407  0.004    2  1 
  51220.3602   14.450  0.004    2  1 
  51220.3776   14.501  0.004    2  1 
  51221.2835   14.819  0.005    2  1 
  51221.3009   14.863  0.005    2  1 
  51221.3188   14.886  0.005    2  1 
  51221.3358   14.907  0.005    2  1 
  51221.3538   14.853  0.005    2  1 
  51221.3722   14.598  0.005    2  1 
  51283.2451   14.791  0.005    2  1 
  51283.2493   14.802  0.005    2  1 
  51283.2714   14.838  0.005    2  1 
  51283.2748   14.856  0.005    2  1 
  51283.2939   14.887  0.005    2  1 
  51283.2972   14.896  0.005    2  1 
  51283.3202   14.907  0.005    2  1 
  51283.3234   14.897  0.005    2  1 
  51283.3487   14.664  0.004    2  1 
  51283.3518   14.602  0.004    2  1 
  51283.3707   14.169  0.003    2  1 
  51283.3738   14.111  0.003    2  1 
  51284.2195   14.511  0.004    2  1 
  51284.2229   14.521  0.004    2  1 
  51284.2413   14.566  0.004    2  1 
  51284.2443   14.577  0.004    2  1 
  51284.2617   14.614  0.004    2  1 
  51284.2648   14.620  0.004    2  1 
  51284.2942   14.680  0.004    2  1 
  51284.2973   14.677  0.004    2  1 
  51284.3168   14.707  0.004    2  1 
  51284.3211   14.710  0.005    2  1 
  51284.3428   14.733  0.005    2  1 
  51284.3464   14.733  0.004    2  1 
  51285.0513   14.803  0.004    2  1 
  51285.0543   14.797  0.004    2  1 
  51285.0739   14.783  0.004    2  1 
  51285.0778   14.774  0.004    2  1 
  51285.0975   14.778  0.005    2  1 
  51285.1006   14.786  0.005    2  1 
  51285.1324   14.853  0.005    2  1 
  51285.1360   14.856  0.005    2  1 
  51285.1558   14.894  0.004    2  1 
  51285.1588   14.894  0.004    2  1 
  51285.1796   14.900  0.005    2  1 
  51285.1830   14.896  0.004    2  1 
  51285.2125   14.559  0.004    2  1 
  51285.2157   14.482  0.004    2  1 
  51285.2362   14.055  0.003    2  1 
  51285.2426   13.936  0.003    2  1 
  51285.2630   13.854  0.003    2  1 
  51285.2666   13.846  0.003    2  1 
  51285.2998   13.986  0.003    2  1 
  51285.3033   14.003  0.003    2  1 
  51285.3308   14.118  0.003    2  1 
  51285.3348   14.127  0.003    2  1 
  51285.3382   14.147  0.003    2  1 
  51286.0461   14.424  0.003    2  1 
  51286.0493   14.422  0.003    2  1 
  51286.0716   14.484  0.004    2  1 
  51286.0753   14.498  0.004    2  1 
  51286.1026   14.571  0.004    2  1 
  51286.1061   14.575  0.004    2  1 
  51286.1365   14.643  0.004    2  1 
  51286.1398   14.649  0.004    2  1 
  51286.1608   14.679  0.004    2  1 
  51286.1639   14.679  0.004    2  1 
  51286.1669   14.690  0.004    2  1 
  51286.1875   14.715  0.004    2  1 
  51286.1908   14.720  0.004    2  1 
  51286.2255   14.743  0.004    2  1 
  51286.2285   14.741  0.004    2  1 
  51286.2476   14.756  0.004    2  1 
  51286.2508   14.763  0.004    2  1 
  51286.2697   14.778  0.004    2  1 
  51286.2727   14.791  0.004    2  1 
  51286.3022   14.797  0.004    2  1 
  51286.3055   14.795  0.004    2  1 
  51286.3218   14.777  0.004    2  1 
  51286.3250   14.770  0.004    2  1 
  51286.3450   14.788  0.004    2  1 
  51286.3481   14.798  0.004    2  1 
  51304.9873   14.895  0.005    2  1 
  51304.9926   14.901  0.005    2  1 
  51305.0328   14.797  0.004    2  1 
  51305.0362   14.752  0.004    2  1 
  51305.0559   14.301  0.004    2  1 
  51305.0599   14.231  0.004    2  1 
  51305.0890   13.833  0.003    2  1 
  51305.0922   13.833  0.003    2  1 
  51305.1235   13.949  0.003    2  1 
  51305.1269   13.968  0.003    2  1 
  51305.1509   14.070  0.004    2  1 
  51305.1547   14.090  0.004    2  1 
  51305.1853   14.195  0.004    2  1 
  51305.1885   14.214  0.004    2  1 
  51305.2098   14.279  0.004    2  1 
  51305.2128   14.289  0.004    2  1 
  51305.2431   14.381  0.004    2  1 
  51305.2461   14.389  0.004    2  1 
  51305.2704   14.460  0.004    2  1 
  51305.2734   14.463  0.004    2  1 
  51305.2966   14.525  0.004    2  1 
  51305.2995   14.533  0.004    2  1 
  51305.9857   14.672  0.003    2  1 
  51305.9885   14.678  0.003    2  1 
  51305.9912   14.677  0.003    2  1 
  51306.0256   14.718  0.004    2  1 
  51306.0285   14.726  0.004    2  1 
  51306.0465   14.733  0.004    2  1 
  51306.0498   14.733  0.004    2  1 
  51306.0896   14.760  0.004    2  1 
  51306.0930   14.772  0.004    2  1 
  51306.1123   14.808  0.004    2  1 
  51306.1151   14.793  0.004    2  1 
  51306.1375   14.801  0.004    2  1 
  51306.1405   14.796  0.004    2  1 
  51306.1636   14.770  0.004    2  1 
  51306.1673   14.773  0.004    2  1 
  51306.1937   14.812  0.004    2  1 
  51306.1966   14.821  0.004    2  1 
  51306.2146   14.864  0.005    2  1 
  51306.2178   14.871  0.004    2  1 
  51306.2343   14.896  0.004    2  1 
  51306.2380   14.898  0.004    2  1 
  51306.2574   14.884  0.004    2  1 
  51306.2602   14.879  0.004    2  1 
  51306.2805   14.682  0.003    2  1 
  51306.2835   14.610  0.003    2  1 
  51306.3009   14.208  0.003    2  1 
  51306.3038   14.152  0.003    2  1 
  51306.3135   13.974  0.003    2  1 
  51306.3184   13.901  0.003    2  1 
  51307.0456   14.209  0.004    2  1 
  51307.0501   14.237  0.004    2  1 
  51307.0593   14.252  0.003    2  1 
  51307.0645   14.312  0.003    2  1 
  51307.0747   14.346  0.005    2  1 
  51308.0084   14.781  0.004    2  1 
  51308.0112   14.776  0.004    2  1 
  51308.0334   14.780  0.003    2  1 
  51308.0362   14.781  0.004    2  1 
  51308.0394   14.794  0.004    2  1 
  51308.0633   14.852  0.004    2  1 
  51308.0663   14.859  0.004    2  1 
  51308.0995   14.917  0.004    2  1 
  51308.1031   14.915  0.004    2  1 
  51308.1280   14.836  0.004    2  1 
  51308.1309   14.809  0.004    2  1 
  51310.0850   13.950  0.002    2  1 
  51310.0874   13.961  0.002    2  1 
  51310.0897   13.972  0.002    2  1 
  51310.0922   13.984  0.002    2  1 
  51310.1430   14.192  0.003    2  1 
  51310.1458   14.203  0.003    2  1 
  51310.1486   14.206  0.003    2  1 
  51311.0244   14.751  0.006    2  1 
  51311.0302   14.758  0.005    2  1 
  51311.0334   14.759  0.005    2  1 
  51311.0506   14.770  0.003    2  1 
  51311.0539   14.786  0.003    2  1 
  51311.0637   14.792  0.004    2  1 
  51311.0669   14.793  0.005    2  1 
  51311.0702   14.790  0.004    2  1 
  51311.0907   14.802  0.005    2  1 
  51311.0946   14.799  0.005    2  1 
  51311.0980   14.798  0.004    2  1 
  51311.1015   14.792  0.005    2  1 
  51311.1071   14.788  0.004    2  1 
  51311.1298   14.784  0.005    2  1 
  51311.1327   14.781  0.005    2  1 
  51311.1357   14.784  0.005    2  1 
  51311.1398   14.798  0.005    2  1 
  51311.1447   14.802  0.005    2  1 
  51311.9755   14.114  0.004    2  1 
  51312.0020   14.191  0.003    2  1 
  51312.0049   14.214  0.004    2  1 
  51312.0255   14.267  0.004    2  1 
  51312.0284   14.273  0.003    2  1 
  51312.0314   14.276  0.003    2  1 
  51312.0584   14.365  0.003    2  1 
  51312.0611   14.378  0.003    2  1 
  51312.0638   14.379  0.003    2  1 
  51312.0903   14.455  0.003    2  1 
  51312.0929   14.462  0.003    2  1 
  51312.0955   14.473  0.003    2  1 
  51312.1146   14.521  0.004    2  1 
  51312.1173   14.523  0.004    2  1 
  51312.1200   14.532  0.004    2  1 
  51312.9860   14.772  0.004    2  1 
  51312.9887   14.774  0.004    2  1 
  51312.9913   14.780  0.004    2  1 
  51313.0096   14.823  0.004    2  1 
  51313.0123   14.824  0.004    2  1 
  51313.0149   14.830  0.004    2  1 
  51313.0333   14.871  0.004    2  1 
  51313.0360   14.878  0.004    2  1 
  51313.0386   14.890  0.004    2  1 
  51313.0413   14.899  0.005    2  1 
  51313.0595   14.912  0.004    2  1 
  51313.0622   14.914  0.004    2  1 
  51313.0648   14.912  0.004    2  1 
  51313.0911   14.795  0.004    2  1 
  51313.0937   14.757  0.004    2  1 
  51313.0964   14.718  0.004    2  1 
  51313.1146   14.288  0.003    2  1 
  51313.1172   14.232  0.003    2  1 
  51313.1199   14.188  0.003    2  1 
  51313.1226   14.130  0.003    2  1 
  51313.9843   14.549  0.004    2  1 
  51313.9872   14.555  0.004    2  1 
  51313.9901   14.562  0.004    2  1 
  51314.0178   14.626  0.004    2  1 
  51314.0207   14.623  0.004    2  1 
  51314.0236   14.636  0.004    2  1 
  51314.0432   14.678  0.004    2  1 
  51314.0461   14.675  0.004    2  1 
  51314.0490   14.678  0.004    2  1 
  51314.0772   14.717  0.004    2  1 
  51314.0802   14.719  0.004    2  1 
  51314.0831   14.723  0.004    2  1 
  51314.1030   14.736  0.005    2  1 
  51314.1059   14.731  0.005    2  1 
  51314.1088   14.740  0.005    2  1 
  51314.1289   14.754  0.005    2  1 
  51314.1333   14.752  0.005    2  1 
  51314.1363   14.765  0.005    2  1 
  51314.9827   14.116  0.003    2  1 
  51314.9856   14.057  0.003    2  1 
  51314.9885   14.000  0.003    2  1 
  51315.0015   13.842  0.003    2  1 
  51315.0043   13.830  0.003    2  1 
  51315.0069   13.829  0.003    2  1 
  51315.0251   13.861  0.003    2  1 
  51315.0277   13.874  0.003    2  1 
  51315.0304   13.885  0.003    2  1 
  51315.0489   13.976  0.003    2  1 
  51315.0516   13.988  0.003    2  1 
  51315.0542   13.995  0.003    2  1 
  51315.0780   14.100  0.003    2  1 
  51315.0807   14.112  0.003    2  1 
  51315.0833   14.126  0.003    2  1 
  51315.1015   14.193  0.003    2  1 
  51315.1041   14.203  0.003    2  1 
  51315.1068   14.212  0.003    2  1 
  51315.1290   14.296  0.004    2  1 
  51315.1319   14.301  0.004    2  1 
  51316.0194   14.784  0.004    2  1 
  51316.0221   14.791  0.004    2  1 
  51316.0247   14.794  0.004    2  1 
  51316.0431   14.803  0.004    2  1 
  51316.0458   14.810  0.004    2  1 
  51316.0485   14.807  0.004    2  1 
  51316.0667   14.782  0.004    2  1 
  51316.0693   14.789  0.004    2  1 
  51316.0720   14.780  0.004    2  1 
  51316.0905   14.776  0.004    2  1 
  51316.0934   14.787  0.004    2  1 
  51316.0963   14.789  0.004    2  1 
  51316.1148   14.833  0.004    2  1 
  51316.1175   14.837  0.004    2  1 
  51316.1201   14.846  0.004    2  1 
  51316.9647   14.201  0.003    2  1 
  51316.9676   14.219  0.003    2  1 
  51316.9705   14.242  0.004    2  1 
  51316.9896   14.286  0.003    2  1 
  51316.9923   14.297  0.003    2  1 
  51316.9949   14.299  0.003    2  1 
  51317.0088   14.348  0.004    2  1 
  51317.0117   14.354  0.004    2  1 
  51317.0321   14.418  0.004    2  1 
  51317.0351   14.423  0.004    2  1 
  51317.0391   14.434  0.004    2  1 
  51317.0602   14.492  0.004    2  1 
  51317.0631   14.493  0.004    2  1 
  51317.0660   14.503  0.004    2  1 
  51317.0858   14.555  0.004    2  1 
  51317.0887   14.562  0.004    2  1 
  51317.0916   14.571  0.004    2  1 
  51317.1111   14.610  0.004    2  1 
  51317.1140   14.629  0.004    2  1 
  51317.1169   14.628  0.004    2  1 
  51317.9628   14.807  0.005    2  1 
  51317.9657   14.811  0.005    2  1 
  51317.9685   14.823  0.005    2  1 
  51317.9883   14.860  0.005    2  1 
  51317.9912   14.868  0.005    2  1 
  51317.9941   14.881  0.005    2  1 
  51318.0135   14.912  0.005    2  1 
  51318.0164   14.910  0.005    2  1 
  51318.0194   14.910  0.006    2  1 
  51318.0413   14.858  0.005    2  1 
  51318.0445   14.838  0.006    2  1 
  51318.0477   14.807  0.005    2  1 
  51318.0697   14.363  0.004    2  1 
  51318.0730   14.309  0.005    2  1 
  51318.0762   14.247  0.004    2  1 
  51318.0981   13.930  0.004    2  1 
  51318.1014   13.881  0.004    2  1 
  51318.1046   13.910  0.004    2  1 
  51318.1265   13.928  0.004    2  1 
  51318.1298   13.939  0.004    2  1 
  51318.9642   14.596  0.004    2  1 
  51318.9680   14.608  0.004    2  1 
  51318.9708   14.616  0.004    2  1 
  51318.9737   14.625  0.004    2  1 
  51318.9929   14.661  0.004    2  1 
  51318.9956   14.670  0.004    2  1 
  51318.9983   14.668  0.004    2  1 
  51319.0180   14.705  0.005    2  1 
  51319.0209   14.707  0.004    2  1 
  51319.0238   14.706  0.004    2  1 
  51319.0443   14.730  0.005    2  1 
  51319.0474   14.725  0.005    2  1 
  51319.0505   14.733  0.005    2  1 
  51319.0793   14.744  0.004    2  1 
  51319.0820   14.747  0.004    2  1 
  51319.0847   14.750  0.004    2  1 
  51319.1030   14.771  0.004    2  1 
  51319.1084   14.774  0.004    2  1 
  51319.1110   14.782  0.004    2  1 
  51320.1030   14.330  0.003    2  1 
  51320.1053   14.335  0.003    2  1 
  51320.1076   14.342  0.003    2  1 
  51320.1238   14.389  0.003    2  1 
  51320.1261   14.399  0.003    2  1 
  51320.1284   14.403  0.003    2  1 
  51320.1450   14.446  0.003    2  1 
  51320.1477   14.456  0.003    2  1 
  51320.1503   14.463  0.003    2  1 
  51320.9635   14.766  0.004    2  1 
  51320.9664   14.770  0.004    2  1 
  51320.9693   14.772  0.004    2  1 
  51320.9887   14.790  0.003    2  1 
  51320.9911   14.796  0.003    2  1 
  51320.9936   14.796  0.003    2  1 
  51321.0102   14.795  0.003    2  1 
  51321.0126   14.795  0.003    2  1 
  51321.0150   14.796  0.003    2  1 
  51321.0318   14.775  0.004    2  1 
  51321.0344   14.776  0.004    2  1 
  51321.0369   14.773  0.004    2  1 
  51321.0543   14.790  0.004    2  1 
  51321.0568   14.798  0.004    2  1 
  51321.0594   14.797  0.004    2  1 
  51321.0847   14.866  0.004    2  1 
  51321.0873   14.868  0.004    2  1 
  51321.0898   14.875  0.004    2  1 
  51321.1133   14.907  0.004    2  1 
  51321.1159   14.908  0.004    2  1 
  51321.1186   14.909  0.004    2  1 
  51321.1339   14.887  0.004    2  1 
  51321.1365   14.877  0.004    2  1 
  51332.9696   13.907  0.004    2  1 
  51332.9739   13.878  0.004    2  1 
  51332.9891   13.832  0.003    2  1 
  51332.9928   13.860  0.004    2  1 
  51332.9965   13.875  0.004    2  1 
  51333.0083   13.906  0.004    2  1 
  51333.0120   13.922  0.004    2  1 
  51333.0226   13.982  0.004    2  1 
  51333.0264   13.989  0.004    2  1 
  51333.0514   14.109  0.004    2  1 
  51333.0552   14.136  0.005    2  1 
  51333.0742   14.189  0.004    2  1 
  51333.0779   14.210  0.005    2  1 
  51333.0907   14.243  0.004    2  1 
  51333.0945   14.248  0.004    2  1 
  51333.1178   14.328  0.004    2  1 
  51333.1221   14.340  0.004    2  1 
  51333.1335   14.380  0.005    2  1 
  51333.1369   14.384  0.005    2  1 
  51333.1529   14.430  0.005    2  1 
  51333.1565   14.440  0.005    2  1 
  51333.1716   14.476  0.005    2  1 
  51333.1752   14.487  0.005    2  1 
  51334.9841   14.340  0.003    2  1 
  51334.9871   14.350  0.003    2  1 
  51335.0175   14.439  0.004    2  1 
  51335.0204   14.449  0.004    2  1 
  51335.0301   14.474  0.004    2  1 
  51335.0334   14.486  0.004    2  1 
  51335.0517   14.529  0.004    2  1 
  51335.0552   14.538  0.005    2  1 
  51335.0692   14.571  0.005    2  1 
  51335.0727   14.578  0.005    2  1 
  51335.0833   14.604  0.005    2  1 
  51335.0867   14.612  0.005    2  1 
  51335.1133   14.667  0.005    2  1 
  51335.1167   14.673  0.005    2  1 
  51335.9535   14.841  0.006    2  1 
  51335.9726   14.885  0.005    2  1 
  51335.9768   14.893  0.005    2  1 
  51335.9997   14.916  0.005    2  1 
  51336.0027   14.901  0.005    2  1 
  51336.0203   14.820  0.005    2  1 
  51336.0236   14.786  0.005    2  1 
  51336.0357   14.558  0.004    2  1 
  51336.0388   14.487  0.004    2  1 
  51336.0593   14.048  0.004    2  1 
  51336.0629   13.988  0.004    2  1 
  51336.0769   13.834  0.003    2  1 
  51336.0803   13.837  0.003    2  1 
  51336.1025   13.878  0.003    2  1 
  51336.1059   13.900  0.003    2  1 
  51336.1206   13.986  0.004    2  1 
  51336.1240   13.990  0.004    2  1 
  51337.0101   14.723  0.005    2  1 
  51337.9904   14.036  0.004    2  1 
  51337.9940   14.046  0.004    2  1 
  51338.0162   14.132  0.004    2  1 
  51338.0196   14.143  0.004    2  1 
  51338.0339   14.195  0.004    2  1 
  51338.0376   14.222  0.005    2  1 
  51338.9901   14.793  0.005    2  1 
  51338.9938   14.788  0.005    2  1 
  51339.0226   14.781  0.006    2  1 
  51339.0269   14.788  0.005    2  1 
  51339.0867   14.894  0.006    2  1 
  51339.0905   14.901  0.006    2  1 
  51339.1139   14.858  0.006    2  1 
  51339.1177   14.830  0.006    2  1 
  51339.1448   14.310  0.004    2  1 
  51339.1482   14.232  0.004    2  1 
  51339.9766   14.448  0.004    2  1 
  51339.9795   14.452  0.004    2  1 
  51340.0044   14.513  0.004    2  1 
  51340.0078   14.527  0.004    2  1 
  51340.0274   14.580  0.004    2  1 
  51340.0306   14.586  0.004    2  1 
  51340.0540   14.632  0.005    2  1 
  51340.0572   14.642  0.005    2  1 
  51340.0857   14.694  0.005    2  1 
  51340.0892   14.695  0.005    2  1 
  51340.1152   14.723  0.005    2  1 
  51340.1197   14.722  0.005    2  1 
  51340.1229   14.726  0.005    2  1 
  51340.1263   14.730  0.005    2  1 
  51340.1404   14.738  0.005    2  1 
  51340.1437   14.739  0.005    2  1 
  51344.9924   14.584  0.004    2  1 
  51344.9958   14.600  0.003    2  1 
  51344.9988   14.602  0.004    2  1 
  51345.0216   14.652  0.004    2  1 
  51345.0255   14.657  0.005    2  1 
  51345.0302   14.665  0.005    2  1 
  51345.0553   14.699  0.004    2  1 
  51345.0603   14.704  0.004    2  1 
  51345.9856   13.893  0.004    2  1 
  51345.9896   13.848  0.004    2  1 
  51346.0219   13.893  0.004    2  1 
  51346.0264   13.909  0.003    2  1 
  51346.0486   14.018  0.003    2  1 
  51346.0523   14.032  0.004    2  1 
  51346.0791   14.141  0.004    2  1 
  51346.0826   14.155  0.003    2  1 
  51347.0416   14.798  0.005    2  1 
  51347.0453   14.800  0.004    2  1 
  51347.0743   14.773  0.004    2  1 
  51347.0777   14.775  0.004    2  1 
  51347.0990   14.818  0.004    2  1 
  51347.1022   14.825  0.003    2  1 
  51347.9769   14.270  0.004    2  1 
  51347.9802   14.283  0.004    2  1 
  51347.9834   14.295  0.004    2  1 
  51347.9983   14.336  0.004    2  1 
  51348.0028   14.351  0.004    2  1 
  51348.0063   14.362  0.004    2  1 
  51348.0242   14.423  0.004    2  1 
  51348.0274   14.434  0.004    2  1 
  51348.0943   14.604  0.005    2  1 
  51348.0983   14.614  0.006    2  1 
  51348.1018   14.623  0.005    2  1 
  51348.9650   14.829  0.005    2  1 
  51348.9682   14.839  0.005    2  1 
  51348.9853   14.881  0.005    2  1 
  51348.9883   14.875  0.005    2  1 
  51348.9912   14.895  0.005    2  1 
  51349.0316   14.857  0.005    2  1 
  51349.0346   14.835  0.005    2  1 
  51349.9815   14.646  0.004    2  1 
  51349.9851   14.661  0.004    2  1 
  51349.9973   14.676  0.004    2  1 
  51350.0033   14.691  0.005    2  1 
  51350.0066   14.693  0.004    2  1 
  51350.0164   14.701  0.004    2  1 
  51350.0197   14.706  0.004    2  1 
  51350.0296   14.717  0.005    2  1 
  51380.9973   14.686  0.004    2  1 
  51381.0004   14.693  0.004    2  1 
  51381.0031   14.693  0.004    2  1 
  51381.0187   14.710  0.004    2  1 
  51381.0214   14.720  0.004    2  1 
  51381.0242   14.719  0.004    2  1 
  51381.9830   13.966  0.003    2  1 
  51381.9859   13.989  0.003    2  1 
  51381.9888   14.002  0.003    2  1 
  51382.0000   14.033  0.003    2  1 
  51382.0029   14.048  0.003    2  1 
  51382.9793   14.798  0.005    2  1 
  51382.9826   14.797  0.005    2  1 
  51382.9857   14.796  0.005    2  1 
  51382.9965   14.789  0.005    2  1 
  51382.9995   14.784  0.005    2  1 
  51383.9746   14.421  0.003    2  1 
  51383.9773   14.429  0.003    2  1 
  51383.9799   14.439  0.003    2  1 
  51383.9899   14.477  0.004    2  1 
  51383.9926   14.471  0.003    2  1 
  51384.9751   14.869  0.004    2  1 
  51384.9777   14.858  0.004    2  1 
  51384.9802   14.845  0.004    2  1 
  51384.9896   14.752  0.004    2  1 
  51384.9921   14.712  0.004    2  1 
  51385.9711   14.710  0.004    2  1 
  51385.9737   14.708  0.004    2  1 
  51385.9763   14.712  0.004    2  1 
  51385.9857   14.722  0.004    2  1 
  51385.9884   14.726  0.005    2  1 
  51386.9965   14.177  0.003    2  1 
  51387.0003   14.189  0.003    2  1 
  51387.0041   14.206  0.003    2  1 
  51387.0216   14.272  0.003    2  1 
  51387.0254   14.275  0.003    2  1 
  51387.0293   14.279  0.003    2  1 
  51388.9801   14.550  0.004    2  1 
  51388.9834   14.556  0.004    2  1 
  51388.9866   14.566  0.004    2  1 
  51388.9984   14.608  0.005    2  1 
  51389.0017   14.612  0.005    2  1 
  51389.9783   14.113  0.003    2  1 
  51389.9809   14.053  0.003    2  1 
  51389.9836   14.006  0.003    2  1 
  51390.9729   14.728  0.003    2  1 
  51390.9756   14.735  0.004    2  1 
  51390.9783   14.735  0.004    2  1 
  51391.9728   14.254  0.003    2  1 
  51391.9754   14.259  0.003    2  1 
  51391.9779   14.257  0.003    2  1 
  51671.0871   14.711  0.005    2  1 
  51671.0917   14.723  0.005    2  1 
  51671.0952   14.726  0.005    2  1 
  51671.1189   14.742  0.005    2  1 
  51671.1232   14.739  0.005    2  1 
  51671.9996   13.884  0.003    2  1 
  51672.0039   13.841  0.003    2  1 
  51672.0350   13.904  0.003    2  1 
  51672.0382   13.910  0.003    2  1 
  51673.0232   14.789  0.004    2  1 
  51674.0574   14.482  0.005    2  1 
  51674.0938   14.572  0.005    2  1 
  51674.0985   14.579  0.005    2  1 
  51674.1159   14.614  0.005    2  1 
  51674.1223   14.626  0.005    2  1 
  51674.9763   14.832  0.006    2  1 
  51674.9824   14.845  0.006    2  1 
  51675.0212   14.907  0.006    2  1 
  51676.0163   14.688  0.004    2  1 
  51692.9816   14.896  0.005    2  1 
  51692.9854   14.909  0.005    2  1 
  51693.9780   14.671  0.004    2  1 
  51693.9814   14.677  0.004    2  1 
  51694.9914   14.015  0.003    2  1 
  51765.9974   14.790  0.005    2  1 
  51766.0012   14.792  0.005    2  1 
  51766.0048   14.799  0.005    2  1 
  51766.0266   14.793  0.005    2  1 
  51766.0301   14.786  0.005    2  1 
  51216.3144   15.331  0.004    3  1 
  51216.3408   15.451  0.005    3  1 
  51216.3905   15.482  0.005    3  1 
  51217.3019   15.065  0.004    3  1 
  51217.3906   15.271  0.004    3  1 
  51218.2854   14.650  0.003    3  1 
  51218.3156   13.997  0.002    3  1 
  51218.3347   14.067  0.002    3  1 
  51219.2918   15.312  0.004    3  1 
  51219.3100   15.335  0.005    3  1 
  51219.3296   15.353  0.004    3  1 
  51219.3536   15.382  0.004    3  1 
  51219.3723   15.360  0.004    3  1 
  51220.2720   14.511  0.003    3  1 
  51220.2946   14.611  0.003    3  1 
  51220.3473   14.832  0.004    3  1 
  51220.3643   14.902  0.004    3  1 
  51221.2763   15.361  0.004    3  1 
  51221.2964   15.426  0.004    3  1 
  51221.3318   15.494  0.005    3  1 
  51221.3496   15.452  0.005    3  1 
  51221.3673   15.197  0.004    3  1 
  51283.2546   15.361  0.004    3  1 
  51283.2783   15.435  0.004    3  1 
  51283.3008   15.486  0.004    3  1 
  51283.3322   15.435  0.004    3  1 
  51283.3553   14.930  0.003    3  1 
  51284.2134   14.948  0.003    3  1 
  51284.2375   15.043  0.003    3  1 
  51284.2581   15.092  0.004    3  1 
  51284.2875   15.198  0.004    3  1 
  51284.3124   15.247  0.004    3  1 
  51284.3383   15.294  0.004    3  1 
  51285.0451   15.392  0.004    3  1 
  51285.0691   15.370  0.004    3  1 
  51285.0932   15.346  0.004    3  1 
  51285.1257   15.402  0.004    3  1 
  51285.1514   15.498  0.004    3  1 
  51285.1754   15.494  0.004    3  1 
  51285.2060   15.208  0.004    3  1 
  51285.2321   14.392  0.002    3  1 
  51285.2586   13.957  0.002    3  1 
  51285.2928   14.142  0.002    3  1 
  51285.3257   14.343  0.002    3  1 
  51286.0393   14.868  0.002    3  1 
  51286.0670   14.944  0.003    3  1 
  51286.1560   15.168  0.003    3  1 
  51286.1833   15.270  0.004    3  1 
  51286.2193   15.293  0.004    3  1 
  51286.2434   15.299  0.004    3  1 
  51286.2655   15.356  0.004    3  1 
  51286.2958   15.378  0.004    3  1 
  51286.3291   15.324  0.004    3  1 
  51286.3521   15.372  0.004    3  1 
  51304.9838   15.498  0.004    3  1 
  51305.0251   15.447  0.005    3  1 
  51305.0718   14.237  0.003    3  1 
  51305.0961   14.002  0.002    3  1 
  51305.1465   14.257  0.003    3  1 
  51305.1755   14.431  0.003    3  1 
  51305.2054   14.576  0.004    3  1 
  51305.2345   14.711  0.003    3  1 
  51305.2666   14.871  0.004    3  1 
  51305.9773   15.215  0.003    3  1 
  51306.0428   15.305  0.004    3  1 
  51306.0809   15.335  0.004    3  1 
  51306.1087   15.433  0.005    3  1 
  51306.1330   15.385  0.005    3  1 
  51306.1578   15.289  0.004    3  1 
  51306.2101   15.420  0.004    3  1 
  51306.2538   15.431  0.004    3  1 
  51306.2771   15.236  0.003    3  1 
  51306.2972   14.602  0.003    3  1 
  51308.0025   15.390  0.003    3  1 
  51308.0294   15.280  0.003    3  1 
  51308.0600   15.401  0.004    3  1 
  51308.0919   15.446  0.003    3  1 
  51308.0958   15.495  0.003    3  1 
  51308.1244   15.412  0.004    3  1 
  51310.1057   14.209  0.001    3  1 
  51310.1132   14.339  0.002    3  1 
  51311.9792   14.312  0.003    3  1 
  51311.9983   14.473  0.003    3  1 
  51312.0087   14.527  0.003    3  1 
  51312.0350   14.659  0.003    3  1 
  51312.0550   14.757  0.003    3  1 
  51312.0672   14.797  0.003    3  1 
  51312.0870   14.875  0.003    3  1 
  51312.0988   14.925  0.003    3  1 
  51313.0063   15.368  0.004    3  1 
  51313.0300   15.448  0.004    3  1 
  51313.0562   15.492  0.004    3  1 
  51313.0838   15.401  0.003    3  1 
  51313.1113   14.730  0.003    3  1 
  51313.9807   15.024  0.004    3  1 
  51314.0143   15.144  0.004    3  1 
  51314.0397   15.217  0.004    3  1 
  51314.1124   15.314  0.005    3  1 
  51314.9752   14.606  0.003    3  1 
  51315.0102   14.004  0.002    3  1 
  51315.0336   14.104  0.002    3  1 
  51315.0747   14.342  0.002    3  1 
  51315.0982   14.455  0.003    3  1 
  51315.1216   14.582  0.003    3  1 
  51316.0399   15.383  0.004    3  1 
  51316.0634   15.360  0.004    3  1 
  51316.0869   15.342  0.004    3  1 
  51316.1115   15.373  0.004    3  1 
  51316.9740   14.577  0.003    3  1 
  51317.0052   14.681  0.003    3  1 
  51317.0282   14.741  0.005    3  1 
  51317.0566   14.920  0.003    3  1 
  51317.0822   15.017  0.004    3  1 
  51317.1075   15.111  0.004    3  1 
  51317.9847   15.465  0.005    3  1 
  51318.0099   15.551  0.006    3  1 
  51318.0374   15.522  0.007    3  1 
  51318.1226   13.930  0.003    3  1 
  51318.9772   15.161  0.004    3  1 
  51319.0019   15.216  0.004    3  1 
  51319.0274   15.269  0.004    3  1 
  51319.0757   15.307  0.004    3  1 
  51319.0997   15.331  0.004    3  1 
  51320.1000   14.657  0.002    3  1 
  51320.1208   14.782  0.003    3  1 
  51320.1417   14.866  0.003    3  1 
  51320.9965   15.271  0.002    3  1 
  51321.0180   15.393  0.003    3  1 
  51321.0400   15.341  0.004    3  1 
  51321.0624   15.364  0.004    3  1 
  51321.0930   15.481  0.004    3  1 
  51321.1217   15.494  0.004    3  1 
  51380.9937   15.231  0.004    3  1 
  51381.9793   14.129  0.002    3  1 
  51382.9755   15.423  0.006    3  1 
  51383.9715   14.838  0.003    3  1 
  51384.9721   15.502  0.003    3  1 
  51385.9679   15.262  0.003    3  1 
  51386.9917   14.460  0.002    3  1 
  51388.9755   14.997  0.004    3  1 
  51389.9750   14.457  0.002    3  1 
  51390.9697   15.361  0.003    3  1 
  51391.9697   14.626  0.002    3  1 
  51693.9923   15.243  0.003    3  1 
  51695.0052   14.435  0.002    3  1 
 56468.97641   12.868  0.143   -1  1 
 56469.04707   13.267  0.084   -1  1 
 56469.10896   12.954  0.146   -1  1 
 56469.17285   13.319  0.029   -1  1 
 56471.00364   13.201  0.067   -1  1 
 56471.06640   13.244  0.024   -1  1 
 56471.12490   12.899  0.031   -1  1 
 56471.18188   13.010  0.020   -1  1 
 56471.96759   12.938  0.059   -1  1 
 56472.03374   12.945  0.030   -1  1 
 56472.09484   13.092  0.027   -1  1 
 56472.15243   13.198  0.025   -1  1 
 56468.95296   12.753  0.090   -2  1 
 56469.02441   13.050  0.080   -2  1 
 56469.08813   13.077  0.062   -2  1 
 56469.15134   13.243  0.040   -2  1 
 56471.02588   13.299  0.065   -2  1 
 56471.08671   13.065  0.025   -2  1 
 56471.14302   12.967  0.019   -2  1 
 56471.94704   13.008  0.025   -2  1 
 56472.01085   13.045  0.048   -2  1 
 56472.07480   13.014  0.043   -2  1 
 56472.13240   13.215  0.017   -2  1 
 56472.19216   13.183  0.015   -2  1 
 56469.00041   13.386  0.046   -5  1 
 56469.06767   13.518  0.029   -5  1 
 56469.13003   13.587  0.031   -5  1 
 56469.19349   13.554  0.024   -5  1 
 56470.98130   13.611  0.020   -5  1 
 56471.04693   13.591  0.032   -5  1 
 56471.10523   13.136  0.015   -5  1 
 56471.16397   13.244  0.016   -5  1 
 56471.98857   13.397  0.037   -5  1 
 56472.05430   13.504  0.028   -5  1 
 56472.11383   13.434  0.019   -5  1 
 56472.17109   13.475  0.013   -5  1 
