  51216.3218   14.959  0.006    2  1 
  51216.3464   14.980  0.005    2  1 
  51216.3689   14.965  0.005    2  1 
  51216.3980   14.996  0.007    2  1 
  51217.3101   14.785  0.005    2  1 
  51217.3328   14.835  0.005    2  1 
  51217.3552   14.870  0.005    2  1 
  51217.3759   14.898  0.005    2  1 
  51217.3953   14.918  0.006    2  1 
  51218.2773   14.284  0.004    2  1 
  51218.3093   14.405  0.004    2  1 
  51218.3298   14.469  0.004    2  1 
  51218.3573   14.562  0.005    2  1 
  51218.3794   14.630  0.005    2  1 
  51219.2978   14.629  0.005    2  1 
  51219.3149   14.628  0.005    2  1 
  51219.3336   14.306  0.004    2  1 
  51219.3596   14.142  0.004    2  1 
  51219.3768   14.170  0.004    2  1 
  51220.2621   14.932  0.005    2  1 
  51220.2906   14.955  0.005    2  1 
  51220.3077   14.963  0.005    2  1 
  51220.3257   14.947  0.005    2  1 
  51220.3432   14.977  0.005    2  1 
  51220.3602   15.018  0.005    2  1 
  51220.3776   15.049  0.005    2  1 
  51221.2835   14.821  0.005    2  1 
  51221.3009   14.854  0.005    2  1 
  51221.3188   14.880  0.005    2  1 
  51221.3358   14.892  0.005    2  1 
  51221.3538   14.911  0.005    2  1 
  51221.3722   14.925  0.005    2  1 
  51283.2451   14.522  0.004    2  1 
  51283.2493   14.535  0.004    2  1 
  51283.2714   14.598  0.004    2  1 
  51283.2748   14.612  0.004    2  1 
  51283.2939   14.666  0.004    2  1 
  51283.2972   14.669  0.004    2  1 
  51283.3202   14.723  0.004    2  1 
  51283.3234   14.739  0.004    2  1 
  51283.3487   14.792  0.004    2  1 
  51283.3518   14.801  0.004    2  1 
  51283.3707   14.843  0.004    2  1 
  51283.3738   14.843  0.004    2  1 
  51284.2195   14.684  0.004    2  1 
  51284.2229   14.632  0.004    2  1 
  51284.2413   14.347  0.004    2  1 
  51284.2443   14.310  0.003    2  1 
  51284.2617   14.183  0.003    2  1 
  51284.2648   14.181  0.003    2  1 
  51284.2942   14.247  0.003    2  1 
  51284.2973   14.258  0.003    2  1 
  51284.3168   14.325  0.004    2  1 
  51284.3211   14.346  0.004    2  1 
  51284.3428   14.427  0.004    2  1 
  51284.3464   14.434  0.004    2  1 
  51285.0513   14.814  0.004    2  1 
  51285.0543   14.818  0.004    2  1 
  51285.0739   14.862  0.004    2  1 
  51285.0778   14.866  0.004    2  1 
  51285.0975   14.889  0.005    2  1 
  51285.1006   14.885  0.005    2  1 
  51285.1324   14.909  0.005    2  1 
  51285.1360   14.917  0.005    2  1 
  51285.1558   14.930  0.004    2  1 
  51285.1588   14.930  0.004    2  1 
  51285.1796   14.949  0.005    2  1 
  51285.1830   14.950  0.004    2  1 
  51285.2125   14.966  0.005    2  1 
  51285.2157   14.965  0.005    2  1 
  51285.2362   14.967  0.005    2  1 
  51285.2426   14.967  0.005    2  1 
  51285.2630   15.005  0.005    2  1 
  51285.2666   15.020  0.005    2  1 
  51285.2998   15.080  0.005    2  1 
  51285.3033   15.085  0.005    2  1 
  51285.3308   14.910  0.005    2  1 
  51285.3348   14.861  0.004    2  1 
  51285.3382   14.812  0.004    2  1 
  51286.0461   14.467  0.003    2  1 
  51286.0493   14.481  0.003    2  1 
  51286.0716   14.551  0.004    2  1 
  51286.0753   14.555  0.004    2  1 
  51286.1026   14.629  0.004    2  1 
  51286.1061   14.642  0.004    2  1 
  51286.1365   14.716  0.004    2  1 
  51286.1398   14.727  0.004    2  1 
  51286.1608   14.774  0.004    2  1 
  51286.1639   14.777  0.004    2  1 
  51286.1669   14.789  0.004    2  1 
  51286.1875   14.831  0.004    2  1 
  51286.1908   14.836  0.004    2  1 
  51286.2255   14.884  0.004    2  1 
  51286.2285   14.889  0.004    2  1 
  51286.2476   14.902  0.004    2  1 
  51286.2508   14.909  0.004    2  1 
  51286.2697   14.919  0.005    2  1 
  51286.2727   14.925  0.005    2  1 
  51286.3022   14.936  0.005    2  1 
  51286.3055   14.948  0.005    2  1 
  51286.3218   14.962  0.005    2  1 
  51286.3250   14.972  0.005    2  1 
  51286.3450   14.971  0.005    2  1 
  51286.3481   14.974  0.005    2  1 
  51304.9873   14.982  0.005    2  1 
  51304.9926   14.987  0.005    2  1 
  51305.0328   15.056  0.005    2  1 
  51305.0362   15.062  0.005    2  1 
  51305.0559   15.085  0.005    2  1 
  51305.0599   15.092  0.006    2  1 
  51305.0890   14.965  0.005    2  1 
  51305.0922   14.924  0.005    2  1 
  51305.1235   14.453  0.004    2  1 
  51305.1269   14.392  0.004    2  1 
  51305.1509   14.153  0.004    2  1 
  51305.1547   14.140  0.004    2  1 
  51305.1853   14.223  0.004    2  1 
  51305.1885   14.236  0.004    2  1 
  51305.2098   14.335  0.004    2  1 
  51305.2128   14.346  0.004    2  1 
  51305.2431   14.466  0.004    2  1 
  51305.2461   14.473  0.004    2  1 
  51305.2704   14.547  0.004    2  1 
  51305.2734   14.554  0.004    2  1 
  51305.2966   14.617  0.004    2  1 
  51305.2995   14.625  0.004    2  1 
  51305.9857   14.888  0.004    2  1 
  51305.9885   14.885  0.004    2  1 
  51305.9912   14.892  0.004    2  1 
  51306.0256   14.932  0.004    2  1 
  51306.0285   14.930  0.004    2  1 
  51306.0465   14.945  0.005    2  1 
  51306.0498   14.947  0.004    2  1 
  51306.0896   14.974  0.004    2  1 
  51306.0930   14.975  0.004    2  1 
  51306.1123   14.974  0.004    2  1 
  51306.1151   14.980  0.004    2  1 
  51306.1375   14.994  0.004    2  1 
  51306.1405   15.005  0.004    2  1 
  51306.1636   15.053  0.005    2  1 
  51306.1673   15.066  0.005    2  1 
  51306.1937   15.098  0.004    2  1 
  51306.1966   15.093  0.004    2  1 
  51306.2146   15.013  0.005    2  1 
  51306.2178   14.969  0.004    2  1 
  51306.2343   14.768  0.004    2  1 
  51306.2380   14.709  0.004    2  1 
  51306.2574   14.379  0.003    2  1 
  51306.2602   14.333  0.003    2  1 
  51306.2805   14.141  0.003    2  1 
  51306.2835   14.129  0.003    2  1 
  51306.3009   14.161  0.003    2  1 
  51306.3038   14.170  0.003    2  1 
  51306.3135   14.215  0.003    2  1 
  51306.3184   14.229  0.004    2  1 
  51307.0456   14.750  0.005    2  1 
  51307.0501   14.763  0.005    2  1 
  51307.0593   14.777  0.004    2  1 
  51307.0645   14.775  0.003    2  1 
  51307.0699   14.795  0.007    2  1 
  51307.0747   14.809  0.005    2  1 
  51308.0084   14.208  0.003    2  1 
  51308.0112   14.215  0.003    2  1 
  51308.0334   14.326  0.003    2  1 
  51308.0362   14.332  0.003    2  1 
  51308.0394   14.345  0.003    2  1 
  51308.0633   14.439  0.003    2  1 
  51308.0663   14.447  0.003    2  1 
  51308.0995   14.551  0.003    2  1 
  51308.1031   14.565  0.003    2  1 
  51308.1280   14.633  0.004    2  1 
  51308.1309   14.639  0.004    2  1 
  51310.0850   14.986  0.003    2  1 
  51310.0874   14.996  0.003    2  1 
  51310.0897   14.999  0.003    2  1 
  51310.0922   15.006  0.003    2  1 
  51310.1430   15.109  0.004    2  1 
  51310.1458   15.107  0.004    2  1 
  51310.1486   15.110  0.005    2  1 
  51311.0244   14.801  0.006    2  1 
  51311.0302   14.817  0.005    2  1 
  51311.0334   14.827  0.005    2  1 
  51311.0506   14.855  0.003    2  1 
  51311.0539   14.853  0.003    2  1 
  51311.0637   14.874  0.004    2  1 
  51311.0669   14.885  0.005    2  1 
  51311.0702   14.881  0.004    2  1 
  51311.0907   14.909  0.005    2  1 
  51311.0946   14.916  0.005    2  1 
  51311.0980   14.917  0.005    2  1 
  51311.1015   14.922  0.005    2  1 
  51311.1071   14.930  0.005    2  1 
  51311.1298   14.947  0.005    2  1 
  51311.1327   14.948  0.005    2  1 
  51311.1357   14.952  0.005    2  1 
  51311.1398   14.958  0.005    2  1 
  51311.1447   14.958  0.005    2  1 
  51311.9726   14.288  0.004    2  1 
  51311.9755   14.244  0.004    2  1 
  51312.0020   14.371  0.004    2  1 
  51312.0049   14.377  0.004    2  1 
  51312.0255   14.453  0.004    2  1 
  51312.0284   14.465  0.004    2  1 
  51312.0314   14.477  0.004    2  1 
  51312.0584   14.566  0.004    2  1 
  51312.0611   14.575  0.004    2  1 
  51312.0638   14.583  0.003    2  1 
  51312.0903   14.657  0.003    2  1 
  51312.0929   14.663  0.003    2  1 
  51312.0955   14.668  0.003    2  1 
  51312.1146   14.718  0.004    2  1 
  51312.1173   14.728  0.004    2  1 
  51312.1200   14.731  0.004    2  1 
  51312.9860   15.091  0.004    2  1 
  51312.9887   15.078  0.004    2  1 
  51312.9913   15.067  0.004    2  1 
  51313.0096   14.871  0.004    2  1 
  51313.0123   14.831  0.004    2  1 
  51313.0149   14.777  0.004    2  1 
  51313.0333   14.413  0.003    2  1 
  51313.0360   14.364  0.003    2  1 
  51313.0386   14.311  0.003    2  1 
  51313.0413   14.273  0.003    2  1 
  51313.0595   14.086  0.003    2  1 
  51313.0622   14.073  0.003    2  1 
  51313.0648   14.077  0.003    2  1 
  51313.0911   14.170  0.003    2  1 
  51313.0937   14.188  0.003    2  1 
  51313.0964   14.199  0.003    2  1 
  51313.1146   14.291  0.003    2  1 
  51313.1172   14.302  0.003    2  1 
  51313.1199   14.308  0.003    2  1 
  51313.1226   14.326  0.003    2  1 
  51313.9843   14.998  0.005    2  1 
  51313.9872   14.985  0.005    2  1 
  51313.9901   14.985  0.005    2  1 
  51314.0178   14.978  0.005    2  1 
  51314.0207   14.980  0.005    2  1 
  51314.0236   14.984  0.005    2  1 
  51314.0432   15.003  0.005    2  1 
  51314.0461   15.011  0.005    2  1 
  51314.0490   15.020  0.005    2  1 
  51314.0772   15.091  0.005    2  1 
  51314.0802   15.096  0.005    2  1 
  51314.0831   15.112  0.005    2  1 
  51314.1030   15.126  0.005    2  1 
  51314.1059   15.115  0.006    2  1 
  51314.1088   15.127  0.005    2  1 
  51314.1289   14.994  0.005    2  1 
  51314.1333   14.957  0.005    2  1 
  51314.1363   14.917  0.005    2  1 
  51314.9827   14.817  0.004    2  1 
  51314.9856   14.819  0.004    2  1 
  51314.9885   14.832  0.004    2  1 
  51315.0015   14.857  0.004    2  1 
  51315.0043   14.869  0.004    2  1 
  51315.0069   14.868  0.004    2  1 
  51315.0251   14.898  0.004    2  1 
  51315.0277   14.897  0.004    2  1 
  51315.0304   14.898  0.004    2  1 
  51315.0489   14.917  0.004    2  1 
  51315.0516   14.930  0.004    2  1 
  51315.0542   14.931  0.004    2  1 
  51315.0780   14.952  0.004    2  1 
  51315.0807   14.960  0.004    2  1 
  51315.0833   14.957  0.004    2  1 
  51315.1015   14.982  0.004    2  1 
  51315.1041   14.987  0.004    2  1 
  51315.1068   14.983  0.004    2  1 
  51315.1290   14.984  0.005    2  1 
  51315.1319   14.989  0.005    2  1 
  51316.0194   14.583  0.003    2  1 
  51316.0221   14.591  0.003    2  1 
  51316.0247   14.601  0.003    2  1 
  51316.0431   14.653  0.004    2  1 
  51316.0458   14.655  0.004    2  1 
  51316.0485   14.662  0.004    2  1 
  51316.0667   14.711  0.004    2  1 
  51316.0693   14.728  0.004    2  1 
  51316.0720   14.730  0.004    2  1 
  51316.0905   14.767  0.004    2  1 
  51316.0934   14.780  0.004    2  1 
  51316.0963   14.784  0.004    2  1 
  51316.1148   14.822  0.004    2  1 
  51316.1175   14.831  0.004    2  1 
  51316.1201   14.826  0.004    2  1 
  51316.9647   14.856  0.004    2  1 
  51316.9676   14.814  0.004    2  1 
  51316.9705   14.761  0.004    2  1 
  51316.9896   14.335  0.003    2  1 
  51316.9923   14.289  0.003    2  1 
  51316.9949   14.241  0.003    2  1 
  51317.0088   14.084  0.003    2  1 
  51317.0117   14.061  0.003    2  1 
  51317.0321   14.096  0.004    2  1 
  51317.0351   14.113  0.003    2  1 
  51317.0391   14.056  0.003    2  1 
  51317.0602   14.238  0.003    2  1 
  51317.0631   14.251  0.003    2  1 
  51317.0660   14.262  0.003    2  1 
  51317.0858   14.359  0.004    2  1 
  51317.0887   14.373  0.004    2  1 
  51317.0916   14.375  0.004    2  1 
  51317.1111   14.458  0.004    2  1 
  51317.1140   14.546  0.005    2  1 
  51317.1169   14.482  0.004    2  1 
  51317.9628   14.983  0.005    2  1 
  51317.9657   14.978  0.005    2  1 
  51317.9685   14.973  0.005    2  1 
  51317.9883   14.989  0.005    2  1 
  51317.9912   14.995  0.005    2  1 
  51317.9941   15.000  0.005    2  1 
  51318.0135   15.045  0.005    2  1 
  51318.0164   15.048  0.005    2  1 
  51318.0194   15.066  0.006    2  1 
  51318.0413   15.115  0.006    2  1 
  51318.0445   15.116  0.006    2  1 
  51318.0477   15.124  0.006    2  1 
  51318.0697   15.111  0.006    2  1 
  51318.0730   15.079  0.006    2  1 
  51318.0762   15.057  0.006    2  1 
  51318.0981   14.800  0.005    2  1 
  51318.1014   14.736  0.005    2  1 
  51318.1046   14.672  0.005    2  1 
  51318.1265   14.234  0.004    2  1 
  51318.1298   14.188  0.004    2  1 
  51318.9642   14.872  0.004    2  1 
  51318.9680   14.872  0.005    2  1 
  51318.9708   14.886  0.004    2  1 
  51318.9737   14.890  0.004    2  1 
  51318.9929   14.917  0.004    2  1 
  51318.9956   14.910  0.004    2  1 
  51318.9983   14.919  0.005    2  1 
  51319.0180   14.944  0.005    2  1 
  51319.0209   14.949  0.005    2  1 
  51319.0238   14.952  0.005    2  1 
  51319.0443   14.975  0.005    2  1 
  51319.0474   14.972  0.005    2  1 
  51319.0505   14.977  0.005    2  1 
  51319.0793   14.985  0.005    2  1 
  51319.0820   14.991  0.004    2  1 
  51319.0847   14.986  0.004    2  1 
  51319.1030   14.990  0.005    2  1 
  51319.1084   14.987  0.004    2  1 
  51319.1110   14.984  0.004    2  1 
  51320.1030   14.892  0.003    2  1 
  51320.1053   14.895  0.003    2  1 
  51320.1076   14.899  0.003    2  1 
  51320.1238   14.915  0.003    2  1 
  51320.1261   14.916  0.003    2  1 
  51320.1284   14.922  0.004    2  1 
  51320.1450   14.947  0.004    2  1 
  51320.1477   14.948  0.004    2  1 
  51320.1503   14.948  0.004    2  1 
  51320.9635   14.055  0.003    2  1 
  51320.9664   14.047  0.003    2  1 
  51320.9693   14.041  0.003    2  1 
  51320.9887   14.117  0.002    2  1 
  51320.9911   14.126  0.002    2  1 
  51320.9936   14.137  0.002    2  1 
  51321.0102   14.219  0.002    2  1 
  51321.0126   14.232  0.003    2  1 
  51321.0150   14.245  0.003    2  1 
  51321.0318   14.318  0.003    2  1 
  51321.0344   14.329  0.003    2  1 
  51321.0369   14.343  0.003    2  1 
  51321.0543   14.412  0.003    2  1 
  51321.0568   14.424  0.003    2  1 
  51321.0594   14.434  0.003    2  1 
  51321.0847   14.526  0.003    2  1 
  51321.0873   14.534  0.003    2  1 
  51321.0898   14.550  0.003    2  1 
  51321.1133   14.625  0.003    2  1 
  51321.1159   14.629  0.004    2  1 
  51321.1186   14.643  0.004    2  1 
  51321.1339   14.678  0.004    2  1 
  51321.1365   14.683  0.004    2  1 
  51332.9696   14.640  0.006    2  1 
  51332.9739   14.659  0.006    2  1 
  51332.9891   14.697  0.005    2  1 
  51332.9928   14.704  0.006    2  1 
  51332.9965   14.712  0.006    2  1 
  51333.0083   14.736  0.005    2  1 
  51333.0120   14.751  0.005    2  1 
  51333.0226   14.779  0.005    2  1 
  51333.0264   14.783  0.005    2  1 
  51333.0514   14.830  0.005    2  1 
  51333.0552   14.840  0.006    2  1 
  51333.0742   14.871  0.006    2  1 
  51333.0779   14.879  0.006    2  1 
  51333.0907   14.893  0.006    2  1 
  51333.0945   14.904  0.005    2  1 
  51333.1178   14.924  0.006    2  1 
  51333.1221   14.928  0.006    2  1 
  51333.1335   14.935  0.006    2  1 
  51333.1369   14.946  0.006    2  1 
  51333.1529   14.961  0.006    2  1 
  51333.1565   14.960  0.006    2  1 
  51333.1716   14.980  0.006    2  1 
  51333.1752   14.985  0.006    2  1 
  51334.9841   15.117  0.005    2  1 
  51334.9871   15.110  0.005    2  1 
  51335.0175   14.922  0.005    2  1 
  51335.0204   14.876  0.004    2  1 
  51335.0301   14.719  0.004    2  1 
  51335.0334   14.655  0.004    2  1 
  51335.0517   14.303  0.004    2  1 
  51335.0552   14.254  0.004    2  1 
  51335.0692   14.115  0.004    2  1 
  51335.0727   14.099  0.004    2  1 
  51335.0833   14.097  0.004    2  1 
  51335.0867   14.104  0.004    2  1 
  51335.1133   14.225  0.004    2  1 
  51335.1167   14.239  0.004    2  1 
  51335.9535   14.939  0.006    2  1 
  51335.9726   14.956  0.005    2  1 
  51335.9768   14.959  0.005    2  1 
  51335.9997   14.980  0.005    2  1 
  51336.0027   14.987  0.005    2  1 
  51336.0203   14.984  0.005    2  1 
  51336.0236   14.988  0.005    2  1 
  51336.0357   14.967  0.005    2  1 
  51336.0388   14.968  0.005    2  1 
  51336.0593   14.995  0.005    2  1 
  51336.0629   15.002  0.006    2  1 
  51336.0769   15.044  0.006    2  1 
  51336.0803   15.048  0.006    2  1 
  51336.1025   15.103  0.006    2  1 
  51336.1059   15.110  0.006    2  1 
  51336.1206   15.092  0.006    2  1 
  51336.1240   15.085  0.006    2  1 
  51337.0101   14.847  0.005    2  1 
  51337.9904   14.465  0.005    2  1 
  51337.9940   14.480  0.005    2  1 
  51338.0162   14.557  0.005    2  1 
  51338.0196   14.568  0.005    2  1 
  51338.0339   14.613  0.005    2  1 
  51338.0376   14.625  0.005    2  1 
  51338.9901   14.473  0.004    2  1 
  51338.9938   14.409  0.004    2  1 
  51339.0226   14.144  0.004    2  1 
  51339.0269   14.129  0.004    2  1 
  51339.0867   14.368  0.005    2  1 
  51339.0905   14.364  0.005    2  1 
  51339.1139   14.446  0.004    2  1 
  51339.1177   14.463  0.004    2  1 
  51339.1448   14.550  0.004    2  1 
  51339.1482   14.558  0.004    2  1 
  51339.9766   14.972  0.005    2  1 
  51339.9795   14.977  0.005    2  1 
  51340.0044   14.988  0.005    2  1 
  51340.0078   14.994  0.005    2  1 
  51340.0274   15.034  0.005    2  1 
  51340.0306   15.042  0.005    2  1 
  51340.0540   15.097  0.005    2  1 
  51340.0572   15.099  0.006    2  1 
  51340.0857   14.966  0.005    2  1 
  51340.0892   14.926  0.005    2  1 
  51340.1152   14.525  0.004    2  1 
  51340.1197   14.445  0.004    2  1 
  51340.1229   14.386  0.004    2  1 
  51340.1263   14.333  0.004    2  1 
  51340.1404   14.190  0.004    2  1 
  51340.1437   14.177  0.004    2  1 
  51344.9924   14.932  0.004    2  1 
  51344.9958   14.941  0.004    2  1 
  51344.9988   14.937  0.004    2  1 
  51345.0216   14.958  0.005    2  1 
  51345.0255   14.964  0.006    2  1 
  51345.0302   14.976  0.005    2  1 
  51345.0553   14.976  0.005    2  1 
  51345.0603   14.975  0.005    2  1 
  51345.9856   14.756  0.005    2  1 
  51345.9896   14.760  0.005    2  1 
  51346.0219   14.830  0.006    2  1 
  51346.0264   14.840  0.005    2  1 
  51346.0486   14.878  0.005    2  1 
  51346.0523   14.885  0.005    2  1 
  51346.0791   14.912  0.005    2  1 
  51346.0826   14.907  0.005    2  1 
  51347.0416   14.565  0.004    2  1 
  51347.0453   14.579  0.003    2  1 
  51347.0743   14.653  0.004    2  1 
  51347.0777   14.666  0.004    2  1 
  51347.0990   14.715  0.004    2  1 
  51347.1022   14.728  0.003    2  1 
  51347.9769   14.994  0.005    2  1 
  51347.9802   14.960  0.005    2  1 
  51347.9834   14.927  0.005    2  1 
  51347.9983   14.717  0.004    2  1 
  51348.0028   14.654  0.004    2  1 
  51348.0063   14.595  0.004    2  1 
  51348.0242   14.330  0.004    2  1 
  51348.0274   14.296  0.004    2  1 
  51348.0943   14.328  0.004    2  1 
  51348.0983   14.350  0.005    2  1 
  51348.1018   14.359  0.004    2  1 
  51348.9650   14.955  0.005    2  1 
  51348.9682   14.955  0.005    2  1 
  51348.9853   14.973  0.005    2  1 
  51348.9883   14.973  0.005    2  1 
  51348.9912   14.970  0.005    2  1 
  51349.0316   14.986  0.005    2  1 
  51349.0346   14.992  0.005    2  1 
  51349.9815   14.850  0.004    2  1 
  51349.9851   14.858  0.004    2  1 
  51349.9973   14.873  0.004    2  1 
  51350.0033   14.879  0.005    2  1 
  51350.0066   14.887  0.005    2  1 
  51350.0164   14.893  0.005    2  1 
  51350.0197   14.899  0.005    2  1 
  51350.0296   14.906  0.005    2  1 
  51380.9973   14.751  0.004    2  1 
  51381.0004   14.763  0.004    2  1 
  51381.0031   14.766  0.004    2  1 
  51381.0187   14.796  0.004    2  1 
  51381.0214   14.805  0.004    2  1 
  51381.0242   14.809  0.004    2  1 
  51381.9830   14.279  0.003    2  1 
  51381.9859   14.291  0.004    2  1 
  51381.9888   14.308  0.004    2  1 
  51382.0000   14.352  0.004    2  1 
  51382.0029   14.365  0.004    2  1 
  51382.9793   15.133  0.006    2  1 
  51382.9826   15.116  0.005    2  1 
  51382.9857   15.102  0.005    2  1 
  51382.9965   15.015  0.005    2  1 
  51382.9995   14.976  0.005    2  1 
  51383.9746   14.987  0.004    2  1 
  51383.9773   14.990  0.004    2  1 
  51383.9799   14.991  0.004    2  1 
  51383.9899   14.982  0.005    2  1 
  51383.9926   14.997  0.004    2  1 
  51384.9751   14.811  0.003    2  1 
  51384.9777   14.816  0.004    2  1 
  51384.9802   14.819  0.004    2  1 
  51384.9896   14.839  0.004    2  1 
  51384.9921   14.838  0.004    2  1 
  51385.9711   14.430  0.003    2  1 
  51385.9737   14.440  0.003    2  1 
  51385.9763   14.449  0.003    2  1 
  51385.9857   14.485  0.003    2  1 
  51385.9884   14.489  0.003    2  1 
  51386.9965   14.121  0.003    2  1 
  51387.0003   14.073  0.003    2  1 
  51387.0041   14.041  0.003    2  1 
  51387.0216   14.044  0.003    2  1 
  51387.0254   14.070  0.003    2  1 
  51387.0293   14.107  0.003    2  1 
  51388.9801   14.900  0.005    2  1 
  51388.9834   14.895  0.005    2  1 
  51388.9866   14.905  0.005    2  1 
  51388.9984   14.919  0.005    2  1 
  51389.0017   14.926  0.005    2  1 
  51389.9783   14.624  0.004    2  1 
  51389.9809   14.636  0.004    2  1 
  51389.9836   14.646  0.004    2  1 
  51390.9729   14.086  0.003    2  1 
  51390.9756   14.104  0.003    2  1 
  51390.9783   14.116  0.003    2  1 
  51391.9728   15.071  0.004    2  1 
  51391.9754   15.074  0.004    2  1 
  51391.9779   15.082  0.004    2  1 
  51671.0871   14.695  0.005    2  1 
  51671.0917   14.708  0.005    2  1 
  51671.0952   14.717  0.004    2  1 
  51671.1189   14.771  0.005    2  1 
  51671.1232   14.779  0.005    2  1 
  51671.9996   14.644  0.004    2  1 
  51672.0039   14.565  0.004    2  1 
  51672.0350   14.200  0.003    2  1 
  51672.0382   14.179  0.003    2  1 
  51673.0232   14.988  0.004    2  1 
  51674.0574   14.926  0.006    2  1 
  51674.0620   14.963  0.006    2  1 
  51674.0938   14.958  0.006    2  1 
  51674.0985   14.965  0.006    2  1 
  51674.1159   14.972  0.006    2  1 
  51674.1223   14.971  0.005    2  1 
  51674.9763   14.533  0.005    2  1 
  51674.9824   14.544  0.005    2  1 
  51675.0212   14.652  0.005    2  1 
  51676.0163   14.174  0.003    2  1 
  51692.9816   14.217  0.004    2  1 
  51692.9854   14.232  0.003    2  1 
  51693.9780   15.139  0.005    2  1 
  51693.9814   15.142  0.005    2  1 
  51694.9914   14.985  0.004    2  1 
  51694.9946   15.006  0.004    2  1 
  51765.9974   14.857  0.005    2  1 
  51766.0012   14.858  0.005    2  1 
  51766.0048   14.873  0.005    2  1 
  51766.0266   14.898  0.005    2  1 
  51766.0301   14.895  0.005    2  1 
  51216.3408   15.517  0.004    3  1 
  51216.3905   15.499  0.005    3  1 
  51217.3019   15.257  0.004    3  1 
  51218.2854   14.600  0.003    3  1 
  51218.3156   14.743  0.003    3  1 
  51218.3347   14.840  0.003    3  1 
  51218.3653   14.943  0.003    3  1 
  51218.3848   15.094  0.004    3  1 
  51219.2918   15.418  0.004    3  1 
  51219.3100   15.082  0.004    3  1 
  51219.3296   14.634  0.003    3  1 
  51219.3536   14.363  0.002    3  1 
  51219.3723   14.378  0.002    3  1 
  51220.2720   15.493  0.004    3  1 
  51220.2946   15.501  0.004    3  1 
  51220.3117   15.508  0.004    3  1 
  51220.3299   15.488  0.004    3  1 
  51220.3473   15.502  0.004    3  1 
  51220.3643   15.569  0.005    3  1 
  51220.3816   15.614  0.005    3  1 
  51221.2763   15.317  0.004    3  1 
  51221.2964   15.358  0.004    3  1 
  51221.3145   15.406  0.004    3  1 
  51221.3496   15.447  0.004    3  1 
  51221.3673   15.466  0.004    3  1 
  51283.2546   14.928  0.003    3  1 
  51283.2783   15.038  0.003    3  1 
  51283.3008   15.131  0.003    3  1 
  51283.3322   15.241  0.003    3  1 
  51283.3553   15.307  0.003    3  1 
  51283.3773   15.413  0.003    3  1 
  51284.2134   15.202  0.003    3  1 
  51284.2375   14.695  0.003    3  1 
  51284.2581   14.429  0.002    3  1 
  51284.2875   14.480  0.002    3  1 
  51284.3124   14.601  0.003    3  1 
  51284.3383   14.727  0.003    3  1 
  51285.0451   15.299  0.003    3  1 
  51285.0691   15.366  0.003    3  1 
  51285.0932   15.409  0.004    3  1 
  51285.1257   15.448  0.004    3  1 
  51285.1514   15.467  0.004    3  1 
  51285.1754   15.483  0.004    3  1 
  51285.2060   15.521  0.004    3  1 
  51285.2321   15.501  0.004    3  1 
  51285.2586   15.529  0.004    3  1 
  51285.2928   15.620  0.004    3  1 
  51285.3257   15.487  0.004    3  1 
  51286.0670   14.883  0.003    3  1 
  51286.0977   15.086  0.003    3  1 
  51286.1302   15.186  0.003    3  1 
  51286.1560   15.113  0.003    3  1 
  51286.1833   15.322  0.003    3  1 
  51286.2193   15.408  0.004    3  1 
  51286.2434   15.432  0.004    3  1 
  51286.2655   15.457  0.004    3  1 
  51286.2958   15.479  0.004    3  1 
  51286.3291   15.521  0.004    3  1 
  51286.3521   15.511  0.004    3  1 
  51304.9838   15.513  0.004    3  1 
  51305.0251   15.568  0.005    3  1 
  51305.0718   15.624  0.005    3  1 
  51305.0961   15.335  0.004    3  1 
  51305.1465   14.421  0.003    3  1 
  51305.1755   14.405  0.003    3  1 
  51305.2054   14.620  0.003    3  1 
  51305.2345   14.780  0.003    3  1 
  51305.2666   14.909  0.003    3  1 
  51305.2880   15.014  0.003    3  1 
  51305.9773   15.407  0.003    3  1 
  51306.0428   15.486  0.004    3  1 
  51306.0809   15.515  0.004    3  1 
  51306.1087   15.578  0.004    3  1 
  51306.1330   15.520  0.004    3  1 
  51306.1578   15.462  0.004    3  1 
  51306.1875   15.529  0.004    3  1 
  51306.2101   15.558  0.004    3  1 
  51306.2308   15.497  0.004    3  1 
  51306.2538   15.061  0.003    3  1 
  51306.2771   14.371  0.002    3  1 
  51306.2972   14.365  0.002    3  1 
  51308.0025   14.216  0.002    3  1 
  51308.0600   14.738  0.002    3  1 
  51308.0958   14.728  0.002    3  1 
  51308.1244   15.048  0.003    3  1 
  51310.1057   15.606  0.003    3  1 
  51310.1100   15.437  0.003    3  1 
  51311.9792   14.595  0.003    3  1 
  51311.9983   14.692  0.003    3  1 
  51312.0087   14.718  0.003    3  1 
  51312.0350   14.830  0.003    3  1 
  51312.0550   14.960  0.003    3  1 
  51312.0672   14.987  0.003    3  1 
  51312.0870   15.071  0.003    3  1 
  51312.0988   15.114  0.003    3  1 
  51312.9828   15.660  0.004    3  1 
  51313.0063   15.382  0.003    3  1 
  51313.0300   14.814  0.003    3  1 
  51313.0562   14.311  0.002    3  1 
  51313.1113   14.525  0.002    3  1 
  51313.9807   15.541  0.004    3  1 
  51314.0143   15.528  0.004    3  1 
  51314.0397   15.533  0.004    3  1 
  51314.1124   15.664  0.005    3  1 
  51314.9752   15.299  0.004    3  1 
  51315.0102   15.400  0.004    3  1 
  51315.0336   15.432  0.004    3  1 
  51315.0747   15.501  0.004    3  1 
  51315.0982   15.529  0.004    3  1 
  51315.1216   15.536  0.004    3  1 
  51316.0399   15.057  0.003    3  1 
  51316.0634   15.171  0.003    3  1 
  51316.0869   15.246  0.003    3  1 
  51316.1115   15.332  0.003    3  1 
  51316.9740   15.091  0.003    3  1 
  51317.0052   14.361  0.002    3  1 
  51317.0282   14.379  0.003    3  1 
  51317.0566   14.476  0.003    3  1 
  51317.0822   14.634  0.003    3  1 
  51317.1075   14.784  0.003    3  1 
  51317.9847   15.519  0.004    3  1 
  51318.0099   15.571  0.004    3  1 
  51318.0374   15.623  0.005    3  1 
  51318.0942   15.386  0.000    3  1 
  51318.1226   14.647  0.003    3  1 
  51318.9772   15.429  0.004    3  1 
  51319.0019   15.451  0.005    3  1 
  51319.0274   15.485  0.004    3  1 
  51320.1208   15.455  0.003    3  1 
  51320.1417   15.487  0.004    3  1 
  51320.9728   14.242  0.002    3  1 
  51320.9965   14.367  0.002    3  1 
  51321.0180   14.588  0.002    3  1 
  51321.0400   14.655  0.002    3  1 
  51321.0624   14.892  0.003    3  1 
  51321.0930   15.040  0.003    3  1 
  51321.1217   15.079  0.003    3  1 
  51380.9937   15.225  0.004    3  1 
  51381.9793   14.533  0.003    3  1 
  51382.9755   15.647  0.005    3  1 
  51383.9715   15.421  0.004    3  1 
  51384.9721   15.285  0.002    3  1 
  51386.9917   14.410  0.002    3  1 
  51388.9755   15.430  0.004    3  1 
  51389.9750   15.051  0.003    3  1 
  51390.9697   14.307  0.002    3  1 
  51391.9697   15.635  0.003    3  1 
  51693.9923   15.692  0.004    3  1 
  51695.0052   15.542  0.004    3  1 
 56468.97641   13.142  0.023   -1  1 
 56469.04707   13.496  0.020   -1  1 
 56469.10896   13.353  0.013   -1  1 
 56469.17285   13.488  0.006   -1  1 
 56471.00364   13.222  0.015   -1  1 
 56471.06640   13.282  0.005   -1  1 
 56471.12490   13.277  0.009   -1  1 
 56471.18188   13.467  0.014   -1  1 
 56471.96759   13.666  0.021   -1  1 
 56472.03374   13.642  0.013   -1  1 
 56472.09484   13.362  0.007   -1  1 
 56472.15243   13.335  0.024   -1  1 
 56468.95296   13.228  0.025   -2  1 
 56469.02441   13.243  0.015   -2  1 
 56469.08813   13.352  0.020   -2  1 
 56469.15134   13.413  0.010   -2  1 
 56471.02588   13.257  0.011   -2  1 
 56471.08671   13.266  0.009   -2  1 
 56471.14302   13.272  0.010   -2  1 
 56471.94704   13.355  0.012   -2  1 
 56472.01085   13.606  0.021   -2  1 
 56472.07480   13.582  0.024   -2  1 
 56472.13240   13.208  0.006   -2  1 
 56472.19216   13.224  0.004   -2  1 
 56469.00041   13.598  0.008   -5  1 
 56469.06767   13.684  0.007   -5  1 
 56469.13003   13.765  0.006   -5  1 
 56469.19349   13.892  0.014   -5  1 
 56470.98130   13.470  0.028   -5  1 
 56471.04693   13.425  0.020   -5  1 
 56471.10523   13.541  0.022   -5  1 
 56471.16397   13.570  0.012   -5  1 
 56471.98857   13.785  0.006   -5  1 
 56472.05430   13.890  0.007   -5  1 
 56472.11383   13.396  0.007   -5  1 
 56472.17109   13.457  0.014   -5  1 
