 56468.97641   13.396  0.015   -1  1 
 56469.04707   13.331  0.015   -1  1 
 56469.10896   13.524  0.031   -1  1 
 56469.17285   13.135  0.007   -1  1 
 56471.00364   13.166  0.012   -1  1 
 56471.06640   13.163  0.009   -1  1 
 56471.12490   13.165  0.012   -1  1 
 56471.18188   13.353  0.016   -1  1 
 56471.96759   13.470  0.035   -1  1 
 56472.03374   13.186  0.016   -1  1 
 56472.09484   13.093  0.006   -1  1 
 56472.15243   13.134  0.006   -1  1 
 56468.95296   13.169  0.019   -2  1 
 56469.02441   13.330  0.009   -2  1 
 56469.08813   13.322  0.024   -2  1 
 56469.15134   13.288  0.019   -2  1 
 56471.02588   13.144  0.013   -2  1 
 56471.08671   13.178  0.011   -2  1 
 56471.14302   13.202  0.008   -2  1 
 56471.94704   13.288  0.018   -2  1 
 56472.01085   13.261  0.013   -2  1 
 56472.07480   13.283  0.020   -2  1 
 56472.13240   13.060  0.016   -2  1 
 56472.19216   13.096  0.006   -2  1 
 56469.00041   13.670  0.005   -5  1 
 56469.06767   13.743  0.008   -5  1 
 56469.13003   13.443  0.007   -5  1 
 56469.19349   13.327  0.008   -5  1 
 56470.98130   13.523  0.055   -5  1 
 56471.04693   13.441  0.005   -5  1 
 56471.10523   13.493  0.007   -5  1 
 56471.16397   13.586  0.015   -5  1 
 56471.98857   13.577  0.005   -5  1 
 56472.05430   13.287  0.007   -5  1 
 56472.11383   13.354  0.007   -5  1 
 56472.17109   13.407  0.008   -5  1 
