 56468.97641   13.528  0.020   -1  1 
 56469.04707   13.072  0.021   -1  1 
 56469.10896   13.067  0.011   -1  1 
 56469.17285   13.052  0.010   -1  1 
 56471.00364   13.046  0.016   -1  1 
 56471.06640   13.157  0.028   -1  1 
 56471.12490   13.090  0.009   -1  1 
 56471.18188   13.160  0.008   -1  1 
 56471.96759   13.358  0.014   -1  1 
 56472.03374   13.324  0.005   -1  1 
 56472.09484   13.133  0.018   -1  1 
 56472.15243   13.067  0.016   -1  1 
 56468.95296   13.306  0.019   -2  1 
 56469.02441   13.137  0.011   -2  1 
 56469.08813   13.118  0.013   -2  1 
 56469.15134   12.971  0.017   -2  1 
 56471.02588   13.044  0.009   -2  1 
 56471.08671   13.218  0.026   -2  1 
 56471.14302   13.054  0.008   -2  1 
 56471.94704   13.242  0.012   -2  1 
 56472.01085   13.379  0.015   -2  1 
 56472.07480   13.040  0.006   -2  1 
 56472.13240   13.017  0.019   -2  1 
 56472.19216   13.029  0.011   -2  1 
 56469.00041   13.472  0.008   -5  1 
 56469.06767   13.261  0.012   -5  1 
 56469.13003   13.312  0.005   -5  1 
 56469.19349   13.333  0.007   -5  1 
 56470.98130   13.346  0.022   -5  1 
 56471.04693   13.379  0.004   -5  1 
 56471.10523   13.445  0.009   -5  1 
 56471.16397   13.446  0.012   -5  1 
 56471.98857   13.750  0.010   -5  1 
 56472.05430   13.367  0.009   -5  1 
 56472.11383   13.255  0.007   -5  1 
 56472.17109   13.305  0.009   -5  1 
