  51216.2987   14.830  0.005    2  1 
  51216.3275   14.831  0.005    2  1 
  51216.3519   14.809  0.004    2  1 
  51216.3771   14.830  0.005    2  1 
  51217.2851   14.254  0.003    2  1 
  51217.3152   14.355  0.004    2  1 
  51217.3378   14.410  0.004    2  1 
  51217.3598   14.465  0.004    2  1 
  51217.3804   14.513  0.004    2  1 
  51218.3013   14.805  0.004    2  1 
  51218.3254   14.824  0.004    2  1 
  51218.3504   14.863  0.004    2  1 
  51218.3753   14.928  0.005    2  1 
  51219.2775   14.394  0.004    2  1 
  51219.3014   14.462  0.004    2  1 
  51219.3186   14.497  0.004    2  1 
  51219.3397   14.554  0.004    2  1 
  51219.3635   14.601  0.004    2  1 
  51219.3810   14.631  0.004    2  1 
  51220.2867   14.854  0.004    2  1 
  51220.3036   14.895  0.004    2  1 
  51220.3219   14.935  0.005    2  1 
  51220.3564   14.937  0.005    2  1 
  51220.3729   14.828  0.005    2  1 
  51220.3920   14.463  0.004    2  1 
  51221.2619   14.500  0.004    2  1 
  51221.2873   14.558  0.004    2  1 
  51221.3052   14.596  0.004    2  1 
  51221.3230   14.631  0.004    2  1 
  51221.3396   14.656  0.004    2  1 
  51221.3577   14.700  0.004    2  1 
  51221.3762   14.714  0.004    2  1 
  51283.2102   14.861  0.004    2  1 
  51283.2288   14.566  0.004    2  1 
  51283.2338   14.448  0.003    2  1 
  51283.2391   14.353  0.003    2  1 
  51283.2642   14.021  0.003    2  1 
  51283.2680   13.998  0.003    2  1 
  51283.2868   13.965  0.003    2  1 
  51283.2902   13.978  0.003    2  1 
  51283.3138   14.065  0.003    2  1 
  51283.3170   14.076  0.003    2  1 
  51283.3408   14.162  0.003    2  1 
  51283.3447   14.176  0.003    2  1 
  51283.3642   14.236  0.003    2  1 
  51283.3673   14.249  0.003    2  1 
  51284.1955   14.690  0.004    2  1 
  51284.1993   14.695  0.004    2  1 
  51284.2266   14.725  0.004    2  1 
  51284.2298   14.726  0.004    2  1 
  51284.2475   14.753  0.004    2  1 
  51284.2506   14.750  0.004    2  1 
  51284.2679   14.761  0.004    2  1 
  51284.2711   14.771  0.004    2  1 
  51284.3004   14.797  0.004    2  1 
  51284.3036   14.805  0.004    2  1 
  51284.3257   14.834  0.004    2  1 
  51284.3289   14.828  0.004    2  1 
  51285.0269   14.802  0.003    2  1 
  51285.0299   14.802  0.004    2  1 
  51285.0607   14.833  0.004    2  1 
  51285.0814   14.875  0.004    2  1 
  51285.0847   14.881  0.004    2  1 
  51285.1052   14.936  0.004    2  1 
  51285.1084   14.938  0.004    2  1 
  51285.1396   14.938  0.004    2  1 
  51285.1427   14.936  0.004    2  1 
  51285.1624   14.763  0.004    2  1 
  51285.1654   14.713  0.004    2  1 
  51285.1891   14.262  0.003    2  1 
  51285.1924   14.227  0.003    2  1 
  51285.2195   13.950  0.003    2  1 
  51285.2227   13.947  0.003    2  1 
  51285.2468   14.024  0.003    2  1 
  51285.2498   14.025  0.003    2  1 
  51285.2738   14.129  0.003    2  1 
  51285.2775   14.136  0.003    2  1 
  51285.3077   14.239  0.003    2  1 
  51285.3112   14.244  0.003    2  1 
  51285.3425   14.339  0.003    2  1 
  51285.3456   14.353  0.003    2  1 
  51286.0177   14.429  0.003    2  1 
  51286.0241   14.447  0.003    2  1 
  51286.0542   14.508  0.003    2  1 
  51286.0574   14.523  0.003    2  1 
  51286.0794   14.577  0.003    2  1 
  51286.0832   14.582  0.003    2  1 
  51286.1105   14.635  0.003    2  1 
  51286.1136   14.642  0.003    2  1 
  51286.1441   14.694  0.003    2  1 
  51286.1472   14.696  0.003    2  1 
  51286.1708   14.722  0.004    2  1 
  51286.1740   14.730  0.004    2  1 
  51286.1969   14.764  0.004    2  1 
  51286.2002   14.749  0.004    2  1 
  51286.2322   14.783  0.004    2  1 
  51286.2352   14.784  0.004    2  1 
  51286.2544   14.814  0.004    2  1 
  51286.2573   14.816  0.004    2  1 
  51286.2785   14.839  0.004    2  1 
  51286.2816   14.846  0.004    2  1 
  51286.3149   14.818  0.004    2  1 
  51286.3179   14.811  0.004    2  1 
  51286.3375   14.818  0.004    2  1 
  51286.3409   14.829  0.004    2  1 
  51286.3604   14.865  0.004    2  1 
  51286.3635   14.861  0.004    2  1 
  51286.3665   14.872  0.004    2  1 
  51304.9667   14.740  0.003    2  1 
  51304.9697   14.733  0.003    2  1 
  51304.9956   14.751  0.003    2  1 
  51304.9985   14.751  0.003    2  1 
  51305.0393   14.803  0.004    2  1 
  51305.0423   14.800  0.004    2  1 
  51305.0812   14.823  0.004    2  1 
  51305.0852   14.823  0.004    2  1 
  51305.1040   14.806  0.004    2  1 
  51305.1077   14.809  0.004    2  1 
  51305.1328   14.805  0.004    2  1 
  51305.1357   14.829  0.004    2  1 
  51305.1582   14.862  0.005    2  1 
  51305.1616   14.882  0.005    2  1 
  51305.1919   14.950  0.005    2  1 
  51305.1953   14.946  0.005    2  1 
  51305.2170   14.950  0.005    2  1 
  51305.2202   14.938  0.004    2  1 
  51305.2493   14.698  0.004    2  1 
  51305.2523   14.636  0.004    2  1 
  51305.2764   14.201  0.003    2  1 
  51305.2796   14.147  0.003    2  1 
  51305.3025   13.952  0.003    2  1 
  51305.3054   13.942  0.003    2  1 
  51305.9643   13.986  0.003    2  1 
  51305.9672   13.984  0.002    2  1 
  51305.9970   14.056  0.002    2  1 
  51305.9997   14.076  0.002    2  1 
  51306.0313   14.233  0.003    2  1 
  51306.0340   14.233  0.003    2  1 
  51306.0638   14.331  0.003    2  1 
  51306.0674   14.336  0.003    2  1 
  51306.0960   14.390  0.003    2  1 
  51306.0990   14.389  0.003    2  1 
  51306.1183   14.447  0.003    2  1 
  51306.1209   14.477  0.003    2  1 
  51306.1434   14.526  0.003    2  1 
  51306.1474   14.530  0.004    2  1 
  51306.1743   14.599  0.003    2  1 
  51306.1770   14.598  0.003    2  1 
  51306.1996   14.641  0.003    2  1 
  51306.2025   14.643  0.003    2  1 
  51306.2207   14.647  0.003    2  1 
  51306.2235   14.675  0.003    2  1 
  51306.2407   14.698  0.003    2  1 
  51306.2432   14.711  0.003    2  1 
  51306.2458   14.718  0.003    2  1 
  51306.2665   14.727  0.003    2  1 
  51306.2691   14.735  0.003    2  1 
  51306.2862   14.743  0.003    2  1 
  51306.2895   14.753  0.004    2  1 
  51306.3068   14.776  0.004    2  1 
  51306.3101   14.779  0.004    2  1 
  51306.9828   14.811  0.005    2  1 
  51306.9870   14.808  0.003    2  1 
  51307.0161   14.819  0.003    2  1 
  51307.0270   14.826  0.004    2  1 
  51307.0388   14.823  0.004    2  1 
  51307.0824   14.812  0.005    2  1 
  51307.9862   14.266  0.003    2  1 
  51307.9901   14.286  0.003    2  1 
  51308.0178   14.361  0.002    2  1 
  51308.0212   14.371  0.002    2  1 
  51308.0443   14.429  0.003    2  1 
  51308.1072   14.581  0.003    2  1 
  51308.1114   14.592  0.003    2  1 
  51310.1342   14.723  0.003    2  1 
  51310.1371   14.725  0.003    2  1 
  51310.1402   14.722  0.003    2  1 
  51314.9621   14.755  0.004    2  1 
  51314.9650   14.724  0.004    2  1 
  51314.9679   14.671  0.004    2  1 
  51314.9914   14.230  0.003    2  1 
  51314.9943   14.192  0.003    2  1 
  51314.9972   14.150  0.003    2  1 
  51315.0171   13.968  0.002    2  1 
  51315.0197   13.957  0.002    2  1 
  51315.0224   13.950  0.002    2  1 
  51315.0409   14.008  0.002    2  1 
  51315.0436   14.009  0.002    2  1 
  51315.0462   14.022  0.002    2  1 
  51315.0650   14.112  0.003    2  1 
  51315.0677   14.114  0.002    2  1 
  51315.0860   14.186  0.003    2  1 
  51315.0887   14.190  0.003    2  1 
  51315.0913   14.195  0.003    2  1 
  51315.1094   14.261  0.003    2  1 
  51315.1121   14.273  0.003    2  1 
  51315.1148   14.274  0.003    2  1 
  51316.0303   14.770  0.003    2  1 
  51316.0330   14.771  0.003    2  1 
  51316.0511   14.804  0.003    2  1 
  51316.0538   14.804  0.003    2  1 
  51316.0565   14.806  0.003    2  1 
  51316.0746   14.841  0.004    2  1 
  51316.0773   14.831  0.004    2  1 
  51316.0800   14.834  0.004    2  1 
  51316.0992   14.818  0.004    2  1 
  51316.1020   14.819  0.003    2  1 
  51316.1046   14.809  0.003    2  1 
  51316.1228   14.805  0.003    2  1 
  51316.1255   14.804  0.004    2  1 
  51316.1281   14.812  0.004    2  1 
  51316.9815   13.994  0.002    2  1 
  51316.9843   14.003  0.003    2  1 
  51316.9869   14.014  0.002    2  1 
  51316.9978   14.054  0.003    2  1 
  51317.0147   14.121  0.003    2  1 
  51317.0176   14.132  0.003    2  1 
  51317.0205   14.151  0.003    2  1 
  51317.0420   14.227  0.003    2  1 
  51317.0450   14.236  0.004    2  1 
  51317.0483   14.239  0.003    2  1 
  51317.0689   14.302  0.003    2  1 
  51317.0718   14.317  0.003    2  1 
  51317.0747   14.327  0.003    2  1 
  51317.0946   14.381  0.003    2  1 
  51317.0974   14.386  0.003    2  1 
  51317.1000   14.408  0.003    2  1 
  51317.1199   14.447  0.003    2  1 
  51317.1228   14.456  0.003    2  1 
  51317.1257   14.466  0.003    2  1 
  51317.9715   14.770  0.004    2  1 
  51317.9744   14.785  0.004    2  1 
  51317.9772   14.779  0.004    2  1 
  51317.9970   14.793  0.003    2  1 
  51317.9998   14.810  0.003    2  1 
  51318.0025   14.815  0.004    2  1 
  51318.0227   14.838  0.005    2  1 
  51318.0260   14.825  0.005    2  1 
  51318.0292   14.796  0.005    2  1 
  51318.0510   14.823  0.005    2  1 
  51318.0542   14.827  0.005    2  1 
  51318.0575   14.812  0.005    2  1 
  51318.0795   14.815  0.005    2  1 
  51318.0827   14.815  0.005    2  1 
  51318.0859   14.818  0.004    2  1 
  51318.1079   14.827  0.005    2  1 
  51318.1111   14.842  0.005    2  1 
  51318.1144   14.810  0.005    2  1 
  51318.9846   14.220  0.003    2  1 
  51318.9874   14.230  0.003    2  1 
  51318.9902   14.237  0.003    2  1 
  51319.0093   14.304  0.003    2  1 
  51319.0122   14.308  0.003    2  1 
  51319.0151   14.324  0.003    2  1 
  51319.0351   14.376  0.003    2  1 
  51319.0380   14.387  0.003    2  1 
  51319.0411   14.387  0.004    2  1 
  51319.0623   14.445  0.004    2  1 
  51319.0928   14.516  0.003    2  1 
  51319.1137   14.571  0.003    2  1 
  51319.1164   14.575  0.003    2  1 
  51319.1190   14.586  0.003    2  1 
  51320.0909   14.912  0.003    2  1 
  51320.1531   14.618  0.003    2  1 
  51320.1557   14.553  0.003    2  1 
  51320.1584   14.485  0.003    2  1 
  51320.9810   14.376  0.003    2  1 
  51321.0292   14.510  0.003    2  1 
  51321.0466   14.546  0.003    2  1 
  51321.0491   14.553  0.003    2  1 
  51321.0517   14.540  0.003    2  1 
  51321.0689   14.599  0.003    2  1 
  51321.0714   14.596  0.003    2  1 
  51321.0997   14.663  0.003    2  1 
  51321.1023   14.670  0.003    2  1 
  51321.1049   14.672  0.003    2  1 
  51321.1074   14.678  0.003    2  1 
  51321.1100   14.678  0.003    2  1 
  51321.1285   14.702  0.003    2  1 
  51321.1311   14.709  0.003    2  1 
  51332.9607   14.800  0.005    2  1 
  51332.9651   14.803  0.006    2  1 
  51332.9797   14.815  0.005    2  1 
  51332.9834   14.829  0.005    2  1 
  51333.0005   14.851  0.005    2  1 
  51333.0039   14.848  0.005    2  1 
  51333.0156   14.880  0.005    2  1 
  51333.0192   14.878  0.005    2  1 
  51333.0445   14.947  0.005    2  1 
  51333.0479   14.953  0.005    2  1 
  51333.0636   14.965  0.006    2  1 
  51333.0681   14.971  0.006    2  1 
  51333.0834   14.936  0.005    2  1 
  51333.0869   14.936  0.005    2  1 
  51333.0981   14.837  0.005    2  1 
  51333.1018   14.789  0.005    2  1 
  51333.1258   14.321  0.004    2  1 
  51333.1294   14.276  0.004    2  1 
  51333.1410   14.089  0.004    2  1 
  51333.1452   14.030  0.004    2  1 
  51333.1492   13.989  0.004    2  1 
  51333.1642   13.950  0.003    2  1 
  51333.1679   13.951  0.003    2  1 
  51334.9778   14.910  0.003    2  1 
  51334.9806   14.926  0.004    2  1 
  51335.0115   14.958  0.004    2  1 
  51335.0145   14.958  0.004    2  1 
  51335.0237   14.953  0.005    2  1 
  51335.0269   14.928  0.004    2  1 
  51335.0365   14.875  0.004    2  1 
  51335.0396   14.854  0.004    2  1 
  51335.0624   14.418  0.004    2  1 
  51335.0658   14.358  0.004    2  1 
  51335.0766   14.212  0.003    2  1 
  51335.0800   14.161  0.003    2  1 
  51335.1009   13.958  0.003    2  1 
  51335.1041   13.953  0.003    2  1 
  51335.9585   14.569  0.004    2  1 
  51335.9619   14.575  0.004    2  1 
  51335.9661   14.589  0.004    2  1 
  51335.9693   14.598  0.004    2  1 
  51335.9855   14.623  0.004    2  1 
  51335.9915   14.623  0.003    2  1 
  51335.9966   14.643  0.004    2  1 
  51336.0139   14.676  0.004    2  1 
  51336.0172   14.684  0.004    2  1 
  51336.0275   14.697  0.004    2  1 
  51336.0306   14.708  0.004    2  1 
  51336.0439   14.724  0.004    2  1 
  51336.0470   14.727  0.004    2  1 
  51336.0662   14.742  0.004    2  1 
  51336.0696   14.752  0.004    2  1 
  51336.0728   14.748  0.004    2  1 
  51336.0954   14.770  0.004    2  1 
  51336.0989   14.774  0.004    2  1 
  51336.1119   14.782  0.004    2  1 
  51336.1153   14.779  0.004    2  1 
  51336.1297   14.799  0.005    2  1 
  51336.1557   14.759  0.006    2  1 
  51336.1600   14.821  0.006    2  1 
  51336.1647   14.796  0.006    2  1 
  51336.9567   14.965  0.003    2  1 
  51337.0022   14.507  0.003    2  1 
  51337.9827   14.715  0.005    2  1 
  51337.9868   14.707  0.004    2  1 
  51337.9997   14.739  0.005    2  1 
  51338.0033   14.739  0.005    2  1 
  51338.0231   14.754  0.005    2  1 
  51338.0265   14.758  0.005    2  1 
  51338.0304   14.756  0.005    2  1 
  51338.9791   14.015  0.003    2  1 
  51338.9849   13.968  0.003    2  1 
  51339.0116   14.002  0.003    2  1 
  51339.0151   14.021  0.003    2  1 
  51339.0441   14.138  0.003    2  1 
  51339.0477   14.146  0.003    2  1 
  51339.0513   14.160  0.003    2  1 
  51339.0774   14.248  0.003    2  1 
  51339.0807   14.264  0.003    2  1 
  51339.1053   14.330  0.004    2  1 
  51339.1093   14.345  0.004    2  1 
  51339.1327   14.409  0.004    2  1 
  51339.1363   14.415  0.004    2  1 
  51339.9588   14.739  0.004    2  1 
  51339.9627   14.748  0.004    2  1 
  51339.9835   14.776  0.004    2  1 
  51339.9874   14.783  0.004    2  1 
  51340.0115   14.804  0.004    2  1 
  51340.0146   14.804  0.004    2  1 
  51340.0349   14.829  0.004    2  1 
  51340.0380   14.828  0.004    2  1 
  51340.0659   14.836  0.004    2  1 
  51340.0696   14.827  0.004    2  1 
  51340.0938   14.806  0.005    2  1 
  51340.0983   14.793  0.004    2  1 
  51340.1334   14.858  0.004    2  1 
  51340.1366   14.863  0.004    2  1 
  51344.9654   14.407  0.003    2  1 
  51344.9786   14.446  0.003    2  1 
  51344.9829   14.457  0.004    2  1 
  51345.0052   14.517  0.004    2  1 
  51345.0092   14.523  0.003    2  1 
  51345.0132   14.527  0.003    2  1 
  51345.0170   14.533  0.004    2  1 
  51345.0353   14.580  0.003    2  1 
  51345.0390   14.593  0.003    2  1 
  51345.0645   14.643  0.004    2  1 
  51345.0690   14.645  0.004    2  1 
  51345.9658   14.851  0.005    2  1 
  51345.9696   14.855  0.005    2  1 
  51345.9999   14.945  0.005    2  1 
  51346.0043   14.956  0.005    2  1 
  51346.0310   14.963  0.005    2  1 
  51346.0343   14.965  0.005    2  1 
  51346.0571   14.805  0.004    2  1 
  51346.0604   14.756  0.004    2  1 
  51347.0221   14.659  0.004    2  1 
  51347.0274   14.677  0.003    2  1 
  51347.0562   14.717  0.004    2  1 
  51347.0597   14.720  0.004    2  1 
  51347.0815   14.753  0.003    2  1 
  51347.0850   14.741  0.004    2  1 
  51347.9550   14.961  0.004    2  1 
  51347.9581   14.977  0.004    2  1 
  51347.9877   14.918  0.004    2  1 
  51347.9914   14.892  0.004    2  1 
  51347.9948   14.864  0.004    2  1 
  51348.0181   14.440  0.003    2  1 
  51348.0211   14.385  0.003    2  1 
  51348.0849   14.029  0.004    2  1 
  51348.0897   14.036  0.003    2  1 
  51348.1054   14.102  0.003    2  1 
  51348.1088   14.116  0.003    2  1 
  51348.1122   14.126  0.003    2  1 
  51348.9528   14.634  0.003    2  1 
  51348.9557   14.648  0.004    2  1 
  51348.9795   14.690  0.004    2  1 
  51348.9824   14.694  0.004    2  1 
  51348.9941   14.710  0.004    2  1 
  51349.0152   14.734  0.004    2  1 
  51349.0189   14.743  0.004    2  1 
  51349.9596   14.467  0.003    2  1 
  51349.9627   14.403  0.003    2  1 
  51349.9911   14.019  0.003    2  1 
  51349.9944   14.002  0.003    2  1 
  51350.0097   13.958  0.003    2  1 
  51350.0128   13.962  0.003    2  1 
  51350.0228   13.996  0.003    2  1 
  51364.9643   14.160  0.003    2  1 
  51364.9677   14.180  0.003    2  1 
  51380.9714   14.895  0.003    2  1 
  51380.9769   14.916  0.004    2  1 
  51380.9801   14.922  0.004    2  1 
  51380.9845   14.929  0.004    2  1 
  51381.0066   14.951  0.004    2  1 
  51381.0096   14.959  0.004    2  1 
  51381.0136   14.945  0.004    2  1 
  51381.9638   14.585  0.003    2  1 
  51381.9679   14.589  0.003    2  1 
  51381.9716   14.599  0.004    2  1 
  51381.9917   14.638  0.004    2  1 
  51381.9946   14.637  0.004    2  1 
  51382.9605   14.963  0.004    2  1 
  51382.9652   14.930  0.004    2  1 
  51382.9682   14.899  0.004    2  1 
  51382.9887   14.723  0.004    2  1 
  51382.9916   14.669  0.004    2  1 
  51383.9595   14.665  0.003    2  1 
  51383.9648   14.680  0.003    2  1 
  51383.9826   14.709  0.003    2  1 
  51383.9853   14.719  0.004    2  1 
  51384.9631   14.151  0.002    2  1 
  51384.9827   13.960  0.002    2  1 
  51384.9853   13.953  0.002    2  1 
  51385.9557   14.724  0.003    2  1 
  51385.9615   14.738  0.003    2  1 
  51385.9788   14.765  0.003    2  1 
  51385.9814   14.766  0.003    2  1 
  51386.9731   14.076  0.003    2  1 
  51386.9769   14.097  0.003    2  1 
  51386.9807   14.111  0.003    2  1 
  51387.0101   14.208  0.003    2  1 
  51387.0139   14.217  0.003    2  1 
  51387.0177   14.227  0.003    2  1 
  51388.9571   14.236  0.003    2  1 
  51388.9622   14.239  0.004    2  1 
  51388.9659   14.251  0.004    2  1 
  51388.9899   14.329  0.004    2  1 
  51388.9932   14.336  0.004    2  1 
  51389.9629   14.813  0.003    2  1 
  51389.9656   14.815  0.003    2  1 
  51389.9683   14.810  0.003    2  1 
  51390.9578   14.362  0.003    2  1 
  51390.9604   14.399  0.003    2  1 
  51390.9631   14.418  0.003    2  1 
  51391.9583   14.896  0.003    2  1 
  51646.1374   14.197  0.003    2  1 
  51646.1447   14.235  0.004    2  1 
  51646.1486   14.226  0.004    2  1 
  51646.1532   14.248  0.004    2  1 
  51646.1570   14.285  0.004    2  1 
  51646.1609   14.287  0.004    2  1 
  51646.1649   14.297  0.004    2  1 
  51646.1687   14.295  0.004    2  1 
  51646.1727   14.306  0.004    2  1 
  51646.1764   14.318  0.004    2  1 
  51646.1801   14.324  0.004    2  1 
  51646.1837   14.341  0.003    2  1 
  51646.1871   14.354  0.004    2  1 
  51646.1907   14.363  0.004    2  1 
  51646.1944   14.374  0.004    2  1 
  51646.1983   14.382  0.004    2  1 
  51646.2025   14.394  0.004    2  1 
  51646.2065   14.411  0.004    2  1 
  51646.2100   14.417  0.004    2  1 
  51646.2138   14.424  0.004    2  1 
  51646.2172   14.436  0.004    2  1 
  51646.2206   14.440  0.004    2  1 
  51646.2245   14.453  0.004    2  1 
  51646.2283   14.465  0.004    2  1 
  51646.2320   14.469  0.004    2  1 
  51646.2362   14.473  0.003    2  1 
  51646.2394   14.487  0.003    2  1 
  51646.2426   14.495  0.003    2  1 
  51646.2457   14.508  0.003    2  1 
  51646.2489   14.512  0.003    2  1 
  51646.2523   14.521  0.003    2  1 
  51646.2557   14.522  0.004    2  1 
  51646.2591   14.532  0.004    2  1 
  51646.2626   14.540  0.004    2  1 
  51646.2660   14.548  0.004    2  1 
  51646.2694   14.552  0.004    2  1 
  51646.2730   14.560  0.004    2  1 
  51646.2769   14.556  0.004    2  1 
  51646.2811   14.558  0.004    2  1 
  51646.2852   14.584  0.005    2  1 
  51646.2895   14.595  0.005    2  1 
  51646.2939   14.588  0.004    2  1 
  51646.2986   14.600  0.004    2  1 
  51646.3027   14.604  0.005    2  1 
  51646.3070   14.626  0.005    2  1 
  51646.3111   14.642  0.004    2  1 
  51646.3151   14.652  0.004    2  1 
  51646.3189   14.651  0.004    2  1 
  51646.3225   14.658  0.004    2  1 
  51646.3260   14.665  0.004    2  1 
  51646.3296   14.670  0.004    2  1 
  51646.3330   14.682  0.004    2  1 
  51646.3377   14.691  0.004    2  1 
  51646.3414   14.688  0.004    2  1 
  51646.3451   14.705  0.004    2  1 
  51646.3496   14.696  0.004    2  1 
  51646.3530   14.702  0.004    2  1 
  51646.3568   14.713  0.004    2  1 
  51646.3602   14.679  0.004    2  1 
  51646.3637   14.708  0.004    2  1 
  51646.3679   14.716  0.004    2  1 
  51646.3713   14.723  0.004    2  1 
  51646.3746   14.690  0.004    2  1 
  51671.0353   14.769  0.004    2  1 
  51671.0475   14.786  0.004    2  1 
  51671.0585   14.777  0.004    2  1 
  51671.0649   14.790  0.004    2  1 
  51671.0721   14.812  0.004    2  1 
  51671.0771   14.800  0.005    2  1 
  51671.1013   14.836  0.004    2  1 
  51671.1053   14.827  0.004    2  1 
  51671.1107   14.837  0.004    2  1 
  51671.1151   14.827  0.004    2  1 
  51671.1292   14.816  0.004    2  1 
  51671.9878   13.970  0.002    2  1 
  51671.9920   13.975  0.002    2  1 
  51672.0277   14.101  0.003    2  1 
  51672.0316   14.118  0.003    2  1 
  51672.0822   14.287  0.003    2  1 
  51674.0685   14.407  0.004    2  1 
  51674.0726   14.427  0.004    2  1 
  51674.1052   14.503  0.004    2  1 
  51674.1117   14.523  0.004    2  1 
  51674.1260   14.548  0.004    2  1 
  51674.1296   14.558  0.004    2  1 
  51674.1332   14.568  0.004    2  1 
  51674.1368   14.578  0.004    2  1 
  51674.1405   14.579  0.004    2  1 
  51674.1444   14.596  0.004    2  1 
  51674.9689   14.831  0.004    2  1 
  51674.9724   14.835  0.005    2  1 
  51674.9867   14.846  0.005    2  1 
  51674.9911   14.845  0.005    2  1 
  51675.0041   14.834  0.005    2  1 
  51675.0121   14.823  0.005    2  1 
  51675.0159   14.811  0.005    2  1 
  51675.0253   14.814  0.004    2  1 
  51675.0289   14.814  0.004    2  1 
  51675.0351   14.817  0.004    2  1 
  51675.0465   14.822  0.004    2  1 
  51675.0521   14.822  0.005    2  1 
  51675.0558   14.845  0.005    2  1 
  51675.0622   14.847  0.005    2  1 
  51675.0661   14.861  0.005    2  1 
  51675.0719   14.875  0.005    2  1 
  51675.0756   14.878  0.005    2  1 
  51675.0814   14.896  0.005    2  1 
  51675.0858   14.906  0.005    2  1 
  51675.0927   14.919  0.005    2  1 
  51675.0970   14.929  0.004    2  1 
  51675.9751   14.301  0.003    2  1 
  51675.9802   14.326  0.003    2  1 
  51675.9906   14.353  0.003    2  1 
  51675.9939   14.348  0.003    2  1 
  51675.9971   14.368  0.003    2  1 
  51676.0005   14.377  0.003    2  1 
  51676.0036   14.388  0.003    2  1 
  51676.0067   14.397  0.003    2  1 
  51676.0112   14.406  0.003    2  1 
  51676.0240   14.441  0.004    2  1 
  51676.0301   14.461  0.004    2  1 
  51676.9616   14.805  0.005    2  1 
  51676.9713   14.820  0.005    2  1 
  51676.9757   14.811  0.005    2  1 
  51676.9867   14.813  0.005    2  1 
  51676.9919   14.774  0.006    2  1 
  51676.9969   14.801  0.006    2  1 
  51677.0090   14.832  0.005    2  1 
  51677.0126   14.859  0.005    2  1 
  51677.0180   14.868  0.006    2  1 
  51677.0226   14.882  0.006    2  1 
  51677.0271   14.879  0.006    2  1 
  51677.0318   14.897  0.006    2  1 
  51677.0362   14.908  0.006    2  1 
  51677.0410   14.906  0.006    2  1 
  51677.0453   14.922  0.006    2  1 
  51677.0499   14.933  0.006    2  1 
  51677.0580   14.938  0.006    2  1 
  51677.0628   14.943  0.006    2  1 
  51677.0672   14.959  0.006    2  1 
  51677.0713   14.957  0.006    2  1 
  51677.0751   14.943  0.006    2  1 
  51677.0793   14.945  0.006    2  1 
  51677.0835   14.951  0.005    2  1 
  51677.0877   14.943  0.006    2  1 
  51677.0918   14.921  0.005    2  1 
  51677.0956   14.891  0.005    2  1 
  51677.0996   14.824  0.005    2  1 
  51677.1044   14.801  0.005    2  1 
  51677.1082   14.717  0.005    2  1 
  51677.1121   14.680  0.005    2  1 
  51677.1160   14.608  0.005    2  1 
  51677.1199   14.517  0.005    2  1 
  51677.1238   14.427  0.004    2  1 
  51677.1276   14.368  0.004    2  1 
  51677.1315   14.318  0.004    2  1 
  51677.1353   14.275  0.004    2  1 
  51677.1396   14.214  0.004    2  1 
  51677.1434   14.148  0.004    2  1 
  51677.1476   14.087  0.004    2  1 
  51677.1520   14.039  0.004    2  1 
  51677.1564   14.013  0.003    2  1 
  51677.1603   13.972  0.003    2  1 
  51677.1642   13.969  0.003    2  1 
  51677.1680   13.966  0.003    2  1 
  51677.1719   13.964  0.003    2  1 
  51677.1759   13.971  0.003    2  1 
  51677.1797   13.990  0.003    2  1 
  51677.1836   14.023  0.004    2  1 
  51677.1883   14.024  0.004    2  1 
  51677.1922   14.025  0.003    2  1 
  51677.1960   14.043  0.004    2  1 
  51677.1999   14.069  0.004    2  1 
  51677.2038   14.067  0.003    2  1 
  51677.2083   14.098  0.004    2  1 
  51677.2133   14.112  0.004    2  1 
  51677.2176   14.179  0.004    2  1 
  51677.2233   14.192  0.004    2  1 
  51677.2285   14.239  0.005    2  1 
  51677.2335   14.206  0.005    2  1 
  51677.2391   14.235  0.005    2  1 
  51677.2465   14.271  0.005    2  1 
  51677.2524   14.252  0.004    2  1 
  51677.2571   14.265  0.004    2  1 
  51677.2620   14.276  0.004    2  1 
  51677.2664   14.289  0.004    2  1 
  51677.2708   14.297  0.004    2  1 
  51691.0375   14.673  0.002    2  1 
  51691.0409   14.681  0.003    2  1 
  51691.0444   14.684  0.003    2  1 
  51691.0509   14.705  0.003    2  1 
  51691.0543   14.710  0.004    2  1 
  51691.0579   14.715  0.004    2  1 
  51691.0633   14.714  0.003    2  1 
  51691.0670   14.733  0.002    2  1 
  51691.0711   14.723  0.003    2  1 
  51691.0770   14.734  0.003    2  1 
  51691.0805   14.733  0.004    2  1 
  51691.0840   14.738  0.004    2  1 
  51691.0896   14.747  0.004    2  1 
  51691.0931   14.751  0.003    2  1 
  51691.0971   14.756  0.003    2  1 
  51691.1040   14.753  0.004    2  1 
  51691.1083   14.755  0.004    2  1 
  51691.1122   14.763  0.003    2  1 
  51691.1180   14.763  0.004    2  1 
  51691.1214   14.771  0.004    2  1 
  51691.1249   14.771  0.004    2  1 
  51691.1323   14.775  0.003    2  1 
  51691.1357   14.782  0.003    2  1 
  51691.1392   14.781  0.003    2  1 
  51691.1448   14.792  0.003    2  1 
  51691.1522   14.804  0.002    2  1 
  51691.1561   14.815  0.002    2  1 
  51693.0130   14.740  0.004    2  1 
  51693.0248   14.742  0.004    2  1 
  51693.0305   14.734  0.004    2  1 
  51693.0340   14.750  0.004    2  1 
  51693.0378   14.747  0.004    2  1 
  51694.0082   13.963  0.002    2  1 
  51694.0114   13.949  0.003    2  1 
  51694.0148   13.964  0.002    2  1 
  51694.0202   13.978  0.003    2  1 
  51694.0234   13.984  0.003    2  1 
  51694.0267   13.996  0.002    2  1 
  51694.0319   14.024  0.003    2  1 
  51694.0351   14.024  0.003    2  1 
  51694.0384   14.035  0.003    2  1 
  51694.0418   14.052  0.003    2  1 
  51694.0472   14.074  0.003    2  1 
  51694.0505   14.088  0.003    2  1 
  51694.0537   14.101  0.003    2  1 
  51694.0590   14.118  0.003    2  1 
  51694.0656   14.149  0.003    2  1 
  51694.0714   14.168  0.003    2  1 
  51694.0748   14.181  0.003    2  1 
  51694.0836   14.206  0.003    2  1 
  51694.0868   14.220  0.003    2  1 
  51694.0901   14.227  0.003    2  1 
  51694.1075   14.286  0.003    2  1 
  51694.1190   14.316  0.003    2  1 
  51694.1221   14.328  0.003    2  1 
  51694.1252   14.342  0.003    2  1 
  51694.1286   14.336  0.003    2  1 
  51695.0280   14.788  0.004    2  1 
  51695.0317   14.765  0.003    2  1 
  51697.9712   14.211  0.003    2  1 
  51697.9818   14.242  0.003    2  1 
  51765.9746   14.131  0.003    2  1 
  51765.9783   14.151  0.003    2  1 
  51765.9820   14.153  0.003    2  1 
  51766.0194   14.290  0.003    2  1 
  51766.0229   14.301  0.003    2  1 
  51216.3063   15.423  0.005    3  1 
  51216.3342   15.406  0.004    3  1 
  51216.3572   15.379  0.004    3  1 
  51216.3847   15.405  0.005    3  1 
  51217.2936   14.590  0.003    3  1 
  51217.3214   14.722  0.003    3  1 
  51217.3852   14.981  0.004    3  1 
  51218.2935   15.388  0.005    3  1 
  51218.3212   15.388  0.004    3  1 
  51218.3442   15.438  0.004    3  1 
  51218.3704   15.515  0.005    3  1 
  51219.2811   14.799  0.002    3  1 
  51219.2844   14.808  0.003    3  1 
  51219.3053   14.891  0.003    3  1 
  51219.3228   14.957  0.004    3  1 
  51219.3465   15.036  0.004    3  1 
  51219.3676   15.111  0.004    3  1 
  51219.3851   15.161  0.004    3  1 
  51220.2805   15.413  0.004    3  1 
  51220.2995   15.474  0.004    3  1 
  51220.3171   15.538  0.005    3  1 
  51220.3349   15.501  0.005    3  1 
  51220.3523   15.560  0.005    3  1 
  51220.3689   15.445  0.005    3  1 
  51220.3877   15.031  0.004    3  1 
  51221.2691   14.972  0.003    3  1 
  51221.2915   15.043  0.004    3  1 
  51221.3097   15.094  0.004    3  1 
  51221.3270   15.161  0.004    3  1 
  51221.3437   15.200  0.004    3  1 
  51221.3619   15.252  0.004    3  1 
  51221.3854   15.286  0.004    3  1 
  51283.2237   15.165  0.003    3  1 
  51283.2601   14.291  0.002    3  1 
  51283.2830   14.174  0.002    3  1 
  51283.3050   14.267  0.002    3  1 
  51283.3367   14.444  0.002    3  1 
  51283.3600   14.567  0.002    3  1 
  51284.2056   15.261  0.004    3  1 
  51284.2337   15.309  0.004    3  1 
  51284.2542   15.326  0.004    3  1 
  51284.2806   15.369  0.004    3  1 
  51284.3075   15.405  0.004    3  1 
  51284.3333   15.461  0.004    3  1 
  51285.0371   15.355  0.003    3  1 
  51285.0646   15.411  0.004    3  1 
  51285.0885   15.497  0.004    3  1 
  51285.1182   15.564  0.004    3  1 
  51285.1470   15.493  0.004    3  1 
  51285.1698   15.080  0.003    3  1 
  51285.1988   14.376  0.002    3  1 
  51285.2270   14.136  0.002    3  1 
  51285.2539   14.273  0.002    3  1 
  51285.2851   14.456  0.002    3  1 
  51285.3202   14.642  0.003    3  1 
  51285.3496   14.774  0.003    3  1 
  51286.0308   14.889  0.002    3  1 
  51286.0619   15.001  0.003    3  1 
  51286.0871   15.083  0.003    3  1 
  51286.0921   15.088  0.003    3  1 
  51286.1226   15.189  0.003    3  1 
  51286.1512   15.242  0.003    3  1 
  51286.1789   15.309  0.004    3  1 
  51286.2076   15.322  0.004    3  1 
  51286.2389   15.372  0.004    3  1 
  51286.2613   15.412  0.004    3  1 
  51286.2889   15.442  0.004    3  1 
  51286.3108   15.415  0.004    3  1 
  51286.3335   15.418  0.004    3  1 
  51286.3566   15.461  0.004    3  1 
  51304.9734   15.298  0.003    3  1 
  51305.0076   15.347  0.004    3  1 
  51305.0510   15.399  0.004    3  1 
  51305.0770   15.420  0.004    3  1 
  51305.1004   15.391  0.004    3  1 
  51305.1407   15.412  0.005    3  1 
  51305.1707   15.496  0.005    3  1 
  51305.1996   15.589  0.005    3  1 
  51305.2299   15.527  0.005    3  1 
  51305.2561   15.010  0.004    3  1 
  51305.2836   14.356  0.003    3  1 
  51305.3139   14.204  0.003    3  1 
  51305.9733   14.220  0.002    3  1 
  51306.0117   14.420  0.002    3  1 
  51306.0157   14.434  0.002    3  1 
  51306.0375   14.541  0.003    3  1 
  51306.0735   14.707  0.003    3  1 
  51306.1026   14.732  0.003    3  1 
  51306.1285   14.938  0.003    3  1 
  51306.1517   15.026  0.004    3  1 
  51306.1807   15.114  0.004    3  1 
  51306.2059   15.187  0.003    3  1 
  51306.2269   15.249  0.003    3  1 
  51306.2491   15.306  0.003    3  1 
  51306.2725   15.336  0.003    3  1 
  51306.2932   15.374  0.004    3  1 
  51307.9986   14.587  0.002    3  1 
  51308.0249   14.747  0.002    3  1 
  51308.0524   14.863  0.003    3  1 
  51308.0811   14.965  0.003    3  1 
  51308.0851   14.979  0.003    3  1 
  51310.1272   15.263  0.003    3  1 
  51310.1308   15.276  0.003    3  1 
  51314.9714   15.030  0.003    3  1 
  51315.0138   14.156  0.002    3  1 
  51315.0372   14.176  0.002    3  1 
  51315.0710   14.363  0.002    3  1 
  51315.0946   14.486  0.003    3  1 
  51315.1180   14.605  0.003    3  1 
  51316.0597   15.383  0.004    3  1 
  51316.0832   15.432  0.004    3  1 
  51316.9780   14.167  0.002    3  1 
  51317.0013   14.285  0.002    3  1 
  51317.0241   14.400  0.003    3  1 
  51317.0523   14.554  0.003    3  1 
  51317.0782   14.673  0.003    3  1 
  51317.1035   14.792  0.003    3  1 
  51317.9808   15.369  0.004    3  1 
  51318.0060   15.431  0.005    3  1 
  51318.0331   15.471  0.006    3  1 
  51318.0898   15.428  0.006    3  1 
  51318.1183   15.568  0.008    3  1 
  51318.9811   14.487  0.002    3  1 
  51319.0058   14.604  0.003    3  1 
  51319.0315   14.718  0.003    3  1 
  51319.0717   14.896  0.003    3  1 
  51319.0961   14.994  0.003    3  1 
  51320.1175   15.571  0.004    3  1 
  51320.9998   14.766  0.002    3  1 
  51321.0212   14.910  0.003    3  1 
  51321.0434   14.995  0.003    3  1 
  51321.0658   15.058  0.003    3  1 
  51321.0965   15.165  0.003    3  1 
  51321.1252   15.243  0.004    3  1 
  51333.0403   15.530  0.005    3  1 
  51333.1062   15.205  0.004    3  1 
  51334.9989   15.519  0.004    3  1 
  51335.0432   15.340  0.004    3  1 
  51335.0972   14.160  0.002    3  1 
  51335.1083   14.136  0.002    3  1 
  51336.0103   15.195  0.003    3  1 
  51336.0508   15.278  0.004    3  1 
  51336.0891   15.336  0.004    3  1 
  51338.0075   15.302  0.005    3  1 
  51338.9740   14.298  0.002    3  1 
  51339.0046   14.159  0.002    3  1 
  51339.0385   14.350  0.003    3  1 
  51339.0685   14.505  0.003    3  1 
  51339.1006   14.656  0.003    3  1 
  51339.1280   14.789  0.003    3  1 
  51339.9665   15.305  0.004    3  1 
  51339.9935   15.351  0.004    3  1 
  51340.0189   15.390  0.004    3  1 
  51340.0441   15.444  0.005    3  1 
  51340.0753   15.412  0.004    3  1 
  51340.1041   15.407  0.005    3  1 
  51345.0430   15.087  0.003    3  1 
  51345.0736   15.171  0.003    3  1 
  51345.9747   15.462  0.005    3  1 
  51346.0101   15.565  0.005    3  1 
  51346.0388   15.540  0.005    3  1 
  51346.0670   15.090  0.004    3  1 
  51347.0317   15.216  0.003    3  1 
  51347.0645   15.282  0.004    3  1 
  51347.0896   15.319  0.003    3  1 
  51347.9638   15.566  0.004    3  1 
  51348.0146   14.945  0.003    3  1 
  51348.9591   15.177  0.004    3  1 
  51349.0243   15.300  0.004    3  1 
  51349.9679   14.664  0.003    3  1 
  51364.9721   14.460  0.003    3  1 
  51380.9890   15.571  0.004    3  1 
  51381.9751   15.110  0.003    3  1 
  51382.9716   15.507  0.005    3  1 
  51383.9680   15.237  0.003    3  1 
  51384.9688   14.365  0.002    3  1 
  51385.9645   15.322  0.003    3  1 
  51386.9859   14.402  0.002    3  1 
  51388.9699   14.584  0.003    3  1 
  51389.9715   15.383  0.004    3  1 
  51390.9663   14.829  0.003    3  1 
  51674.0796   14.844  0.004    3  1 
  51674.9989   15.448  0.005    3  1 
  51675.0396   15.369  0.004    3  1 
  51693.0053   15.260  0.004    3  1 
  51694.0012   14.168  0.002    3  1 
  51765.9863   14.470  0.003    3  1 
  51766.0153   14.596  0.004    3  1 
 56468.97641   12.937  0.135   -1  1 
 56469.04707   13.084  0.105   -1  1 
 56469.10896   13.055  0.076   -1  1 
 56469.17285   13.369  0.018   -1  1 
 56471.00364   13.172  0.036   -1  1 
 56471.06640   13.393  0.019   -1  1 
 56471.12490   13.382  0.023   -1  1 
 56471.18188   13.120  0.015   -1  1 
 56471.96759   12.643  0.042   -1  1 
 56472.03374   13.046  0.018   -1  1 
 56472.09484   13.093  0.029   -1  1 
 56472.15243   13.144  0.013   -1  1 
 56468.95296   13.050  0.083   -2  1 
 56469.02441   13.047  0.058   -2  1 
 56469.08813   13.093  0.056   -2  1 
 56469.15134   13.249  0.032   -2  1 
 56471.02588   13.117  0.050   -2  1 
 56471.08671   13.268  0.026   -2  1 
 56471.14302   13.121  0.018   -2  1 
 56471.94704   12.901  0.025   -2  1 
 56472.01085   13.058  0.046   -2  1 
 56472.07480   12.846  0.036   -2  1 
 56472.13240   13.070  0.014   -2  1 
 56472.19216   13.010  0.013   -2  1 
 56469.00041   13.406  0.044   -5  1 
 56469.06767   13.514  0.024   -5  1 
 56469.13003   13.622  0.026   -5  1 
 56469.19349   13.388  0.017   -5  1 
 56470.98130   13.489  0.015   -5  1 
 56471.04693   13.566  0.025   -5  1 
 56471.10523   13.647  0.020   -5  1 
 56471.16397   13.267  0.010   -5  1 
 56471.98857   13.292  0.022   -5  1 
 56472.05430   13.404  0.015   -5  1 
 56472.11383   13.359  0.019   -5  1 
 56472.17109   13.413  0.013   -5  1 
