  51216.2987   14.491  0.004    2  1 
  51216.3275   14.531  0.005    2  1 
  51216.3519   14.565  0.005    2  1 
  51216.3771   14.592  0.005    2  1 
  51217.2851   14.764  0.005    2  1 
  51217.3152   14.823  0.005    2  1 
  51217.3598   14.878  0.005    2  1 
  51217.3804   14.848  0.005    2  1 
  51218.3013   14.354  0.004    2  1 
  51218.3254   14.403  0.004    2  1 
  51218.3504   14.456  0.004    2  1 
  51218.3753   14.501  0.004    2  1 
  51219.2775   14.725  0.005    2  1 
  51219.3014   14.730  0.005    2  1 
  51219.3186   14.741  0.005    2  1 
  51219.3397   14.752  0.005    2  1 
  51219.3635   14.786  0.005    2  1 
  51219.3810   14.817  0.005    2  1 
  51220.2867   14.130  0.003    2  1 
  51220.3036   14.179  0.004    2  1 
  51220.3219   14.229  0.004    2  1 
  51220.3564   14.318  0.004    2  1 
  51220.3729   14.357  0.004    2  1 
  51220.3920   14.403  0.004    2  1 
  51221.2619   14.659  0.005    2  1 
  51221.2873   14.694  0.005    2  1 
  51221.3052   14.715  0.005    2  1 
  51221.3230   14.725  0.005    2  1 
  51221.3396   14.733  0.005    2  1 
  51221.3577   14.719  0.005    2  1 
  51221.3762   14.722  0.005    2  1 
  51283.2102   14.427  0.004    2  1 
  51283.2288   14.467  0.004    2  1 
  51283.2338   14.471  0.004    2  1 
  51283.2391   14.482  0.004    2  1 
  51283.2642   14.523  0.004    2  1 
  51283.2680   14.526  0.004    2  1 
  51283.2868   14.555  0.004    2  1 
  51283.2902   14.556  0.004    2  1 
  51283.3138   14.591  0.004    2  1 
  51283.3170   14.591  0.004    2  1 
  51283.3408   14.621  0.004    2  1 
  51283.3447   14.624  0.004    2  1 
  51283.3642   14.656  0.004    2  1 
  51283.3673   14.651  0.004    2  1 
  51284.1955   14.730  0.004    2  1 
  51284.1993   14.735  0.004    2  1 
  51284.2266   14.761  0.004    2  1 
  51284.2298   14.766  0.004    2  1 
  51284.2475   14.785  0.005    2  1 
  51284.2506   14.806  0.005    2  1 
  51284.2679   14.839  0.005    2  1 
  51284.2711   14.832  0.005    2  1 
  51284.3004   14.879  0.005    2  1 
  51284.3036   14.882  0.005    2  1 
  51284.3257   14.858  0.005    2  1 
  51284.3289   14.860  0.005    2  1 
  51285.0269   14.835  0.004    2  1 
  51285.0299   14.805  0.004    2  1 
  51285.0577   14.378  0.003    2  1 
  51285.0607   14.401  0.003    2  1 
  51285.0814   14.238  0.003    2  1 
  51285.0847   14.202  0.003    2  1 
  51285.1052   14.038  0.003    2  1 
  51285.1084   14.028  0.003    2  1 
  51285.1396   14.065  0.003    2  1 
  51285.1427   14.066  0.003    2  1 
  51285.1624   14.128  0.003    2  1 
  51285.1654   14.129  0.003    2  1 
  51285.1891   14.196  0.003    2  1 
  51285.1924   14.205  0.003    2  1 
  51285.2195   14.280  0.003    2  1 
  51285.2227   14.290  0.004    2  1 
  51285.2468   14.344  0.004    2  1 
  51285.2498   14.352  0.004    2  1 
  51285.2738   14.411  0.004    2  1 
  51285.2775   14.419  0.004    2  1 
  51285.3077   14.475  0.004    2  1 
  51285.3112   14.484  0.004    2  1 
  51285.3425   14.539  0.004    2  1 
  51285.3456   14.536  0.004    2  1 
  51286.0177   14.510  0.004    2  1 
  51286.0241   14.516  0.004    2  1 
  51286.0542   14.563  0.004    2  1 
  51286.0574   14.562  0.004    2  1 
  51286.0794   14.586  0.004    2  1 
  51286.0832   14.596  0.004    2  1 
  51286.1105   14.623  0.004    2  1 
  51286.1136   14.625  0.004    2  1 
  51286.1441   14.670  0.004    2  1 
  51286.1472   14.667  0.004    2  1 
  51286.1708   14.699  0.004    2  1 
  51286.1740   14.703  0.004    2  1 
  51286.1969   14.730  0.004    2  1 
  51286.2002   14.729  0.004    2  1 
  51286.2322   14.732  0.004    2  1 
  51286.2352   14.736  0.004    2  1 
  51286.2544   14.720  0.004    2  1 
  51286.2573   14.726  0.004    2  1 
  51286.2785   14.749  0.005    2  1 
  51286.2816   14.751  0.005    2  1 
  51286.3149   14.793  0.005    2  1 
  51286.3179   14.800  0.005    2  1 
  51286.3375   14.839  0.005    2  1 
  51286.3409   14.842  0.005    2  1 
  51286.3604   14.881  0.005    2  1 
  51286.3635   14.878  0.005    2  1 
  51286.3665   14.873  0.005    2  1 
  51304.9667   14.824  0.004    2  1 
  51304.9697   14.832  0.004    2  1 
  51304.9956   14.863  0.004    2  1 
  51304.9985   14.863  0.004    2  1 
  51305.0393   14.853  0.005    2  1 
  51305.0423   14.835  0.004    2  1 
  51305.0812   14.349  0.004    2  1 
  51305.0852   14.320  0.004    2  1 
  51305.1040   14.168  0.003    2  1 
  51305.1077   14.130  0.003    2  1 
  51305.1328   14.035  0.003    2  1 
  51305.1357   14.021  0.003    2  1 
  51305.1582   14.069  0.004    2  1 
  51305.1616   14.076  0.004    2  1 
  51305.1919   14.174  0.004    2  1 
  51305.1953   14.178  0.004    2  1 
  51305.2170   14.236  0.004    2  1 
  51305.2202   14.246  0.004    2  1 
  51305.2493   14.314  0.003    2  1 
  51305.2523   14.325  0.003    2  1 
  51305.2764   14.374  0.004    2  1 
  51305.2796   14.392  0.004    2  1 
  51305.3025   14.439  0.004    2  1 
  51305.3054   14.440  0.004    2  1 
  51305.9643   14.366  0.003    2  1 
  51305.9672   14.371  0.003    2  1 
  51305.9970   14.395  0.003    2  1 
  51305.9997   14.413  0.003    2  1 
  51306.0313   14.511  0.003    2  1 
  51306.0340   14.506  0.003    2  1 
  51306.0638   14.549  0.004    2  1 
  51306.0674   14.548  0.004    2  1 
  51306.0960   14.598  0.004    2  1 
  51306.0990   14.578  0.004    2  1 
  51306.1183   14.614  0.003    2  1 
  51306.1209   14.618  0.003    2  1 
  51306.1434   14.643  0.004    2  1 
  51306.1474   14.641  0.005    2  1 
  51306.1743   14.684  0.004    2  1 
  51306.1770   14.691  0.003    2  1 
  51306.1996   14.715  0.004    2  1 
  51306.2025   14.717  0.003    2  1 
  51306.2207   14.746  0.004    2  1 
  51306.2235   14.731  0.003    2  1 
  51306.2407   14.735  0.003    2  1 
  51306.2432   14.733  0.003    2  1 
  51306.2458   14.737  0.004    2  1 
  51306.2665   14.731  0.003    2  1 
  51306.2691   14.730  0.003    2  1 
  51306.2862   14.738  0.004    2  1 
  51306.2895   14.749  0.004    2  1 
  51306.3068   14.769  0.004    2  1 
  51306.3101   14.766  0.004    2  1 
  51306.9828   14.743  0.005    2  1 
  51306.9870   14.743  0.004    2  1 
  51307.0161   14.781  0.004    2  1 
  51307.0270   14.795  0.005    2  1 
  51307.0388   14.813  0.005    2  1 
  51307.0824   14.844  0.006    2  1 
  51307.9862   14.251  0.003    2  1 
  51307.9901   14.255  0.003    2  1 
  51308.0178   14.325  0.003    2  1 
  51308.0212   14.333  0.003    2  1 
  51308.0443   14.388  0.003    2  1 
  51308.1072   14.506  0.004    2  1 
  51308.1114   14.518  0.004    2  1 
  51310.1342   14.432  0.003    2  1 
  51310.1371   14.436  0.003    2  1 
  51310.1402   14.447  0.003    2  1 
  51314.9621   14.445  0.004    2  1 
  51314.9650   14.428  0.004    2  1 
  51314.9679   14.422  0.004    2  1 
  51314.9914   14.482  0.004    2  1 
  51314.9943   14.492  0.004    2  1 
  51314.9972   14.495  0.004    2  1 
  51315.0171   14.520  0.003    2  1 
  51315.0197   14.529  0.003    2  1 
  51315.0224   14.531  0.003    2  1 
  51315.0409   14.556  0.003    2  1 
  51315.0436   14.558  0.003    2  1 
  51315.0462   14.568  0.004    2  1 
  51315.0650   14.588  0.004    2  1 
  51315.0677   14.584  0.003    2  1 
  51315.0860   14.605  0.004    2  1 
  51315.0887   14.611  0.004    2  1 
  51315.0913   14.617  0.004    2  1 
  51315.1094   14.641  0.004    2  1 
  51315.1121   14.644  0.004    2  1 
  51315.1148   14.639  0.004    2  1 
  51316.0303   14.851  0.004    2  1 
  51316.0330   14.844  0.004    2  1 
  51316.0511   14.879  0.004    2  1 
  51316.0538   14.884  0.004    2  1 
  51316.0565   14.889  0.004    2  1 
  51316.0746   14.877  0.004    2  1 
  51316.0773   14.876  0.004    2  1 
  51316.0800   14.856  0.004    2  1 
  51316.0992   14.741  0.004    2  1 
  51316.1020   14.718  0.004    2  1 
  51316.1046   14.682  0.004    2  1 
  51316.1228   14.365  0.003    2  1 
  51316.1255   14.348  0.003    2  1 
  51316.1281   14.332  0.003    2  1 
  51316.9815   14.304  0.003    2  1 
  51316.9843   14.309  0.003    2  1 
  51316.9869   14.319  0.003    2  1 
  51316.9978   14.354  0.004    2  1 
  51317.0147   14.384  0.004    2  1 
  51317.0176   14.391  0.004    2  1 
  51317.0205   14.405  0.004    2  1 
  51317.0420   14.451  0.004    2  1 
  51317.0450   14.452  0.005    2  1 
  51317.0483   14.457  0.004    2  1 
  51317.0689   14.491  0.004    2  1 
  51317.0718   14.500  0.004    2  1 
  51317.0747   14.505  0.004    2  1 
  51317.0946   14.536  0.004    2  1 
  51317.0974   14.530  0.003    2  1 
  51317.1000   14.541  0.004    2  1 
  51317.1199   14.564  0.004    2  1 
  51317.1228   14.561  0.004    2  1 
  51317.1257   14.567  0.004    2  1 
  51317.9715   14.724  0.005    2  1 
  51317.9744   14.738  0.004    2  1 
  51317.9772   14.727  0.004    2  1 
  51317.9970   14.727  0.004    2  1 
  51317.9998   14.725  0.004    2  1 
  51318.0025   14.731  0.004    2  1 
  51318.0227   14.736  0.005    2  1 
  51318.0260   14.736  0.005    2  1 
  51318.0292   14.717  0.005    2  1 
  51318.0510   14.768  0.005    2  1 
  51318.0542   14.776  0.005    2  1 
  51318.0575   14.768  0.005    2  1 
  51318.0795   14.813  0.005    2  1 
  51318.0827   14.805  0.005    2  1 
  51318.0859   14.825  0.005    2  1 
  51318.1079   14.829  0.006    2  1 
  51318.1111   14.849  0.006    2  1 
  51318.1144   14.816  0.006    2  1 
  51318.9846   14.116  0.003    2  1 
  51318.9874   14.130  0.003    2  1 
  51318.9902   14.142  0.003    2  1 
  51319.0093   14.200  0.003    2  1 
  51319.0122   14.203  0.003    2  1 
  51319.0151   14.220  0.004    2  1 
  51319.0351   14.276  0.004    2  1 
  51319.0380   14.278  0.004    2  1 
  51319.0411   14.288  0.004    2  1 
  51319.0623   14.335  0.004    2  1 
  51319.0928   14.412  0.003    2  1 
  51319.1137   14.447  0.003    2  1 
  51319.1164   14.453  0.003    2  1 
  51319.1190   14.458  0.003    2  1 
  51320.0909   14.766  0.004    2  1 
  51320.1531   14.821  0.004    2  1 
  51320.1557   14.831  0.004    2  1 
  51320.1584   14.823  0.004    2  1 
  51320.9810   14.140  0.003    2  1 
  51321.0292   14.048  0.003    2  1 
  51321.0466   14.097  0.003    2  1 
  51321.0491   14.107  0.003    2  1 
  51321.0517   14.089  0.002    2  1 
  51321.0689   14.168  0.003    2  1 
  51321.0714   14.177  0.003    2  1 
  51321.0740   14.168  0.003    2  1 
  51321.0997   14.253  0.003    2  1 
  51321.1023   14.258  0.003    2  1 
  51321.1049   14.262  0.003    2  1 
  51321.1074   14.269  0.003    2  1 
  51321.1100   14.276  0.003    2  1 
  51321.1285   14.327  0.003    2  1 
  51321.1311   14.325  0.003    2  1 
  51332.9607   14.516  0.006    2  1 
  51332.9651   14.529  0.006    2  1 
  51332.9797   14.545  0.005    2  1 
  51332.9834   14.553  0.005    2  1 
  51333.0005   14.570  0.005    2  1 
  51333.0039   14.578  0.005    2  1 
  51333.0156   14.589  0.005    2  1 
  51333.0192   14.598  0.005    2  1 
  51333.0445   14.625  0.005    2  1 
  51333.0479   14.625  0.005    2  1 
  51333.0636   14.651  0.006    2  1 
  51333.0681   14.658  0.006    2  1 
  51333.0834   14.668  0.005    2  1 
  51333.0869   14.675  0.005    2  1 
  51333.0981   14.693  0.005    2  1 
  51333.1018   14.696  0.005    2  1 
  51333.1258   14.721  0.005    2  1 
  51333.1294   14.725  0.006    2  1 
  51333.1410   14.735  0.006    2  1 
  51333.1452   14.727  0.006    2  1 
  51333.1492   14.736  0.006    2  1 
  51333.1642   14.734  0.006    2  1 
  51333.1679   14.734  0.005    2  1 
  51334.9778   14.423  0.003    2  1 
  51334.9806   14.428  0.003    2  1 
  51335.0115   14.483  0.004    2  1 
  51335.0145   14.494  0.004    2  1 
  51335.0237   14.511  0.004    2  1 
  51335.0269   14.514  0.004    2  1 
  51335.0365   14.526  0.004    2  1 
  51335.0396   14.532  0.004    2  1 
  51335.0624   14.556  0.005    2  1 
  51335.0658   14.565  0.005    2  1 
  51335.0766   14.581  0.005    2  1 
  51335.0800   14.586  0.005    2  1 
  51335.1009   14.604  0.004    2  1 
  51335.1041   14.606  0.005    2  1 
  51335.9585   14.723  0.005    2  1 
  51335.9619   14.728  0.005    2  1 
  51335.9661   14.734  0.005    2  1 
  51335.9693   14.736  0.005    2  1 
  51335.9855   14.752  0.005    2  1 
  51335.9915   14.763  0.004    2  1 
  51335.9966   14.768  0.004    2  1 
  51336.0139   14.801  0.005    2  1 
  51336.0172   14.810  0.005    2  1 
  51336.0275   14.825  0.005    2  1 
  51336.0306   14.826  0.005    2  1 
  51336.0439   14.852  0.005    2  1 
  51336.0470   14.856  0.005    2  1 
  51336.0662   14.878  0.005    2  1 
  51336.0696   14.889  0.005    2  1 
  51336.0728   14.881  0.005    2  1 
  51336.0954   14.867  0.005    2  1 
  51336.0989   14.856  0.005    2  1 
  51336.1119   14.774  0.005    2  1 
  51336.1153   14.744  0.005    2  1 
  51336.1297   14.534  0.005    2  1 
  51336.1557   14.290  0.005    2  1 
  51336.1600   14.215  0.005    2  1 
  51336.1647   14.186  0.005    2  1 
  51336.9567   14.208  0.002    2  1 
  51337.0022   14.331  0.003    2  1 
  51337.9827   14.729  0.006    2  1 
  51337.9868   14.722  0.005    2  1 
  51337.9997   14.725  0.005    2  1 
  51338.0033   14.728  0.005    2  1 
  51338.0231   14.738  0.005    2  1 
  51338.0265   14.725  0.005    2  1 
  51338.0304   14.721  0.005    2  1 
  51338.9791   14.059  0.003    2  1 
  51338.9849   14.074  0.003    2  1 
  51339.0116   14.163  0.004    2  1 
  51339.0151   14.176  0.004    2  1 
  51339.0441   14.250  0.004    2  1 
  51339.0477   14.261  0.004    2  1 
  51339.0513   14.275  0.004    2  1 
  51339.0774   14.335  0.004    2  1 
  51339.0807   14.342  0.004    2  1 
  51339.1053   14.378  0.004    2  1 
  51339.1093   14.407  0.004    2  1 
  51339.1327   14.453  0.004    2  1 
  51339.1363   14.462  0.004    2  1 
  51339.9588   14.639  0.004    2  1 
  51339.9627   14.642  0.004    2  1 
  51339.9835   14.672  0.004    2  1 
  51339.9874   14.666  0.004    2  1 
  51340.0115   14.699  0.004    2  1 
  51340.0146   14.710  0.004    2  1 
  51340.0349   14.726  0.004    2  1 
  51340.0380   14.730  0.004    2  1 
  51340.0659   14.739  0.005    2  1 
  51340.0696   14.736  0.005    2  1 
  51340.0938   14.731  0.005    2  1 
  51340.0983   14.728  0.005    2  1 
  51340.1334   14.757  0.005    2  1 
  51340.1366   14.762  0.005    2  1 
  51344.9654   14.768  0.004    2  1 
  51344.9786   14.783  0.004    2  1 
  51344.9829   14.793  0.005    2  1 
  51345.0052   14.826  0.005    2  1 
  51345.0092   14.823  0.004    2  1 
  51345.0132   14.842  0.004    2  1 
  51345.0170   14.847  0.005    2  1 
  51345.0353   14.882  0.005    2  1 
  51345.0390   14.882  0.004    2  1 
  51345.0645   14.862  0.005    2  1 
  51345.0690   14.851  0.005    2  1 
  51345.9658   14.309  0.005    2  1 
  51345.9696   14.321  0.005    2  1 
  51345.9999   14.378  0.004    2  1 
  51346.0043   14.389  0.004    2  1 
  51346.0310   14.446  0.004    2  1 
  51346.0343   14.455  0.004    2  1 
  51346.0571   14.492  0.004    2  1 
  51346.0604   14.494  0.004    2  1 
  51347.0221   14.747  0.005    2  1 
  51347.0274   14.754  0.003    2  1 
  51347.0562   14.804  0.005    2  1 
  51347.0597   14.805  0.005    2  1 
  51347.0815   14.846  0.004    2  1 
  51347.0850   14.848  0.004    2  1 
  51347.9550   14.033  0.003    2  1 
  51347.9581   14.071  0.003    2  1 
  51347.9877   14.165  0.003    2  1 
  51347.9914   14.169  0.003    2  1 
  51347.9948   14.184  0.003    2  1 
  51348.0181   14.246  0.003    2  1 
  51348.0211   14.256  0.004    2  1 
  51348.0849   14.420  0.005    2  1 
  51348.0897   14.425  0.005    2  1 
  51348.1054   14.464  0.005    2  1 
  51348.1088   14.457  0.005    2  1 
  51348.1122   14.466  0.005    2  1 
  51348.9528   14.669  0.004    2  1 
  51348.9557   14.670  0.004    2  1 
  51348.9795   14.697  0.004    2  1 
  51348.9824   14.705  0.004    2  1 
  51348.9941   14.717  0.004    2  1 
  51349.0152   14.729  0.004    2  1 
  51349.0189   14.728  0.004    2  1 
  51349.9596   14.244  0.003    2  1 
  51349.9627   14.216  0.003    2  1 
  51349.9911   14.008  0.003    2  1 
  51349.9944   14.010  0.003    2  1 
  51350.0097   14.027  0.003    2  1 
  51350.0128   14.037  0.003    2  1 
  51350.0228   14.067  0.003    2  1 
  51364.9643   14.744  0.004    2  1 
  51364.9677   14.751  0.004    2  1 
  51380.9714   14.813  0.004    2  1 
  51380.9769   14.773  0.004    2  1 
  51380.9801   14.740  0.004    2  1 
  51380.9845   14.695  0.004    2  1 
  51381.0066   14.334  0.003    2  1 
  51381.0096   14.315  0.003    2  1 
  51381.0136   14.295  0.003    2  1 
  51381.9638   14.522  0.003    2  1 
  51381.9679   14.521  0.004    2  1 
  51381.9716   14.531  0.004    2  1 
  51381.9917   14.561  0.004    2  1 
  51381.9946   14.566  0.004    2  1 
  51382.9605   14.827  0.004    2  1 
  51382.9652   14.830  0.005    2  1 
  51382.9682   14.818  0.005    2  1 
  51382.9887   14.873  0.005    2  1 
  51382.9916   14.866  0.005    2  1 
  51383.9595   14.387  0.003    2  1 
  51383.9648   14.391  0.003    2  1 
  51383.9826   14.422  0.003    2  1 
  51383.9853   14.432  0.003    2  1 
  51384.9827   14.755  0.003    2  1 
  51385.9557   14.187  0.003    2  1 
  51385.9615   14.215  0.003    2  1 
  51385.9788   14.247  0.003    2  1 
  51385.9814   14.255  0.003    2  1 
  51386.9731   14.731  0.005    2  1 
  51386.9769   14.738  0.004    2  1 
  51386.9807   14.737  0.004    2  1 
  51387.0101   14.721  0.004    2  1 
  51387.0139   14.731  0.005    2  1 
  51387.0177   14.733  0.005    2  1 
  51388.9571   14.623  0.005    2  1 
  51388.9622   14.629  0.005    2  1 
  51388.9659   14.630  0.005    2  1 
  51388.9899   14.678  0.005    2  1 
  51388.9932   14.679  0.005    2  1 
  51389.9629   14.599  0.003    2  1 
  51389.9656   14.549  0.003    2  1 
  51389.9683   14.493  0.003    2  1 
  51390.9578   14.561  0.003    2  1 
  51390.9604   14.550  0.003    2  1 
  51390.9631   14.559  0.004    2  1 
  51391.9583   14.838  0.003    2  1 
  51646.1374   14.118  0.003    2  1 
  51646.1447   14.151  0.004    2  1 
  51646.1486   14.145  0.004    2  1 
  51646.1532   14.156  0.004    2  1 
  51646.1570   14.203  0.004    2  1 
  51646.1609   14.206  0.004    2  1 
  51646.1649   14.207  0.004    2  1 
  51646.1687   14.211  0.004    2  1 
  51646.1727   14.208  0.004    2  1 
  51646.1764   14.219  0.004    2  1 
  51646.1801   14.229  0.004    2  1 
  51646.1837   14.242  0.004    2  1 
  51646.1871   14.256  0.004    2  1 
  51646.1907   14.267  0.004    2  1 
  51646.1944   14.273  0.004    2  1 
  51646.1983   14.275  0.004    2  1 
  51646.2025   14.291  0.004    2  1 
  51646.2065   14.301  0.004    2  1 
  51646.2100   14.308  0.004    2  1 
  51646.2138   14.315  0.004    2  1 
  51646.2172   14.322  0.004    2  1 
  51646.2206   14.331  0.004    2  1 
  51646.2245   14.336  0.004    2  1 
  51646.2283   14.344  0.004    2  1 
  51646.2320   14.360  0.004    2  1 
  51646.2362   14.367  0.004    2  1 
  51646.2394   14.372  0.003    2  1 
  51646.2426   14.382  0.003    2  1 
  51646.2457   14.389  0.003    2  1 
  51646.2489   14.394  0.003    2  1 
  51646.2523   14.410  0.004    2  1 
  51646.2557   14.409  0.004    2  1 
  51646.2591   14.412  0.004    2  1 
  51646.2626   14.429  0.004    2  1 
  51646.2660   14.436  0.004    2  1 
  51646.2694   14.447  0.004    2  1 
  51646.2730   14.452  0.005    2  1 
  51646.2769   14.465  0.005    2  1 
  51646.2811   14.479  0.005    2  1 
  51646.2852   14.476  0.005    2  1 
  51646.2895   14.480  0.005    2  1 
  51646.2939   14.487  0.005    2  1 
  51646.2986   14.501  0.005    2  1 
  51646.3027   14.503  0.005    2  1 
  51646.3070   14.507  0.005    2  1 
  51646.3111   14.515  0.005    2  1 
  51646.3151   14.514  0.005    2  1 
  51646.3189   14.523  0.004    2  1 
  51646.3225   14.529  0.004    2  1 
  51646.3260   14.530  0.004    2  1 
  51646.3296   14.532  0.004    2  1 
  51646.3330   14.542  0.004    2  1 
  51646.3377   14.551  0.005    2  1 
  51646.3414   14.552  0.004    2  1 
  51646.3451   14.555  0.005    2  1 
  51646.3496   14.561  0.004    2  1 
  51646.3530   14.575  0.005    2  1 
  51646.3568   14.569  0.004    2  1 
  51646.3602   14.570  0.005    2  1 
  51646.3637   14.577  0.005    2  1 
  51646.3679   14.587  0.005    2  1 
  51646.3713   14.592  0.005    2  1 
  51646.3746   14.580  0.005    2  1 
  51671.0353   14.252  0.003    2  1 
  51671.0475   14.275  0.003    2  1 
  51671.0585   14.309  0.003    2  1 
  51671.0649   14.327  0.004    2  1 
  51671.0721   14.341  0.004    2  1 
  51671.0771   14.361  0.005    2  1 
  51671.1013   14.412  0.004    2  1 
  51671.1053   14.417  0.004    2  1 
  51671.1107   14.424  0.004    2  1 
  51671.1151   14.441  0.004    2  1 
  51671.1292   14.460  0.004    2  1 
  51671.9878   14.679  0.004    2  1 
  51671.9920   14.689  0.004    2  1 
  51672.0277   14.725  0.004    2  1 
  51672.0316   14.728  0.004    2  1 
  51672.0822   14.732  0.004    2  1 
  51674.0685   14.694  0.005    2  1 
  51674.0726   14.694  0.006    2  1 
  51674.1052   14.728  0.005    2  1 
  51674.1117   14.725  0.005    2  1 
  51674.1260   14.731  0.005    2  1 
  51674.1296   14.724  0.005    2  1 
  51674.1332   14.727  0.005    2  1 
  51674.1368   14.726  0.005    2  1 
  51674.1405   14.725  0.005    2  1 
  51674.1444   14.731  0.005    2  1 
  51674.9689   14.875  0.005    2  1 
  51674.9724   14.872  0.006    2  1 
  51674.9867   14.866  0.006    2  1 
  51674.9911   14.842  0.006    2  1 
  51675.0041   14.768  0.006    2  1 
  51675.0121   14.696  0.006    2  1 
  51675.0159   14.626  0.005    2  1 
  51675.0253   14.477  0.004    2  1 
  51675.0289   14.408  0.004    2  1 
  51675.0351   14.337  0.004    2  1 
  51675.0465   14.269  0.004    2  1 
  51675.0521   14.214  0.004    2  1 
  51675.0558   14.166  0.004    2  1 
  51675.0622   14.101  0.004    2  1 
  51675.0661   14.069  0.003    2  1 
  51675.0719   14.039  0.003    2  1 
  51675.0756   14.020  0.004    2  1 
  51675.0814   14.007  0.003    2  1 
  51675.0858   14.008  0.003    2  1 
  51675.0927   14.011  0.003    2  1 
  51675.0970   14.019  0.003    2  1 
  51675.9751   14.484  0.004    2  1 
  51675.9802   14.490  0.004    2  1 
  51675.9906   14.506  0.004    2  1 
  51675.9939   14.515  0.004    2  1 
  51675.9971   14.522  0.004    2  1 
  51676.0005   14.523  0.004    2  1 
  51676.0036   14.529  0.004    2  1 
  51676.0067   14.539  0.004    2  1 
  51676.0112   14.539  0.004    2  1 
  51676.0240   14.556  0.005    2  1 
  51676.0301   14.567  0.004    2  1 
  51676.9616   14.758  0.006    2  1 
  51676.9713   14.773  0.006    2  1 
  51676.9757   14.783  0.006    2  1 
  51676.9867   14.796  0.006    2  1 
  51676.9919   14.767  0.007    2  1 
  51676.9969   14.800  0.007    2  1 
  51677.0090   14.816  0.006    2  1 
  51677.0126   14.835  0.006    2  1 
  51677.0180   14.841  0.007    2  1 
  51677.0226   14.855  0.007    2  1 
  51677.0271   14.857  0.007    2  1 
  51677.0318   14.863  0.007    2  1 
  51677.0362   14.871  0.007    2  1 
  51677.0410   14.861  0.007    2  1 
  51677.0453   14.864  0.007    2  1 
  51677.0499   14.856  0.007    2  1 
  51677.0580   14.844  0.007    2  1 
  51677.0628   14.826  0.007    2  1 
  51677.0672   14.810  0.007    2  1 
  51677.0713   14.789  0.006    2  1 
  51677.0751   14.756  0.006    2  1 
  51677.0793   14.729  0.006    2  1 
  51677.0835   14.687  0.006    2  1 
  51677.0877   14.634  0.005    2  1 
  51677.0918   14.570  0.005    2  1 
  51677.0956   14.493  0.005    2  1 
  51677.0996   14.430  0.005    2  1 
  51677.1044   14.365  0.005    2  1 
  51677.1082   14.351  0.005    2  1 
  51677.1121   14.316  0.005    2  1 
  51677.1160   14.290  0.005    2  1 
  51677.1199   14.266  0.005    2  1 
  51677.1238   14.216  0.004    2  1 
  51677.1276   14.178  0.004    2  1 
  51677.1315   14.149  0.004    2  1 
  51677.1353   14.110  0.004    2  1 
  51677.1396   14.080  0.004    2  1 
  51677.1434   14.062  0.004    2  1 
  51677.1476   14.033  0.004    2  1 
  51677.1520   14.032  0.004    2  1 
  51677.1564   14.038  0.004    2  1 
  51677.1603   14.028  0.004    2  1 
  51677.1642   14.031  0.004    2  1 
  51677.1680   14.043  0.004    2  1 
  51677.1719   14.046  0.004    2  1 
  51677.1759   14.059  0.004    2  1 
  51677.1797   14.075  0.004    2  1 
  51677.1836   14.102  0.004    2  1 
  51677.1883   14.105  0.004    2  1 
  51677.1922   14.106  0.004    2  1 
  51677.1960   14.117  0.004    2  1 
  51677.1999   14.140  0.004    2  1 
  51677.2038   14.138  0.004    2  1 
  51677.2083   14.160  0.004    2  1 
  51677.2133   14.179  0.004    2  1 
  51677.2176   14.224  0.005    2  1 
  51677.2233   14.230  0.005    2  1 
  51677.2285   14.271  0.006    2  1 
  51677.2335   14.245  0.006    2  1 
  51677.2391   14.271  0.006    2  1 
  51677.2465   14.299  0.006    2  1 
  51677.2524   14.282  0.005    2  1 
  51677.2571   14.290  0.005    2  1 
  51677.2620   14.304  0.005    2  1 
  51677.2664   14.311  0.005    2  1 
  51677.2708   14.316  0.005    2  1 
  51691.0375   14.217  0.001    2  1 
  51691.0409   14.218  0.003    2  1 
  51691.0444   14.229  0.003    2  1 
  51691.0509   14.248  0.003    2  1 
  51691.0543   14.258  0.003    2  1 
  51691.0579   14.268  0.003    2  1 
  51691.0633   14.285  0.002    2  1 
  51691.0670   14.290  0.002    2  1 
  51691.0711   14.304  0.003    2  1 
  51691.0770   14.312  0.003    2  1 
  51691.0805   14.327  0.003    2  1 
  51691.0840   14.334  0.003    2  1 
  51691.0896   14.343  0.003    2  1 
  51691.0931   14.364  0.003    2  1 
  51691.0971   14.364  0.003    2  1 
  51691.1040   14.384  0.004    2  1 
  51691.1083   14.389  0.004    2  1 
  51691.1122   14.394  0.003    2  1 
  51691.1180   14.413  0.003    2  1 
  51691.1214   14.418  0.003    2  1 
  51691.1249   14.430  0.003    2  1 
  51691.1323   14.440  0.003    2  1 
  51691.1357   14.445  0.003    2  1 
  51691.1392   14.453  0.003    2  1 
  51691.1448   14.470  0.003    2  1 
  51691.1522   14.479  0.002    2  1 
  51691.1561   14.484  0.002    2  1 
  51693.0130   14.060  0.003    2  1 
  51693.0248   14.020  0.003    2  1 
  51693.0305   14.013  0.003    2  1 
  51693.0340   14.010  0.003    2  1 
  51693.0378   14.020  0.003    2  1 
  51694.0082   14.600  0.004    2  1 
  51694.0114   14.608  0.004    2  1 
  51694.0148   14.612  0.004    2  1 
  51694.0202   14.619  0.004    2  1 
  51694.0234   14.618  0.004    2  1 
  51694.0267   14.627  0.004    2  1 
  51694.0319   14.622  0.004    2  1 
  51694.0351   14.633  0.004    2  1 
  51694.0384   14.640  0.004    2  1 
  51694.0418   14.644  0.004    2  1 
  51694.0472   14.654  0.004    2  1 
  51694.0505   14.651  0.004    2  1 
  51694.0537   14.654  0.004    2  1 
  51694.0590   14.664  0.004    2  1 
  51694.0623   14.657  0.004    2  1 
  51694.0656   14.668  0.004    2  1 
  51694.0714   14.681  0.004    2  1 
  51694.0748   14.681  0.004    2  1 
  51694.0781   14.688  0.004    2  1 
  51694.0836   14.668  0.004    2  1 
  51694.0868   14.704  0.004    2  1 
  51694.0901   14.700  0.004    2  1 
  51694.0957   14.718  0.004    2  1 
  51694.0989   14.712  0.004    2  1 
  51694.1021   14.717  0.004    2  1 
  51694.1075   14.726  0.004    2  1 
  51694.1190   14.737  0.004    2  1 
  51694.1221   14.737  0.004    2  1 
  51694.1252   14.734  0.004    2  1 
  51694.1286   14.733  0.004    2  1 
  51695.0280   14.705  0.004    2  1 
  51695.0317   14.599  0.003    2  1 
  51697.9712   14.291  0.004    2  1 
  51697.9818   14.321  0.004    2  1 
  51765.9746   14.740  0.005    2  1 
  51765.9783   14.747  0.005    2  1 
  51765.9820   14.753  0.005    2  1 
  51766.0194   14.793  0.005    2  1 
  51766.0229   14.799  0.005    2  1 
  51216.3063   14.949  0.004    3  1 
  51216.3342   15.009  0.004    3  1 
  51216.3572   15.058  0.004    3  1 
  51216.3847   15.113  0.004    3  1 
  51217.2936   15.318  0.005    3  1 
  51217.3214   15.349  0.005    3  1 
  51217.3852   15.333  0.005    3  1 
  51218.2935   14.722  0.004    3  1 
  51218.3212   14.810  0.004    3  1 
  51218.3442   14.880  0.004    3  1 
  51218.3704   14.948  0.004    3  1 
  51219.2811   15.237  0.002    3  1 
  51219.2844   15.246  0.005    3  1 
  51219.3053   15.259  0.005    3  1 
  51219.3228   15.263  0.005    3  1 
  51219.3465   15.234  0.004    3  1 
  51219.3676   15.316  0.005    3  1 
  51219.3851   15.337  0.005    3  1 
  51220.2805   14.416  0.003    3  1 
  51220.2995   14.486  0.003    3  1 
  51220.3171   14.536  0.003    3  1 
  51220.3349   14.652  0.003    3  1 
  51220.3523   14.672  0.003    3  1 
  51220.3689   14.738  0.003    3  1 
  51220.3877   14.809  0.004    3  1 
  51221.2691   15.158  0.004    3  1 
  51221.2915   15.221  0.004    3  1 
  51221.3097   15.251  0.004    3  1 
  51221.3270   15.220  0.004    3  1 
  51221.3437   15.259  0.004    3  1 
  51221.3619   15.256  0.004    3  1 
  51221.3854   15.242  0.004    3  1 
  51283.2237   14.879  0.003    3  1 
  51283.2601   14.973  0.003    3  1 
  51283.2830   15.022  0.003    3  1 
  51283.3050   15.075  0.004    3  1 
  51283.3367   15.137  0.004    3  1 
  51283.3600   15.166  0.003    3  1 
  51284.2056   15.255  0.004    3  1 
  51284.2337   15.297  0.004    3  1 
  51284.2542   15.329  0.004    3  1 
  51284.2806   15.411  0.005    3  1 
  51284.3075   15.485  0.005    3  1 
  51284.3333   15.451  0.005    3  1 
  51285.0371   15.165  0.003    3  1 
  51285.0646   14.742  0.003    3  1 
  51285.0885   14.466  0.003    3  1 
  51285.1470   14.364  0.002    3  1 
  51285.1698   14.499  0.002    3  1 
  51285.1988   14.568  0.003    3  1 
  51285.2270   14.656  0.003    3  1 
  51285.2539   14.756  0.003    3  1 
  51285.2851   14.859  0.003    3  1 
  51285.3202   14.962  0.003    3  1 
  51285.3496   15.033  0.003    3  1 
  51286.0308   14.961  0.002    3  1 
  51286.0619   15.046  0.003    3  1 
  51286.0871   15.048  0.003    3  1 
  51286.0921   15.037  0.003    3  1 
  51286.1226   15.111  0.003    3  1 
  51286.1512   15.084  0.003    3  1 
  51286.1789   15.174  0.003    3  1 
  51286.2076   15.232  0.004    3  1 
  51286.2389   15.201  0.003    3  1 
  51286.2613   15.213  0.003    3  1 
  51286.2889   15.233  0.003    3  1 
  51286.3108   15.266  0.004    3  1 
  51286.3335   15.345  0.004    3  1 
  51286.3566   15.436  0.004    3  1 
  51304.9734   15.333  0.004    3  1 
  51305.0076   15.406  0.005    3  1 
  51305.0510   15.247  0.004    3  1 
  51305.0770   14.789  0.003    3  1 
  51305.1004   14.511  0.003    3  1 
  51305.1707   14.395  0.003    3  1 
  51305.1996   14.495  0.003    3  1 
  51305.2299   14.625  0.003    3  1 
  51305.2561   14.733  0.003    3  1 
  51305.2836   14.824  0.004    3  1 
  51305.3139   14.934  0.004    3  1 
  51305.9733   14.805  0.003    3  1 
  51306.0117   14.897  0.003    3  1 
  51306.0157   14.908  0.003    3  1 
  51306.0375   14.964  0.003    3  1 
  51306.0735   15.044  0.004    3  1 
  51306.1026   15.058  0.003    3  1 
  51306.1285   15.094  0.003    3  1 
  51306.1517   15.197  0.005    3  1 
  51306.1807   15.164  0.004    3  1 
  51306.2059   15.183  0.003    3  1 
  51306.2269   15.235  0.003    3  1 
  51306.2491   15.216  0.003    3  1 
  51306.2725   15.187  0.003    3  1 
  51306.2932   15.189  0.003    3  1 
  51307.9986   14.636  0.002    3  1 
  51308.0249   14.745  0.002    3  1 
  51308.0524   14.826  0.003    3  1 
  51308.0811   14.871  0.002    3  1 
  51308.0851   14.897  0.003    3  1 
  51308.1202   14.993  0.003    3  1 
  51310.1272   14.833  0.003    3  1 
  51310.1308   14.845  0.003    3  1 
  51314.9714   14.872  0.003    3  1 
  51315.0138   14.966  0.003    3  1 
  51315.0372   15.008  0.003    3  1 
  51315.0710   15.052  0.003    3  1 
  51315.0946   15.131  0.004    3  1 
  51315.1180   15.148  0.004    3  1 
  51316.0597   15.369  0.004    3  1 
  51316.0832   15.332  0.004    3  1 
  51316.1079   15.074  0.003    3  1 
  51316.9780   14.659  0.003    3  1 
  51317.0013   14.752  0.003    3  1 
  51317.0241   14.826  0.005    3  1 
  51317.0523   14.902  0.004    3  1 
  51317.0782   14.980  0.004    3  1 
  51317.1035   15.034  0.004    3  1 
  51317.9808   15.248  0.004    3  1 
  51318.0060   15.302  0.005    3  1 
  51318.0331   15.431  0.009    3  1 
  51318.0898   15.523  0.008    3  1 
  51318.9811   14.447  0.002    3  1 
  51319.0058   14.508  0.003    3  1 
  51319.0315   14.599  0.003    3  1 
  51319.0717   14.748  0.003    3  1 
  51319.0961   14.832  0.003    3  1 
  51320.1175   15.255  0.003    3  1 
  51320.9998   14.457  0.002    3  1 
  51321.0212   14.359  0.002    3  1 
  51321.0434   14.465  0.002    3  1 
  51321.0658   14.497  0.002    3  1 
  51321.0965   14.618  0.002    3  1 
  51321.1252   14.707  0.003    3  1 
  51333.0403   15.113  0.004    3  1 
  51333.1062   15.229  0.004    3  1 
  51334.9989   14.887  0.003    3  1 
  51335.0432   14.993  0.004    3  1 
  51335.0972   15.124  0.004    3  1 
  51335.1083   15.129  0.005    3  1 
  51336.0103   15.299  0.004    3  1 
  51336.0508   15.403  0.005    3  1 
  51336.0891   15.441  0.005    3  1 
  51338.0075   15.276  0.005    3  1 
  51338.9740   14.359  0.002    3  1 
  51339.0046   14.419  0.003    3  1 
  51339.0385   14.578  0.003    3  1 
  51339.0685   14.681  0.003    3  1 
  51339.1006   14.787  0.004    3  1 
  51339.1280   14.888  0.004    3  1 
  51339.9665   15.117  0.003    3  1 
  51339.9935   15.127  0.003    3  1 
  51340.0189   15.205  0.004    3  1 
  51340.0441   15.332  0.006    3  1 
  51340.0753   15.205  0.004    3  1 
  51340.1041   15.320  0.006    3  1 
  51345.0430   15.425  0.005    3  1 
  51345.0736   15.376  0.004    3  1 
  51345.9747   14.679  0.004    3  1 
  51346.0101   14.811  0.004    3  1 
  51346.0388   14.894  0.004    3  1 
  51346.0670   14.965  0.004    3  1 
  51347.0317   15.241  0.004    3  1 
  51347.0645   15.331  0.004    3  1 
  51347.0896   15.344  0.003    3  1 
  51347.9638   14.391  0.002    3  1 
  51348.0146   14.564  0.003    3  1 
  51348.9591   15.209  0.005    3  1 
  51349.0243   15.229  0.004    3  1 
  51349.9679   14.492  0.002    3  1 
  51364.9721   15.277  0.004    3  1 
  51380.9890   15.097  0.004    3  1 
  51381.9751   15.006  0.003    3  1 
  51382.9716   15.454  0.006    3  1 
  51383.9680   14.810  0.003    3  1 
  51384.9688   15.148  0.003    3  1 
  51385.9645   14.576  0.002    3  1 
  51386.9859   15.249  0.004    3  1 
  51388.9699   15.229  0.005    3  1 
  51389.9715   14.835  0.003    3  1 
  51390.9663   15.002  0.003    3  1 
  51672.0213   15.233  0.004    3  1 
  51674.0796   15.310  0.006    3  1 
  51674.9989   15.362  0.006    3  1 
  51675.0396   14.665  0.003    3  1 
  51693.0053   14.434  0.003    3  1 
  51694.0012   15.074  0.004    3  1 
  51765.9863   15.303  0.005    3  1 
  51766.0153   15.475  0.008    3  1 
 56468.97641   11.847  0.077   -1  1 
 56469.04707   12.549  0.105   -1  1 
 56469.10896   12.093  0.075   -1  1 
 56469.17285   12.511  0.029   -1  1 
 56471.00364   12.243  0.041   -1  1 
 56471.06640   12.326  0.019   -1  1 
 56471.12490   12.365  0.037   -1  1 
 56471.18188   12.425  0.023   -1  1 
 56471.96759   12.664  0.071   -1  1 
 56472.03374   12.677  0.040   -1  1 
 56472.09484   12.178  0.029   -1  1 
 56472.15243   12.315  0.033   -1  1 
 56468.95296   12.256  0.133   -2  1 
 56469.02441   12.006  0.081   -2  1 
 56469.08813   11.925  0.048   -2  1 
 56469.15134   12.419  0.043   -2  1 
 56471.02588   11.846  0.054   -2  1 
 56471.08671   12.245  0.049   -2  1 
 56471.14302   12.205  0.026   -2  1 
 56471.94704   12.383  0.057   -2  1 
 56472.01085   12.007  0.033   -2  1 
 56472.07480   11.899  0.060   -2  1 
 56472.13240   12.196  0.027   -2  1 
 56472.19216   12.225  0.025   -2  1 
 56469.00041   12.642  0.052   -5  1 
 56469.06767   12.624  0.027   -5  1 
 56469.13003   12.718  0.025   -5  1 
 56469.19349   12.870  0.028   -5  1 
 56470.98130   12.721  0.023   -5  1 
 56471.04693   12.647  0.034   -5  1 
 56471.10523   12.779  0.022   -5  1 
 56471.16397   12.820  0.016   -5  1 
 56471.98857   12.674  0.033   -5  1 
 56472.05430   12.655  0.024   -5  1 
 56472.11383   12.624  0.028   -5  1 
 56472.17109   12.661  0.016   -5  1 
