  51216.2987   13.982  0.003    2  1 
  51216.3218   14.075  0.004    2  1 
  51216.3275   14.126  0.004    2  1 
  51216.3464   14.188  0.004    2  1 
  51216.3519   14.227  0.004    2  1 
  51216.3689   14.279  0.005    2  1 
  51216.3771   14.295  0.004    2  1 
  51216.3980   14.381  0.006    2  1 
  51217.2851   14.862  0.005    2  1 
  51217.3101   14.855  0.007    2  1 
  51217.3152   14.834  0.005    2  1 
  51217.3328   14.870  0.006    2  1 
  51217.3378   14.813  0.005    2  1 
  51217.3552   14.921  0.006    2  1 
  51217.3598   14.902  0.005    2  1 
  51217.3759   14.967  0.007    2  1 
  51217.3804   14.934  0.005    2  1 
  51217.3953   14.985  0.007    2  1 
  51218.2773   14.586  0.006    2  1 
  51218.3013   14.633  0.004    2  1 
  51218.3093   14.668  0.005    2  1 
  51218.3254   14.687  0.005    2  1 
  51218.3298   14.717  0.006    2  1 
  51218.3504   14.731  0.004    2  1 
  51218.3573   14.773  0.006    2  1 
  51218.3753   14.785  0.005    2  1 
  51218.3794   14.814  0.006    2  1 
  51219.2775   13.885  0.003    2  1 
  51219.3014   13.910  0.003    2  1 
  51219.3186   13.998  0.003    2  1 
  51219.3336   14.051  0.004    2  1 
  51219.3397   14.102  0.003    2  1 
  51219.3596   14.170  0.004    2  1 
  51219.3635   14.208  0.003    2  1 
  51219.3768   14.243  0.004    2  1 
  51219.3810   14.276  0.004    2  1 
  51220.2621   14.854  0.006    2  1 
  51220.2867   14.826  0.005    2  1 
  51220.2906   14.884  0.006    2  1 
  51220.3036   14.847  0.005    2  1 
  51220.3077   14.885  0.006    2  1 
  51220.3219   14.835  0.005    2  1 
  51220.3257   14.859  0.006    2  1 
  51220.3432   14.856  0.006    2  1 
  51220.3564   14.847  0.005    2  1 
  51220.3602   14.885  0.006    2  1 
  51220.3729   14.892  0.006    2  1 
  51220.3776   14.922  0.006    2  1 
  51220.3920   14.935  0.006    2  1 
  51221.2619   14.500  0.004    2  1 
  51221.2835   14.548  0.005    2  1 
  51221.2873   14.567  0.004    2  1 
  51221.3009   14.601  0.005    2  1 
  51221.3052   14.599  0.004    2  1 
  51221.3188   14.651  0.005    2  1 
  51221.3230   14.635  0.004    2  1 
  51221.3358   14.689  0.005    2  1 
  51221.3396   14.689  0.004    2  1 
  51221.3538   14.742  0.006    2  1 
  51221.3577   14.732  0.005    2  1 
  51221.3722   14.773  0.006    2  1 
  51221.3762   14.761  0.005    2  1 
  51283.2102   14.361  0.003    2  1 
  51283.2288   13.979  0.003    2  1 
  51283.2338   13.913  0.003    2  1 
  51283.2391   13.866  0.003    2  1 
  51283.2451   13.826  0.003    2  1 
  51283.2493   13.839  0.003    2  1 
  51283.2642   13.917  0.003    2  1 
  51283.2680   13.938  0.003    2  1 
  51283.2714   13.933  0.004    2  1 
  51283.2748   13.948  0.003    2  1 
  51283.2868   14.036  0.003    2  1 
  51283.2902   14.045  0.003    2  1 
  51283.2939   14.051  0.003    2  1 
  51283.2972   14.065  0.003    2  1 
  51283.3138   14.155  0.003    2  1 
  51283.3170   14.173  0.003    2  1 
  51283.3202   14.175  0.004    2  1 
  51283.3234   14.188  0.004    2  1 
  51283.3408   14.267  0.003    2  1 
  51283.3447   14.279  0.003    2  1 
  51283.3487   14.281  0.004    2  1 
  51283.3518   14.296  0.004    2  1 
  51283.3642   14.344  0.003    2  1 
  51283.3673   14.349  0.003    2  1 
  51283.3707   14.360  0.004    2  1 
  51283.3738   14.370  0.004    2  1 
  51284.1955   14.813  0.005    2  1 
  51284.1993   14.821  0.004    2  1 
  51284.2195   14.845  0.006    2  1 
  51284.2229   14.856  0.006    2  1 
  51284.2266   14.819  0.004    2  1 
  51284.2298   14.828  0.004    2  1 
  51284.2413   14.884  0.006    2  1 
  51284.2443   14.879  0.006    2  1 
  51284.2475   14.858  0.005    2  1 
  51284.2506   14.848  0.005    2  1 
  51284.2617   14.891  0.006    2  1 
  51284.2648   14.886  0.005    2  1 
  51284.2679   14.854  0.004    2  1 
  51284.2711   14.849  0.005    2  1 
  51284.2942   14.851  0.006    2  1 
  51284.2973   14.857  0.006    2  1 
  51284.3004   14.828  0.005    2  1 
  51284.3036   14.830  0.005    2  1 
  51284.3168   14.878  0.006    2  1 
  51284.3211   14.891  0.006    2  1 
  51284.3257   14.895  0.005    2  1 
  51284.3289   14.894  0.005    2  1 
  51284.3428   14.931  0.006    2  1 
  51284.3464   14.965  0.006    2  1 
  51285.0269   14.225  0.003    2  1 
  51285.0299   14.171  0.003    2  1 
  51285.0513   13.832  0.003    2  1 
  51285.0543   13.832  0.003    2  1 
  51285.0607   13.863  0.002    2  1 
  51285.0739   13.887  0.003    2  1 
  51285.0778   13.913  0.003    2  1 
  51285.0814   13.957  0.003    2  1 
  51285.0847   13.969  0.003    2  1 
  51285.0975   14.021  0.003    2  1 
  51285.1006   14.065  0.006    2  1 
  51285.1052   14.076  0.003    2  1 
  51285.1084   14.084  0.003    2  1 
  51285.1324   14.189  0.004    2  1 
  51285.1360   14.202  0.004    2  1 
  51285.1396   14.223  0.003    2  1 
  51285.1427   14.235  0.003    2  1 
  51285.1558   14.279  0.004    2  1 
  51285.1588   14.282  0.004    2  1 
  51285.1624   14.309  0.003    2  1 
  51285.1654   14.317  0.004    2  1 
  51285.1796   14.357  0.004    2  1 
  51285.1830   14.368  0.004    2  1 
  51285.1891   14.385  0.004    2  1 
  51285.1924   14.392  0.004    2  1 
  51285.2125   14.460  0.004    2  1 
  51285.2157   14.470  0.004    2  1 
  51285.2195   14.473  0.004    2  1 
  51285.2227   14.489  0.004    2  1 
  51285.2362   14.526  0.005    2  1 
  51285.2426   14.551  0.005    2  1 
  51285.2468   14.537  0.004    2  1 
  51285.2498   14.557  0.004    2  1 
  51285.2630   14.613  0.005    2  1 
  51285.2666   14.610  0.005    2  1 
  51285.2738   14.624  0.005    2  1 
  51285.2775   14.632  0.004    2  1 
  51285.2998   14.709  0.005    2  1 
  51285.3033   14.710  0.005    2  1 
  51285.3077   14.697  0.005    2  1 
  51285.3112   14.712  0.005    2  1 
  51285.3308   14.774  0.005    2  1 
  51285.3348   14.784  0.005    2  1 
  51285.3382   14.781  0.005    2  1 
  51285.3425   14.760  0.004    2  1 
  51285.3456   14.775  0.004    2  1 
  51286.0177   14.803  0.004    2  1 
  51286.0241   14.812  0.004    2  1 
  51286.0461   14.869  0.005    2  1 
  51286.0493   14.865  0.005    2  1 
  51286.0574   14.834  0.004    2  1 
  51286.0716   14.890  0.005    2  1 
  51286.0753   14.891  0.005    2  1 
  51286.0794   14.835  0.004    2  1 
  51286.0832   14.830  0.004    2  1 
  51286.1026   14.856  0.005    2  1 
  51286.1061   14.854  0.005    2  1 
  51286.1105   14.806  0.004    2  1 
  51286.1136   14.811  0.004    2  1 
  51286.1365   14.912  0.005    2  1 
  51286.1398   14.911  0.005    2  1 
  51286.1441   14.874  0.004    2  1 
  51286.1472   14.864  0.004    2  1 
  51286.1608   14.967  0.006    2  1 
  51286.1639   14.975  0.005    2  1 
  51286.1669   14.977  0.005    2  1 
  51286.1708   14.933  0.004    2  1 
  51286.1740   14.943  0.004    2  1 
  51286.1875   14.983  0.006    2  1 
  51286.1908   14.973  0.006    2  1 
  51286.1969   14.911  0.004    2  1 
  51286.2002   14.877  0.004    2  1 
  51286.2255   14.419  0.004    2  1 
  51286.2285   14.330  0.004    2  1 
  51286.2322   14.263  0.003    2  1 
  51286.2352   14.199  0.003    2  1 
  51286.2476   13.933  0.003    2  1 
  51286.2508   13.877  0.003    2  1 
  51286.2544   13.875  0.003    2  1 
  51286.2573   13.857  0.003    2  1 
  51286.2697   13.850  0.003    2  1 
  51286.2727   13.851  0.003    2  1 
  51286.2785   13.902  0.003    2  1 
  51286.2816   13.915  0.003    2  1 
  51286.3022   14.003  0.003    2  1 
  51286.3055   14.024  0.003    2  1 
  51286.3149   14.080  0.003    2  1 
  51286.3179   14.105  0.003    2  1 
  51286.3218   14.100  0.003    2  1 
  51286.3250   14.119  0.004    2  1 
  51286.3375   14.189  0.003    2  1 
  51286.3409   14.197  0.003    2  1 
  51286.3450   14.201  0.004    2  1 
  51286.3481   14.214  0.004    2  1 
  51286.3604   14.277  0.004    2  1 
  51286.3635   14.281  0.003    2  1 
  51286.3665   14.287  0.003    2  1 
  51304.9667   13.873  0.002    2  1 
  51304.9697   13.872  0.002    2  1 
  51304.9873   13.899  0.003    2  1 
  51304.9926   13.922  0.003    2  1 
  51304.9956   13.981  0.003    2  1 
  51305.0328   14.132  0.004    2  1 
  51305.0362   14.149  0.004    2  1 
  51305.0393   14.187  0.003    2  1 
  51305.0423   14.191  0.003    2  1 
  51305.0559   14.228  0.004    2  1 
  51305.0599   14.246  0.004    2  1 
  51305.0812   14.325  0.004    2  1 
  51305.0852   14.342  0.004    2  1 
  51305.0890   14.341  0.004    2  1 
  51305.0922   14.360  0.004    2  1 
  51305.1040   14.397  0.003    2  1 
  51305.1077   14.415  0.004    2  1 
  51305.1235   14.460  0.005    2  1 
  51305.1269   14.466  0.005    2  1 
  51305.1328   14.501  0.005    2  1 
  51305.1357   14.501  0.004    2  1 
  51305.1509   14.540  0.006    2  1 
  51305.1547   14.558  0.006    2  1 
  51305.1582   14.549  0.005    2  1 
  51305.1616   14.559  0.005    2  1 
  51305.1853   14.638  0.005    2  1 
  51305.1885   14.638  0.006    2  1 
  51305.1919   14.644  0.005    2  1 
  51305.1953   14.649  0.005    2  1 
  51305.2098   14.704  0.005    2  1 
  51305.2128   14.705  0.005    2  1 
  51305.2170   14.689  0.005    2  1 
  51305.2202   14.708  0.005    2  1 
  51305.2431   14.778  0.005    2  1 
  51305.2461   14.777  0.005    2  1 
  51305.2493   14.758  0.004    2  1 
  51305.2523   14.759  0.004    2  1 
  51305.2704   14.801  0.006    2  1 
  51305.2734   14.813  0.005    2  1 
  51305.2764   14.808  0.005    2  1 
  51305.2796   14.812  0.006    2  1 
  51305.2966   14.827  0.006    2  1 
  51305.2995   14.828  0.006    2  1 
  51305.3025   14.811  0.005    2  1 
  51305.3054   14.810  0.005    2  1 
  51305.9643   14.830  0.004    2  1 
  51305.9672   14.825  0.004    2  1 
  51305.9857   14.884  0.004    2  1 
  51305.9885   14.876  0.004    2  1 
  51305.9912   14.872  0.004    2  1 
  51306.0256   14.854  0.004    2  1 
  51306.0285   14.868  0.005    2  1 
  51306.0313   14.809  0.004    2  1 
  51306.0340   14.827  0.004    2  1 
  51306.0465   14.894  0.005    2  1 
  51306.0498   14.909  0.005    2  1 
  51306.0638   14.901  0.004    2  1 
  51306.0674   14.921  0.004    2  1 
  51306.0896   14.982  0.005    2  1 
  51306.0930   14.990  0.005    2  1 
  51306.1123   14.919  0.005    2  1 
  51306.1151   14.890  0.005    2  1 
  51306.1183   14.745  0.003    2  1 
  51306.1209   14.795  0.004    2  1 
  51306.1375   14.403  0.004    2  1 
  51306.1405   14.321  0.004    2  1 
  51306.1434   14.262  0.004    2  1 
  51306.1474   14.186  0.004    2  1 
  51306.1636   13.874  0.003    2  1 
  51306.1673   13.840  0.003    2  1 
  51306.1743   13.849  0.002    2  1 
  51306.1937   13.894  0.003    2  1 
  51306.1966   13.911  0.003    2  1 
  51306.1996   13.949  0.002    2  1 
  51306.2025   13.957  0.002    2  1 
  51306.2146   14.004  0.003    2  1 
  51306.2178   14.035  0.003    2  1 
  51306.2235   14.079  0.002    2  1 
  51306.2343   14.103  0.003    2  1 
  51306.2380   14.123  0.003    2  1 
  51306.2458   14.173  0.003    2  1 
  51306.2574   14.210  0.003    2  1 
  51306.2602   14.216  0.003    2  1 
  51306.2691   14.269  0.002    2  1 
  51306.2805   14.291  0.003    2  1 
  51306.2835   14.298  0.003    2  1 
  51306.2862   14.327  0.003    2  1 
  51306.2895   14.334  0.003    2  1 
  51306.3009   14.359  0.004    2  1 
  51306.3038   14.376  0.004    2  1 
  51306.3068   14.388  0.003    2  1 
  51306.3101   14.393  0.003    2  1 
  51306.3135   14.399  0.004    2  1 
  51306.3184   14.415  0.005    2  1 
  51306.9828   14.578  0.005    2  1 
  51306.9870   14.623  0.003    2  1 
  51307.0161   14.680  0.004    2  1 
  51307.0270   14.715  0.005    2  1 
  51307.0388   14.740  0.005    2  1 
  51307.0456   14.739  0.006    2  1 
  51307.0501   14.758  0.007    2  1 
  51307.0593   14.772  0.005    2  1 
  51307.0645   14.771  0.005    2  1 
  51307.0699   14.775  0.011    2  1 
  51307.0747   14.784  0.008    2  1 
  51307.0824   14.825  0.007    2  1 
  51307.9862   13.872  0.002    2  1 
  51307.9901   13.877  0.002    2  1 
  51308.0084   13.917  0.003    2  1 
  51308.0112   13.931  0.003    2  1 
  51308.0212   14.031  0.002    2  1 
  51308.0334   14.048  0.003    2  1 
  51308.0362   14.064  0.003    2  1 
  51308.0394   14.078  0.003    2  1 
  51308.0443   14.132  0.002    2  1 
  51308.0633   14.184  0.003    2  1 
  51308.0663   14.199  0.003    2  1 
  51308.0995   14.318  0.003    2  1 
  51308.1031   14.330  0.003    2  1 
  51308.1072   14.355  0.003    2  1 
  51308.1114   14.378  0.003    2  1 
  51308.1280   14.420  0.004    2  1 
  51308.1309   14.422  0.004    2  1 
  51310.0850   14.800  0.004    2  1 
  51310.0874   14.797  0.003    2  1 
  51310.0897   14.797  0.003    2  1 
  51310.0922   14.800  0.004    2  1 
  51310.1342   14.811  0.004    2  1 
  51310.1371   14.804  0.004    2  1 
  51310.1402   14.811  0.004    2  1 
  51310.1430   14.840  0.005    2  1 
  51310.1458   14.835  0.005    2  1 
  51310.1486   14.839  0.005    2  1 
  51311.0244   13.941  0.005    2  1 
  51311.0302   13.952  0.004    2  1 
  51311.0334   13.969  0.004    2  1 
  51311.0506   14.053  0.002    2  1 
  51311.0539   14.076  0.003    2  1 
  51311.0637   14.126  0.004    2  1 
  51311.0669   14.139  0.004    2  1 
  51311.0702   14.159  0.003    2  1 
  51311.0907   14.233  0.004    2  1 
  51311.0946   14.252  0.004    2  1 
  51311.0980   14.264  0.004    2  1 
  51311.1015   14.277  0.004    2  1 
  51311.1071   14.295  0.004    2  1 
  51311.1298   14.373  0.004    2  1 
  51311.1327   14.383  0.005    2  1 
  51311.1357   14.390  0.005    2  1 
  51311.1398   14.404  0.004    2  1 
  51311.1447   14.428  0.005    2  1 
  51311.9755   14.849  0.006    2  1 
  51312.0020   14.878  0.006    2  1 
  51312.0049   14.884  0.006    2  1 
  51312.0255   14.883  0.006    2  1 
  51312.0284   14.886  0.005    2  1 
  51312.0314   14.879  0.005    2  1 
  51312.0584   14.853  0.005    2  1 
  51312.0611   14.853  0.005    2  1 
  51312.0638   14.861  0.005    2  1 
  51312.0903   14.921  0.005    2  1 
  51312.0929   14.934  0.005    2  1 
  51312.0955   14.945  0.005    2  1 
  51312.1146   14.978  0.005    2  1 
  51312.1173   14.987  0.005    2  1 
  51312.1200   14.985  0.005    2  1 
  51312.9860   14.512  0.004    2  1 
  51312.9887   14.515  0.004    2  1 
  51312.9913   14.525  0.004    2  1 
  51313.0096   14.574  0.004    2  1 
  51313.0123   14.587  0.004    2  1 
  51313.0149   14.594  0.004    2  1 
  51313.0333   14.643  0.004    2  1 
  51313.0360   14.648  0.005    2  1 
  51313.0386   14.660  0.004    2  1 
  51313.0413   14.664  0.005    2  1 
  51313.0595   14.703  0.004    2  1 
  51313.0622   14.716  0.004    2  1 
  51313.0648   14.718  0.004    2  1 
  51313.0911   14.774  0.005    2  1 
  51313.0937   14.779  0.005    2  1 
  51313.0964   14.784  0.004    2  1 
  51313.1146   14.810  0.005    2  1 
  51313.1172   14.817  0.005    2  1 
  51313.1199   14.808  0.005    2  1 
  51313.1226   14.812  0.005    2  1 
  51313.9843   14.323  0.004    2  1 
  51313.9872   14.257  0.004    2  1 
  51313.9901   14.203  0.004    2  1 
  51314.0178   13.818  0.003    2  1 
  51314.0207   13.822  0.003    2  1 
  51314.0236   13.828  0.003    2  1 
  51314.0432   13.906  0.003    2  1 
  51314.0461   13.933  0.003    2  1 
  51314.0490   13.943  0.003    2  1 
  51314.0772   14.099  0.004    2  1 
  51314.0802   14.113  0.004    2  1 
  51314.0831   14.123  0.004    2  1 
  51314.1030   14.222  0.004    2  1 
  51314.1059   14.224  0.004    2  1 
  51314.1088   14.236  0.004    2  1 
  51314.1289   14.315  0.004    2  1 
  51314.1333   14.328  0.005    2  1 
  51314.1363   14.337  0.005    2  1 
  51314.9621   14.851  0.006    2  1 
  51314.9650   14.818  0.005    2  1 
  51314.9679   14.795  0.005    2  1 
  51314.9827   14.846  0.005    2  1 
  51314.9856   14.834  0.005    2  1 
  51314.9885   14.839  0.005    2  1 
  51314.9914   14.802  0.004    2  1 
  51314.9943   14.818  0.004    2  1 
  51314.9972   14.810  0.004    2  1 
  51315.0015   14.852  0.005    2  1 
  51315.0043   14.857  0.005    2  1 
  51315.0069   14.852  0.005    2  1 
  51315.0171   14.835  0.004    2  1 
  51315.0197   14.837  0.004    2  1 
  51315.0224   14.849  0.004    2  1 
  51315.0251   14.879  0.005    2  1 
  51315.0277   14.872  0.005    2  1 
  51315.0304   14.874  0.005    2  1 
  51315.0409   14.848  0.004    2  1 
  51315.0436   14.859  0.004    2  1 
  51315.0462   14.839  0.004    2  1 
  51315.0489   14.876  0.005    2  1 
  51315.0516   14.871  0.005    2  1 
  51315.0542   14.872  0.005    2  1 
  51315.0650   14.819  0.004    2  1 
  51315.0677   14.830  0.004    2  1 
  51315.0780   14.850  0.005    2  1 
  51315.0807   14.869  0.005    2  1 
  51315.0833   14.862  0.005    2  1 
  51315.0860   14.829  0.004    2  1 
  51315.0887   14.849  0.004    2  1 
  51315.0913   14.840  0.004    2  1 
  51315.1015   14.903  0.005    2  1 
  51315.1041   14.916  0.005    2  1 
  51315.1068   14.926  0.005    2  1 
  51315.1094   14.888  0.004    2  1 
  51315.1121   14.905  0.004    2  1 
  51315.1148   14.910  0.004    2  1 
  51315.1290   14.975  0.007    2  1 
  51315.1319   14.974  0.007    2  1 
  51316.0194   14.555  0.004    2  1 
  51316.0221   14.560  0.004    2  1 
  51316.0247   14.570  0.004    2  1 
  51316.0431   14.622  0.004    2  1 
  51316.0458   14.630  0.004    2  1 
  51316.0485   14.641  0.004    2  1 
  51316.0511   14.629  0.003    2  1 
  51316.0538   14.643  0.003    2  1 
  51316.0565   14.643  0.003    2  1 
  51316.0667   14.688  0.005    2  1 
  51316.0693   14.694  0.005    2  1 
  51316.0720   14.703  0.005    2  1 
  51316.0746   14.694  0.004    2  1 
  51316.0773   14.704  0.004    2  1 
  51316.0800   14.707  0.004    2  1 
  51316.0905   14.734  0.005    2  1 
  51316.0934   14.749  0.005    2  1 
  51316.0963   14.753  0.005    2  1 
  51316.0992   14.744  0.004    2  1 
  51316.1020   14.734  0.004    2  1 
  51316.1046   14.747  0.004    2  1 
  51316.1148   14.786  0.004    2  1 
  51316.1175   14.794  0.005    2  1 
  51316.1201   14.794  0.005    2  1 
  51316.1228   14.775  0.004    2  1 
  51316.1255   14.791  0.004    2  1 
  51316.1281   14.797  0.004    2  1 
  51316.9647   14.970  0.006    2  1 
  51316.9676   14.961  0.006    2  1 
  51316.9705   14.944  0.006    2  1 
  51316.9815   14.814  0.004    2  1 
  51316.9843   14.782  0.004    2  1 
  51316.9869   14.738  0.003    2  1 
  51316.9896   14.689  0.004    2  1 
  51316.9923   14.607  0.004    2  1 
  51316.9949   14.519  0.004    2  1 
  51316.9978   14.433  0.004    2  1 
  51317.0088   14.161  0.004    2  1 
  51317.0117   14.100  0.004    2  1 
  51317.0147   14.049  0.003    2  1 
  51317.0176   14.003  0.003    2  1 
  51317.0205   13.954  0.003    2  1 
  51317.0321   13.832  0.004    2  1 
  51317.0351   13.832  0.003    2  1 
  51317.0391   13.827  0.003    2  1 
  51317.0420   13.844  0.003    2  1 
  51317.0450   13.852  0.004    2  1 
  51317.0483   13.888  0.003    2  1 
  51317.0602   13.922  0.003    2  1 
  51317.0631   13.939  0.003    2  1 
  51317.0660   13.949  0.003    2  1 
  51317.0689   13.991  0.003    2  1 
  51317.0718   13.989  0.003    2  1 
  51317.0747   14.007  0.003    2  1 
  51317.0858   14.059  0.004    2  1 
  51317.0887   14.078  0.004    2  1 
  51317.0916   14.082  0.004    2  1 
  51317.0946   14.119  0.003    2  1 
  51317.0974   14.131  0.003    2  1 
  51317.1000   14.142  0.003    2  1 
  51317.1111   14.175  0.004    2  1 
  51317.1140   14.230  0.005    2  1 
  51317.1169   14.207  0.004    2  1 
  51317.1199   14.235  0.004    2  1 
  51317.1228   14.244  0.004    2  1 
  51317.1257   14.248  0.004    2  1 
  51317.9628   14.832  0.006    2  1 
  51317.9657   14.835  0.006    2  1 
  51317.9685   14.823  0.006    2  1 
  51317.9715   14.837  0.006    2  1 
  51317.9744   14.816  0.005    2  1 
  51317.9772   14.805  0.004    2  1 
  51317.9883   14.844  0.006    2  1 
  51317.9912   14.842  0.006    2  1 
  51317.9941   14.843  0.005    2  1 
  51317.9970   14.805  0.004    2  1 
  51317.9998   14.808  0.004    2  1 
  51318.0025   14.828  0.005    2  1 
  51318.0135   14.851  0.006    2  1 
  51318.0164   14.859  0.007    2  1 
  51318.0194   14.859  0.007    2  1 
  51318.0227   14.852  0.006    2  1 
  51318.0260   14.870  0.007    2  1 
  51318.0413   14.888  0.007    2  1 
  51318.0445   14.877  0.007    2  1 
  51318.0477   14.889  0.007    2  1 
  51318.0510   14.872  0.006    2  1 
  51318.0542   14.873  0.006    2  1 
  51318.0575   14.886  0.006    2  1 
  51318.0697   14.873  0.007    2  1 
  51318.0730   14.864  0.008    2  1 
  51318.0762   14.875  0.007    2  1 
  51318.0795   14.839  0.005    2  1 
  51318.0827   14.858  0.006    2  1 
  51318.0859   14.838  0.005    2  1 
  51318.0981   14.854  0.008    2  1 
  51318.1014   14.863  0.007    2  1 
  51318.1046   14.862  0.008    2  1 
  51318.1079   14.903  0.008    2  1 
  51318.1111   14.890  0.007    2  1 
  51318.1265   14.915  0.008    2  1 
  51318.1298   14.932  0.008    2  1 
  51318.9642   14.329  0.003    2  1 
  51318.9680   14.351  0.005    2  1 
  51318.9708   14.359  0.004    2  1 
  51318.9737   14.369  0.004    2  1 
  51318.9846   14.402  0.003    2  1 
  51318.9874   14.412  0.003    2  1 
  51318.9902   14.426  0.003    2  1 
  51318.9929   14.436  0.004    2  1 
  51318.9956   14.439  0.004    2  1 
  51318.9983   14.444  0.004    2  1 
  51319.0093   14.485  0.004    2  1 
  51319.0122   14.494  0.004    2  1 
  51319.0151   14.503  0.004    2  1 
  51319.0180   14.507  0.005    2  1 
  51319.0209   14.514  0.005    2  1 
  51319.0238   14.522  0.004    2  1 
  51319.0351   14.556  0.004    2  1 
  51319.0380   14.558  0.005    2  1 
  51319.0411   14.567  0.005    2  1 
  51319.0443   14.582  0.005    2  1 
  51319.0474   14.589  0.005    2  1 
  51319.0505   14.595  0.005    2  1 
  51319.0623   14.616  0.004    2  1 
  51319.0793   14.673  0.005    2  1 
  51319.0820   14.679  0.004    2  1 
  51319.0847   14.687  0.004    2  1 
  51319.0928   14.690  0.003    2  1 
  51319.1030   14.730  0.005    2  1 
  51319.1084   14.739  0.005    2  1 
  51319.1110   14.754  0.005    2  1 
  51319.1137   14.738  0.004    2  1 
  51319.1164   14.742  0.004    2  1 
  51320.1030   14.055  0.002    2  1 
  51320.1053   14.065  0.002    2  1 
  51320.1076   14.076  0.003    2  1 
  51320.1238   14.150  0.003    2  1 
  51320.1261   14.164  0.003    2  1 
  51320.1284   14.179  0.003    2  1 
  51320.1450   14.248  0.003    2  1 
  51320.1477   14.253  0.003    2  1 
  51320.1503   14.267  0.003    2  1 
  51320.1531   14.287  0.003    2  1 
  51320.1557   14.296  0.003    2  1 
  51320.1584   14.309  0.003    2  1 
  51320.9635   14.813  0.005    2  1 
  51320.9664   14.821  0.005    2  1 
  51320.9693   14.822  0.005    2  1 
  51320.9810   14.796  0.004    2  1 
  51320.9887   14.825  0.004    2  1 
  51320.9911   14.829  0.004    2  1 
  51320.9936   14.831  0.004    2  1 
  51321.0102   14.834  0.004    2  1 
  51321.0126   14.844  0.004    2  1 
  51321.0150   14.836  0.004    2  1 
  51321.0318   14.854  0.004    2  1 
  51321.0344   14.854  0.004    2  1 
  51321.0369   14.856  0.004    2  1 
  51321.0466   14.846  0.004    2  1 
  51321.0491   14.837  0.004    2  1 
  51321.0543   14.878  0.005    2  1 
  51321.0568   14.880  0.004    2  1 
  51321.0594   14.875  0.005    2  1 
  51321.0689   14.847  0.004    2  1 
  51321.0714   14.850  0.003    2  1 
  51321.0847   14.871  0.005    2  1 
  51321.0873   14.880  0.005    2  1 
  51321.0898   14.872  0.005    2  1 
  51321.0997   14.827  0.004    2  1 
  51321.1023   14.817  0.004    2  1 
  51321.1049   14.827  0.004    2  1 
  51321.1074   14.822  0.004    2  1 
  51321.1100   14.830  0.004    2  1 
  51321.1133   14.859  0.005    2  1 
  51321.1159   14.849  0.005    2  1 
  51321.1186   14.870  0.005    2  1 
  51321.1285   14.851  0.004    2  1 
  51321.1311   14.863  0.004    2  1 
  51321.1339   14.900  0.005    2  1 
  51321.1365   14.902  0.005    2  1 
  51332.9607   14.684  0.007    2  1 
  51332.9651   14.695  0.007    2  1 
  51332.9696   14.696  0.008    2  1 
  51332.9739   14.717  0.007    2  1 
  51332.9797   14.716  0.006    2  1 
  51332.9834   14.721  0.005    2  1 
  51332.9891   14.745  0.006    2  1 
  51332.9928   14.752  0.007    2  1 
  51332.9965   14.758  0.007    2  1 
  51333.0005   14.747  0.005    2  1 
  51333.0039   14.767  0.006    2  1 
  51333.0083   14.787  0.007    2  1 
  51333.0120   14.783  0.006    2  1 
  51333.0156   14.774  0.005    2  1 
  51333.0192   14.788  0.006    2  1 
  51333.0226   14.802  0.006    2  1 
  51333.0264   14.812  0.006    2  1 
  51333.0445   14.801  0.005    2  1 
  51333.0479   14.802  0.005    2  1 
  51333.0514   14.823  0.007    2  1 
  51333.0552   14.830  0.008    2  1 
  51333.0636   14.821  0.007    2  1 
  51333.0681   14.818  0.007    2  1 
  51333.0742   14.837  0.007    2  1 
  51333.0779   14.838  0.008    2  1 
  51333.0834   14.814  0.005    2  1 
  51333.0869   14.822  0.005    2  1 
  51333.0907   14.847  0.007    2  1 
  51333.0945   14.848  0.006    2  1 
  51333.0981   14.829  0.005    2  1 
  51333.1018   14.821  0.005    2  1 
  51333.1178   14.871  0.007    2  1 
  51333.1221   14.877  0.007    2  1 
  51333.1258   14.863  0.006    2  1 
  51333.1294   14.870  0.007    2  1 
  51333.1335   14.879  0.008    2  1 
  51333.1369   14.877  0.007    2  1 
  51333.1410   14.861  0.007    2  1 
  51333.1452   14.855  0.006    2  1 
  51333.1492   14.843  0.006    2  1 
  51333.1529   14.878  0.007    2  1 
  51333.1565   14.871  0.008    2  1 
  51333.1642   14.836  0.006    2  1 
  51333.1679   14.826  0.006    2  1 
  51333.1716   14.848  0.007    2  1 
  51333.1752   14.844  0.007    2  1 
  51334.9778   14.813  0.004    2  1 
  51334.9806   14.821  0.004    2  1 
  51334.9841   14.849  0.005    2  1 
  51334.9871   14.845  0.005    2  1 
  51335.0115   14.853  0.004    2  1 
  51335.0145   14.860  0.004    2  1 
  51335.0175   14.910  0.005    2  1 
  51335.0204   14.925  0.005    2  1 
  51335.0237   14.898  0.005    2  1 
  51335.0269   14.899  0.005    2  1 
  51335.0301   14.954  0.006    2  1 
  51335.0334   14.962  0.006    2  1 
  51335.0365   14.919  0.005    2  1 
  51335.0396   14.940  0.005    2  1 
  51335.0517   14.989  0.007    2  1 
  51335.0552   14.989  0.007    2  1 
  51335.0624   14.953  0.006    2  1 
  51335.0658   14.947  0.006    2  1 
  51335.0692   14.967  0.007    2  1 
  51335.0727   14.946  0.006    2  1 
  51335.0766   14.901  0.006    2  1 
  51335.0800   14.858  0.005    2  1 
  51335.0833   14.851  0.006    2  1 
  51335.0867   14.801  0.006    2  1 
  51335.1009   14.416  0.004    2  1 
  51335.1041   14.328  0.004    2  1 
  51335.1133   14.134  0.004    2  1 
  51335.1167   14.049  0.004    2  1 
  51335.9535   14.621  0.006    2  1 
  51335.9585   14.621  0.005    2  1 
  51335.9619   14.623  0.005    2  1 
  51335.9661   14.627  0.005    2  1 
  51335.9693   14.643  0.004    2  1 
  51335.9726   14.665  0.006    2  1 
  51335.9768   14.678  0.005    2  1 
  51335.9855   14.672  0.004    2  1 
  51335.9915   14.687  0.004    2  1 
  51335.9966   14.708  0.004    2  1 
  51335.9997   14.729  0.005    2  1 
  51336.0027   14.741  0.005    2  1 
  51336.0139   14.734  0.004    2  1 
  51336.0172   14.739  0.004    2  1 
  51336.0203   14.773  0.005    2  1 
  51336.0236   14.786  0.005    2  1 
  51336.0275   14.764  0.005    2  1 
  51336.0306   14.773  0.005    2  1 
  51336.0357   14.807  0.006    2  1 
  51336.0388   14.803  0.006    2  1 
  51336.0439   14.792  0.005    2  1 
  51336.0470   14.789  0.005    2  1 
  51336.0593   14.830  0.006    2  1 
  51336.0629   14.822  0.006    2  1 
  51336.0662   14.802  0.005    2  1 
  51336.0696   14.804  0.005    2  1 
  51336.0728   14.802  0.005    2  1 
  51336.0769   14.837  0.006    2  1 
  51336.0803   14.840  0.007    2  1 
  51336.0954   14.814  0.005    2  1 
  51336.0989   14.814  0.005    2  1 
  51336.1025   14.849  0.006    2  1 
  51336.1059   14.856  0.007    2  1 
  51336.1119   14.819  0.005    2  1 
  51336.1153   14.822  0.005    2  1 
  51336.1206   14.856  0.007    2  1 
  51336.1240   14.857  0.006    2  1 
  51336.1297   14.851  0.006    2  1 
  51336.1600   14.895  0.009    2  1 
  51336.9567   13.850  0.002    2  1 
  51337.0022   14.070  0.004    2  1 
  51337.0101   14.133  0.004    2  1 
  51337.9827   14.857  0.007    2  1 
  51337.9868   14.870  0.006    2  1 
  51337.9904   14.862  0.007    2  1 
  51337.9940   14.850  0.007    2  1 
  51337.9997   14.822  0.006    2  1 
  51338.0033   14.829  0.005    2  1 
  51338.0162   14.879  0.007    2  1 
  51338.0196   14.883  0.007    2  1 
  51338.0231   14.871  0.006    2  1 
  51338.0265   14.885  0.006    2  1 
  51338.0304   14.889  0.006    2  1 
  51338.0339   14.922  0.008    2  1 
  51338.0376   14.919  0.008    2  1 
  51338.9791   14.623  0.004    2  1 
  51338.9849   14.644  0.004    2  1 
  51338.9901   14.670  0.005    2  1 
  51338.9938   14.684  0.005    2  1 
  51339.0116   14.708  0.005    2  1 
  51339.0151   14.720  0.005    2  1 
  51339.0226   14.746  0.007    2  1 
  51339.0269   14.761  0.006    2  1 
  51339.0441   14.766  0.005    2  1 
  51339.0477   14.769  0.005    2  1 
  51339.0513   14.783  0.005    2  1 
  51339.0774   14.801  0.005    2  1 
  51339.0807   14.809  0.005    2  1 
  51339.0867   14.819  0.008    2  1 
  51339.0905   14.829  0.008    2  1 
  51339.1093   14.823  0.005    2  1 
  51339.1139   14.845  0.007    2  1 
  51339.1177   14.840  0.007    2  1 
  51339.1327   14.833  0.005    2  1 
  51339.1363   14.835  0.005    2  1 
  51339.1448   14.860  0.006    2  1 
  51339.1482   14.869  0.006    2  1 
  51339.9588   13.882  0.003    2  1 
  51339.9627   13.867  0.003    2  1 
  51339.9766   13.857  0.003    2  1 
  51339.9795   13.871  0.003    2  1 
  51339.9835   13.917  0.003    2  1 
  51339.9874   13.930  0.003    2  1 
  51340.0044   14.002  0.003    2  1 
  51340.0078   14.016  0.003    2  1 
  51340.0115   14.062  0.003    2  1 
  51340.0146   14.078  0.003    2  1 
  51340.0274   14.121  0.004    2  1 
  51340.0306   14.134  0.004    2  1 
  51340.0349   14.175  0.003    2  1 
  51340.0380   14.157  0.003    2  1 
  51340.0540   14.236  0.004    2  1 
  51340.0572   14.242  0.004    2  1 
  51340.0659   14.279  0.004    2  1 
  51340.0696   14.293  0.004    2  1 
  51340.0857   14.344  0.005    2  1 
  51340.0892   14.360  0.005    2  1 
  51340.0938   14.375  0.004    2  1 
  51340.0983   14.386  0.004    2  1 
  51340.1152   14.438  0.005    2  1 
  51340.1197   14.449  0.005    2  1 
  51340.1229   14.457  0.005    2  1 
  51340.1263   14.469  0.005    2  1 
  51340.1334   14.493  0.004    2  1 
  51340.1366   14.495  0.004    2  1 
  51340.1404   14.510  0.005    2  1 
  51340.1437   14.519  0.005    2  1 
  51344.9654   14.505  0.003    2  1 
  51344.9786   14.541  0.003    2  1 
  51344.9829   14.552  0.004    2  1 
  51344.9924   14.584  0.004    2  1 
  51344.9958   14.603  0.004    2  1 
  51344.9988   14.600  0.004    2  1 
  51345.0052   14.602  0.004    2  1 
  51345.0092   14.625  0.004    2  1 
  51345.0132   14.633  0.004    2  1 
  51345.0170   14.631  0.004    2  1 
  51345.0216   14.661  0.005    2  1 
  51345.0255   14.678  0.006    2  1 
  51345.0302   14.689  0.006    2  1 
  51345.0353   14.668  0.004    2  1 
  51345.0390   14.685  0.004    2  1 
  51345.0553   14.753  0.006    2  1 
  51345.0603   14.771  0.005    2  1 
  51345.0645   14.744  0.004    2  1 
  51345.0690   14.752  0.004    2  1 
  51345.9658   14.330  0.005    2  1 
  51345.9696   14.248  0.005    2  1 
  51345.9856   13.914  0.004    2  1 
  51345.9896   13.862  0.004    2  1 
  51345.9999   13.854  0.003    2  1 
  51346.0043   13.861  0.003    2  1 
  51346.0219   13.911  0.004    2  1 
  51346.0264   13.932  0.004    2  1 
  51346.0310   13.983  0.003    2  1 
  51346.0343   13.998  0.003    2  1 
  51346.0486   14.053  0.004    2  1 
  51346.0523   14.069  0.004    2  1 
  51346.0571   14.104  0.003    2  1 
  51346.0604   14.128  0.004    2  1 
  51346.0791   14.194  0.004    2  1 
  51346.0826   14.206  0.004    2  1 
  51347.0221   14.841  0.005    2  1 
  51347.0274   14.854  0.003    2  1 
  51347.0416   14.850  0.006    2  1 
  51347.0453   14.868  0.005    2  1 
  51347.0562   14.835  0.004    2  1 
  51347.0597   14.815  0.004    2  1 
  51347.0743   14.892  0.005    2  1 
  51347.0777   14.893  0.005    2  1 
  51347.0815   14.883  0.004    2  1 
  51347.0850   14.869  0.004    2  1 
  51347.0990   14.965  0.005    2  1 
  51347.1022   14.962  0.004    2  1 
  51347.9581   14.439  0.003    2  1 
  51347.9769   14.487  0.005    2  1 
  51347.9802   14.500  0.005    2  1 
  51347.9834   14.503  0.005    2  1 
  51347.9877   14.514  0.004    2  1 
  51347.9914   14.520  0.004    2  1 
  51347.9948   14.531  0.004    2  1 
  51347.9983   14.552  0.005    2  1 
  51348.0028   14.562  0.005    2  1 
  51348.0063   14.572  0.005    2  1 
  51348.0181   14.594  0.004    2  1 
  51348.0211   14.599  0.004    2  1 
  51348.0242   14.622  0.005    2  1 
  51348.0274   14.639  0.005    2  1 
  51348.0849   14.763  0.007    2  1 
  51348.0897   14.768  0.006    2  1 
  51348.0943   14.784  0.007    2  1 
  51348.0983   14.791  0.008    2  1 
  51348.1018   14.794  0.007    2  1 
  51348.1054   14.803  0.006    2  1 
  51348.1088   14.806  0.006    2  1 
  51348.1122   14.814  0.006    2  1 
  51348.9528   14.890  0.004    2  1 
  51348.9557   14.883  0.005    2  1 
  51348.9650   14.810  0.006    2  1 
  51348.9682   14.743  0.005    2  1 
  51348.9795   14.404  0.003    2  1 
  51348.9824   14.326  0.003    2  1 
  51348.9853   14.251  0.004    2  1 
  51348.9883   14.195  0.004    2  1 
  51348.9912   14.129  0.004    2  1 
  51348.9941   14.083  0.003    2  1 
  51349.0152   13.852  0.003    2  1 
  51349.0189   13.855  0.003    2  1 
  51349.0316   13.870  0.003    2  1 
  51349.0346   13.887  0.003    2  1 
  51349.9596   14.797  0.004    2  1 
  51349.9627   14.795  0.004    2  1 
  51349.9815   14.847  0.005    2  1 
  51349.9851   14.854  0.005    2  1 
  51349.9911   14.821  0.004    2  1 
  51349.9944   14.814  0.004    2  1 
  51349.9973   14.863  0.005    2  1 
  51350.0033   14.854  0.006    2  1 
  51350.0066   14.867  0.006    2  1 
  51350.0097   14.831  0.004    2  1 
  51350.0128   14.841  0.004    2  1 
  51350.0164   14.879  0.006    2  1 
  51350.0197   14.881  0.006    2  1 
  51350.0228   14.845  0.005    2  1 
  51350.0296   14.889  0.006    2  1 
  51364.9643   14.700  0.004    2  1 
  51364.9677   14.715  0.004    2  1 
  51380.9714   14.151  0.002    2  1 
  51380.9769   14.035  0.003    2  1 
  51380.9801   13.977  0.002    2  1 
  51380.9845   13.912  0.002    2  1 
  51380.9973   13.816  0.003    2  1 
  51381.0004   13.829  0.003    2  1 
  51381.0031   13.834  0.003    2  1 
  51381.0066   13.882  0.002    2  1 
  51381.0096   13.887  0.002    2  1 
  51381.0136   13.909  0.002    2  1 
  51381.0187   13.907  0.003    2  1 
  51381.0214   13.916  0.003    2  1 
  51381.0242   13.939  0.003    2  1 
  51381.9638   14.808  0.004    2  1 
  51381.9679   14.835  0.005    2  1 
  51381.9716   14.837  0.006    2  1 
  51381.9830   14.866  0.006    2  1 
  51381.9859   14.865  0.006    2  1 
  51381.9888   14.872  0.006    2  1 
  51381.9917   14.857  0.005    2  1 
  51381.9946   14.865  0.006    2  1 
  51382.0000   14.869  0.005    2  1 
  51382.0029   14.879  0.005    2  1 
  51382.9605   14.451  0.003    2  1 
  51382.9652   14.465  0.004    2  1 
  51382.9682   14.470  0.005    2  1 
  51382.9793   14.512  0.005    2  1 
  51382.9826   14.513  0.005    2  1 
  51382.9857   14.529  0.005    2  1 
  51382.9887   14.534  0.004    2  1 
  51382.9916   14.542  0.004    2  1 
  51382.9965   14.552  0.005    2  1 
  51382.9995   14.562  0.005    2  1 
  51383.9595   14.811  0.004    2  1 
  51383.9621   14.682  0.003    2  1 
  51383.9648   14.727  0.004    2  1 
  51383.9746   14.472  0.004    2  1 
  51383.9773   14.394  0.003    2  1 
  51383.9799   14.316  0.004    2  1 
  51383.9826   14.266  0.003    2  1 
  51383.9853   14.219  0.003    2  1 
  51383.9899   14.102  0.003    2  1 
  51383.9926   14.044  0.003    2  1 
  51384.9606   14.837  0.002    2  1 
  51384.9751   14.836  0.004    2  1 
  51384.9777   14.843  0.004    2  1 
  51384.9802   14.847  0.004    2  1 
  51384.9896   14.847  0.004    2  1 
  51384.9921   14.856  0.004    2  1 
  51385.9557   14.366  0.003    2  1 
  51385.9615   14.390  0.003    2  1 
  51385.9711   14.435  0.003    2  1 
  51385.9737   14.439  0.004    2  1 
  51385.9763   14.450  0.004    2  1 
  51385.9788   14.450  0.003    2  1 
  51385.9814   14.455  0.003    2  1 
  51385.9857   14.475  0.004    2  1 
  51385.9884   14.506  0.004    2  1 
  51386.9731   14.863  0.005    2  1 
  51386.9769   14.823  0.005    2  1 
  51386.9807   14.752  0.004    2  1 
  51386.9965   14.328  0.004    2  1 
  51387.0003   14.251  0.003    2  1 
  51387.0041   14.167  0.003    2  1 
  51387.0101   14.064  0.003    2  1 
  51387.0139   13.990  0.003    2  1 
  51387.0177   13.931  0.003    2  1 
  51387.0216   13.863  0.003    2  1 
  51387.0254   13.827  0.003    2  1 
  51387.0293   13.825  0.003    2  1 
  51388.9571   14.330  0.005    2  1 
  51388.9622   14.328  0.005    2  1 
  51388.9659   14.381  0.005    2  1 
  51388.9801   14.406  0.005    2  1 
  51388.9834   14.417  0.005    2  1 
  51388.9866   14.426  0.005    2  1 
  51388.9899   14.444  0.005    2  1 
  51388.9932   14.445  0.005    2  1 
  51388.9984   14.471  0.005    2  1 
  51389.0017   14.484  0.006    2  1 
  51389.9629   14.933  0.004    2  1 
  51389.9656   14.940  0.004    2  1 
  51389.9683   14.953  0.004    2  1 
  51389.9783   14.965  0.005    2  1 
  51389.9809   14.963  0.005    2  1 
  51389.9836   14.939  0.005    2  1 
  51390.9631   14.796  0.005    2  1 
  51390.9729   14.823  0.004    2  1 
  51390.9756   14.829  0.004    2  1 
  51390.9783   14.832  0.004    2  1 
  51391.9583   14.258  0.002    2  1 
  51391.9728   14.325  0.003    2  1 
  51391.9754   14.334  0.003    2  1 
  51391.9779   14.338  0.003    2  1 
  51646.1374   14.706  0.005    2  1 
  51646.1447   14.739  0.007    2  1 
  51646.1486   14.721  0.005    2  1 
  51646.1532   14.727  0.006    2  1 
  51646.1609   14.777  0.008    2  1 
  51646.1649   14.780  0.007    2  1 
  51646.1687   14.781  0.006    2  1 
  51646.1727   14.755  0.005    2  1 
  51646.1764   14.771  0.005    2  1 
  51646.1801   14.767  0.005    2  1 
  51646.1837   14.779  0.005    2  1 
  51646.1871   14.811  0.006    2  1 
  51646.1907   14.808  0.006    2  1 
  51646.1944   14.815  0.006    2  1 
  51646.1983   14.791  0.005    2  1 
  51646.2025   14.814  0.005    2  1 
  51646.2065   14.804  0.005    2  1 
  51646.2100   14.814  0.005    2  1 
  51646.2138   14.799  0.005    2  1 
  51646.2172   14.809  0.005    2  1 
  51646.2206   14.810  0.005    2  1 
  51646.2245   14.808  0.005    2  1 
  51646.2283   14.810  0.005    2  1 
  51646.2320   14.811  0.005    2  1 
  51646.2362   14.812  0.004    2  1 
  51646.2394   14.806  0.004    2  1 
  51646.2426   14.812  0.004    2  1 
  51646.2457   14.812  0.004    2  1 
  51646.2489   14.817  0.004    2  1 
  51646.2523   14.842  0.005    2  1 
  51646.2557   14.820  0.005    2  1 
  51646.2591   14.822  0.005    2  1 
  51646.2626   14.859  0.006    2  1 
  51646.2660   14.823  0.005    2  1 
  51646.2895   14.879  0.007    2  1 
  51646.3070   14.906  0.008    2  1 
  51646.3111   14.891  0.007    2  1 
  51646.3151   14.857  0.006    2  1 
  51646.3189   14.847  0.005    2  1 
  51646.3225   14.841  0.005    2  1 
  51646.3260   14.846  0.005    2  1 
  51646.3296   14.849  0.006    2  1 
  51646.3330   14.836  0.005    2  1 
  51646.3377   14.847  0.005    2  1 
  51646.3414   14.851  0.006    2  1 
  51646.3451   14.838  0.005    2  1 
  51646.3496   14.845  0.005    2  1 
  51646.3530   14.860  0.006    2  1 
  51646.3568   14.863  0.005    2  1 
  51646.3679   14.917  0.007    2  1 
  51646.3713   14.921  0.006    2  1 
  51671.0353   14.824  0.004    2  1 
  51671.0475   14.837  0.004    2  1 
  51671.0585   14.838  0.004    2  1 
  51671.0649   14.833  0.004    2  1 
  51671.0721   14.832  0.005    2  1 
  51671.0771   14.860  0.007    2  1 
  51671.0871   14.861  0.006    2  1 
  51671.0917   14.873  0.006    2  1 
  51671.0952   14.879  0.006    2  1 
  51671.1013   14.861  0.005    2  1 
  51671.1053   14.859  0.005    2  1 
  51671.1107   14.879  0.005    2  1 
  51671.1151   14.888  0.005    2  1 
  51671.1189   14.942  0.006    2  1 
  51671.1232   14.955  0.006    2  1 
  51671.1292   14.921  0.005    2  1 
  51671.9878   14.442  0.003    2  1 
  51671.9920   14.451  0.003    2  1 
  51671.9996   14.482  0.004    2  1 
  51672.0039   14.489  0.004    2  1 
  51672.0277   14.550  0.004    2  1 
  51672.0316   14.548  0.004    2  1 
  51672.0350   14.580  0.004    2  1 
  51672.0382   14.580  0.004    2  1 
  51672.0822   14.675  0.004    2  1 
  51673.0232   14.055  0.003    2  1 
  51674.0574   14.891  0.008    2  1 
  51674.0685   14.880  0.006    2  1 
  51674.0726   14.892  0.007    2  1 
  51674.0938   14.863  0.007    2  1 
  51674.0985   14.858  0.007    2  1 
  51674.1052   14.845  0.006    2  1 
  51674.1117   14.849  0.006    2  1 
  51674.1159   14.889  0.007    2  1 
  51674.1223   14.901  0.006    2  1 
  51674.1260   14.882  0.005    2  1 
  51674.1296   14.896  0.005    2  1 
  51674.1332   14.888  0.005    2  1 
  51674.1368   14.902  0.005    2  1 
  51674.1405   14.923  0.005    2  1 
  51674.1444   14.921  0.005    2  1 
  51674.9689   14.322  0.004    2  1 
  51674.9724   14.341  0.004    2  1 
  51674.9763   14.349  0.005    2  1 
  51674.9824   14.376  0.005    2  1 
  51674.9867   14.383  0.004    2  1 
  51674.9911   14.401  0.005    2  1 
  51675.0041   14.430  0.005    2  1 
  51675.0121   14.456  0.005    2  1 
  51675.0159   14.473  0.006    2  1 
  51675.0212   14.498  0.006    2  1 
  51675.0253   14.500  0.004    2  1 
  51675.0289   14.505  0.004    2  1 
  51675.0351   14.529  0.004    2  1 
  51675.0465   14.549  0.004    2  1 
  51675.0521   14.570  0.005    2  1 
  51675.0558   14.580  0.004    2  1 
  51675.0622   14.588  0.005    2  1 
  51675.0661   14.600  0.005    2  1 
  51675.0719   14.624  0.005    2  1 
  51675.0756   14.634  0.005    2  1 
  51675.0814   14.641  0.005    2  1 
  51675.0858   14.661  0.005    2  1 
  51675.0927   14.660  0.004    2  1 
  51675.0970   14.678  0.004    2  1 
  51675.9751   14.957  0.004    2  1 
  51675.9802   14.951  0.005    2  1 
  51675.9906   14.921  0.004    2  1 
  51675.9939   14.919  0.004    2  1 
  51675.9971   14.908  0.005    2  1 
  51676.0005   14.884  0.004    2  1 
  51676.0036   14.866  0.004    2  1 
  51676.0067   14.840  0.005    2  1 
  51676.0112   14.763  0.004    2  1 
  51676.0163   14.660  0.005    2  1 
  51676.0240   14.430  0.005    2  1 
  51676.0301   14.286  0.004    2  1 
  51676.9616   14.812  0.007    2  1 
  51676.9713   14.798  0.007    2  1 
  51676.9757   14.824  0.007    2  1 
  51676.9867   14.844  0.007    2  1 
  51676.9969   14.841  0.009    2  1 
  51677.0126   14.835  0.006    2  1 
  51677.0180   14.842  0.007    2  1 
  51677.0226   14.828  0.007    2  1 
  51677.0271   14.851  0.008    2  1 
  51677.0318   14.842  0.007    2  1 
  51677.0362   14.833  0.007    2  1 
  51677.0410   14.855  0.008    2  1 
  51677.0453   14.860  0.008    2  1 
  51677.0499   14.850  0.008    2  1 
  51677.0580   14.869  0.008    2  1 
  51677.0628   14.875  0.008    2  1 
  51677.0672   14.870  0.007    2  1 
  51677.0713   14.861  0.007    2  1 
  51677.0751   14.875  0.007    2  1 
  51677.0793   14.877  0.007    2  1 
  51677.0835   14.870  0.007    2  1 
  51677.0877   14.873  0.006    2  1 
  51677.0918   14.853  0.006    2  1 
  51677.0956   14.868  0.007    2  1 
  51677.0996   14.899  0.009    2  1 
  51677.1044   14.881  0.008    2  1 
  51677.1082   14.897  0.010    2  1 
  51677.1121   14.872  0.007    2  1 
  51677.1160   14.872  0.008    2  1 
  51677.1199   14.886  0.008    2  1 
  51677.1238   14.863  0.007    2  1 
  51677.1276   14.874  0.007    2  1 
  51677.1315   14.890  0.008    2  1 
  51677.1353   14.896  0.007    2  1 
  51677.1396   14.918  0.008    2  1 
  51677.1434   14.919  0.008    2  1 
  51677.1476   14.919  0.007    2  1 
  51677.1520   14.921  0.007    2  1 
  51677.1564   14.940  0.007    2  1 
  51677.1603   14.930  0.007    2  1 
  51677.1642   14.944  0.007    2  1 
  51677.1680   14.949  0.007    2  1 
  51677.1719   14.949  0.006    2  1 
  51677.1759   14.966  0.007    2  1 
  51677.1797   14.972  0.007    2  1 
  51677.1883   14.983  0.008    2  1 
  51677.1922   14.961  0.007    2  1 
  51677.1960   14.954  0.007    2  1 
  51677.1999   14.960  0.008    2  1 
  51677.2038   14.909  0.006    2  1 
  51677.2083   14.900  0.007    2  1 
  51677.2133   14.856  0.007    2  1 
  51677.2176   14.832  0.009    2  1 
  51677.2233   14.681  0.008    2  1 
  51677.2285   14.517  0.011    2  1 
  51677.2335   14.345  0.007    2  1 
  51677.2391   14.221  0.007    2  1 
  51677.2465   14.038  0.007    2  1 
  51677.2524   13.947  0.005    2  1 
  51677.2571   13.884  0.004    2  1 
  51677.2620   13.849  0.004    2  1 
  51677.2664   13.835  0.004    2  1 
  51677.2708   13.842  0.004    2  1 
  51691.0375   14.894  0.002    2  1 
  51691.0409   14.912  0.004    2  1 
  51691.0444   14.911  0.004    2  1 
  51691.0509   14.928  0.004    2  1 
  51691.0543   14.932  0.005    2  1 
  51691.0579   14.949  0.005    2  1 
  51691.0633   14.959  0.003    2  1 
  51691.0670   14.954  0.003    2  1 
  51691.0711   14.941  0.004    2  1 
  51691.0770   14.926  0.004    2  1 
  51691.0805   14.908  0.005    2  1 
  51691.0840   14.886  0.004    2  1 
  51691.0896   14.836  0.004    2  1 
  51691.0931   14.786  0.004    2  1 
  51691.0971   14.739  0.003    2  1 
  51691.1040   14.559  0.004    2  1 
  51691.1083   14.427  0.004    2  1 
  51691.1122   14.332  0.003    2  1 
  51691.1180   14.207  0.003    2  1 
  51691.1214   14.137  0.003    2  1 
  51691.1249   14.072  0.003    2  1 
  51691.1323   13.935  0.002    2  1 
  51691.1357   13.889  0.002    2  1 
  51691.1392   13.870  0.002    2  1 
  51691.1448   13.851  0.002    2  1 
  51691.1522   13.855  0.002    2  1 
  51691.1561   13.876  0.001    2  1 
  51692.9816   13.925  0.003    2  1 
  51692.9854   13.947  0.003    2  1 
  51693.0130   14.112  0.003    2  1 
  51693.0248   14.161  0.003    2  1 
  51693.0305   14.190  0.003    2  1 
  51693.0340   14.206  0.003    2  1 
  51693.0378   14.215  0.003    2  1 
  51693.9780   14.897  0.005    2  1 
  51693.9814   14.892  0.005    2  1 
  51694.0082   14.810  0.004    2  1 
  51694.0114   14.818  0.004    2  1 
  51694.0148   14.826  0.004    2  1 
  51694.0202   14.824  0.004    2  1 
  51694.0234   14.841  0.004    2  1 
  51694.0267   14.829  0.004    2  1 
  51694.0319   14.848  0.004    2  1 
  51694.0351   14.856  0.004    2  1 
  51694.0384   14.875  0.004    2  1 
  51694.0418   14.868  0.004    2  1 
  51694.0472   14.887  0.004    2  1 
  51694.0505   14.891  0.004    2  1 
  51694.0537   14.899  0.004    2  1 
  51694.0590   14.919  0.004    2  1 
  51694.0623   14.922  0.004    2  1 
  51694.0656   14.925  0.004    2  1 
  51694.0714   14.937  0.004    2  1 
  51694.0748   14.936  0.004    2  1 
  51694.0781   14.949  0.004    2  1 
  51694.0836   14.927  0.004    2  1 
  51694.0868   14.921  0.004    2  1 
  51694.0901   14.925  0.004    2  1 
  51694.0957   14.905  0.004    2  1 
  51694.0989   14.886  0.004    2  1 
  51694.1021   14.877  0.004    2  1 
  51694.1075   14.824  0.004    2  1 
  51694.1106   14.748  0.003    2  1 
  51694.1190   14.610  0.004    2  1 
  51694.1221   14.527  0.003    2  1 
  51694.1252   14.439  0.003    2  1 
  51694.1286   14.339  0.003    2  1 
  51694.9914   14.649  0.004    2  1 
  51695.0280   14.721  0.004    2  1 
  51697.9712   14.552  0.005    2  1 
  51697.9818   14.580  0.004    2  1 
  51765.9746   13.867  0.003    2  1 
  51765.9783   13.878  0.003    2  1 
  51765.9820   13.899  0.003    2  1 
  51765.9974   13.957  0.004    2  1 
  51766.0012   13.985  0.004    2  1 
  51766.0048   14.004  0.004    2  1 
  51766.0194   14.075  0.004    2  1 
  51766.0229   14.094  0.004    2  1 
  51766.0266   14.116  0.004    2  1 
  51766.0301   14.132  0.004    2  1 
  51216.3063   14.266  0.003    3  1 
  51216.3342   14.451  0.003    3  1 
  51216.3572   14.612  0.003    3  1 
  51216.3847   14.749  0.004    3  1 
  51217.2936   15.564  0.006    3  1 
  51217.3214   15.523  0.006    3  1 
  51217.3432   15.455  0.005    3  1 
  51217.3648   15.592  0.002    3  1 
  51217.3852   15.710  0.006    3  1 
  51218.2935   15.202  0.005    3  1 
  51218.3212   15.324  0.005    3  1 
  51218.3442   15.385  0.005    3  1 
  51218.3704   15.468  0.006    3  1 
  51219.2811   14.027  0.001    3  1 
  51219.2844   14.008  0.002    3  1 
  51219.3053   14.127  0.003    3  1 
  51219.3228   14.248  0.003    3  1 
  51219.3465   14.409  0.003    3  1 
  51219.3676   14.529  0.003    3  1 
  51219.3851   14.648  0.003    3  1 
  51220.2805   15.543  0.005    3  1 
  51220.2995   15.584  0.006    3  1 
  51220.3171   15.560  0.006    3  1 
  51220.3523   15.527  0.006    3  1 
  51220.3689   15.587  0.006    3  1 
  51220.3877   15.675  0.008    3  1 
  51221.2691   15.017  0.004    3  1 
  51221.2915   15.117  0.004    3  1 
  51221.3097   15.189  0.004    3  1 
  51221.3270   15.262  0.005    3  1 
  51221.3437   15.344  0.005    3  1 
  51221.3619   15.407  0.005    3  1 
  51221.3854   15.441  0.005    3  1 
  51283.2237   14.352  0.003    3  1 
  51283.2601   14.089  0.002    3  1 
  51283.2830   14.246  0.002    3  1 
  51283.3050   14.404  0.003    3  1 
  51283.3367   14.598  0.003    3  1 
  51283.3600   14.731  0.003    3  1 
  51284.2056   15.518  0.005    3  1 
  51284.2337   15.526  0.005    3  1 
  51284.2542   15.569  0.005    3  1 
  51284.2806   15.538  0.005    3  1 
  51284.3075   15.494  0.005    3  1 
  51284.3333   15.588  0.006    3  1 
  51285.0371   14.249  0.002    3  1 
  51285.0646   14.049  0.002    3  1 
  51285.0885   14.217  0.002    3  1 
  51285.1182   14.411  0.003    3  1 
  51285.1470   14.596  0.003    3  1 
  51285.1698   14.716  0.003    3  1 
  51285.1988   14.852  0.003    3  1 
  51285.2270   15.014  0.004    3  1 
  51285.2539   15.106  0.004    3  1 
  51285.2851   15.248  0.004    3  1 
  51285.3202   15.387  0.005    3  1 
  51285.3496   15.457  0.005    3  1 
  51286.0308   15.524  0.004    3  1 
  51286.0619   15.571  0.005    3  1 
  51286.0871   15.550  0.005    3  1 
  51286.0921   15.553  0.005    3  1 
  51286.1226   15.509  0.004    3  1 
  51286.1512   15.609  0.005    3  1 
  51286.1789   15.695  0.005    3  1 
  51286.2076   15.477  0.005    3  1 
  51286.2389   14.394  0.002    3  1 
  51286.2889   14.170  0.002    3  1 
  51286.3108   14.338  0.002    3  1 
  51286.3335   14.500  0.003    3  1 
  51286.3566   14.636  0.003    3  1 
  51304.9734   14.057  0.002    3  1 
  51305.0076   14.269  0.003    3  1 
  51305.0510   14.541  0.003    3  1 
  51305.0770   14.686  0.003    3  1 
  51305.1004   14.819  0.003    3  1 
  51305.1407   15.018  0.005    3  1 
  51305.1707   15.130  0.005    3  1 
  51305.1996   15.259  0.005    3  1 
  51305.2299   15.370  0.005    3  1 
  51305.2561   15.458  0.006    3  1 
  51305.2836   15.489  0.006    3  1 
  51305.3139   15.538  0.006    3  1 
  51305.9733   15.577  0.005    3  1 
  51306.0117   15.516  0.004    3  1 
  51306.0157   15.478  0.004    3  1 
  51306.0375   15.522  0.005    3  1 
  51306.0735   15.650  0.006    3  1 
  51306.1026   15.638  0.005    3  1 
  51306.1285   15.228  0.004    3  1 
  51306.1517   14.373  0.003    3  1 
  51306.1807   14.041  0.002    3  1 
  51306.2059   14.201  0.002    3  1 
  51306.2269   14.370  0.002    3  1 
  51306.2491   14.510  0.003    3  1 
  51306.2725   14.663  0.003    3  1 
  51306.2932   14.783  0.003    3  1 
  51307.9986   14.068  0.002    3  1 
  51308.0249   14.265  0.002    3  1 
  51308.0524   14.438  0.002    3  1 
  51308.0811   14.624  0.002    3  1 
  51308.0851   14.651  0.002    3  1 
  51308.1202   14.845  0.003    3  1 
  51310.1272   15.486  0.004    3  1 
  51310.1308   15.504  0.005    3  1 
  51314.9714   15.518  0.005    3  1 
  51315.0138   15.568  0.005    3  1 
  51315.0372   15.585  0.005    3  1 
  51315.0710   15.502  0.005    3  1 
  51315.0946   15.556  0.005    3  1 
  51315.1180   15.638  0.005    3  1 
  51316.0597   15.261  0.004    3  1 
  51316.0832   15.354  0.004    3  1 
  51316.1079   15.443  0.005    3  1 
  51316.9780   15.544  0.005    3  1 
  51317.0013   14.740  0.004    3  1 
  51317.0241   14.131  0.003    3  1 
  51317.0523   14.084  0.003    3  1 
  51317.0782   14.300  0.003    3  1 
  51317.1035   14.460  0.003    3  1 
  51317.9808   15.512  0.005    3  1 
  51318.0060   15.531  0.006    3  1 
  51318.0331   15.551  0.008    3  1 
  51318.0898   15.494  0.007    3  1 
  51318.1183   15.546  0.009    3  1 
  51318.9811   14.829  0.003    3  1 
  51319.0058   14.951  0.004    3  1 
  51319.0315   15.075  0.004    3  1 
  51319.0717   15.241  0.004    3  1 
  51319.0961   15.340  0.004    3  1 
  51320.0968   14.438  0.002    3  1 
  51320.1175   14.442  0.002    3  1 
  51320.9771   15.480  0.004    3  1 
  51321.0212   15.522  0.004    3  1 
  51321.0434   15.543  0.004    3  1 
  51321.0658   15.554  0.004    3  1 
  51321.0965   15.528  0.005    3  1 
  51321.1252   15.546  0.005    3  1 
  51333.0403   15.495  0.006    3  1 
  51333.1062   15.541  0.006    3  1 
  51334.9989   15.527  0.004    3  1 
  51335.0432   15.673  0.006    3  1 
  51335.0972   15.024  0.004    3  1 
  51335.1083   14.603  0.004    3  1 
  51336.0103   15.398  0.005    3  1 
  51336.0508   15.472  0.005    3  1 
  51336.0891   15.509  0.006    3  1 
  51338.0075   15.511  0.006    3  1 
  51338.9740   15.188  0.004    3  1 
  51339.0046   15.324  0.005    3  1 
  51339.0385   15.424  0.005    3  1 
  51339.0685   15.498  0.006    3  1 
  51339.1006   15.512  0.006    3  1 
  51339.1280   15.520  0.006    3  1 
  51339.9665   14.030  0.002    3  1 
  51339.9935   14.176  0.002    3  1 
  51340.0189   14.357  0.003    3  1 
  51340.0441   14.543  0.003    3  1 
  51340.0753   14.700  0.003    3  1 
  51340.1041   14.879  0.005    3  1 
  51345.0430   15.345  0.005    3  1 
  51345.0736   15.445  0.004    3  1 
  51345.9747   14.453  0.003    3  1 
  51346.0101   14.061  0.003    3  1 
  51346.0388   14.265  0.003    3  1 
  51346.0670   14.447  0.003    3  1 
  51347.0317   15.558  0.005    3  1 
  51347.0645   15.503  0.005    3  1 
  51347.0896   15.630  0.005    3  1 
  51347.9638   14.919  0.003    3  1 
  51348.0146   15.174  0.004    3  1 
  51348.9591   15.536  0.006    3  1 
  51349.0243   14.047  0.002    3  1 
  51349.9679   15.516  0.005    3  1 
  51364.9721   15.394  0.005    3  1 
  51380.9890   14.064  0.002    3  1 
  51381.9751   15.543  0.005    3  1 
  51382.9716   14.999  0.004    3  1 
  51383.9680   15.222  0.004    3  1 
  51384.9688   15.497  0.004    3  1 
  51385.9645   14.857  0.003    3  1 
  51386.9859   15.194  0.004    3  1 
  51388.9699   14.808  0.004    3  1 
  51389.9715   15.696  0.005    3  1 
  51390.9663   15.493  0.004    3  1 
  51391.9664   14.663  0.002    3  1 
  51672.0213   15.058  0.004    3  1 
  51674.0796   15.548  0.007    3  1 
  51674.9989   14.872  0.004    3  1 
  51675.0396   15.051  0.004    3  1 
  51693.0053   14.344  0.003    3  1 
  51694.0012   15.522  0.005    3  1 
  51695.0214   15.257  0.004    3  1 
  51765.9863   14.119  0.003    3  1 
  51766.0153   14.339  0.003    3  1 
 56468.97641   13.176  0.261   -1  1 
 56469.04707   13.095  0.249   -1  1 
 56469.10896   12.854  0.098   -1  1 
 56469.17285   13.010  0.086   -1  1 
 56471.00364   13.185  0.147   -1  1 
 56471.06640   13.252  0.057   -1  1 
 56471.12490   13.264  0.080   -1  1 
 56471.18188   13.608  0.091   -1  1 
 56471.96759   12.974  0.205   -1  1 
 56472.03374   12.819  0.070   -1  1 
 56472.09484   12.765  0.083   -1  1 
 56472.15243   13.155  0.083   -1  1 
 56468.95296   13.002  0.135   -2  1 
 56469.02441   13.083  0.113   -2  1 
 56469.08813   12.951  0.079   -2  1 
 56469.15134   13.167  0.048   -2  1 
 56471.02588   13.091  0.078   -2  1 
 56471.08671   13.209  0.038   -2  1 
 56471.14302   13.330  0.030   -2  1 
 56471.94704   13.078  0.039   -2  1 
 56472.01085   13.129  0.079   -2  1 
 56472.07480   12.908  0.058   -2  1 
 56472.13240   13.157  0.029   -2  1 
 56472.19216   13.062  0.034   -2  1 
 56469.00041   13.291  0.039   -5  1 
 56469.06767   13.457  0.027   -5  1 
 56469.13003   13.461  0.025   -5  1 
 56469.19349   13.561  0.022   -5  1 
 56470.98130   13.538  0.017   -5  1 
 56471.04693   13.588  0.022   -5  1 
 56471.10523   13.627  0.027   -5  1 
 56471.16397   13.724  0.020   -5  1 
 56471.98857   13.373  0.031   -5  1 
 56472.05430   13.455  0.027   -5  1 
 56472.11383   13.447  0.029   -5  1 
 56472.17109   13.507  0.037   -5  1 
