  51216.3218   14.638  0.005    2  1 
  51216.3464   14.599  0.004    2  1 
  51216.3689   14.630  0.005    2  1 
  51216.3980   14.724  0.006    2  1 
  51217.3101   14.689  0.005    2  1 
  51217.3328   14.609  0.005    2  1 
  51217.3552   14.598  0.004    2  1 
  51217.3759   14.637  0.005    2  1 
  51217.3953   14.702  0.005    2  1 
  51218.2773   14.863  0.005    2  1 
  51218.3093   14.726  0.005    2  1 
  51218.3298   14.659  0.005    2  1 
  51218.3573   14.623  0.005    2  1 
  51218.3794   14.649  0.005    2  1 
  51219.3336   14.714  0.005    2  1 
  51219.3596   14.667  0.005    2  1 
  51219.3768   14.662  0.005    2  1 
  51220.2621   14.830  0.005    2  1 
  51220.2906   14.842  0.005    2  1 
  51220.3077   14.841  0.005    2  1 
  51220.3257   14.814  0.005    2  1 
  51220.3432   14.778  0.005    2  1 
  51220.3602   14.735  0.005    2  1 
  51220.3776   14.702  0.005    2  1 
  51221.2835   14.845  0.005    2  1 
  51221.3009   14.874  0.005    2  1 
  51221.3188   14.878  0.005    2  1 
  51221.3358   14.874  0.005    2  1 
  51221.3538   14.841  0.005    2  1 
  51221.3722   14.771  0.005    2  1 
  51283.2451   14.924  0.005    2  1 
  51283.2493   14.925  0.005    2  1 
  51283.2714   14.914  0.005    2  1 
  51283.2748   14.909  0.005    2  1 
  51283.2939   14.853  0.004    2  1 
  51283.2972   14.843  0.004    2  1 
  51283.3202   14.720  0.004    2  1 
  51283.3234   14.705  0.004    2  1 
  51283.3487   14.620  0.004    2  1 
  51283.3518   14.617  0.004    2  1 
  51283.3707   14.604  0.004    2  1 
  51283.3738   14.607  0.004    2  1 
  51284.2195   14.840  0.005    2  1 
  51284.2229   14.843  0.004    2  1 
  51284.2413   14.875  0.005    2  1 
  51284.2443   14.879  0.005    2  1 
  51284.2617   14.890  0.005    2  1 
  51284.2648   14.889  0.004    2  1 
  51284.2942   14.856  0.005    2  1 
  51284.2973   14.841  0.004    2  1 
  51284.3168   14.778  0.004    2  1 
  51284.3211   14.766  0.005    2  1 
  51284.3428   14.698  0.004    2  1 
  51284.3464   14.682  0.004    2  1 
  51285.0513   14.832  0.004    2  1 
  51285.0543   14.835  0.004    2  1 
  51285.0739   14.800  0.004    2  1 
  51285.0778   14.788  0.004    2  1 
  51285.0975   14.742  0.004    2  1 
  51285.1006   14.739  0.004    2  1 
  51285.1324   14.678  0.004    2  1 
  51285.1360   14.675  0.004    2  1 
  51285.1558   14.676  0.004    2  1 
  51285.1588   14.684  0.004    2  1 
  51285.1796   14.709  0.004    2  1 
  51285.1830   14.719  0.004    2  1 
  51285.2125   14.764  0.004    2  1 
  51285.2157   14.768  0.004    2  1 
  51285.2362   14.804  0.005    2  1 
  51285.2426   14.806  0.004    2  1 
  51285.2630   14.833  0.005    2  1 
  51285.2666   14.836  0.005    2  1 
  51285.2998   14.842  0.005    2  1 
  51285.3033   14.842  0.005    2  1 
  51285.3308   14.802  0.005    2  1 
  51285.3348   14.791  0.004    2  1 
  51285.3382   14.783  0.004    2  1 
  51286.0461   14.843  0.004    2  1 
  51286.0493   14.840  0.004    2  1 
  51286.0716   14.851  0.004    2  1 
  51286.0753   14.852  0.004    2  1 
  51286.1026   14.815  0.004    2  1 
  51286.1061   14.807  0.004    2  1 
  51286.1365   14.726  0.004    2  1 
  51286.1398   14.713  0.004    2  1 
  51286.1608   14.692  0.004    2  1 
  51286.1639   14.689  0.004    2  1 
  51286.1669   14.685  0.004    2  1 
  51286.1875   14.687  0.004    2  1 
  51286.1908   14.680  0.004    2  1 
  51286.2255   14.719  0.004    2  1 
  51286.2285   14.723  0.004    2  1 
  51286.2476   14.751  0.004    2  1 
  51286.2508   14.757  0.004    2  1 
  51286.2697   14.790  0.004    2  1 
  51286.2727   14.799  0.004    2  1 
  51286.3022   14.848  0.004    2  1 
  51286.3055   14.853  0.004    2  1 
  51286.3218   14.860  0.004    2  1 
  51286.3250   14.861  0.004    2  1 
  51286.3450   14.852  0.004    2  1 
  51286.3481   14.846  0.004    2  1 
  51304.9873   14.708  0.004    2  1 
  51304.9926   14.712  0.004    2  1 
  51305.0328   14.787  0.004    2  1 
  51305.0362   14.783  0.004    2  1 
  51305.0559   14.809  0.005    2  1 
  51305.0599   14.815  0.005    2  1 
  51305.0890   14.838  0.004    2  1 
  51305.0922   14.841  0.004    2  1 
  51305.1235   14.820  0.005    2  1 
  51305.1269   14.822  0.005    2  1 
  51305.1509   14.774  0.005    2  1 
  51305.1547   14.768  0.005    2  1 
  51305.1853   14.695  0.004    2  1 
  51305.1885   14.695  0.005    2  1 
  51305.2098   14.681  0.004    2  1 
  51305.2128   14.678  0.004    2  1 
  51305.2431   14.708  0.004    2  1 
  51305.2461   14.715  0.004    2  1 
  51305.2704   14.742  0.004    2  1 
  51305.2734   14.751  0.004    2  1 
  51305.2966   14.778  0.004    2  1 
  51305.2995   14.783  0.004    2  1 
  51305.9857   14.677  0.003    2  1 
  51305.9885   14.678  0.003    2  1 
  51305.9912   14.674  0.003    2  1 
  51306.0256   14.700  0.003    2  1 
  51306.0285   14.704  0.003    2  1 
  51306.0465   14.728  0.004    2  1 
  51306.0498   14.733  0.004    2  1 
  51306.0896   14.812  0.004    2  1 
  51306.0930   14.817  0.004    2  1 
  51306.1123   14.851  0.004    2  1 
  51306.1151   14.856  0.004    2  1 
  51306.1375   14.867  0.004    2  1 
  51306.1405   14.870  0.004    2  1 
  51306.1636   14.822  0.004    2  1 
  51306.1673   14.818  0.004    2  1 
  51306.1937   14.738  0.004    2  1 
  51306.1966   14.731  0.004    2  1 
  51306.2146   14.685  0.004    2  1 
  51306.2178   14.681  0.004    2  1 
  51306.2343   14.667  0.003    2  1 
  51306.2380   14.664  0.003    2  1 
  51306.2574   14.666  0.003    2  1 
  51306.2602   14.665  0.003    2  1 
  51306.2805   14.685  0.003    2  1 
  51306.2835   14.689  0.003    2  1 
  51306.3009   14.725  0.004    2  1 
  51306.3038   14.734  0.004    2  1 
  51306.3135   14.750  0.004    2  1 
  51306.3184   14.759  0.005    2  1 
  51307.0456   14.678  0.004    2  1 
  51307.0501   14.685  0.005    2  1 
  51307.0593   14.707  0.004    2  1 
  51307.0645   14.724  0.003    2  1 
  51307.0699   14.745  0.007    2  1 
  51307.0747   14.758  0.005    2  1 
  51308.0084   14.604  0.003    2  1 
  51308.0112   14.596  0.003    2  1 
  51308.0334   14.611  0.003    2  1 
  51308.0362   14.622  0.003    2  1 
  51308.0394   14.624  0.003    2  1 
  51308.0633   14.694  0.003    2  1 
  51308.0663   14.709  0.003    2  1 
  51308.0995   14.828  0.004    2  1 
  51308.1031   14.832  0.004    2  1 
  51308.1280   14.909  0.004    2  1 
  51308.1309   14.909  0.004    2  1 
  51310.0850   14.741  0.003    2  1 
  51310.0874   14.761  0.003    2  1 
  51310.0897   14.753  0.003    2  1 
  51310.0922   14.773  0.003    2  1 
  51310.1430   14.878  0.004    2  1 
  51310.1458   14.886  0.004    2  1 
  51310.1486   14.886  0.004    2  1 
  51311.0244   14.673  0.005    2  1 
  51311.0302   14.661  0.005    2  1 
  51311.0334   14.658  0.005    2  1 
  51311.0506   14.674  0.003    2  1 
  51311.0539   14.665  0.003    2  1 
  51311.0637   14.679  0.004    2  1 
  51311.0669   14.690  0.005    2  1 
  51311.0702   14.685  0.003    2  1 
  51311.0907   14.726  0.005    2  1 
  51311.0946   14.738  0.004    2  1 
  51311.0980   14.734  0.004    2  1 
  51311.1015   14.744  0.004    2  1 
  51311.1071   14.755  0.004    2  1 
  51311.1298   14.801  0.005    2  1 
  51311.1327   14.807  0.005    2  1 
  51311.1357   14.812  0.005    2  1 
  51311.1398   14.818  0.004    2  1 
  51311.1447   14.826  0.005    2  1 
  51311.9726   14.820  0.005    2  1 
  51311.9755   14.834  0.005    2  1 
  51312.0020   14.802  0.004    2  1 
  51312.0049   14.791  0.004    2  1 
  51312.0255   14.742  0.004    2  1 
  51312.0284   14.733  0.004    2  1 
  51312.0314   14.727  0.004    2  1 
  51312.0584   14.686  0.004    2  1 
  51312.0611   14.685  0.004    2  1 
  51312.0638   14.683  0.004    2  1 
  51312.0903   14.693  0.003    2  1 
  51312.0929   14.695  0.003    2  1 
  51312.0955   14.696  0.003    2  1 
  51312.1146   14.708  0.004    2  1 
  51312.1173   14.716  0.004    2  1 
  51312.1200   14.721  0.004    2  1 
  51312.9860   14.879  0.004    2  1 
  51312.9887   14.877  0.004    2  1 
  51312.9913   14.875  0.004    2  1 
  51313.0096   14.868  0.004    2  1 
  51313.0123   14.858  0.004    2  1 
  51313.0149   14.850  0.004    2  1 
  51313.0333   14.800  0.004    2  1 
  51313.0360   14.796  0.004    2  1 
  51313.0386   14.783  0.004    2  1 
  51313.0413   14.773  0.004    2  1 
  51313.0595   14.708  0.004    2  1 
  51313.0622   14.706  0.004    2  1 
  51313.0648   14.699  0.004    2  1 
  51313.0911   14.655  0.004    2  1 
  51313.0937   14.657  0.004    2  1 
  51313.0964   14.652  0.003    2  1 
  51313.1146   14.647  0.004    2  1 
  51313.1172   14.652  0.004    2  1 
  51313.1199   14.653  0.004    2  1 
  51313.1226   14.656  0.004    2  1 
  51313.9843   14.905  0.004    2  1 
  51313.9872   14.907  0.005    2  1 
  51313.9901   14.919  0.005    2  1 
  51314.0178   14.907  0.005    2  1 
  51314.0207   14.905  0.005    2  1 
  51314.0236   14.896  0.004    2  1 
  51314.0432   14.830  0.004    2  1 
  51314.0461   14.813  0.004    2  1 
  51314.0490   14.798  0.004    2  1 
  51314.0772   14.671  0.004    2  1 
  51314.0802   14.664  0.004    2  1 
  51314.0831   14.652  0.004    2  1 
  51314.1030   14.619  0.004    2  1 
  51314.1059   14.623  0.004    2  1 
  51314.1088   14.615  0.004    2  1 
  51314.1289   14.614  0.004    2  1 
  51314.1333   14.628  0.004    2  1 
  51314.1363   14.630  0.004    2  1 
  51314.9827   14.912  0.004    2  1 
  51314.9856   14.919  0.004    2  1 
  51314.9885   14.928  0.004    2  1 
  51315.0015   14.938  0.005    2  1 
  51315.0043   14.938  0.004    2  1 
  51315.0069   14.944  0.004    2  1 
  51315.0251   14.923  0.004    2  1 
  51315.0277   14.922  0.004    2  1 
  51315.0304   14.914  0.004    2  1 
  51315.0489   14.843  0.004    2  1 
  51315.0516   14.827  0.004    2  1 
  51315.0542   14.817  0.004    2  1 
  51315.0780   14.685  0.004    2  1 
  51315.0807   14.672  0.004    2  1 
  51315.0833   14.658  0.004    2  1 
  51315.1015   14.609  0.004    2  1 
  51315.1041   14.605  0.004    2  1 
  51315.1068   14.598  0.004    2  1 
  51315.1290   14.593  0.004    2  1 
  51315.1319   14.603  0.004    2  1 
  51316.0194   14.923  0.004    2  1 
  51316.0221   14.926  0.004    2  1 
  51316.0247   14.919  0.004    2  1 
  51316.0431   14.881  0.004    2  1 
  51316.0458   14.872  0.004    2  1 
  51316.0485   14.865  0.004    2  1 
  51316.0667   14.775  0.004    2  1 
  51316.0693   14.765  0.004    2  1 
  51316.0720   14.750  0.004    2  1 
  51316.0905   14.664  0.004    2  1 
  51316.0934   14.652  0.004    2  1 
  51316.0963   14.644  0.004    2  1 
  51316.1148   14.603  0.003    2  1 
  51316.1175   14.604  0.004    2  1 
  51316.1201   14.598  0.003    2  1 
  51316.9647   14.809  0.004    2  1 
  51316.9676   14.817  0.004    2  1 
  51316.9705   14.821  0.005    2  1 
  51316.9896   14.863  0.004    2  1 
  51316.9923   14.860  0.004    2  1 
  51316.9949   14.866  0.004    2  1 
  51317.0088   14.880  0.005    2  1 
  51317.0117   14.884  0.004    2  1 
  51317.0321   14.882  0.005    2  1 
  51317.0351   14.881  0.005    2  1 
  51317.0391   14.875  0.005    2  1 
  51317.0602   14.826  0.004    2  1 
  51317.0631   14.818  0.004    2  1 
  51317.0660   14.804  0.004    2  1 
  51317.0858   14.735  0.004    2  1 
  51317.0887   14.732  0.004    2  1 
  51317.0916   14.717  0.004    2  1 
  51317.1111   14.665  0.004    2  1 
  51317.1140   14.659  0.004    2  1 
  51317.1169   14.649  0.004    2  1 
  51317.9628   14.760  0.004    2  1 
  51317.9657   14.759  0.005    2  1 
  51317.9685   14.769  0.005    2  1 
  51317.9883   14.798  0.005    2  1 
  51317.9912   14.797  0.004    2  1 
  51317.9941   14.802  0.004    2  1 
  51318.0135   14.827  0.005    2  1 
  51318.0164   14.825  0.005    2  1 
  51318.0194   14.830  0.005    2  1 
  51318.0413   14.838  0.005    2  1 
  51318.0445   14.840  0.005    2  1 
  51318.0477   14.838  0.005    2  1 
  51318.0697   14.825  0.005    2  1 
  51318.0730   14.817  0.005    2  1 
  51318.0762   14.809  0.005    2  1 
  51318.0981   14.770  0.005    2  1 
  51318.1014   14.763  0.005    2  1 
  51318.1046   14.756  0.005    2  1 
  51318.1265   14.711  0.005    2  1 
  51318.1298   14.704  0.005    2  1 
  51318.9642   14.695  0.004    2  1 
  51318.9680   14.693  0.004    2  1 
  51318.9708   14.705  0.004    2  1 
  51318.9737   14.704  0.004    2  1 
  51318.9929   14.732  0.004    2  1 
  51318.9956   14.730  0.004    2  1 
  51318.9983   14.739  0.004    2  1 
  51319.0180   14.776  0.005    2  1 
  51319.0209   14.781  0.004    2  1 
  51319.0238   14.782  0.004    2  1 
  51319.0443   14.819  0.005    2  1 
  51319.0474   14.826  0.005    2  1 
  51319.0505   14.830  0.005    2  1 
  51319.0793   14.857  0.004    2  1 
  51319.0820   14.859  0.004    2  1 
  51319.0847   14.857  0.004    2  1 
  51319.1030   14.847  0.004    2  1 
  51319.1084   14.835  0.004    2  1 
  51319.1110   14.834  0.004    2  1 
  51320.1030   14.911  0.003    2  1 
  51320.1053   14.902  0.003    2  1 
  51320.1076   14.906  0.003    2  1 
  51320.1238   14.872  0.003    2  1 
  51320.1261   14.873  0.003    2  1 
  51320.1284   14.862  0.003    2  1 
  51320.1450   14.797  0.004    2  1 
  51320.1477   14.789  0.004    2  1 
  51320.1503   14.775  0.004    2  1 
  51320.9635   14.603  0.004    2  1 
  51320.9664   14.595  0.004    2  1 
  51320.9693   14.598  0.004    2  1 
  51320.9887   14.621  0.003    2  1 
  51320.9911   14.627  0.003    2  1 
  51320.9936   14.636  0.003    2  1 
  51321.0102   14.683  0.003    2  1 
  51321.0126   14.688  0.003    2  1 
  51321.0150   14.696  0.003    2  1 
  51321.0318   14.729  0.003    2  1 
  51321.0344   14.769  0.004    2  1 
  51321.0369   14.779  0.004    2  1 
  51321.0543   14.831  0.004    2  1 
  51321.0568   14.839  0.004    2  1 
  51321.0594   14.852  0.004    2  1 
  51321.0847   14.912  0.004    2  1 
  51321.0873   14.919  0.004    2  1 
  51321.0898   14.920  0.004    2  1 
  51321.1133   14.930  0.004    2  1 
  51321.1159   14.929  0.004    2  1 
  51321.1186   14.929  0.004    2  1 
  51321.1339   14.895  0.004    2  1 
  51321.1365   14.892  0.004    2  1 
  51332.9696   14.740  0.006    2  1 
  51332.9739   14.746  0.006    2  1 
  51332.9891   14.786  0.005    2  1 
  51332.9928   14.800  0.006    2  1 
  51332.9965   14.812  0.006    2  1 
  51333.0083   14.850  0.005    2  1 
  51333.0120   14.857  0.005    2  1 
  51333.0226   14.871  0.005    2  1 
  51333.0264   14.886  0.005    2  1 
  51333.0514   14.900  0.006    2  1 
  51333.0552   14.901  0.006    2  1 
  51333.0742   14.875  0.006    2  1 
  51333.0779   14.861  0.006    2  1 
  51333.0907   14.821  0.005    2  1 
  51333.0945   14.803  0.005    2  1 
  51333.1178   14.713  0.005    2  1 
  51333.1221   14.701  0.005    2  1 
  51333.1335   14.673  0.005    2  1 
  51333.1369   14.675  0.005    2  1 
  51333.1529   14.642  0.005    2  1 
  51333.1565   14.643  0.005    2  1 
  51333.1716   14.641  0.005    2  1 
  51333.1752   14.644  0.005    2  1 
  51334.9841   14.749  0.004    2  1 
  51334.9871   14.756  0.004    2  1 
  51335.0175   14.856  0.004    2  1 
  51335.0204   14.870  0.004    2  1 
  51335.0301   14.891  0.005    2  1 
  51335.0334   14.901  0.005    2  1 
  51335.0517   14.929  0.005    2  1 
  51335.0552   14.940  0.005    2  1 
  51335.0692   14.939  0.005    2  1 
  51335.0727   14.932  0.005    2  1 
  51335.0833   14.920  0.005    2  1 
  51335.0867   14.911  0.005    2  1 
  51335.1133   14.812  0.005    2  1 
  51335.1167   14.782  0.005    2  1 
  51335.9535   14.641  0.005    2  1 
  51335.9726   14.697  0.005    2  1 
  51335.9768   14.714  0.005    2  1 
  51335.9997   14.784  0.004    2  1 
  51336.0027   14.788  0.004    2  1 
  51336.0203   14.836  0.005    2  1 
  51336.0236   14.846  0.005    2  1 
  51336.0357   14.879  0.005    2  1 
  51336.0388   14.882  0.005    2  1 
  51336.0593   14.913  0.005    2  1 
  51336.0629   14.912  0.005    2  1 
  51336.0769   14.920  0.005    2  1 
  51336.0803   14.909  0.005    2  1 
  51336.1025   14.861  0.005    2  1 
  51336.1059   14.854  0.005    2  1 
  51336.1206   14.796  0.005    2  1 
  51336.1240   14.777  0.005    2  1 
  51337.0101   14.777  0.004    2  1 
  51337.9904   14.697  0.005    2  1 
  51337.9940   14.700  0.005    2  1 
  51338.0162   14.731  0.005    2  1 
  51338.0196   14.730  0.005    2  1 
  51338.0339   14.753  0.005    2  1 
  51338.0376   14.761  0.006    2  1 
  51338.9901   14.675  0.004    2  1 
  51338.9938   14.672  0.004    2  1 
  51339.0226   14.669  0.005    2  1 
  51339.0269   14.681  0.005    2  1 
  51339.0867   14.785  0.005    2  1 
  51339.0905   14.798  0.005    2  1 
  51339.1139   14.853  0.005    2  1 
  51339.1177   14.857  0.005    2  1 
  51339.1448   14.875  0.005    2  1 
  51339.1482   14.882  0.005    2  1 
  51339.9766   14.695  0.004    2  1 
  51339.9795   14.689  0.004    2  1 
  51340.0044   14.634  0.004    2  1 
  51340.0078   14.628  0.004    2  1 
  51340.0274   14.630  0.004    2  1 
  51340.0306   14.630  0.004    2  1 
  51340.0540   14.672  0.004    2  1 
  51340.0572   14.680  0.005    2  1 
  51340.0857   14.776  0.005    2  1 
  51340.0892   14.786  0.005    2  1 
  51340.1152   14.859  0.005    2  1 
  51340.1197   14.870  0.005    2  1 
  51340.1229   14.885  0.005    2  1 
  51340.1263   14.888  0.005    2  1 
  51340.1404   14.914  0.005    2  1 
  51340.1437   14.918  0.005    2  1 
  51344.9924   14.840  0.004    2  1 
  51344.9958   14.843  0.004    2  1 
  51344.9988   14.839  0.004    2  1 
  51345.0216   14.796  0.004    2  1 
  51345.0255   14.790  0.005    2  1 
  51345.0302   14.774  0.005    2  1 
  51345.0553   14.714  0.004    2  1 
  51345.0603   14.699  0.004    2  1 
  51345.9856   14.878  0.006    2  1 
  51345.9896   14.884  0.005    2  1 
  51346.0219   14.874  0.006    2  1 
  51346.0264   14.860  0.005    2  1 
  51346.0486   14.789  0.005    2  1 
  51346.0523   14.772  0.005    2  1 
  51346.0791   14.684  0.004    2  1 
  51346.0826   14.670  0.004    2  1 
  51347.0416   14.884  0.005    2  1 
  51347.0453   14.866  0.004    2  1 
  51347.0743   14.719  0.004    2  1 
  51347.0777   14.702  0.004    2  1 
  51347.0990   14.638  0.004    2  1 
  51347.1022   14.634  0.003    2  1 
  51347.9769   14.880  0.005    2  1 
  51347.9802   14.890  0.005    2  1 
  51347.9834   14.898  0.005    2  1 
  51347.9983   14.923  0.005    2  1 
  51348.0028   14.929  0.005    2  1 
  51348.0063   14.932  0.005    2  1 
  51348.0242   14.940  0.005    2  1 
  51348.0274   14.932  0.005    2  1 
  51348.0943   14.654  0.005    2  1 
  51348.0983   14.643  0.005    2  1 
  51348.1018   14.637  0.005    2  1 
  51348.9650   14.814  0.005    2  1 
  51348.9682   14.826  0.005    2  1 
  51348.9853   14.872  0.004    2  1 
  51348.9883   14.875  0.004    2  1 
  51348.9912   14.881  0.004    2  1 
  51349.0316   14.920  0.005    2  1 
  51349.0346   14.907  0.005    2  1 
  51349.9815   14.813  0.004    2  1 
  51349.9851   14.823  0.004    2  1 
  51349.9973   14.844  0.004    2  1 
  51350.0033   14.850  0.005    2  1 
  51350.0066   14.859  0.005    2  1 
  51350.0164   14.868  0.005    2  1 
  51350.0197   14.872  0.005    2  1 
  51350.0296   14.864  0.005    2  1 
  51380.9973   14.904  0.004    2  1 
  51381.0004   14.914  0.004    2  1 
  51381.0031   14.924  0.004    2  1 
  51381.0187   14.943  0.004    2  1 
  51381.0214   14.945  0.004    2  1 
  51381.0242   14.946  0.004    2  1 
  51381.9830   14.842  0.005    2  1 
  51381.9859   14.842  0.005    2  1 
  51381.9888   14.857  0.005    2  1 
  51382.0000   14.879  0.004    2  1 
  51382.0029   14.879  0.004    2  1 
  51382.9793   14.774  0.005    2  1 
  51382.9826   14.790  0.004    2  1 
  51382.9857   14.796  0.004    2  1 
  51382.9965   14.816  0.005    2  1 
  51382.9995   14.817  0.005    2  1 
  51383.9746   14.716  0.004    2  1 
  51383.9773   14.719  0.004    2  1 
  51383.9799   14.724  0.004    2  1 
  51383.9899   14.740  0.004    2  1 
  51383.9926   14.746  0.004    2  1 
  51384.9751   14.662  0.003    2  1 
  51384.9777   14.667  0.003    2  1 
  51384.9802   14.670  0.003    2  1 
  51384.9896   14.673  0.003    2  1 
  51384.9921   14.675  0.003    2  1 
  51385.9711   14.624  0.003    2  1 
  51385.9737   14.617  0.004    2  1 
  51385.9763   14.619  0.003    2  1 
  51385.9857   14.614  0.004    2  1 
  51385.9884   14.610  0.004    2  1 
  51386.9965   14.604  0.004    2  1 
  51387.0003   14.610  0.004    2  1 
  51387.0041   14.622  0.004    2  1 
  51387.0216   14.663  0.005    2  1 
  51387.0254   14.675  0.004    2  1 
  51387.0293   14.709  0.005    2  1 
  51388.9801   14.647  0.005    2  1 
  51388.9834   14.640  0.004    2  1 
  51388.9866   14.640  0.004    2  1 
  51388.9984   14.636  0.005    2  1 
  51389.0017   14.636  0.005    2  1 
  51389.9783   14.727  0.004    2  1 
  51389.9809   14.720  0.004    2  1 
  51389.9836   14.715  0.004    2  1 
  51390.9729   14.825  0.004    2  1 
  51390.9756   14.813  0.004    2  1 
  51390.9783   14.812  0.004    2  1 
  51391.9728   14.882  0.003    2  1 
  51391.9754   14.874  0.003    2  1 
  51391.9779   14.879  0.004    2  1 
  51671.0871   14.680  0.004    2  1 
  51671.0917   14.676  0.004    2  1 
  51671.0952   14.662  0.004    2  1 
  51671.1189   14.651  0.004    2  1 
  51671.1232   14.654  0.004    2  1 
  51671.9996   14.824  0.004    2  1 
  51672.0039   14.835  0.004    2  1 
  51672.0350   14.841  0.004    2  1 
  51672.0382   14.847  0.004    2  1 
  51673.0232   14.826  0.004    2  1 
  51674.0574   14.900  0.006    2  1 
  51674.0620   14.905  0.006    2  1 
  51674.0938   14.912  0.006    2  1 
  51674.0985   14.898  0.006    2  1 
  51674.1159   14.851  0.005    2  1 
  51674.1223   14.825  0.005    2  1 
  51674.9763   14.645  0.005    2  1 
  51674.9824   14.658  0.005    2  1 
  51675.0212   14.793  0.006    2  1 
  51676.0163   14.765  0.004    2  1 
  51692.9816   14.664  0.004    2  1 
  51692.9854   14.668  0.004    2  1 
  51693.9780   14.640  0.004    2  1 
  51693.9814   14.639  0.004    2  1 
  51694.9914   14.608  0.004    2  1 
  51694.9946   14.594  0.004    2  1 
  51765.9974   14.914  0.005    2  1 
  51766.0012   14.920  0.005    2  1 
  51766.0048   14.920  0.005    2  1 
  51766.0266   14.900  0.005    2  1 
  51766.0301   14.883  0.005    2  1 
  51216.3408   14.836  0.003    3  1 
  51216.3634   14.857  0.003    3  1 
  51216.3905   14.962  0.004    3  1 
  51217.3019   15.019  0.004    3  1 
  51217.3494   14.827  0.003    3  1 
  51217.3906   14.945  0.004    3  1 
  51218.2854   15.175  0.005    3  1 
  51218.3156   14.983  0.004    3  1 
  51218.3347   14.899  0.003    3  1 
  51218.3653   14.865  0.003    3  1 
  51218.3848   14.920  0.004    3  1 
  51219.2918   15.160  0.004    3  1 
  51219.3100   15.095  0.004    3  1 
  51219.3296   15.018  0.004    3  1 
  51219.3536   14.949  0.004    3  1 
  51219.3723   14.927  0.003    3  1 
  51220.2720   15.189  0.004    3  1 
  51220.2946   15.186  0.004    3  1 
  51220.3117   15.177  0.004    3  1 
  51220.3473   15.076  0.004    3  1 
  51220.3643   15.015  0.004    3  1 
  51220.3816   14.977  0.004    3  1 
  51221.2763   15.176  0.004    3  1 
  51221.2964   15.228  0.004    3  1 
  51221.3145   15.265  0.004    3  1 
  51221.3318   15.233  0.004    3  1 
  51221.3496   15.195  0.004    3  1 
  51221.3673   15.111  0.004    3  1 
  51283.2546   15.311  0.004    3  1 
  51283.2783   15.283  0.004    3  1 
  51283.3008   15.174  0.003    3  1 
  51283.3322   14.951  0.003    3  1 
  51283.3553   14.867  0.003    3  1 
  51283.3773   14.889  0.003    3  1 
  51284.2134   15.156  0.004    3  1 
  51284.2375   15.230  0.004    3  1 
  51284.2581   15.259  0.004    3  1 
  51284.2875   15.227  0.004    3  1 
  51284.3124   15.123  0.004    3  1 
  51284.3383   14.998  0.004    3  1 
  51285.0451   15.185  0.003    3  1 
  51285.0691   15.127  0.003    3  1 
  51285.0932   15.050  0.003    3  1 
  51285.1257   14.947  0.003    3  1 
  51285.1514   14.935  0.003    3  1 
  51285.1754   14.976  0.003    3  1 
  51285.2060   15.050  0.003    3  1 
  51285.2321   15.114  0.004    3  1 
  51285.2586   15.169  0.004    3  1 
  51285.2928   15.186  0.004    3  1 
  51285.3257   15.152  0.003    3  1 
  51286.0393   15.176  0.003    3  1 
  51286.0670   15.191  0.003    3  1 
  51286.0977   15.177  0.004    3  1 
  51286.1302   15.037  0.003    3  1 
  51286.1833   14.953  0.003    3  1 
  51286.2193   14.986  0.003    3  1 
  51286.2434   15.048  0.003    3  1 
  51286.2655   15.101  0.003    3  1 
  51286.2958   15.190  0.003    3  1 
  51286.3291   15.242  0.004    3  1 
  51286.3521   15.205  0.004    3  1 
  51304.9838   14.995  0.003    3  1 
  51305.0251   15.079  0.004    3  1 
  51305.0718   15.162  0.004    3  1 
  51305.0961   15.186  0.004    3  1 
  51305.1465   15.102  0.005    3  1 
  51305.1755   15.005  0.004    3  1 
  51305.2054   14.950  0.004    3  1 
  51305.2345   14.976  0.004    3  1 
  51305.2666   15.041  0.004    3  1 
  51305.2880   15.098  0.004    3  1 
  51305.9773   14.961  0.003    3  1 
  51306.0428   15.016  0.004    3  1 
  51306.0809   15.120  0.004    3  1 
  51306.1330   15.221  0.004    3  1 
  51306.1578   15.174  0.004    3  1 
  51306.1875   15.065  0.003    3  1 
  51306.2101   14.974  0.003    3  1 
  51306.2308   14.961  0.003    3  1 
  51306.2771   14.981  0.003    3  1 
  51306.2972   15.032  0.003    3  1 
  51308.0025   14.858  0.003    3  1 
  51308.0600   14.955  0.003    3  1 
  51308.0958   15.150  0.003    3  1 
  51308.1244   15.263  0.004    3  1 
  51311.9792   15.182  0.005    3  1 
  51311.9983   15.130  0.004    3  1 
  51312.0087   15.099  0.004    3  1 
  51312.0350   15.004  0.003    3  1 
  51312.0550   14.961  0.003    3  1 
  51312.0672   14.951  0.003    3  1 
  51312.0870   14.962  0.003    3  1 
  51312.0988   14.974  0.003    3  1 
  51312.9828   15.239  0.003    3  1 
  51313.0063   15.218  0.003    3  1 
  51313.0300   15.143  0.003    3  1 
  51313.1113   14.919  0.003    3  1 
  51313.9807   15.290  0.004    3  1 
  51314.0143   15.289  0.004    3  1 
  51314.0397   15.189  0.004    3  1 
  51314.1124   14.850  0.004    3  1 
  51314.9752   15.265  0.004    3  1 
  51315.0102   15.332  0.004    3  1 
  51315.0336   15.274  0.004    3  1 
  51315.0747   14.981  0.003    3  1 
  51315.0982   14.864  0.003    3  1 
  51315.1216   14.824  0.003    3  1 
  51316.0399   15.256  0.003    3  1 
  51316.0634   15.122  0.003    3  1 
  51316.0869   14.950  0.003    3  1 
  51316.1115   14.858  0.003    3  1 
  51316.9740   15.168  0.004    3  1 
  51317.0052   15.260  0.005    3  1 
  51317.0282   15.292  0.007    3  1 
  51317.0566   15.176  0.004    3  1 
  51317.0822   15.041  0.004    3  1 
  51317.1075   14.933  0.004    3  1 
  51317.9847   15.107  0.004    3  1 
  51318.0099   15.163  0.005    3  1 
  51318.0374   15.204  0.006    3  1 
  51318.0942   15.090  0.013    3  1 
  51318.1226   14.988  0.005    3  1 
  51318.9772   14.987  0.003    3  1 
  51319.0019   15.044  0.004    3  1 
  51319.0274   15.108  0.004    3  1 
  51319.0757   15.209  0.004    3  1 
  51319.0997   15.198  0.004    3  1 
  51320.1000   15.158  0.003    3  1 
  51320.1208   15.237  0.003    3  1 
  51320.1417   15.142  0.003    3  1 
  51320.9728   14.841  0.003    3  1 
  51320.9965   14.928  0.002    3  1 
  51321.0180   14.986  0.003    3  1 
  51321.0400   15.106  0.003    3  1 
  51321.0930   15.324  0.004    3  1 
  51321.1217   15.306  0.004    3  1 
  51380.9937   15.272  0.004    3  1 
  51381.9793   15.178  0.004    3  1 
  51382.9755   15.085  0.005    3  1 
  51384.9721   14.967  0.002    3  1 
  51385.9679   14.886  0.003    3  1 
  51386.9917   14.835  0.003    3  1 
  51388.9755   14.911  0.004    3  1 
  51389.9750   15.030  0.003    3  1 
  51390.9697   15.251  0.004    3  1 
  51693.9923   14.872  0.003    3  1 
 56468.97641   13.834  0.025   -1  1 
 56469.04707   13.889  0.023   -1  1 
 56469.10896   13.933  0.032   -1  1 
 56469.17285   13.833  0.007   -1  1 
 56471.00364   13.959  0.022   -1  1 
 56471.06640   13.885  0.011   -1  1 
 56471.12490   13.895  0.015   -1  1 
 56471.18188   14.197  0.034   -1  1 
 56471.96759   14.187  0.032   -1  1 
 56472.03374   13.835  0.019   -1  1 
 56472.09484   13.876  0.008   -1  1 
 56472.15243   13.956  0.014   -1  1 
 56468.95296   13.918  0.029   -2  1 
 56469.02441   13.783  0.018   -2  1 
 56469.08813   13.926  0.028   -2  1 
 56469.15134   13.868  0.024   -2  1 
 56471.02588   13.858  0.022   -2  1 
 56471.08671   13.916  0.011   -2  1 
 56471.14302   13.911  0.010   -2  1 
 56471.94704   13.790  0.034   -2  1 
 56472.01085   14.008  0.058   -2  1 
 56472.07480   13.889  0.026   -2  1 
 56472.13240   13.756  0.023   -2  1 
 56472.19216   13.846  0.009   -2  1 
 56469.00041   14.023  0.012   -5  1 
 56469.06767   14.056  0.008   -5  1 
 56469.13003   14.030  0.025   -5  1 
 56469.19349   13.997  0.009   -5  1 
 56470.98130   14.481  0.073   -5  1 
 56471.04693   14.062  0.011   -5  1 
 56471.10523   14.104  0.009   -5  1 
 56471.16397   14.106  0.017   -5  1 
 56471.98857   13.965  0.015   -5  1 
 56472.05430   14.031  0.006   -5  1 
 56472.11383   14.066  0.009   -5  1 
 56472.17109   13.999  0.009   -5  1 
