  51216.3218   14.671  0.005    2  1 
  51216.3464   14.625  0.005    2  1 
  51216.3689   14.344  0.004    2  1 
  51216.3980   13.934  0.004    2  1 
  51217.3101   14.494  0.005    2  1 
  51217.3328   14.523  0.005    2  1 
  51217.3552   14.534  0.004    2  1 
  51217.3759   14.539  0.005    2  1 
  51217.3953   14.552  0.005    2  1 
  51218.2773   13.865  0.004    2  1 
  51218.3093   13.863  0.003    2  1 
  51218.3298   13.939  0.003    2  1 
  51218.3573   14.043  0.004    2  1 
  51218.3794   14.107  0.004    2  1 
  51219.3336   14.593  0.004    2  1 
  51219.3596   14.561  0.004    2  1 
  51219.3768   14.572  0.005    2  1 
  51220.2621   14.126  0.004    2  1 
  51220.2906   14.207  0.004    2  1 
  51220.3077   14.247  0.004    2  1 
  51220.3257   14.286  0.004    2  1 
  51220.3432   14.328  0.004    2  1 
  51220.3602   14.364  0.004    2  1 
  51220.3776   14.396  0.004    2  1 
  51221.2835   14.633  0.004    2  1 
  51221.3009   14.671  0.005    2  1 
  51221.3188   14.687  0.005    2  1 
  51221.3358   14.663  0.005    2  1 
  51221.3538   14.556  0.005    2  1 
  51221.3722   14.220  0.004    2  1 
  51283.2451   13.789  0.003    2  1 
  51283.2493   13.806  0.003    2  1 
  51283.2714   13.902  0.003    2  1 
  51283.2748   13.902  0.003    2  1 
  51283.2939   13.975  0.003    2  1 
  51283.2972   13.996  0.003    2  1 
  51283.3202   14.071  0.003    2  1 
  51283.3234   14.081  0.003    2  1 
  51283.3487   14.149  0.003    2  1 
  51283.3518   14.160  0.003    2  1 
  51283.3707   14.210  0.003    2  1 
  51283.3738   14.214  0.003    2  1 
  51284.2195   14.563  0.004    2  1 
  51284.2229   14.562  0.004    2  1 
  51284.2413   14.582  0.004    2  1 
  51284.2443   14.582  0.004    2  1 
  51284.2617   14.598  0.004    2  1 
  51284.2648   14.598  0.004    2  1 
  51284.2942   14.613  0.004    2  1 
  51284.2973   14.599  0.004    2  1 
  51284.3168   14.579  0.004    2  1 
  51284.3211   14.580  0.004    2  1 
  51284.3428   14.609  0.005    2  1 
  51284.3464   14.608  0.004    2  1 
  51285.0513   14.609  0.004    2  1 
  51285.0543   14.575  0.004    2  1 
  51285.0739   14.219  0.003    2  1 
  51285.0778   14.146  0.003    2  1 
  51285.0975   13.853  0.003    2  1 
  51285.1006   13.855  0.004    2  1 
  51285.1324   13.834  0.003    2  1 
  51285.1360   13.848  0.003    2  1 
  51285.1558   13.921  0.003    2  1 
  51285.1588   13.939  0.003    2  1 
  51285.1796   14.016  0.003    2  1 
  51285.1830   14.029  0.003    2  1 
  51285.2125   14.128  0.003    2  1 
  51285.2157   14.129  0.003    2  1 
  51285.2362   14.192  0.004    2  1 
  51285.2426   14.211  0.003    2  1 
  51285.2630   14.277  0.004    2  1 
  51285.2666   14.272  0.004    2  1 
  51285.2998   14.339  0.004    2  1 
  51285.3033   14.352  0.004    2  1 
  51285.3308   14.412  0.004    2  1 
  51285.3348   14.411  0.004    2  1 
  51285.3382   14.417  0.004    2  1 
  51286.0461   14.538  0.004    2  1 
  51286.0493   14.536  0.004    2  1 
  51286.0716   14.551  0.004    2  1 
  51286.0753   14.551  0.004    2  1 
  51286.1026   14.569  0.004    2  1 
  51286.1061   14.572  0.004    2  1 
  51286.1365   14.598  0.004    2  1 
  51286.1398   14.595  0.004    2  1 
  51286.1608   14.608  0.004    2  1 
  51286.1639   14.598  0.004    2  1 
  51286.1669   14.602  0.004    2  1 
  51286.1875   14.582  0.004    2  1 
  51286.1908   14.583  0.004    2  1 
  51286.2255   14.617  0.004    2  1 
  51286.2285   14.628  0.004    2  1 
  51286.2476   14.660  0.004    2  1 
  51286.2508   14.661  0.004    2  1 
  51286.2697   14.692  0.004    2  1 
  51286.2727   14.689  0.004    2  1 
  51286.3022   14.582  0.004    2  1 
  51286.3055   14.546  0.004    2  1 
  51286.3218   14.230  0.003    2  1 
  51286.3250   14.175  0.003    2  1 
  51286.3450   13.861  0.003    2  1 
  51286.3481   13.828  0.003    2  1 
  51304.9873   14.671  0.004    2  1 
  51304.9926   14.682  0.004    2  1 
  51305.0328   14.630  0.004    2  1 
  51305.0362   14.603  0.004    2  1 
  51305.0559   14.277  0.004    2  1 
  51305.0599   14.200  0.004    2  1 
  51305.0890   13.817  0.003    2  1 
  51305.0922   13.805  0.003    2  1 
  51305.1235   13.879  0.003    2  1 
  51305.1269   13.895  0.003    2  1 
  51305.1509   13.977  0.004    2  1 
  51305.1547   13.995  0.004    2  1 
  51305.1853   14.091  0.003    2  1 
  51305.1885   14.100  0.004    2  1 
  51305.2098   14.164  0.003    2  1 
  51305.2128   14.171  0.003    2  1 
  51305.2431   14.250  0.004    2  1 
  51305.2461   14.256  0.004    2  1 
  51305.2704   14.317  0.004    2  1 
  51305.2734   14.327  0.004    2  1 
  51305.2966   14.374  0.004    2  1 
  51305.2995   14.381  0.004    2  1 
  51305.9857   14.484  0.003    2  1 
  51305.9885   14.492  0.003    2  1 
  51305.9912   14.498  0.003    2  1 
  51306.0256   14.533  0.003    2  1 
  51306.0285   14.533  0.003    2  1 
  51306.0465   14.547  0.004    2  1 
  51306.0498   14.550  0.004    2  1 
  51306.0896   14.564  0.004    2  1 
  51306.0930   14.572  0.004    2  1 
  51306.1123   14.589  0.004    2  1 
  51306.1151   14.587  0.003    2  1 
  51306.1375   14.602  0.004    2  1 
  51306.1405   14.595  0.004    2  1 
  51306.1636   14.580  0.004    2  1 
  51306.1673   14.583  0.004    2  1 
  51306.1937   14.586  0.003    2  1 
  51306.1966   14.593  0.003    2  1 
  51306.2146   14.622  0.004    2  1 
  51306.2178   14.625  0.004    2  1 
  51306.2343   14.663  0.003    2  1 
  51306.2380   14.668  0.003    2  1 
  51306.2574   14.683  0.003    2  1 
  51306.2602   14.682  0.003    2  1 
  51306.2805   14.627  0.003    2  1 
  51306.2835   14.608  0.003    2  1 
  51306.3009   14.351  0.003    2  1 
  51306.3038   14.293  0.003    2  1 
  51306.3135   14.126  0.003    2  1 
  51306.3184   14.048  0.003    2  1 
  51307.0456   14.067  0.004    2  1 
  51307.0501   14.083  0.004    2  1 
  51307.0593   14.097  0.003    2  1 
  51307.0645   14.141  0.003    2  1 
  51307.0747   14.176  0.004    2  1 
  51308.0084   14.610  0.003    2  1 
  51308.0112   14.609  0.003    2  1 
  51308.0334   14.583  0.003    2  1 
  51308.0362   14.591  0.003    2  1 
  51308.0394   14.598  0.003    2  1 
  51308.0633   14.586  0.003    2  1 
  51308.0663   14.587  0.003    2  1 
  51308.0995   14.646  0.003    2  1 
  51308.1031   14.653  0.004    2  1 
  51308.1280   14.680  0.004    2  1 
  51308.1309   14.678  0.004    2  1 
  51310.0850   13.812  0.002    2  1 
  51310.0874   13.828  0.002    2  1 
  51310.0897   13.796  0.002    2  1 
  51310.0922   13.807  0.002    2  1 
  51310.1430   13.966  0.003    2  1 
  51310.1458   13.978  0.003    2  1 
  51310.1486   13.986  0.003    2  1 
  51311.0244   14.529  0.005    2  1 
  51311.0302   14.535  0.005    2  1 
  51311.0334   14.538  0.005    2  1 
  51311.0506   14.551  0.003    2  1 
  51311.0539   14.554  0.003    2  1 
  51311.0637   14.555  0.004    2  1 
  51311.0669   14.557  0.005    2  1 
  51311.0702   14.551  0.003    2  1 
  51311.0907   14.570  0.005    2  1 
  51311.0946   14.578  0.004    2  1 
  51311.0980   14.580  0.004    2  1 
  51311.1015   14.586  0.004    2  1 
  51311.1071   14.587  0.004    2  1 
  51311.1298   14.607  0.004    2  1 
  51311.1327   14.600  0.004    2  1 
  51311.1357   14.605  0.005    2  1 
  51311.1398   14.598  0.004    2  1 
  51311.1447   14.607  0.004    2  1 
  51311.9755   13.837  0.003    2  1 
  51312.0020   13.919  0.003    2  1 
  51312.0049   13.928  0.003    2  1 
  51312.0255   14.003  0.003    2  1 
  51312.0284   14.005  0.003    2  1 
  51312.0314   14.011  0.003    2  1 
  51312.0584   14.107  0.003    2  1 
  51312.0611   14.115  0.003    2  1 
  51312.0638   14.123  0.003    2  1 
  51312.0903   14.196  0.003    2  1 
  51312.0929   14.197  0.003    2  1 
  51312.0955   14.212  0.003    2  1 
  51312.1146   14.258  0.003    2  1 
  51312.1173   14.258  0.003    2  1 
  51312.1200   14.270  0.003    2  1 
  51312.9860   14.595  0.003    2  1 
  51312.9887   14.600  0.003    2  1 
  51312.9913   14.602  0.003    2  1 
  51313.0096   14.602  0.004    2  1 
  51313.0123   14.608  0.004    2  1 
  51313.0149   14.604  0.003    2  1 
  51313.0333   14.586  0.004    2  1 
  51313.0360   14.582  0.004    2  1 
  51313.0386   14.584  0.004    2  1 
  51313.0413   14.585  0.004    2  1 
  51313.0595   14.581  0.003    2  1 
  51313.0622   14.588  0.004    2  1 
  51313.0648   14.592  0.004    2  1 
  51313.0911   14.635  0.004    2  1 
  51313.0937   14.639  0.004    2  1 
  51313.0964   14.654  0.004    2  1 
  51313.1146   14.679  0.004    2  1 
  51313.1172   14.682  0.004    2  1 
  51313.1199   14.683  0.004    2  1 
  51313.1226   14.684  0.004    2  1 
  51313.9843   14.250  0.003    2  1 
  51313.9872   14.254  0.004    2  1 
  51313.9901   14.265  0.004    2  1 
  51314.0178   14.328  0.004    2  1 
  51314.0207   14.333  0.004    2  1 
  51314.0236   14.340  0.004    2  1 
  51314.0432   14.379  0.004    2  1 
  51314.0461   14.385  0.004    2  1 
  51314.0490   14.389  0.004    2  1 
  51314.0772   14.447  0.004    2  1 
  51314.0802   14.447  0.004    2  1 
  51314.0831   14.454  0.004    2  1 
  51314.1030   14.490  0.004    2  1 
  51314.1059   14.489  0.004    2  1 
  51314.1088   14.493  0.004    2  1 
  51314.1289   14.520  0.004    2  1 
  51314.1333   14.523  0.004    2  1 
  51314.1363   14.525  0.004    2  1 
  51314.9827   14.664  0.004    2  1 
  51314.9856   14.672  0.004    2  1 
  51314.9885   14.681  0.004    2  1 
  51315.0015   14.687  0.004    2  1 
  51315.0043   14.679  0.004    2  1 
  51315.0069   14.684  0.004    2  1 
  51315.0251   14.617  0.004    2  1 
  51315.0277   14.597  0.004    2  1 
  51315.0304   14.568  0.003    2  1 
  51315.0489   14.254  0.003    2  1 
  51315.0516   14.206  0.003    2  1 
  51315.0542   14.156  0.003    2  1 
  51315.0780   13.835  0.003    2  1 
  51315.0807   13.815  0.003    2  1 
  51315.0833   13.812  0.003    2  1 
  51315.1015   13.819  0.003    2  1 
  51315.1041   13.826  0.003    2  1 
  51315.1068   13.837  0.003    2  1 
  51315.1290   13.938  0.003    2  1 
  51315.1319   13.950  0.003    2  1 
  51316.0194   14.537  0.003    2  1 
  51316.0221   14.538  0.003    2  1 
  51316.0247   14.545  0.003    2  1 
  51316.0431   14.550  0.003    2  1 
  51316.0458   14.551  0.004    2  1 
  51316.0485   14.553  0.004    2  1 
  51316.0667   14.562  0.004    2  1 
  51316.0693   14.563  0.004    2  1 
  51316.0720   14.567  0.004    2  1 
  51316.0905   14.578  0.004    2  1 
  51316.0934   14.579  0.004    2  1 
  51316.0963   14.584  0.004    2  1 
  51316.1148   14.596  0.004    2  1 
  51316.1175   14.604  0.004    2  1 
  51316.1201   14.603  0.004    2  1 
  51316.9647   13.793  0.003    2  1 
  51316.9676   13.812  0.003    2  1 
  51316.9705   13.826  0.003    2  1 
  51316.9896   13.872  0.003    2  1 
  51316.9923   13.886  0.003    2  1 
  51316.9949   13.893  0.003    2  1 
  51317.0088   13.952  0.003    2  1 
  51317.0117   13.960  0.003    2  1 
  51317.0321   14.036  0.004    2  1 
  51317.0351   14.052  0.003    2  1 
  51317.0391   14.056  0.003    2  1 
  51317.0602   14.129  0.003    2  1 
  51317.0631   14.130  0.003    2  1 
  51317.0660   14.137  0.003    2  1 
  51317.0858   14.186  0.003    2  1 
  51317.0887   14.210  0.004    2  1 
  51317.0916   14.204  0.003    2  1 
  51317.1111   14.260  0.004    2  1 
  51317.1140   14.267  0.004    2  1 
  51317.1169   14.282  0.004    2  1 
  51317.9628   14.576  0.004    2  1 
  51317.9657   14.584  0.005    2  1 
  51317.9685   14.576  0.004    2  1 
  51317.9883   14.596  0.004    2  1 
  51317.9912   14.600  0.004    2  1 
  51317.9941   14.607  0.004    2  1 
  51318.0135   14.606  0.004    2  1 
  51318.0164   14.598  0.005    2  1 
  51318.0194   14.596  0.005    2  1 
  51318.0413   14.576  0.005    2  1 
  51318.0445   14.570  0.005    2  1 
  51318.0477   14.575  0.005    2  1 
  51318.0697   14.603  0.005    2  1 
  51318.0730   14.594  0.005    2  1 
  51318.0762   14.613  0.005    2  1 
  51318.0981   14.635  0.005    2  1 
  51318.1014   14.647  0.005    2  1 
  51318.1046   14.642  0.005    2  1 
  51318.1265   14.662  0.006    2  1 
  51318.1298   14.657  0.005    2  1 
  51318.9642   14.204  0.003    2  1 
  51318.9680   14.218  0.004    2  1 
  51318.9708   14.219  0.003    2  1 
  51318.9737   14.230  0.003    2  1 
  51318.9929   14.275  0.003    2  1 
  51318.9956   14.288  0.003    2  1 
  51318.9983   14.288  0.003    2  1 
  51319.0180   14.334  0.004    2  1 
  51319.0209   14.341  0.004    2  1 
  51319.0238   14.346  0.004    2  1 
  51319.0443   14.394  0.004    2  1 
  51319.0474   14.393  0.004    2  1 
  51319.0505   14.400  0.004    2  1 
  51319.0793   14.454  0.004    2  1 
  51319.0820   14.461  0.003    2  1 
  51319.0847   14.460  0.003    2  1 
  51319.1030   14.496  0.004    2  1 
  51319.1084   14.498  0.004    2  1 
  51319.1110   14.502  0.003    2  1 
  51320.1030   13.834  0.002    2  1 
  51320.1053   13.845  0.002    2  1 
  51320.1076   13.850  0.002    2  1 
  51320.1238   13.923  0.002    2  1 
  51320.1261   13.928  0.002    2  1 
  51320.1284   13.933  0.002    2  1 
  51320.1450   14.002  0.003    2  1 
  51320.1477   14.006  0.003    2  1 
  51320.1503   14.019  0.003    2  1 
  51320.9635   14.472  0.004    2  1 
  51320.9664   14.475  0.004    2  1 
  51320.9693   14.480  0.004    2  1 
  51320.9887   14.506  0.003    2  1 
  51320.9911   14.510  0.003    2  1 
  51320.9936   14.507  0.003    2  1 
  51321.0102   14.528  0.003    2  1 
  51321.0126   14.528  0.003    2  1 
  51321.0150   14.531  0.003    2  1 
  51321.0318   14.546  0.003    2  1 
  51321.0344   14.550  0.003    2  1 
  51321.0369   14.547  0.003    2  1 
  51321.0543   14.553  0.003    2  1 
  51321.0568   14.562  0.003    2  1 
  51321.0594   14.561  0.003    2  1 
  51321.0847   14.570  0.004    2  1 
  51321.0873   14.581  0.004    2  1 
  51321.0898   14.584  0.004    2  1 
  51321.1133   14.595  0.004    2  1 
  51321.1159   14.597  0.004    2  1 
  51321.1186   14.604  0.004    2  1 
  51321.1339   14.600  0.004    2  1 
  51321.1365   14.596  0.004    2  1 
  51332.9696   14.585  0.006    2  1 
  51332.9739   14.592  0.006    2  1 
  51332.9891   14.603  0.005    2  1 
  51332.9928   14.603  0.006    2  1 
  51332.9965   14.603  0.006    2  1 
  51333.0083   14.598  0.005    2  1 
  51333.0120   14.595  0.005    2  1 
  51333.0226   14.581  0.005    2  1 
  51333.0264   14.579  0.005    2  1 
  51333.0514   14.588  0.005    2  1 
  51333.0552   14.593  0.006    2  1 
  51333.0742   14.628  0.005    2  1 
  51333.0779   14.632  0.006    2  1 
  51333.0907   14.663  0.005    2  1 
  51333.0945   14.669  0.005    2  1 
  51333.1178   14.682  0.005    2  1 
  51333.1221   14.668  0.005    2  1 
  51333.1335   14.626  0.006    2  1 
  51333.1369   14.610  0.006    2  1 
  51333.1529   14.398  0.005    2  1 
  51333.1565   14.329  0.005    2  1 
  51333.1716   14.073  0.004    2  1 
  51333.1752   14.026  0.004    2  1 
  51334.9841   14.681  0.004    2  1 
  51334.9871   14.680  0.004    2  1 
  51335.0175   14.540  0.004    2  1 
  51335.0204   14.501  0.004    2  1 
  51335.0301   14.326  0.004    2  1 
  51335.0334   14.269  0.004    2  1 
  51335.0517   13.982  0.003    2  1 
  51335.0552   13.933  0.004    2  1 
  51335.0692   13.817  0.003    2  1 
  51335.0727   13.805  0.003    2  1 
  51335.0833   13.820  0.003    2  1 
  51335.0867   13.825  0.003    2  1 
  51335.1133   13.936  0.004    2  1 
  51335.1167   13.943  0.004    2  1 
  51335.9535   14.475  0.005    2  1 
  51335.9726   14.503  0.005    2  1 
  51335.9768   14.505  0.004    2  1 
  51335.9997   14.531  0.004    2  1 
  51336.0027   14.533  0.004    2  1 
  51336.0203   14.540  0.004    2  1 
  51336.0236   14.543  0.004    2  1 
  51336.0357   14.550  0.005    2  1 
  51336.0388   14.551  0.004    2  1 
  51336.0593   14.560  0.005    2  1 
  51336.0629   14.565  0.005    2  1 
  51336.0769   14.575  0.005    2  1 
  51336.0803   14.576  0.005    2  1 
  51336.1025   14.598  0.005    2  1 
  51336.1059   14.600  0.005    2  1 
  51336.1206   14.605  0.005    2  1 
  51336.1240   14.607  0.005    2  1 
  51337.0101   14.049  0.003    2  1 
  51337.9904   14.605  0.005    2  1 
  51337.9940   14.604  0.005    2  1 
  51338.0162   14.575  0.005    2  1 
  51338.0196   14.568  0.005    2  1 
  51338.0339   14.573  0.005    2  1 
  51338.0376   14.574  0.006    2  1 
  51338.9901   14.304  0.004    2  1 
  51338.9938   14.312  0.004    2  1 
  51339.0226   14.383  0.005    2  1 
  51339.0269   14.385  0.004    2  1 
  51339.0867   14.483  0.005    2  1 
  51339.0905   14.493  0.005    2  1 
  51339.1139   14.521  0.005    2  1 
  51339.1177   14.519  0.005    2  1 
  51339.1448   14.545  0.005    2  1 
  51339.1482   14.542  0.004    2  1 
  51339.9766   14.682  0.004    2  1 
  51339.9795   14.686  0.004    2  1 
  51340.0044   14.626  0.004    2  1 
  51340.0078   14.600  0.004    2  1 
  51340.0274   14.320  0.004    2  1 
  51340.0306   14.257  0.004    2  1 
  51340.0540   13.913  0.003    2  1 
  51340.0572   13.874  0.003    2  1 
  51340.0857   13.849  0.003    2  1 
  51340.0892   13.864  0.003    2  1 
  51340.1152   13.965  0.003    2  1 
  51340.1197   13.976  0.003    2  1 
  51340.1229   13.976  0.003    2  1 
  51340.1263   13.993  0.003    2  1 
  51340.1404   14.045  0.004    2  1 
  51340.1437   14.053  0.004    2  1 
  51344.9924   14.669  0.004    2  1 
  51344.9958   14.662  0.003    2  1 
  51344.9988   14.646  0.004    2  1 
  51345.0216   14.363  0.004    2  1 
  51345.0255   14.296  0.004    2  1 
  51345.0302   14.213  0.004    2  1 
  51345.0553   13.875  0.003    2  1 
  51345.0603   13.833  0.003    2  1 
  51345.9856   14.518  0.005    2  1 
  51345.9896   14.523  0.005    2  1 
  51346.0219   14.549  0.005    2  1 
  51346.0264   14.546  0.005    2  1 
  51346.0486   14.560  0.005    2  1 
  51346.0523   14.559  0.005    2  1 
  51346.0791   14.583  0.004    2  1 
  51346.0826   14.588  0.004    2  1 
  51347.0416   14.130  0.004    2  1 
  51347.0453   14.134  0.003    2  1 
  51347.0743   14.211  0.003    2  1 
  51347.0777   14.223  0.003    2  1 
  51347.0990   14.280  0.003    2  1 
  51347.1022   14.290  0.003    2  1 
  51347.9769   14.605  0.004    2  1 
  51347.9802   14.604  0.004    2  1 
  51347.9834   14.606  0.004    2  1 
  51347.9983   14.596  0.004    2  1 
  51348.0028   14.588  0.004    2  1 
  51348.0063   14.584  0.004    2  1 
  51348.0242   14.574  0.004    2  1 
  51348.0274   14.577  0.004    2  1 
  51348.0943   14.672  0.006    2  1 
  51348.0983   14.666  0.006    2  1 
  51348.1018   14.679  0.006    2  1 
  51348.9650   14.262  0.004    2  1 
  51348.9682   14.263  0.004    2  1 
  51348.9853   14.307  0.003    2  1 
  51348.9883   14.315  0.004    2  1 
  51348.9912   14.318  0.003    2  1 
  51349.0316   14.410  0.004    2  1 
  51349.0346   14.414  0.004    2  1 
  51349.9815   14.684  0.004    2  1 
  51349.9851   14.683  0.004    2  1 
  51349.9973   14.629  0.004    2  1 
  51350.0033   14.573  0.005    2  1 
  51350.0066   14.543  0.004    2  1 
  51350.0164   14.392  0.004    2  1 
  51350.0197   14.334  0.004    2  1 
  51350.0296   14.161  0.004    2  1 
  51380.9973   14.544  0.004    2  1 
  51381.0004   14.539  0.003    2  1 
  51381.0031   14.542  0.003    2  1 
  51381.0187   14.556  0.003    2  1 
  51381.0214   14.560  0.004    2  1 
  51381.0242   14.562  0.004    2  1 
  51381.9830   14.040  0.003    2  1 
  51381.9859   14.063  0.003    2  1 
  51381.9888   14.073  0.004    2  1 
  51382.0000   14.089  0.003    2  1 
  51382.0029   14.098  0.003    2  1 
  51382.9793   14.580  0.005    2  1 
  51382.9826   14.573  0.004    2  1 
  51382.9857   14.567  0.004    2  1 
  51382.9965   14.567  0.004    2  1 
  51382.9995   14.574  0.005    2  1 
  51383.9746   14.346  0.003    2  1 
  51383.9773   14.349  0.003    2  1 
  51383.9799   14.357  0.003    2  1 
  51383.9899   14.375  0.003    2  1 
  51383.9926   14.381  0.003    2  1 
  51384.9751   14.599  0.003    2  1 
  51384.9777   14.579  0.003    2  1 
  51384.9802   14.547  0.003    2  1 
  51384.9896   14.405  0.003    2  1 
  51384.9921   14.358  0.003    2  1 
  51385.9711   14.533  0.003    2  1 
  51385.9737   14.535  0.003    2  1 
  51385.9763   14.542  0.003    2  1 
  51385.9857   14.548  0.004    2  1 
  51385.9884   14.570  0.004    2  1 
  51386.9965   14.082  0.003    2  1 
  51387.0003   14.095  0.003    2  1 
  51387.0041   14.111  0.003    2  1 
  51387.0216   14.166  0.003    2  1 
  51387.0254   14.166  0.003    2  1 
  51387.0293   14.168  0.003    2  1 
  51388.9801   14.360  0.004    2  1 
  51388.9834   14.363  0.004    2  1 
  51388.9866   14.377  0.004    2  1 
  51388.9984   14.413  0.005    2  1 
  51389.0017   14.417  0.005    2  1 
  51389.9783   14.535  0.004    2  1 
  51389.9809   14.496  0.003    2  1 
  51389.9836   14.466  0.003    2  1 
  51390.9729   14.534  0.003    2  1 
  51390.9756   14.537  0.003    2  1 
  51390.9783   14.539  0.003    2  1 
  51391.9728   14.038  0.002    2  1 
  51391.9754   14.039  0.002    2  1 
  51391.9779   14.042  0.002    2  1 
  51671.0871   13.815  0.003    2  1 
  51671.0917   13.836  0.003    2  1 
  51671.0952   13.844  0.003    2  1 
  51671.1189   13.949  0.003    2  1 
  51671.1232   13.962  0.003    2  1 
  51671.9996   14.538  0.004    2  1 
  51672.0039   14.540  0.004    2  1 
  51672.0350   14.560  0.004    2  1 
  51672.0382   14.563  0.004    2  1 
  51673.0232   14.068  0.003    2  1 
  51674.0574   14.614  0.006    2  1 
  51674.0938   14.678  0.006    2  1 
  51674.0985   14.687  0.006    2  1 
  51674.1159   14.685  0.005    2  1 
  51674.1223   14.667  0.005    2  1 
  51674.9763   14.288  0.005    2  1 
  51674.9824   14.298  0.005    2  1 
  51675.0212   14.380  0.005    2  1 
  51676.0163   14.480  0.004    2  1 
  51692.9816   13.976  0.003    2  1 
  51692.9854   13.982  0.003    2  1 
  51693.9780   14.603  0.004    2  1 
  51693.9814   14.600  0.004    2  1 
  51694.9914   14.348  0.003    2  1 
  51765.9974   13.815  0.003    2  1 
  51766.0012   13.823  0.003    2  1 
  51766.0048   13.825  0.003    2  1 
  51766.0266   13.908  0.003    2  1 
  51766.0301   13.921  0.003    2  1 
  51216.3144   15.492  0.005    3  1 
  51216.3408   15.478  0.005    3  1 
  51216.3634   15.139  0.004    3  1 
  51216.3905   14.415  0.003    3  1 
  51217.3019   15.233  0.005    3  1 
  51217.3494   15.288  0.004    3  1 
  51217.3710   15.312  0.004    3  1 
  51217.3906   15.330  0.005    3  1 
  51218.2854   14.120  0.003    3  1 
  51218.3156   14.218  0.003    3  1 
  51218.3347   14.330  0.003    3  1 
  51218.3653   14.523  0.003    3  1 
  51218.3848   14.598  0.003    3  1 
  51219.2918   15.372  0.005    3  1 
  51219.3100   15.405  0.005    3  1 
  51219.3296   15.408  0.005    3  1 
  51219.3536   15.360  0.005    3  1 
  51219.3723   15.344  0.005    3  1 
  51220.2720   14.659  0.003    3  1 
  51220.2946   14.754  0.003    3  1 
  51220.3117   14.828  0.003    3  1 
  51220.3299   14.894  0.004    3  1 
  51220.3473   14.969  0.004    3  1 
  51220.3643   15.029  0.004    3  1 
  51220.3816   15.089  0.004    3  1 
  51221.2763   15.435  0.005    3  1 
  51221.2964   15.499  0.005    3  1 
  51221.3145   15.540  0.005    3  1 
  51221.3318   15.504  0.005    3  1 
  51221.3496   15.368  0.005    3  1 
  51221.3673   14.898  0.004    3  1 
  51283.2546   14.097  0.002    3  1 
  51283.2783   14.248  0.002    3  1 
  51283.3008   14.377  0.002    3  1 
  51283.3322   14.554  0.003    3  1 
  51283.3553   14.674  0.003    3  1 
  51284.2134   15.364  0.004    3  1 
  51284.2375   15.378  0.005    3  1 
  51284.2581   15.385  0.005    3  1 
  51284.2875   15.424  0.005    3  1 
  51284.3124   15.384  0.005    3  1 
  51284.3383   15.387  0.005    3  1 
  51285.0451   15.488  0.004    3  1 
  51285.0932   14.252  0.002    3  1 
  51285.1257   14.084  0.002    3  1 
  51285.1514   14.246  0.002    3  1 
  51285.1754   14.392  0.002    3  1 
  51285.2060   14.549  0.003    3  1 
  51285.2321   14.687  0.003    3  1 
  51285.2586   14.802  0.003    3  1 
  51285.2928   14.949  0.003    3  1 
  51285.3257   15.076  0.004    3  1 
  51286.0393   15.340  0.004    3  1 
  51286.0670   15.363  0.004    3  1 
  51286.1302   15.416  0.004    3  1 
  51286.1833   15.397  0.004    3  1 
  51286.2193   15.404  0.004    3  1 
  51286.2434   15.470  0.005    3  1 
  51286.2655   15.557  0.005    3  1 
  51286.2958   15.434  0.004    3  1 
  51286.3291   14.555  0.003    3  1 
  51286.3521   14.100  0.002    3  1 
  51304.9838   15.519  0.004    3  1 
  51305.0251   15.498  0.006    3  1 
  51305.0718   14.413  0.003    3  1 
  51305.0961   14.077  0.002    3  1 
  51305.1465   14.312  0.003    3  1 
  51305.1755   14.469  0.003    3  1 
  51305.2054   14.622  0.004    3  1 
  51305.2345   14.755  0.004    3  1 
  51305.2666   14.907  0.004    3  1 
  51305.2880   14.992  0.004    3  1 
  51306.0428   15.336  0.005    3  1 
  51306.0809   15.355  0.004    3  1 
  51306.1330   15.426  0.005    3  1 
  51306.1578   15.392  0.005    3  1 
  51306.1875   15.319  0.004    3  1 
  51306.2101   15.378  0.004    3  1 
  51306.2538   15.545  0.004    3  1 
  51306.2771   15.457  0.004    3  1 
  51306.2972   15.090  0.004    3  1 
  51308.0025   15.388  0.004    3  1 
  51308.0294   15.370  0.003    3  1 
  51308.0600   15.344  0.004    3  1 
  51308.0919   15.437  0.003    3  1 
  51308.0958   15.393  0.004    3  1 
  51308.1244   15.518  0.005    3  1 
  51310.1057   14.060  0.001    3  1 
  51310.1100   14.124  0.001    3  1 
  51310.1132   14.124  0.001    3  1 
  51311.9792   14.128  0.003    3  1 
  51311.9983   14.205  0.003    3  1 
  51312.0087   14.284  0.003    3  1 
  51312.0350   14.434  0.003    3  1 
  51312.0550   14.523  0.003    3  1 
  51312.0672   14.592  0.003    3  1 
  51312.0870   14.685  0.003    3  1 
  51312.0988   14.741  0.003    3  1 
  51312.9828   15.416  0.004    3  1 
  51313.0063   15.425  0.004    3  1 
  51313.0300   15.385  0.004    3  1 
  51313.0562   15.354  0.004    3  1 
  51313.0838   15.293  0.003    3  1 
  51313.1113   15.512  0.005    3  1 
  51313.9807   14.801  0.003    3  1 
  51314.0143   14.925  0.004    3  1 
  51314.0397   15.030  0.004    3  1 
  51314.1124   15.248  0.005    3  1 
  51314.9752   15.502  0.005    3  1 
  51315.0102   15.513  0.005    3  1 
  51315.0336   15.251  0.004    3  1 
  51315.0747   14.179  0.002    3  1 
  51315.0982   14.077  0.002    3  1 
  51315.1216   14.208  0.002    3  1 
  51316.0399   15.324  0.004    3  1 
  51316.0634   15.351  0.004    3  1 
  51316.0869   15.380  0.004    3  1 
  51316.1115   15.401  0.004    3  1 
  51316.9740   14.110  0.002    3  1 
  51317.0052   14.280  0.003    3  1 
  51317.0282   14.417  0.004    3  1 
  51317.0566   14.554  0.003    3  1 
  51317.0822   14.676  0.003    3  1 
  51317.1075   14.797  0.004    3  1 
  51317.9847   15.411  0.005    3  1 
  51318.0099   15.429  0.005    3  1 
  51318.0374   15.376  0.007    3  1 
  51318.1226   15.520  0.007    3  1 
  51318.9772   14.788  0.003    3  1 
  51319.0019   14.962  0.006    3  1 
  51319.0274   14.992  0.004    3  1 
  51319.0757   15.157  0.004    3  1 
  51319.0997   15.231  0.004    3  1 
  51320.1000   14.124  0.002    3  1 
  51320.1208   14.217  0.002    3  1 
  51320.1417   14.356  0.002    3  1 
  51320.9728   15.240  0.004    3  1 
  51321.0180   15.300  0.004    3  1 
  51321.0400   15.345  0.004    3  1 
  51321.0624   15.353  0.004    3  1 
  51321.0930   15.404  0.005    3  1 
  51321.1217   15.421  0.004    3  1 
  51380.9937   15.324  0.004    3  1 
  51381.9793   14.415  0.003    3  1 
  51382.9755   15.388  0.006    3  1 
  51383.9715   14.944  0.003    3  1 
  51385.9679   15.277  0.004    3  1 
  51386.9917   14.498  0.003    3  1 
  51388.9755   14.987  0.004    3  1 
  51389.9750   15.313  0.004    3  1 
  51693.9923   15.400  0.004    3  1 
  51695.0052   15.037  0.003    3  1 
