  51216.2987   14.675  0.005    2  1 
  51216.3275   14.744  0.005    2  1 
  51216.3519   14.780  0.005    2  1 
  51216.3771   14.809  0.005    2  1 
  51217.2851   13.992  0.003    2  1 
  51217.3152   14.129  0.004    2  1 
  51217.3378   14.239  0.003    2  1 
  51217.3598   14.307  0.004    2  1 
  51217.3804   14.370  0.004    2  1 
  51218.3013   14.847  0.005    2  1 
  51218.3254   14.918  0.005    2  1 
  51218.3504   14.969  0.005    2  1 
  51218.3753   14.949  0.005    2  1 
  51219.2775   14.692  0.004    2  1 
  51219.3014   14.739  0.004    2  1 
  51219.3186   14.775  0.005    2  1 
  51219.3397   14.794  0.005    2  1 
  51219.3635   14.809  0.005    2  1 
  51219.3810   14.818  0.005    2  1 
  51220.2867   14.140  0.003    2  1 
  51220.3036   14.197  0.003    2  1 
  51220.3219   14.263  0.004    2  1 
  51220.3391   14.325  0.004    2  1 
  51220.3564   14.377  0.004    2  1 
  51220.3729   14.425  0.004    2  1 
  51220.3920   14.477  0.004    2  1 
  51221.2619   14.835  0.005    2  1 
  51221.2873   14.891  0.005    2  1 
  51221.3052   14.940  0.005    2  1 
  51221.3230   14.978  0.005    2  1 
  51221.3396   14.976  0.005    2  1 
  51221.3577   14.891  0.005    2  1 
  51221.3762   14.491  0.004    2  1 
  51283.2102   14.241  0.003    2  1 
  51283.2288   13.885  0.003    2  1 
  51283.2338   13.868  0.003    2  1 
  51283.2391   13.866  0.003    2  1 
  51283.2642   13.953  0.003    2  1 
  51283.2680   13.979  0.003    2  1 
  51283.2868   14.072  0.003    2  1 
  51283.2902   14.096  0.003    2  1 
  51283.3138   14.187  0.003    2  1 
  51283.3170   14.189  0.003    2  1 
  51283.3408   14.284  0.003    2  1 
  51283.3447   14.301  0.003    2  1 
  51283.3642   14.364  0.003    2  1 
  51283.3673   14.378  0.003    2  1 
  51284.1955   14.823  0.005    2  1 
  51284.1993   14.833  0.004    2  1 
  51284.2266   14.861  0.004    2  1 
  51284.2298   14.871  0.004    2  1 
  51284.2475   14.855  0.005    2  1 
  51284.2506   14.853  0.005    2  1 
  51284.2679   14.840  0.004    2  1 
  51284.2711   14.832  0.004    2  1 
  51284.3004   14.896  0.005    2  1 
  51284.3036   14.904  0.005    2  1 
  51284.3257   14.962  0.005    2  1 
  51284.3289   14.974  0.005    2  1 
  51285.0269   13.901  0.002    2  1 
  51285.0299   13.909  0.002    2  1 
  51285.0607   14.024  0.003    2  1 
  51285.0814   14.128  0.003    2  1 
  51285.0847   14.146  0.003    2  1 
  51285.1052   14.226  0.003    2  1 
  51285.1084   14.230  0.003    2  1 
  51285.1396   14.330  0.004    2  1 
  51285.1427   14.356  0.003    2  1 
  51285.1624   14.406  0.003    2  1 
  51285.1654   14.424  0.004    2  1 
  51285.1891   14.493  0.004    2  1 
  51285.1924   14.507  0.003    2  1 
  51285.2195   14.574  0.004    2  1 
  51285.2227   14.580  0.004    2  1 
  51285.2468   14.646  0.004    2  1 
  51285.2498   14.651  0.004    2  1 
  51285.2738   14.712  0.005    2  1 
  51285.2775   14.718  0.004    2  1 
  51285.3077   14.776  0.004    2  1 
  51285.3112   14.778  0.005    2  1 
  51285.3425   14.808  0.004    2  1 
  51285.3456   14.815  0.004    2  1 
  51286.0177   14.879  0.004    2  1 
  51286.0241   14.866  0.004    2  1 
  51286.0542   14.834  0.004    2  1 
  51286.0574   14.830  0.004    2  1 
  51286.0794   14.882  0.004    2  1 
  51286.0832   14.890  0.004    2  1 
  51286.1105   14.950  0.004    2  1 
  51286.1136   14.964  0.004    2  1 
  51286.1441   14.951  0.004    2  1 
  51286.1472   14.926  0.004    2  1 
  51286.1708   14.530  0.003    2  1 
  51286.1740   14.436  0.003    2  1 
  51286.1969   13.956  0.003    2  1 
  51286.2002   13.923  0.003    2  1 
  51286.2322   13.943  0.003    2  1 
  51286.2352   13.962  0.003    2  1 
  51286.2544   14.048  0.003    2  1 
  51286.2573   14.057  0.003    2  1 
  51286.2785   14.155  0.003    2  1 
  51286.2816   14.174  0.003    2  1 
  51286.3149   14.288  0.003    2  1 
  51286.3179   14.301  0.003    2  1 
  51286.3375   14.359  0.003    2  1 
  51286.3409   14.367  0.004    2  1 
  51286.3604   14.425  0.004    2  1 
  51286.3635   14.438  0.004    2  1 
  51286.3665   14.449  0.004    2  1 
  51304.9667   14.812  0.003    2  1 
  51304.9697   14.825  0.003    2  1 
  51304.9956   14.829  0.004    2  1 
  51304.9985   14.825  0.004    2  1 
  51305.0393   14.870  0.004    2  1 
  51305.0423   14.880  0.004    2  1 
  51305.0812   14.834  0.005    2  1 
  51305.0852   14.847  0.005    2  1 
  51305.1040   14.882  0.004    2  1 
  51305.1077   14.902  0.005    2  1 
  51305.1328   14.990  0.006    2  1 
  51305.1357   14.980  0.005    2  1 
  51305.1582   14.982  0.006    2  1 
  51305.1616   14.977  0.006    2  1 
  51305.1919   14.554  0.005    2  1 
  51305.1953   14.465  0.004    2  1 
  51305.2170   13.981  0.003    2  1 
  51305.2202   13.934  0.003    2  1 
  51305.2493   13.910  0.003    2  1 
  51305.2523   13.933  0.003    2  1 
  51305.2764   14.030  0.003    2  1 
  51305.2796   14.036  0.004    2  1 
  51305.3025   14.155  0.003    2  1 
  51305.3054   14.172  0.003    2  1 
  51305.9643   14.412  0.003    2  1 
  51305.9672   14.424  0.003    2  1 
  51305.9940   14.495  0.003    2  1 
  51305.9970   14.506  0.003    2  1 
  51305.9997   14.519  0.003    2  1 
  51306.0313   14.603  0.003    2  1 
  51306.0340   14.605  0.003    2  1 
  51306.0638   14.682  0.004    2  1 
  51306.0674   14.701  0.004    2  1 
  51306.0960   14.754  0.004    2  1 
  51306.0990   14.774  0.004    2  1 
  51306.1183   14.785  0.003    2  1 
  51306.1209   14.789  0.004    2  1 
  51306.1434   14.812  0.005    2  1 
  51306.1474   14.808  0.005    2  1 
  51306.1743   14.822  0.004    2  1 
  51306.1770   14.822  0.003    2  1 
  51306.1996   14.834  0.004    2  1 
  51306.2025   14.840  0.003    2  1 
  51306.2235   14.865  0.003    2  1 
  51306.2407   14.851  0.003    2  1 
  51306.2432   14.848  0.003    2  1 
  51306.2458   14.853  0.004    2  1 
  51306.2665   14.833  0.003    2  1 
  51306.2691   14.831  0.003    2  1 
  51306.2862   14.864  0.004    2  1 
  51306.2895   14.870  0.004    2  1 
  51306.3068   14.921  0.004    2  1 
  51306.3101   14.932  0.004    2  1 
  51306.9828   14.361  0.004    2  1 
  51306.9870   14.266  0.003    2  1 
  51307.0161   13.839  0.002    2  1 
  51307.0270   13.866  0.003    2  1 
  51307.0388   13.934  0.003    2  1 
  51307.0824   14.113  0.004    2  1 
  51307.9862   14.853  0.004    2  1 
  51307.9901   14.843  0.003    2  1 
  51308.0178   14.860  0.003    2  1 
  51308.0212   14.866  0.003    2  1 
  51308.0443   14.841  0.003    2  1 
  51308.0749   14.856  0.003    2  1 
  51308.1072   14.966  0.005    2  1 
  51308.1114   14.986  0.005    2  1 
  51310.1342   14.440  0.003    2  1 
  51310.1371   14.439  0.003    2  1 
  51310.1402   14.445  0.003    2  1 
  51314.9621   14.620  0.005    2  1 
  51314.9650   14.644  0.004    2  1 
  51314.9679   14.654  0.004    2  1 
  51314.9914   14.715  0.004    2  1 
  51314.9943   14.719  0.004    2  1 
  51314.9972   14.728  0.004    2  1 
  51315.0171   14.761  0.004    2  1 
  51315.0197   14.763  0.004    2  1 
  51315.0224   14.761  0.004    2  1 
  51315.0409   14.799  0.004    2  1 
  51315.0436   14.803  0.004    2  1 
  51315.0462   14.810  0.004    2  1 
  51315.0650   14.819  0.004    2  1 
  51315.0677   14.812  0.004    2  1 
  51315.0860   14.824  0.004    2  1 
  51315.0887   14.826  0.004    2  1 
  51315.0913   14.830  0.004    2  1 
  51315.1094   14.833  0.004    2  1 
  51315.1121   14.839  0.004    2  1 
  51315.1148   14.845  0.004    2  1 
  51316.0303   14.286  0.003    2  1 
  51316.0330   14.295  0.003    2  1 
  51316.0511   14.353  0.003    2  1 
  51316.0538   14.352  0.003    2  1 
  51316.0565   14.365  0.003    2  1 
  51316.0746   14.409  0.003    2  1 
  51316.0773   14.414  0.003    2  1 
  51316.0800   14.430  0.003    2  1 
  51316.0992   14.496  0.003    2  1 
  51316.1020   14.519  0.003    2  1 
  51316.1046   14.507  0.003    2  1 
  51316.1228   14.560  0.003    2  1 
  51316.1255   14.569  0.004    2  1 
  51316.1281   14.566  0.003    2  1 
  51316.9815   14.856  0.004    2  1 
  51316.9843   14.877  0.004    2  1 
  51316.9869   14.858  0.004    2  1 
  51316.9978   14.906  0.005    2  1 
  51317.0147   14.955  0.005    2  1 
  51317.0176   14.959  0.005    2  1 
  51317.0205   14.978  0.005    2  1 
  51317.0420   15.003  0.006    2  1 
  51317.0450   14.995  0.006    2  1 
  51317.0483   14.988  0.006    2  1 
  51317.0689   14.846  0.004    2  1 
  51317.0718   14.795  0.005    2  1 
  51317.0747   14.743  0.005    2  1 
  51317.0946   14.251  0.003    2  1 
  51317.0974   14.179  0.003    2  1 
  51317.1000   14.113  0.003    2  1 
  51317.1199   13.856  0.003    2  1 
  51317.1228   13.860  0.003    2  1 
  51317.1257   13.856  0.003    2  1 
  51317.9715   14.719  0.005    2  1 
  51317.9744   14.736  0.004    2  1 
  51317.9772   14.743  0.004    2  1 
  51317.9970   14.762  0.004    2  1 
  51317.9998   14.772  0.003    2  1 
  51318.0025   14.786  0.004    2  1 
  51318.0227   14.805  0.005    2  1 
  51318.0260   14.816  0.006    2  1 
  51318.0292   14.812  0.007    2  1 
  51318.0510   14.825  0.005    2  1 
  51318.0542   14.831  0.006    2  1 
  51318.0575   14.830  0.006    2  1 
  51318.0795   14.835  0.005    2  1 
  51318.0827   14.845  0.006    2  1 
  51318.0859   14.845  0.005    2  1 
  51318.1079   14.876  0.007    2  1 
  51318.1111   14.883  0.006    2  1 
  51318.1144   14.888  0.008    2  1 
  51318.9846   14.217  0.003    2  1 
  51318.9874   14.212  0.003    2  1 
  51318.9902   14.218  0.003    2  1 
  51319.0093   14.292  0.003    2  1 
  51319.0122   14.292  0.003    2  1 
  51319.0151   14.292  0.004    2  1 
  51319.0351   14.375  0.004    2  1 
  51319.0380   14.379  0.004    2  1 
  51319.0411   14.395  0.004    2  1 
  51319.0623   14.464  0.004    2  1 
  51319.0928   14.557  0.003    2  1 
  51319.1137   14.608  0.003    2  1 
  51319.1164   14.612  0.003    2  1 
  51319.1190   14.618  0.003    2  1 
  51320.0869   13.923  0.002    2  1 
  51320.0909   13.898  0.002    2  1 
  51320.1531   14.120  0.003    2  1 
  51320.1557   14.133  0.003    2  1 
  51320.1584   14.145  0.003    2  1 
  51320.9810   14.782  0.004    2  1 
  51321.0292   14.824  0.004    2  1 
  51321.0466   14.836  0.003    2  1 
  51321.0491   14.834  0.004    2  1 
  51321.0517   14.820  0.003    2  1 
  51321.0689   14.851  0.004    2  1 
  51321.0714   14.872  0.004    2  1 
  51321.0740   14.869  0.004    2  1 
  51321.0997   14.872  0.004    2  1 
  51321.1023   14.863  0.004    2  1 
  51321.1049   14.866  0.004    2  1 
  51321.1074   14.855  0.004    2  1 
  51321.1100   14.851  0.004    2  1 
  51321.1285   14.840  0.004    2  1 
  51321.1311   14.842  0.004    2  1 
  51332.9607   14.867  0.007    2  1 
  51332.9651   14.878  0.008    2  1 
  51332.9797   14.891  0.006    2  1 
  51332.9834   14.885  0.006    2  1 
  51333.0005   14.866  0.005    2  1 
  51333.0039   14.862  0.006    2  1 
  51333.0156   14.849  0.005    2  1 
  51333.0192   14.854  0.006    2  1 
  51333.0445   14.905  0.006    2  1 
  51333.0479   14.913  0.005    2  1 
  51333.0636   14.952  0.007    2  1 
  51333.0681   14.971  0.007    2  1 
  51333.0834   14.992  0.006    2  1 
  51333.0869   14.989  0.006    2  1 
  51333.0981   14.986  0.006    2  1 
  51333.1018   14.979  0.005    2  1 
  51333.1258   14.716  0.005    2  1 
  51333.1294   14.625  0.006    2  1 
  51333.1410   14.307  0.005    2  1 
  51333.1452   14.226  0.004    2  1 
  51333.1492   14.139  0.004    2  1 
  51333.1642   13.877  0.003    2  1 
  51333.1679   13.866  0.003    2  1 
  51334.9778   13.967  0.002    2  1 
  51334.9806   13.974  0.002    2  1 
  51335.0115   14.130  0.003    2  1 
  51335.0145   14.141  0.003    2  1 
  51335.0237   14.160  0.003    2  1 
  51335.0269   14.186  0.003    2  1 
  51335.0365   14.216  0.003    2  1 
  51335.0396   14.219  0.003    2  1 
  51335.0624   14.301  0.004    2  1 
  51335.0658   14.316  0.004    2  1 
  51335.0766   14.353  0.004    2  1 
  51335.0800   14.361  0.004    2  1 
  51335.1009   14.426  0.004    2  1 
  51335.1041   14.437  0.004    2  1 
  51335.9585   14.883  0.005    2  1 
  51335.9619   14.873  0.005    2  1 
  51335.9661   14.867  0.005    2  1 
  51335.9693   14.868  0.005    2  1 
  51335.9855   14.841  0.005    2  1 
  51335.9915   14.847  0.004    2  1 
  51335.9966   14.845  0.004    2  1 
  51336.0139   14.893  0.005    2  1 
  51336.0172   14.896  0.005    2  1 
  51336.0275   14.926  0.005    2  1 
  51336.0306   14.934  0.005    2  1 
  51336.0439   14.977  0.005    2  1 
  51336.0470   14.988  0.005    2  1 
  51336.0662   14.992  0.006    2  1 
  51336.0696   14.984  0.005    2  1 
  51336.0728   14.981  0.005    2  1 
  51336.0954   14.772  0.005    2  1 
  51336.0989   14.697  0.005    2  1 
  51336.1119   14.333  0.004    2  1 
  51336.1153   14.277  0.004    2  1 
  51336.1297   13.955  0.004    2  1 
  51336.1600   13.874  0.005    2  1 
  51336.1647   13.859  0.005    2  1 
  51336.9567   14.641  0.003    2  1 
  51337.0022   14.759  0.005    2  1 
  51337.9827   14.085  0.004    2  1 
  51337.9868   14.098  0.004    2  1 
  51337.9997   14.169  0.004    2  1 
  51338.0033   14.186  0.004    2  1 
  51338.0231   14.258  0.004    2  1 
  51338.0265   14.264  0.004    2  1 
  51338.0304   14.276  0.004    2  1 
  51338.9791   14.876  0.004    2  1 
  51338.9849   14.886  0.004    2  1 
  51339.0116   14.969  0.006    2  1 
  51339.0151   14.973  0.006    2  1 
  51339.0441   14.987  0.005    2  1 
  51339.0477   14.971  0.005    2  1 
  51339.0513   14.956  0.005    2  1 
  51339.0774   14.508  0.004    2  1 
  51339.0807   14.411  0.004    2  1 
  51339.1053   13.889  0.003    2  1 
  51339.1093   13.873  0.003    2  1 
  51339.1327   13.902  0.003    2  1 
  51339.1363   13.921  0.003    2  1 
  51339.9588   14.718  0.004    2  1 
  51339.9627   14.733  0.004    2  1 
  51339.9835   14.771  0.004    2  1 
  51339.9874   14.775  0.004    2  1 
  51340.0115   14.809  0.004    2  1 
  51340.0146   14.807  0.004    2  1 
  51340.0349   14.826  0.005    2  1 
  51340.0380   14.823  0.005    2  1 
  51340.0659   14.828  0.005    2  1 
  51340.0696   14.829  0.005    2  1 
  51340.0938   14.855  0.006    2  1 
  51340.0983   14.861  0.006    2  1 
  51340.1334   14.854  0.005    2  1 
  51340.1366   14.848  0.005    2  1 
  51344.9654   14.983  0.004    2  1 
  51344.9786   14.988  0.004    2  1 
  51344.9829   14.990  0.005    2  1 
  51345.0052   14.888  0.005    2  1 
  51345.0092   14.837  0.005    2  1 
  51345.0132   14.767  0.004    2  1 
  51345.0170   14.668  0.004    2  1 
  51345.0353   14.205  0.003    2  1 
  51345.0390   14.119  0.003    2  1 
  51345.0645   13.860  0.003    2  1 
  51345.0690   13.882  0.003    2  1 
  51345.9658   14.815  0.007    2  1 
  51345.9696   14.824  0.007    2  1 
  51345.9999   14.825  0.006    2  1 
  51346.0043   14.827  0.005    2  1 
  51346.0310   14.843  0.005    2  1 
  51346.0343   14.848  0.005    2  1 
  51346.0571   14.868  0.005    2  1 
  51346.0604   14.876  0.005    2  1 
  51347.0221   14.524  0.004    2  1 
  51347.0274   14.541  0.003    2  1 
  51347.0562   14.623  0.004    2  1 
  51347.0597   14.628  0.004    2  1 
  51347.0815   14.678  0.004    2  1 
  51347.0850   14.687  0.004    2  1 
  51347.9550   14.965  0.005    2  1 
  51347.9581   14.985  0.004    2  1 
  51347.9877   14.708  0.004    2  1 
  51347.9914   14.613  0.004    2  1 
  51347.9948   14.510  0.004    2  1 
  51348.0181   13.980  0.003    2  1 
  51348.0211   13.926  0.003    2  1 
  51348.0849   14.057  0.005    2  1 
  51348.0897   14.085  0.004    2  1 
  51348.1054   14.144  0.004    2  1 
  51348.1088   14.158  0.004    2  1 
  51348.1122   14.174  0.004    2  1 
  51348.9528   14.811  0.004    2  1 
  51348.9557   14.828  0.004    2  1 
  51348.9795   14.823  0.004    2  1 
  51348.9824   14.819  0.004    2  1 
  51348.9941   14.832  0.004    2  1 
  51349.0152   14.860  0.005    2  1 
  51349.0189   14.871  0.005    2  1 
  51349.9596   14.420  0.003    2  1 
  51349.9627   14.433  0.003    2  1 
  51349.9911   14.515  0.003    2  1 
  51349.9944   14.518  0.003    2  1 
  51350.0097   14.562  0.004    2  1 
  51350.0128   14.574  0.004    2  1 
  51350.0228   14.594  0.004    2  1 
  51364.9643   14.793  0.004    2  1 
  51364.9677   14.791  0.004    2  1 
  51380.9714   14.704  0.003    2  1 
  51380.9769   14.720  0.004    2  1 
  51380.9801   14.723  0.004    2  1 
  51380.9845   14.732  0.004    2  1 
  51381.0066   14.768  0.004    2  1 
  51381.0096   14.773  0.004    2  1 
  51381.0136   14.790  0.004    2  1 
  51381.9638   14.079  0.003    2  1 
  51381.9679   14.068  0.003    2  1 
  51381.9716   14.079  0.004    2  1 
  51381.9917   14.161  0.004    2  1 
  51381.9946   14.175  0.004    2  1 
  51382.9605   14.848  0.004    2  1 
  51382.9652   14.849  0.004    2  1 
  51382.9682   14.871  0.006    2  1 
  51382.9887   14.923  0.005    2  1 
  51382.9916   14.939  0.005    2  1 
  51383.9595   14.738  0.003    2  1 
  51383.9648   14.751  0.004    2  1 
  51383.9826   14.781  0.004    2  1 
  51383.9853   14.790  0.004    2  1 
  51384.9606   14.205  0.003    2  1 
  51384.9827   14.278  0.003    2  1 
  51384.9853   14.273  0.003    2  1 
  51385.9557   14.892  0.004    2  1 
  51385.9589   14.918  0.004    2  1 
  51385.9615   14.921  0.004    2  1 
  51385.9788   14.964  0.004    2  1 
  51385.9814   14.971  0.004    2  1 
  51386.9731   14.809  0.005    2  1 
  51386.9769   14.807  0.005    2  1 
  51386.9807   14.812  0.004    2  1 
  51387.0101   14.821  0.004    2  1 
  51387.0139   14.822  0.005    2  1 
  51387.0177   14.817  0.005    2  1 
  51388.9571   15.005  0.008    2  1 
  51388.9622   15.015  0.007    2  1 
  51388.9659   14.998  0.007    2  1 
  51388.9899   14.927  0.006    2  1 
  51388.9932   14.904  0.006    2  1 
  51389.9629   14.814  0.004    2  1 
  51389.9656   14.816  0.004    2  1 
  51389.9683   14.817  0.004    2  1 
  51390.9578   14.362  0.003    2  1 
  51390.9604   14.377  0.003    2  1 
  51390.9631   14.370  0.004    2  1 
  51391.9583   14.949  0.004    2  1 
  51646.1374   14.782  0.005    2  1 
  51646.1447   14.803  0.007    2  1 
  51646.1486   14.796  0.005    2  1 
  51646.1532   14.809  0.006    2  1 
  51646.1570   14.813  0.008    2  1 
  51646.1609   14.817  0.007    2  1 
  51646.1649   14.828  0.007    2  1 
  51646.1687   14.822  0.006    2  1 
  51646.1727   14.816  0.005    2  1 
  51646.1764   14.820  0.005    2  1 
  51646.1801   14.821  0.005    2  1 
  51646.1837   14.820  0.005    2  1 
  51646.1871   14.830  0.006    2  1 
  51646.1907   14.833  0.006    2  1 
  51646.1944   14.832  0.006    2  1 
  51646.1983   14.821  0.005    2  1 
  51646.2025   14.828  0.005    2  1 
  51646.2065   14.833  0.005    2  1 
  51646.2100   14.830  0.005    2  1 
  51646.2138   14.829  0.005    2  1 
  51646.2172   14.834  0.005    2  1 
  51646.2206   14.838  0.005    2  1 
  51646.2245   14.843  0.005    2  1 
  51646.2283   14.843  0.005    2  1 
  51646.2320   14.843  0.005    2  1 
  51646.2362   14.842  0.004    2  1 
  51646.2394   14.848  0.004    2  1 
  51646.2426   14.858  0.004    2  1 
  51646.2457   14.850  0.004    2  1 
  51646.2489   14.861  0.004    2  1 
  51646.2523   14.878  0.005    2  1 
  51646.2557   14.868  0.005    2  1 
  51646.2591   14.878  0.005    2  1 
  51646.2626   14.887  0.006    2  1 
  51646.2660   14.868  0.005    2  1 
  51646.2694   14.883  0.007    2  1 
  51646.2730   14.878  0.008    2  1 
  51646.2769   14.888  0.010    2  1 
  51646.2811   14.862  0.012    2  1 
  51646.2852   14.858  0.008    2  1 
  51646.2895   14.843  0.006    2  1 
  51646.2939   14.847  0.008    2  1 
  51646.2986   14.849  0.009    2  1 
  51646.3027   14.862  0.009    2  1 
  51646.3070   14.853  0.007    2  1 
  51646.3111   14.862  0.006    2  1 
  51646.3151   14.867  0.005    2  1 
  51646.3189   14.869  0.005    2  1 
  51646.3225   14.886  0.005    2  1 
  51646.3260   14.897  0.005    2  1 
  51646.3296   14.912  0.005    2  1 
  51646.3330   14.914  0.005    2  1 
  51646.3377   14.933  0.006    2  1 
  51646.3414   14.946  0.006    2  1 
  51646.3451   14.950  0.006    2  1 
  51646.3496   14.965  0.005    2  1 
  51646.3530   14.974  0.006    2  1 
  51646.3568   14.973  0.005    2  1 
  51646.3602   15.016  0.009    2  1 
  51646.3637   14.995  0.007    2  1 
  51646.3679   14.988  0.006    2  1 
  51646.3713   14.990  0.006    2  1 
  51646.3746   15.024  0.009    2  1 
  51671.0353   14.611  0.004    2  1 
  51671.0475   14.650  0.004    2  1 
  51671.0585   14.656  0.004    2  1 
  51671.0649   14.707  0.004    2  1 
  51671.0721   14.718  0.004    2  1 
  51671.0771   14.731  0.006    2  1 
  51671.1013   14.773  0.004    2  1 
  51671.1053   14.778  0.004    2  1 
  51671.1107   14.787  0.005    2  1 
  51671.1151   14.787  0.005    2  1 
  51671.1292   14.777  0.004    2  1 
  51671.9878   14.183  0.003    2  1 
  51671.9920   14.092  0.003    2  1 
  51672.0277   13.933  0.003    2  1 
  51672.0316   13.944  0.003    2  1 
  51672.0822   14.172  0.003    2  1 
  51674.0685   14.769  0.006    2  1 
  51674.0726   14.777  0.007    2  1 
  51674.1052   14.811  0.005    2  1 
  51674.1117   14.823  0.006    2  1 
  51674.1260   14.823  0.005    2  1 
  51674.1296   14.826  0.005    2  1 
  51674.1332   14.832  0.005    2  1 
  51674.1368   14.832  0.005    2  1 
  51674.1405   14.827  0.005    2  1 
  51674.1444   14.829  0.005    2  1 
  51674.9689   13.983  0.003    2  1 
  51674.9724   13.931  0.003    2  1 
  51674.9867   13.880  0.003    2  1 
  51674.9911   13.879  0.003    2  1 
  51675.0041   13.923  0.004    2  1 
  51675.0121   13.953  0.004    2  1 
  51675.0159   13.957  0.004    2  1 
  51675.0253   14.057  0.003    2  1 
  51675.0289   14.071  0.003    2  1 
  51675.0351   14.098  0.003    2  1 
  51675.0465   14.127  0.003    2  1 
  51675.0521   14.144  0.004    2  1 
  51675.0558   14.184  0.003    2  1 
  51675.0622   14.195  0.004    2  1 
  51675.0661   14.217  0.004    2  1 
  51675.0719   14.229  0.004    2  1 
  51675.0756   14.243  0.004    2  1 
  51675.0814   14.263  0.004    2  1 
  51675.0858   14.281  0.004    2  1 
  51675.0927   14.315  0.004    2  1 
  51675.0970   14.322  0.004    2  1 
  51675.9751   14.882  0.004    2  1 
  51675.9802   14.875  0.005    2  1 
  51675.9906   14.870  0.004    2  1 
  51675.9939   14.868  0.004    2  1 
  51675.9971   14.866  0.004    2  1 
  51676.0005   14.857  0.004    2  1 
  51676.0036   14.853  0.004    2  1 
  51676.0067   14.859  0.005    2  1 
  51676.0112   14.850  0.005    2  1 
  51676.0240   14.851  0.006    2  1 
  51676.0301   14.857  0.005    2  1 
  51676.9616   14.568  0.006    2  1 
  51676.9713   14.595  0.006    2  1 
  51676.9757   14.611  0.006    2  1 
  51676.9867   14.642  0.006    2  1 
  51676.9919   14.646  0.008    2  1 
  51676.9969   14.671  0.007    2  1 
  51677.0090   14.706  0.007    2  1 
  51677.0126   14.718  0.006    2  1 
  51677.0180   14.730  0.007    2  1 
  51677.0226   14.734  0.006    2  1 
  51677.0271   14.751  0.007    2  1 
  51677.0318   14.755  0.007    2  1 
  51677.0362   14.763  0.006    2  1 
  51677.0410   14.771  0.007    2  1 
  51677.0453   14.779  0.007    2  1 
  51677.0499   14.783  0.007    2  1 
  51677.0580   14.799  0.007    2  1 
  51677.0628   14.811  0.007    2  1 
  51677.0672   14.812  0.007    2  1 
  51677.0713   14.817  0.006    2  1 
  51677.0751   14.822  0.007    2  1 
  51677.0793   14.818  0.006    2  1 
  51677.0835   14.820  0.006    2  1 
  51677.0877   14.827  0.006    2  1 
  51677.0918   14.828  0.006    2  1 
  51677.0956   14.828  0.006    2  1 
  51677.0996   14.839  0.008    2  1 
  51677.1044   14.831  0.007    2  1 
  51677.1082   14.839  0.009    2  1 
  51677.1121   14.835  0.007    2  1 
  51677.1160   14.840  0.007    2  1 
  51677.1199   14.847  0.008    2  1 
  51677.1238   14.840  0.007    2  1 
  51677.1276   14.838  0.007    2  1 
  51677.1315   14.847  0.007    2  1 
  51677.1353   14.843  0.007    2  1 
  51677.1396   14.847  0.007    2  1 
  51677.1434   14.856  0.007    2  1 
  51677.1476   14.857  0.007    2  1 
  51677.1520   14.865  0.006    2  1 
  51677.1564   14.870  0.007    2  1 
  51677.1603   14.872  0.006    2  1 
  51677.1642   14.879  0.006    2  1 
  51677.1680   14.878  0.006    2  1 
  51677.1719   14.880  0.006    2  1 
  51677.1759   14.884  0.006    2  1 
  51677.1797   14.877  0.006    2  1 
  51677.1836   14.877  0.007    2  1 
  51677.1883   14.868  0.007    2  1 
  51677.1922   14.852  0.006    2  1 
  51677.1960   14.852  0.006    2  1 
  51677.1999   14.841  0.007    2  1 
  51677.2038   14.843  0.006    2  1 
  51677.2083   14.845  0.007    2  1 
  51677.2133   14.850  0.007    2  1 
  51677.2176   14.863  0.009    2  1 
  51677.2233   14.879  0.009    2  1 
  51677.2285   14.899  0.014    2  1 
  51677.2335   14.892  0.010    2  1 
  51677.2391   14.916  0.011    2  1 
  51677.2524   14.954  0.008    2  1 
  51677.2571   14.963  0.008    2  1 
  51677.2620   14.967  0.008    2  1 
  51677.2664   14.974  0.008    2  1 
  51677.2708   14.975  0.007    2  1 
  51691.0375   13.899  0.001    2  1 
  51691.0409   13.906  0.002    2  1 
  51691.0444   13.917  0.002    2  1 
  51691.0509   13.922  0.002    2  1 
  51691.0543   13.941  0.003    2  1 
  51691.0579   13.944  0.003    2  1 
  51691.0633   13.971  0.002    2  1 
  51691.0670   13.985  0.002    2  1 
  51691.0711   14.021  0.002    2  1 
  51691.0770   14.047  0.002    2  1 
  51691.0805   14.061  0.003    2  1 
  51691.0840   14.085  0.003    2  1 
  51691.0896   14.113  0.003    2  1 
  51691.0931   14.122  0.002    2  1 
  51691.0971   14.136  0.002    2  1 
  51691.1040   14.158  0.003    2  1 
  51691.1083   14.185  0.003    2  1 
  51691.1122   14.206  0.003    2  1 
  51691.1180   14.221  0.003    2  1 
  51691.1214   14.229  0.003    2  1 
  51691.1249   14.245  0.003    2  1 
  51691.1323   14.275  0.003    2  1 
  51691.1357   14.275  0.002    2  1 
  51691.1392   14.303  0.003    2  1 
  51691.1448   14.323  0.003    2  1 
  51691.1522   14.342  0.002    2  1 
  51691.1561   14.355  0.002    2  1 
  51693.0130   14.568  0.004    2  1 
  51693.0165   14.592  0.004    2  1 
  51693.0248   14.603  0.004    2  1 
  51693.0305   14.619  0.004    2  1 
  51693.0340   14.622  0.004    2  1 
  51693.0378   14.633  0.004    2  1 
  51694.0082   13.885  0.002    2  1 
  51694.0114   13.887  0.003    2  1 
  51694.0148   13.890  0.002    2  1 
  51694.0202   13.924  0.002    2  1 
  51694.0234   13.920  0.003    2  1 
  51694.0267   13.951  0.003    2  1 
  51694.0319   13.972  0.003    2  1 
  51694.0351   13.980  0.003    2  1 
  51694.0384   13.991  0.003    2  1 
  51694.0418   14.006  0.003    2  1 
  51694.0472   14.037  0.003    2  1 
  51694.0505   14.051  0.003    2  1 
  51694.0537   14.068  0.003    2  1 
  51694.0590   14.093  0.003    2  1 
  51694.0623   14.109  0.003    2  1 
  51694.0656   14.116  0.003    2  1 
  51694.0714   14.155  0.003    2  1 
  51694.0748   14.151  0.003    2  1 
  51694.0781   14.175  0.003    2  1 
  51694.0836   14.196  0.003    2  1 
  51694.0868   14.211  0.003    2  1 
  51694.0901   14.226  0.003    2  1 
  51694.0957   14.250  0.003    2  1 
  51694.0989   14.251  0.003    2  1 
  51694.1021   14.268  0.003    2  1 
  51694.1075   14.292  0.003    2  1 
  51694.1106   14.298  0.003    2  1 
  51694.1190   14.320  0.003    2  1 
  51694.1221   14.332  0.003    2  1 
  51694.1252   14.343  0.003    2  1 
  51694.1286   14.351  0.003    2  1 
  51695.0280   14.838  0.004    2  1 
  51695.0317   14.817  0.004    2  1 
  51697.9712   14.881  0.005    2  1 
  51697.9818   14.872  0.005    2  1 
  51765.9746   14.015  0.003    2  1 
  51765.9783   14.023  0.003    2  1 
  51765.9820   14.048  0.003    2  1 
  51766.0194   14.186  0.004    2  1 
  51766.0229   14.214  0.004    2  1 
  51216.3063   15.256  0.004    3  1 
  51216.3342   15.327  0.004    3  1 
  51216.3572   15.373  0.005    3  1 
  51216.3847   15.394  0.005    3  1 
  51217.2936   14.333  0.003    3  1 
  51217.3214   14.535  0.003    3  1 
  51217.3648   14.792  0.002    3  1 
  51217.3852   14.827  0.003    3  1 
  51218.2935   15.433  0.005    3  1 
  51218.3212   15.472  0.004    3  1 
  51218.3442   15.515  0.004    3  1 
  51218.3704   15.543  0.005    3  1 
  51219.2811   15.264  0.002    3  1 
  51219.2844   15.289  0.004    3  1 
  51219.3053   15.345  0.005    3  1 
  51219.3228   15.363  0.004    3  1 
  51219.3465   15.369  0.004    3  1 
  51219.3676   15.387  0.005    3  1 
  51219.3851   15.394  0.004    3  1 
  51220.2805   14.481  0.003    3  1 
  51220.2995   14.618  0.003    3  1 
  51220.3171   14.611  0.003    3  1 
  51220.3349   14.663  0.003    3  1 
  51220.3523   14.799  0.003    3  1 
  51220.3689   14.868  0.003    3  1 
  51220.3877   14.886  0.004    3  1 
  51221.2691   15.386  0.004    3  1 
  51221.2915   15.487  0.005    3  1 
  51221.3097   15.503  0.004    3  1 
  51221.3270   15.531  0.004    3  1 
  51221.3437   15.541  0.005    3  1 
  51221.3619   15.386  0.004    3  1 
  51221.3854   14.662  0.003    3  1 
  51283.2237   14.292  0.002    3  1 
  51283.2601   14.248  0.002    3  1 
  51283.2830   14.392  0.002    3  1 
  51283.3050   14.489  0.003    3  1 
  51283.3367   14.641  0.003    3  1 
  51283.3600   14.740  0.003    3  1 
  51284.2056   15.424  0.004    3  1 
  51284.2337   15.463  0.005    3  1 
  51284.2542   15.427  0.004    3  1 
  51284.2806   15.410  0.005    3  1 
  51284.3075   15.503  0.005    3  1 
  51284.3333   15.630  0.006    3  1 
  51285.0646   14.378  0.002    3  1 
  51285.0885   14.493  0.003    3  1 
  51285.1182   14.669  0.003    3  1 
  51285.1470   14.835  0.003    3  1 
  51285.1698   14.989  0.003    3  1 
  51285.1988   15.039  0.003    3  1 
  51285.2270   15.105  0.004    3  1 
  51285.2539   15.207  0.004    3  1 
  51285.2851   15.291  0.004    3  1 
  51285.3202   15.347  0.004    3  1 
  51285.3496   15.368  0.004    3  1 
  51286.0308   15.389  0.002    3  1 
  51286.0619   15.456  0.004    3  1 
  51286.0871   15.417  0.003    3  1 
  51286.0921   15.374  0.002    3  1 
  51286.1226   15.549  0.004    3  1 
  51286.1512   15.458  0.004    3  1 
  51286.1789   14.695  0.003    3  1 
  51286.2076   14.252  0.002    3  1 
  51286.2389   14.367  0.002    3  1 
  51286.2613   14.442  0.002    3  1 
  51286.2889   14.611  0.002    3  1 
  51286.3108   14.645  0.003    3  1 
  51286.3335   14.785  0.003    3  1 
  51286.3566   14.847  0.003    3  1 
  51304.9734   15.382  0.003    3  1 
  51305.0076   15.470  0.005    3  1 
  51305.0510   15.397  0.003    3  1 
  51305.0770   15.410  0.005    3  1 
  51305.1004   15.486  0.005    3  1 
  51305.1407   15.613  0.007    3  1 
  51305.1707   15.504  0.005    3  1 
  51305.1996   14.724  0.004    3  1 
  51305.2299   14.053  0.002    3  1 
  51305.2561   14.161  0.003    3  1 
  51305.2836   14.316  0.003    3  1 
  51305.3139   14.510  0.003    3  1 
  51305.9733   14.986  0.003    3  1 
  51306.0117   15.047  0.003    3  1 
  51306.0157   15.045  0.003    3  1 
  51306.0375   15.157  0.004    3  1 
  51306.0735   15.261  0.004    3  1 
  51306.1026   15.328  0.004    3  1 
  51306.1285   15.355  0.004    3  1 
  51306.1517   15.415  0.006    3  1 
  51306.1807   15.368  0.004    3  1 
  51306.2059   15.363  0.003    3  1 
  51306.2269   15.384  0.003    3  1 
  51306.2491   15.379  0.003    3  1 
  51306.2725   15.354  0.003    3  1 
  51306.2932   15.386  0.003    3  1 
  51307.9986   15.411  0.003    3  1 
  51308.0249   15.386  0.003    3  1 
  51308.0524   15.429  0.004    3  1 
  51308.0811   15.479  0.004    3  1 
  51308.0851   15.500  0.004    3  1 
  51308.1202   15.598  0.005    3  1 
  51310.1272   14.813  0.003    3  1 
  51310.1308   14.851  0.003    3  1 
  51314.9714   15.233  0.004    3  1 
  51315.0138   15.357  0.004    3  1 
  51315.0372   15.386  0.004    3  1 
  51315.0710   15.394  0.004    3  1 
  51315.0946   15.412  0.005    3  1 
  51315.1180   15.430  0.005    3  1 
  51316.0363   14.666  0.003    3  1 
  51316.0597   14.783  0.003    3  1 
  51316.0832   14.866  0.003    3  1 
  51316.1079   15.032  0.003    3  1 
  51316.9780   15.391  0.004    3  1 
  51317.0013   15.497  0.005    3  1 
  51317.0241   15.723  0.009    3  1 
  51317.0523   15.562  0.005    3  1 
  51317.0782   15.141  0.005    3  1 
  51317.1035   14.290  0.003    3  1 
  51317.9808   15.331  0.004    3  1 
  51318.0060   15.434  0.006    3  1 
  51318.0331   15.509  0.010    3  1 
  51318.0898   15.492  0.009    3  1 
  51318.9811   14.647  0.003    3  1 
  51319.0058   14.695  0.003    3  1 
  51319.0315   14.766  0.003    3  1 
  51319.0717   14.959  0.003    3  1 
  51319.0961   15.041  0.003    3  1 
  51320.1175   14.224  0.002    3  1 
  51320.9771   15.335  0.003    3  1 
  51320.9998   15.432  0.004    3  1 
  51321.0212   15.389  0.003    3  1 
  51321.0434   15.390  0.003    3  1 
  51321.0965   15.439  0.004    3  1 
  51321.1252   15.396  0.004    3  1 
  51333.0403   15.468  0.005    3  1 
  51333.1062   15.529  0.005    3  1 
  51334.9989   14.426  0.002    3  1 
  51335.0432   14.579  0.003    3  1 
  51335.0972   14.818  0.003    3  1 
  51335.1083   14.879  0.004    3  1 
  51336.0103   15.472  0.004    3  1 
  51336.0508   15.563  0.005    3  1 
  51336.0891   15.443  0.005    3  1 
  51338.0075   14.507  0.003    3  1 
  51338.9740   15.423  0.004    3  1 
  51339.0046   15.555  0.005    3  1 
  51339.0385   15.602  0.005    3  1 
  51339.0685   15.284  0.005    3  1 
  51339.1006   14.240  0.003    3  1 
  51339.1280   14.107  0.003    3  1 
  51339.9665   15.294  0.004    3  1 
  51339.9935   15.363  0.004    3  1 
  51340.0189   15.400  0.004    3  1 
  51340.0441   15.446  0.006    3  1 
  51340.0753   15.407  0.005    3  1 
  51340.1041   15.509  0.007    3  1 
  51345.0430   14.308  0.002    3  1 
  51345.0736   14.079  0.002    3  1 
  51345.9747   15.427  0.006    3  1 
  51346.0101   15.409  0.005    3  1 
  51346.0388   15.434  0.005    3  1 
  51346.0670   15.447  0.005    3  1 
  51347.0317   15.038  0.003    3  1 
  51347.0645   15.151  0.004    3  1 
  51347.0896   15.239  0.003    3  1 
  51347.9638   15.515  0.004    3  1 
  51348.0146   14.285  0.003    3  1 
  51348.9591   15.434  0.005    3  1 
  51349.0243   15.433  0.004    3  1 
  51349.9679   14.969  0.003    3  1 
  51364.9721   15.392  0.005    3  1 
  51380.9890   15.307  0.004    3  1 
  51381.9751   14.414  0.003    3  1 
  51382.9716   15.476  0.006    3  1 
  51383.9680   15.304  0.003    3  1 
  51384.9688   14.690  0.002    3  1 
  51385.9645   15.476  0.004    3  1 
  51386.9859   15.380  0.004    3  1 
  51388.9699   15.682  0.007    3  1 
  51389.9715   15.383  0.004    3  1 
  51390.9663   14.896  0.002    3  1 
  51391.9664   15.319  0.002    3  1 
  51672.0213   14.213  0.002    3  1 
  51674.0796   15.422  0.007    3  1 
  51674.9989   14.103  0.003    3  1 
  51675.0396   14.546  0.002    3  1 
  51693.0053   15.081  0.003    3  1 
  51694.0012   14.076  0.002    3  1 
  51695.0214   15.353  0.003    3  1 
  51765.9863   14.358  0.003    3  1 
  51766.0153   14.408  0.004    3  1 
 56468.97641   12.770  0.201   -1  1 
 56469.04707   12.629  0.138   -1  1 
 56469.10896   12.741  0.112   -1  1 
 56469.17285   13.290  0.055   -1  1 
 56471.00364   12.991  0.067   -1  1 
 56471.06640   13.007  0.035   -1  1 
 56471.12490   12.871  0.055   -1  1 
 56471.18188   12.976  0.037   -1  1 
 56471.96759   12.649  0.076   -1  1 
 56472.03374   13.029  0.064   -1  1 
 56472.09484   13.269  0.043   -1  1 
 56472.15243   13.241  0.051   -1  1 
 56468.95296   12.730  0.184   -2  1 
 56469.02441   12.937  0.127   -2  1 
 56469.08813   12.968  0.095   -2  1 
 56469.15134   13.202  0.059   -2  1 
 56471.02588   12.884  0.102   -2  1 
 56471.08671   12.956  0.052   -2  1 
 56471.14302   12.987  0.041   -2  1 
 56471.94704   13.042  0.040   -2  1 
 56472.01085   13.055  0.091   -2  1 
 56472.07480   13.067  0.072   -2  1 
 56472.13240   13.374  0.031   -2  1 
 56472.19216   13.175  0.031   -2  1 
 56469.00041   13.224  0.079   -5  1 
 56469.06767   13.463  0.052   -5  1 
 56469.13003   13.473  0.067   -5  1 
 56469.19349   13.587  0.048   -5  1 
 56470.98130   13.599  0.040   -5  1 
 56471.04693   13.126  0.046   -5  1 
 56471.10523   13.208  0.031   -5  1 
 56471.16397   13.322  0.027   -5  1 
 56471.98857   13.457  0.046   -5  1 
 56472.05430   13.691  0.040   -5  1 
 56472.11383   13.564  0.038   -5  1 
 56472.17109   13.562  0.032   -5  1 
