  51216.2987   14.582  0.004    2  1 
  51216.3275   14.655  0.005    2  1 
  51216.3519   14.710  0.004    2  1 
  51216.3771   14.756  0.004    2  1 
  51217.2851   14.689  0.004    2  1 
  51217.3152   14.748  0.005    2  1 
  51217.3378   14.767  0.004    2  1 
  51217.3598   14.776  0.004    2  1 
  51217.3804   14.773  0.004    2  1 
  51218.3013   14.773  0.004    2  1 
  51218.3254   14.786  0.005    2  1 
  51218.3504   14.777  0.004    2  1 
  51218.3753   14.791  0.004    2  1 
  51219.2775   14.785  0.004    2  1 
  51219.3014   14.772  0.004    2  1 
  51219.3186   14.786  0.004    2  1 
  51219.3397   14.768  0.004    2  1 
  51219.3635   14.779  0.004    2  1 
  51219.3810   14.830  0.005    2  1 
  51220.2867   14.777  0.004    2  1 
  51220.3036   14.760  0.004    2  1 
  51220.3219   14.807  0.004    2  1 
  51220.3391   14.841  0.005    2  1 
  51220.3564   14.773  0.004    2  1 
  51220.3729   14.295  0.004    2  1 
  51220.3920   13.805  0.003    2  1 
  51221.2619   14.781  0.004    2  1 
  51221.2873   14.842  0.004    2  1 
  51221.3052   14.769  0.004    2  1 
  51221.3230   14.243  0.003    2  1 
  51221.3396   13.818  0.003    2  1 
  51221.3577   13.876  0.003    2  1 
  51221.3762   14.015  0.003    2  1 
  51283.2102   14.662  0.004    2  1 
  51283.2288   14.708  0.004    2  1 
  51283.2338   14.722  0.004    2  1 
  51283.2391   14.727  0.004    2  1 
  51283.2642   14.774  0.004    2  1 
  51283.2680   14.776  0.004    2  1 
  51283.2868   14.791  0.004    2  1 
  51283.2902   14.792  0.004    2  1 
  51283.3138   14.793  0.004    2  1 
  51283.3170   14.783  0.004    2  1 
  51283.3408   14.785  0.004    2  1 
  51283.3447   14.794  0.004    2  1 
  51283.3642   14.801  0.004    2  1 
  51283.3673   14.797  0.004    2  1 
  51284.1955   14.749  0.004    2  1 
  51284.1993   14.752  0.004    2  1 
  51284.2266   14.781  0.004    2  1 
  51284.2298   14.784  0.004    2  1 
  51284.2475   14.792  0.004    2  1 
  51284.2506   14.797  0.004    2  1 
  51284.2679   14.789  0.004    2  1 
  51284.2711   14.789  0.004    2  1 
  51284.3004   14.794  0.004    2  1 
  51284.3036   14.803  0.004    2  1 
  51284.3257   14.779  0.005    2  1 
  51284.3289   14.774  0.005    2  1 
  51285.0269   14.463  0.003    2  1 
  51285.0299   14.462  0.003    2  1 
  51285.0577   14.533  0.003    2  1 
  51285.0607   14.546  0.003    2  1 
  51285.0814   14.602  0.003    2  1 
  51285.0847   14.611  0.003    2  1 
  51285.1052   14.664  0.004    2  1 
  51285.1084   14.675  0.004    2  1 
  51285.1396   14.735  0.004    2  1 
  51285.1427   14.747  0.004    2  1 
  51285.1624   14.775  0.004    2  1 
  51285.1654   14.781  0.004    2  1 
  51285.1891   14.794  0.004    2  1 
  51285.1924   14.795  0.004    2  1 
  51285.2195   14.791  0.004    2  1 
  51285.2227   14.798  0.004    2  1 
  51285.2468   14.793  0.004    2  1 
  51285.2498   14.799  0.004    2  1 
  51285.2738   14.777  0.005    2  1 
  51285.2775   14.770  0.004    2  1 
  51285.3077   14.819  0.004    2  1 
  51285.3112   14.821  0.005    2  1 
  51285.3425   14.786  0.004    2  1 
  51285.3456   14.736  0.004    2  1 
  51286.0177   14.572  0.003    2  1 
  51286.0241   14.587  0.003    2  1 
  51286.0542   14.636  0.003    2  1 
  51286.0574   14.663  0.003    2  1 
  51286.0794   14.729  0.003    2  1 
  51286.0832   14.731  0.003    2  1 
  51286.1105   14.774  0.003    2  1 
  51286.1136   14.772  0.004    2  1 
  51286.1441   14.788  0.004    2  1 
  51286.1472   14.783  0.004    2  1 
  51286.1708   14.786  0.004    2  1 
  51286.1740   14.793  0.004    2  1 
  51286.1969   14.801  0.004    2  1 
  51286.2002   14.802  0.004    2  1 
  51286.2322   14.762  0.004    2  1 
  51286.2352   14.756  0.004    2  1 
  51286.2544   14.805  0.004    2  1 
  51286.2573   14.819  0.004    2  1 
  51286.2785   14.848  0.004    2  1 
  51286.2816   14.840  0.004    2  1 
  51286.3149   14.006  0.003    2  1 
  51286.3179   13.899  0.003    2  1 
  51286.3375   13.829  0.003    2  1 
  51286.3409   13.845  0.003    2  1 
  51286.3604   13.980  0.003    2  1 
  51286.3635   14.015  0.003    2  1 
  51286.3665   14.029  0.003    2  1 
  51304.9667   14.504  0.003    2  1 
  51304.9697   14.516  0.003    2  1 
  51304.9956   14.577  0.003    2  1 
  51304.9985   14.579  0.003    2  1 
  51305.0393   14.679  0.004    2  1 
  51305.0423   14.684  0.004    2  1 
  51305.0812   14.740  0.004    2  1 
  51305.0852   14.746  0.004    2  1 
  51305.1040   14.759  0.004    2  1 
  51305.1077   14.761  0.004    2  1 
  51305.1328   14.752  0.005    2  1 
  51305.1357   14.762  0.004    2  1 
  51305.1582   14.760  0.005    2  1 
  51305.1616   14.766  0.005    2  1 
  51305.1919   14.766  0.005    2  1 
  51305.1953   14.763  0.005    2  1 
  51305.2170   14.805  0.005    2  1 
  51305.2202   14.811  0.005    2  1 
  51305.2493   14.835  0.004    2  1 
  51305.2523   14.824  0.004    2  1 
  51305.2764   14.402  0.004    2  1 
  51305.2796   14.302  0.004    2  1 
  51305.3025   13.887  0.003    2  1 
  51305.3054   13.876  0.003    2  1 
  51305.9643   14.623  0.003    2  1 
  51305.9672   14.631  0.003    2  1 
  51305.9940   14.684  0.003    2  1 
  51305.9970   14.696  0.003    2  1 
  51305.9997   14.700  0.003    2  1 
  51306.0313   14.744  0.003    2  1 
  51306.0340   14.739  0.003    2  1 
  51306.0638   14.754  0.004    2  1 
  51306.0674   14.745  0.004    2  1 
  51306.0960   14.745  0.004    2  1 
  51306.0990   14.744  0.004    2  1 
  51306.1183   14.778  0.003    2  1 
  51306.1209   14.773  0.003    2  1 
  51306.1434   14.759  0.004    2  1 
  51306.1474   14.765  0.005    2  1 
  51306.1743   14.838  0.004    2  1 
  51306.1770   14.832  0.003    2  1 
  51306.1996   14.821  0.003    2  1 
  51306.2025   14.809  0.003    2  1 
  51306.2207   14.571  0.003    2  1 
  51306.2235   14.461  0.003    2  1 
  51306.2407   13.975  0.002    2  1 
  51306.2432   13.934  0.002    2  1 
  51306.2458   13.902  0.002    2  1 
  51306.2665   13.941  0.002    2  1 
  51306.2691   13.950  0.002    2  1 
  51306.2862   14.050  0.003    2  1 
  51306.2895   14.072  0.003    2  1 
  51306.3068   14.159  0.003    2  1 
  51306.3101   14.177  0.003    2  1 
  51306.9828   14.746  0.005    2  1 
  51306.9870   14.750  0.003    2  1 
  51307.0161   14.755  0.004    2  1 
  51307.0270   14.747  0.004    2  1 
  51307.0388   14.747  0.004    2  1 
  51307.0824   14.761  0.006    2  1 
  51307.9862   14.748  0.003    2  1 
  51307.9901   14.746  0.003    2  1 
  51308.0178   14.775  0.003    2  1 
  51308.0212   14.785  0.003    2  1 
  51308.0443   14.776  0.003    2  1 
  51308.0749   14.823  0.003    2  1 
  51308.1072   14.746  0.004    2  1 
  51308.1114   14.698  0.004    2  1 
  51310.1342   14.328  0.003    2  1 
  51310.1371   14.333  0.003    2  1 
  51310.1402   14.345  0.003    2  1 
  51314.9621   14.562  0.004    2  1 
  51314.9650   14.581  0.004    2  1 
  51314.9679   14.587  0.004    2  1 
  51314.9914   14.642  0.003    2  1 
  51314.9943   14.648  0.003    2  1 
  51314.9972   14.659  0.003    2  1 
  51315.0171   14.698  0.003    2  1 
  51315.0197   14.701  0.003    2  1 
  51315.0224   14.709  0.003    2  1 
  51315.0409   14.724  0.003    2  1 
  51315.0436   14.722  0.003    2  1 
  51315.0462   14.728  0.003    2  1 
  51315.0650   14.742  0.003    2  1 
  51315.0677   14.735  0.003    2  1 
  51315.0860   14.735  0.003    2  1 
  51315.0887   14.732  0.003    2  1 
  51315.0913   14.737  0.004    2  1 
  51315.1094   14.731  0.004    2  1 
  51315.1121   14.732  0.003    2  1 
  51315.1148   14.737  0.003    2  1 
  51316.0277   14.763  0.003    2  1 
  51316.0303   14.744  0.003    2  1 
  51316.0330   14.737  0.003    2  1 
  51316.0511   14.738  0.003    2  1 
  51316.0538   14.739  0.003    2  1 
  51316.0565   14.731  0.003    2  1 
  51316.0746   14.744  0.004    2  1 
  51316.0773   14.744  0.004    2  1 
  51316.0800   14.744  0.003    2  1 
  51316.0992   14.768  0.004    2  1 
  51316.1020   14.763  0.003    2  1 
  51316.1046   14.771  0.003    2  1 
  51316.1228   14.788  0.003    2  1 
  51316.1255   14.801  0.004    2  1 
  51316.1281   14.803  0.004    2  1 
  51316.9815   14.734  0.004    2  1 
  51316.9843   14.740  0.004    2  1 
  51316.9869   14.735  0.003    2  1 
  51316.9978   14.734  0.004    2  1 
  51317.0147   14.741  0.004    2  1 
  51317.0176   14.740  0.004    2  1 
  51317.0205   14.744  0.004    2  1 
  51317.0420   14.765  0.005    2  1 
  51317.0450   14.769  0.005    2  1 
  51317.0483   14.771  0.005    2  1 
  51317.0689   14.785  0.004    2  1 
  51317.0718   14.789  0.005    2  1 
  51317.0747   14.800  0.005    2  1 
  51317.0946   14.833  0.004    2  1 
  51317.0974   14.844  0.004    2  1 
  51317.1000   14.848  0.004    2  1 
  51317.1199   14.758  0.004    2  1 
  51317.1228   14.723  0.004    2  1 
  51317.1257   14.694  0.004    2  1 
  51317.9715   14.743  0.005    2  1 
  51317.9744   14.741  0.004    2  1 
  51317.9772   14.752  0.004    2  1 
  51317.9970   14.774  0.003    2  1 
  51317.9998   14.768  0.003    2  1 
  51318.0025   14.769  0.004    2  1 
  51318.0227   14.800  0.005    2  1 
  51318.0260   14.800  0.006    2  1 
  51318.0292   14.819  0.007    2  1 
  51318.0510   14.839  0.005    2  1 
  51318.0542   14.832  0.005    2  1 
  51318.0575   14.827  0.005    2  1 
  51318.0795   14.594  0.004    2  1 
  51318.0827   14.509  0.005    2  1 
  51318.0859   14.428  0.004    2  1 
  51318.1079   13.894  0.004    2  1 
  51318.1111   13.897  0.003    2  1 
  51318.1144   13.842  0.004    2  1 
  51318.9846   14.823  0.004    2  1 
  51318.9874   14.828  0.004    2  1 
  51318.9902   14.835  0.004    2  1 
  51319.0093   14.808  0.004    2  1 
  51319.0122   14.800  0.004    2  1 
  51319.0151   14.776  0.005    2  1 
  51319.0351   14.407  0.004    2  1 
  51319.0380   14.337  0.004    2  1 
  51319.0411   14.276  0.004    2  1 
  51319.0623   13.925  0.003    2  1 
  51319.0653   13.765  0.002    2  1 
  51319.0928   14.065  0.002    2  1 
  51319.1137   14.163  0.003    2  1 
  51319.1164   14.168  0.003    2  1 
  51319.1190   14.190  0.003    2  1 
  51320.0869   14.287  0.003    2  1 
  51320.0909   14.302  0.003    2  1 
  51320.1531   14.498  0.003    2  1 
  51320.1557   14.503  0.003    2  1 
  51320.1584   14.519  0.003    2  1 
  51320.9810   14.014  0.003    2  1 
  51320.9838   14.037  0.002    2  1 
  51321.0292   14.252  0.003    2  1 
  51321.0466   14.321  0.003    2  1 
  51321.0491   14.329  0.003    2  1 
  51321.0517   14.343  0.003    2  1 
  51321.0689   14.402  0.003    2  1 
  51321.0714   14.417  0.003    2  1 
  51321.0740   14.421  0.003    2  1 
  51321.0997   14.491  0.003    2  1 
  51321.1023   14.498  0.003    2  1 
  51321.1049   14.509  0.003    2  1 
  51321.1074   14.514  0.003    2  1 
  51321.1100   14.520  0.003    2  1 
  51321.1285   14.570  0.003    2  1 
  51321.1311   14.579  0.003    2  1 
  51332.9607   14.496  0.006    2  1 
  51332.9651   14.507  0.006    2  1 
  51332.9797   14.553  0.005    2  1 
  51332.9834   14.562  0.005    2  1 
  51333.0005   14.605  0.004    2  1 
  51333.0039   14.618  0.005    2  1 
  51333.0156   14.649  0.004    2  1 
  51333.0192   14.654  0.005    2  1 
  51333.0445   14.719  0.005    2  1 
  51333.0479   14.728  0.005    2  1 
  51333.0636   14.753  0.006    2  1 
  51333.0681   14.755  0.006    2  1 
  51333.0834   14.766  0.005    2  1 
  51333.0869   14.771  0.005    2  1 
  51333.0981   14.772  0.005    2  1 
  51333.1018   14.770  0.005    2  1 
  51333.1258   14.757  0.005    2  1 
  51333.1294   14.760  0.006    2  1 
  51333.1410   14.749  0.006    2  1 
  51333.1452   14.753  0.006    2  1 
  51333.1492   14.753  0.005    2  1 
  51333.1642   14.767  0.005    2  1 
  51333.1679   14.774  0.005    2  1 
  51334.9778   14.774  0.003    2  1 
  51334.9806   14.767  0.003    2  1 
  51335.0115   14.775  0.004    2  1 
  51335.0145   14.770  0.004    2  1 
  51335.0237   14.766  0.004    2  1 
  51335.0269   14.761  0.004    2  1 
  51335.0365   14.764  0.004    2  1 
  51335.0396   14.760  0.004    2  1 
  51335.0624   14.776  0.005    2  1 
  51335.0658   14.779  0.005    2  1 
  51335.0766   14.779  0.005    2  1 
  51335.0800   14.772  0.005    2  1 
  51335.1009   14.771  0.004    2  1 
  51335.1041   14.781  0.005    2  1 
  51335.9585   14.778  0.005    2  1 
  51335.9619   14.772  0.005    2  1 
  51335.9661   14.771  0.005    2  1 
  51335.9693   14.769  0.004    2  1 
  51335.9855   14.761  0.004    2  1 
  51335.9915   14.761  0.004    2  1 
  51335.9966   14.763  0.004    2  1 
  51336.0139   14.780  0.004    2  1 
  51336.0172   14.786  0.004    2  1 
  51336.0275   14.775  0.004    2  1 
  51336.0306   14.772  0.004    2  1 
  51336.0439   14.764  0.004    2  1 
  51336.0470   14.762  0.004    2  1 
  51336.0662   14.822  0.005    2  1 
  51336.0696   14.826  0.004    2  1 
  51336.0728   14.826  0.004    2  1 
  51336.0954   14.807  0.005    2  1 
  51336.0989   14.774  0.005    2  1 
  51336.1119   14.479  0.004    2  1 
  51336.1153   14.358  0.004    2  1 
  51336.1297   13.885  0.004    2  1 
  51336.1557   13.831  0.006    2  1 
  51336.1600   13.922  0.005    2  1 
  51336.1647   13.925  0.005    2  1 
  51336.9567   14.778  0.003    2  1 
  51337.0022   14.779  0.005    2  1 
  51337.9827   14.841  0.006    2  1 
  51337.9868   14.840  0.006    2  1 
  51337.9997   14.741  0.005    2  1 
  51338.0033   14.673  0.005    2  1 
  51338.0231   13.967  0.003    2  1 
  51338.0265   13.876  0.003    2  1 
  51338.0304   13.821  0.003    2  1 
  51338.9791   13.834  0.002    2  1 
  51338.9849   13.831  0.002    2  1 
  51339.0116   13.970  0.003    2  1 
  51339.0151   13.993  0.003    2  1 
  51339.0441   14.177  0.003    2  1 
  51339.0477   14.198  0.003    2  1 
  51339.0513   14.216  0.004    2  1 
  51339.0774   14.337  0.004    2  1 
  51339.0807   14.343  0.004    2  1 
  51339.1053   14.469  0.004    2  1 
  51339.1093   14.452  0.004    2  1 
  51339.1327   14.526  0.004    2  1 
  51339.1363   14.530  0.004    2  1 
  51339.9588   13.976  0.003    2  1 
  51339.9627   13.999  0.003    2  1 
  51339.9835   14.129  0.003    2  1 
  51339.9874   14.152  0.003    2  1 
  51340.0115   14.273  0.003    2  1 
  51340.0146   14.295  0.003    2  1 
  51340.0349   14.374  0.003    2  1 
  51340.0380   14.385  0.003    2  1 
  51340.0659   14.476  0.004    2  1 
  51340.0696   14.488  0.004    2  1 
  51340.0938   14.553  0.004    2  1 
  51340.0983   14.571  0.005    2  1 
  51340.1334   14.659  0.004    2  1 
  51340.1366   14.672  0.004    2  1 
  51344.9654   14.797  0.003    2  1 
  51344.9786   14.790  0.003    2  1 
  51344.9829   14.787  0.004    2  1 
  51345.0052   14.793  0.004    2  1 
  51345.0092   14.796  0.004    2  1 
  51345.0132   14.801  0.004    2  1 
  51345.0170   14.799  0.004    2  1 
  51345.0353   14.792  0.004    2  1 
  51345.0390   14.786  0.004    2  1 
  51345.0645   14.776  0.004    2  1 
  51345.0690   14.786  0.004    2  1 
  51345.9658   14.800  0.006    2  1 
  51345.9696   14.806  0.006    2  1 
  51345.9999   14.759  0.005    2  1 
  51346.0043   14.766  0.005    2  1 
  51346.0310   14.822  0.004    2  1 
  51346.0343   14.828  0.005    2  1 
  51346.0571   14.813  0.005    2  1 
  51346.0604   14.779  0.005    2  1 
  51347.0221   14.413  0.004    2  1 
  51347.0274   14.202  0.002    2  1 
  51347.0562   13.828  0.003    2  1 
  51347.0597   13.862  0.003    2  1 
  51347.0815   14.005  0.002    2  1 
  51347.0850   14.043  0.003    2  1 
  51347.9550   14.819  0.004    2  1 
  51347.9581   14.766  0.004    2  1 
  51347.9877   13.829  0.003    2  1 
  51347.9914   13.797  0.003    2  1 
  51347.9948   13.791  0.003    2  1 
  51348.0181   13.919  0.003    2  1 
  51348.0211   13.944  0.003    2  1 
  51348.0849   14.307  0.005    2  1 
  51348.0897   14.335  0.004    2  1 
  51348.1054   14.396  0.005    2  1 
  51348.1088   14.413  0.004    2  1 
  51348.1122   14.422  0.005    2  1 
  51348.9528   13.831  0.002    2  1 
  51348.9557   13.831  0.003    2  1 
  51348.9795   14.016  0.003    2  1 
  51348.9824   14.037  0.003    2  1 
  51348.9941   14.115  0.003    2  1 
  51349.0152   14.230  0.003    2  1 
  51349.0189   14.248  0.003    2  1 
  51349.9596   14.210  0.003    2  1 
  51349.9627   14.232  0.003    2  1 
  51349.9911   14.367  0.003    2  1 
  51349.9944   14.383  0.003    2  1 
  51350.0097   14.436  0.003    2  1 
  51350.0128   14.452  0.003    2  1 
  51350.0228   14.474  0.004    2  1 
  51364.9643   14.766  0.004    2  1 
  51364.9677   14.760  0.004    2  1 
  51380.9714   14.716  0.003    2  1 
  51380.9769   14.730  0.003    2  1 
  51380.9801   14.727  0.003    2  1 
  51380.9845   14.730  0.003    2  1 
  51381.0066   14.736  0.003    2  1 
  51381.0096   14.737  0.003    2  1 
  51381.0136   14.735  0.003    2  1 
  51381.9638   14.735  0.003    2  1 
  51381.9679   14.735  0.004    2  1 
  51381.9716   14.738  0.005    2  1 
  51381.9917   14.727  0.005    2  1 
  51381.9946   14.730  0.005    2  1 
  51382.9605   14.743  0.004    2  1 
  51382.9652   14.735  0.004    2  1 
  51382.9682   14.741  0.005    2  1 
  51382.9887   14.771  0.004    2  1 
  51382.9916   14.772  0.004    2  1 
  51383.9595   14.785  0.003    2  1 
  51383.9621   14.795  0.003    2  1 
  51383.9648   14.799  0.003    2  1 
  51383.9826   14.834  0.004    2  1 
  51383.9853   14.846  0.004    2  1 
  51384.9606   14.698  0.003    2  1 
  51384.9631   14.644  0.003    2  1 
  51384.9657   14.604  0.003    2  1 
  51384.9827   14.150  0.002    2  1 
  51384.9853   14.075  0.002    2  1 
  51385.9557   13.948  0.002    2  1 
  51385.9589   13.961  0.002    2  1 
  51385.9615   13.966  0.002    2  1 
  51385.9788   14.058  0.002    2  1 
  51385.9814   14.074  0.002    2  1 
  51386.9731   14.273  0.003    2  1 
  51386.9769   14.290  0.003    2  1 
  51386.9807   14.309  0.003    2  1 
  51387.0101   14.406  0.003    2  1 
  51387.0139   14.423  0.003    2  1 
  51387.0177   14.439  0.003    2  1 
  51388.9571   14.540  0.005    2  1 
  51388.9622   14.558  0.005    2  1 
  51388.9659   14.570  0.005    2  1 
  51388.9899   14.634  0.005    2  1 
  51388.9932   14.647  0.005    2  1 
  51389.9629   14.695  0.003    2  1 
  51389.9656   14.705  0.003    2  1 
  51389.9683   14.713  0.003    2  1 
  51390.9578   14.761  0.003    2  1 
  51390.9604   14.761  0.003    2  1 
  51390.9631   14.767  0.005    2  1 
  51391.9583   14.751  0.003    2  1 
  51646.1374   14.760  0.004    2  1 
  51646.1447   14.775  0.006    2  1 
  51646.1486   14.782  0.005    2  1 
  51646.1532   14.780  0.005    2  1 
  51646.1570   14.787  0.007    2  1 
  51646.1609   14.798  0.007    2  1 
  51646.1649   14.792  0.006    2  1 
  51646.1687   14.797  0.006    2  1 
  51646.1727   14.793  0.005    2  1 
  51646.1764   14.795  0.005    2  1 
  51646.1801   14.794  0.005    2  1 
  51646.1837   14.794  0.005    2  1 
  51646.1871   14.793  0.005    2  1 
  51646.1907   14.795  0.006    2  1 
  51646.1944   14.792  0.006    2  1 
  51646.1983   14.788  0.005    2  1 
  51646.2025   14.787  0.005    2  1 
  51646.2065   14.788  0.005    2  1 
  51646.2100   14.787  0.005    2  1 
  51646.2138   14.789  0.004    2  1 
  51646.2172   14.785  0.004    2  1 
  51646.2206   14.790  0.004    2  1 
  51646.2245   14.788  0.004    2  1 
  51646.2283   14.783  0.004    2  1 
  51646.2320   14.796  0.004    2  1 
  51646.2362   14.800  0.004    2  1 
  51646.2394   14.797  0.003    2  1 
  51646.2426   14.800  0.003    2  1 
  51646.2457   14.801  0.004    2  1 
  51646.2489   14.792  0.004    2  1 
  51646.2523   14.799  0.005    2  1 
  51646.2557   14.785  0.004    2  1 
  51646.2591   14.785  0.004    2  1 
  51646.2626   14.766  0.005    2  1 
  51646.2660   14.762  0.004    2  1 
  51646.2694   14.767  0.006    2  1 
  51646.2730   14.765  0.007    2  1 
  51646.2769   14.768  0.009    2  1 
  51646.2811   14.780  0.011    2  1 
  51646.2852   14.794  0.007    2  1 
  51646.2895   14.807  0.006    2  1 
  51646.2939   14.826  0.007    2  1 
  51646.2986   14.842  0.008    2  1 
  51646.3027   14.854  0.009    2  1 
  51646.3070   14.846  0.007    2  1 
  51646.3111   14.854  0.006    2  1 
  51646.3151   14.842  0.005    2  1 
  51646.3189   14.835  0.004    2  1 
  51646.3225   14.820  0.004    2  1 
  51646.3260   14.806  0.005    2  1 
  51646.3296   14.769  0.005    2  1 
  51646.3330   14.720  0.004    2  1 
  51646.3377   14.603  0.004    2  1 
  51646.3414   14.455  0.004    2  1 
  51646.3451   14.302  0.004    2  1 
  51646.3496   14.136  0.003    2  1 
  51646.3530   13.987  0.003    2  1 
  51646.3568   13.877  0.003    2  1 
  51646.3602   13.749  0.004    2  1 
  51646.3637   13.758  0.003    2  1 
  51646.3679   13.774  0.003    2  1 
  51646.3713   13.790  0.003    2  1 
  51646.3746   13.746  0.004    2  1 
  51671.0353   13.868  0.003    2  1 
  51671.0475   13.891  0.003    2  1 
  51671.0585   13.931  0.003    2  1 
  51671.0649   13.990  0.003    2  1 
  51671.0721   14.066  0.003    2  1 
  51671.0771   14.072  0.004    2  1 
  51671.1013   14.222  0.003    2  1 
  51671.1053   14.249  0.003    2  1 
  51671.1107   14.268  0.003    2  1 
  51671.1151   14.291  0.003    2  1 
  51671.1292   14.357  0.003    2  1 
  51671.9878   13.910  0.002    2  1 
  51671.9920   13.925  0.002    2  1 
  51672.0277   14.117  0.003    2  1 
  51672.0316   14.138  0.003    2  1 
  51672.0822   14.378  0.003    2  1 
  51674.0685   14.621  0.005    2  1 
  51674.0726   14.622  0.006    2  1 
  51674.1052   14.695  0.005    2  1 
  51674.1117   14.705  0.005    2  1 
  51674.1260   14.735  0.004    2  1 
  51674.1296   14.730  0.004    2  1 
  51674.1332   14.735  0.004    2  1 
  51674.1368   14.739  0.005    2  1 
  51674.1405   14.741  0.004    2  1 
  51674.1444   14.736  0.004    2  1 
  51674.9689   14.499  0.004    2  1 
  51674.9724   14.505  0.004    2  1 
  51674.9867   14.550  0.004    2  1 
  51674.9911   14.553  0.005    2  1 
  51675.0041   14.591  0.005    2  1 
  51675.0121   14.605  0.005    2  1 
  51675.0159   14.612  0.006    2  1 
  51675.0253   14.642  0.004    2  1 
  51675.0289   14.646  0.004    2  1 
  51675.0351   14.669  0.004    2  1 
  51675.0465   14.683  0.004    2  1 
  51675.0521   14.691  0.005    2  1 
  51675.0558   14.699  0.004    2  1 
  51675.0622   14.714  0.005    2  1 
  51675.0661   14.715  0.004    2  1 
  51675.0719   14.727  0.005    2  1 
  51675.0756   14.725  0.005    2  1 
  51675.0814   14.737  0.005    2  1 
  51675.0858   14.739  0.005    2  1 
  51675.0927   14.740  0.004    2  1 
  51675.0970   14.736  0.004    2  1 
  51675.9751   14.641  0.003    2  1 
  51675.9802   14.650  0.004    2  1 
  51675.9906   14.672  0.004    2  1 
  51675.9939   14.680  0.004    2  1 
  51675.9971   14.684  0.004    2  1 
  51676.0005   14.690  0.003    2  1 
  51676.0036   14.698  0.003    2  1 
  51676.0067   14.696  0.004    2  1 
  51676.0112   14.706  0.004    2  1 
  51676.0240   14.724  0.005    2  1 
  51676.0301   14.730  0.004    2  1 
  51676.9616   14.703  0.006    2  1 
  51676.9713   14.720  0.006    2  1 
  51676.9757   14.726  0.006    2  1 
  51676.9867   14.733  0.006    2  1 
  51676.9919   14.736  0.008    2  1 
  51676.9969   14.739  0.007    2  1 
  51677.0090   14.740  0.006    2  1 
  51677.0126   14.742  0.005    2  1 
  51677.0180   14.738  0.006    2  1 
  51677.0226   14.741  0.006    2  1 
  51677.0271   14.741  0.006    2  1 
  51677.0318   14.740  0.006    2  1 
  51677.0362   14.741  0.006    2  1 
  51677.0410   14.736  0.006    2  1 
  51677.0453   14.742  0.006    2  1 
  51677.0499   14.741  0.006    2  1 
  51677.0580   14.749  0.007    2  1 
  51677.0628   14.756  0.006    2  1 
  51677.0672   14.760  0.006    2  1 
  51677.0713   14.762  0.006    2  1 
  51677.0751   14.763  0.006    2  1 
  51677.0793   14.769  0.006    2  1 
  51677.0835   14.770  0.006    2  1 
  51677.0877   14.766  0.005    2  1 
  51677.0918   14.765  0.005    2  1 
  51677.0956   14.776  0.006    2  1 
  51677.0996   14.783  0.007    2  1 
  51677.1044   14.783  0.007    2  1 
  51677.1082   14.799  0.008    2  1 
  51677.1121   14.810  0.006    2  1 
  51677.1160   14.817  0.007    2  1 
  51677.1199   14.830  0.007    2  1 
  51677.1238   14.834  0.006    2  1 
  51677.1276   14.847  0.006    2  1 
  51677.1315   14.844  0.007    2  1 
  51677.1353   14.846  0.006    2  1 
  51677.1396   14.840  0.007    2  1 
  51677.1434   14.834  0.006    2  1 
  51677.1476   14.817  0.006    2  1 
  51677.1520   14.794  0.006    2  1 
  51677.1564   14.756  0.006    2  1 
  51677.1603   14.714  0.005    2  1 
  51677.1642   14.653  0.005    2  1 
  51677.1680   14.566  0.005    2  1 
  51677.1719   14.464  0.005    2  1 
  51677.1759   14.345  0.004    2  1 
  51677.1797   14.266  0.004    2  1 
  51677.1836   14.142  0.004    2  1 
  51677.1883   14.021  0.004    2  1 
  51677.1922   13.952  0.004    2  1 
  51677.1960   13.905  0.004    2  1 
  51677.1999   13.890  0.004    2  1 
  51677.2038   13.910  0.003    2  1 
  51677.2083   13.910  0.004    2  1 
  51677.2133   13.926  0.004    2  1 
  51677.2176   13.910  0.005    2  1 
  51677.2233   13.952  0.005    2  1 
  51677.2285   13.923  0.007    2  1 
  51677.2335   14.015  0.006    2  1 
  51677.2391   14.042  0.006    2  1 
  51677.2524   14.129  0.005    2  1 
  51677.2571   14.159  0.005    2  1 
  51677.2620   14.182  0.005    2  1 
  51677.2664   14.208  0.005    2  1 
  51677.2708   14.235  0.005    2  1 
  51691.0375   14.285  0.001    2  1 
  51691.0409   14.306  0.003    2  1 
  51691.0444   14.321  0.003    2  1 
  51691.0509   14.338  0.003    2  1 
  51691.0543   14.352  0.003    2  1 
  51691.0579   14.356  0.003    2  1 
  51691.0633   14.383  0.002    2  1 
  51691.0670   14.388  0.002    2  1 
  51691.0711   14.410  0.003    2  1 
  51691.0770   14.431  0.003    2  1 
  51691.0805   14.442  0.003    2  1 
  51691.0840   14.451  0.003    2  1 
  51691.0896   14.468  0.003    2  1 
  51691.0931   14.478  0.003    2  1 
  51691.0971   14.488  0.003    2  1 
  51691.1040   14.504  0.003    2  1 
  51691.1083   14.511  0.003    2  1 
  51691.1122   14.533  0.003    2  1 
  51691.1180   14.543  0.003    2  1 
  51691.1214   14.546  0.003    2  1 
  51691.1249   14.564  0.003    2  1 
  51691.1323   14.580  0.003    2  1 
  51691.1357   14.575  0.003    2  1 
  51691.1392   14.598  0.003    2  1 
  51691.1448   14.615  0.003    2  1 
  51691.1522   14.627  0.002    2  1 
  51691.1561   14.636  0.002    2  1 
  51693.0130   14.537  0.004    2  1 
  51693.0165   14.597  0.004    2  1 
  51693.0248   14.570  0.004    2  1 
  51693.0305   14.586  0.004    2  1 
  51693.0340   14.595  0.004    2  1 
  51693.0378   14.598  0.004    2  1 
  51694.0082   14.656  0.003    2  1 
  51694.0114   14.668  0.004    2  1 
  51694.0148   14.668  0.003    2  1 
  51694.0202   14.689  0.003    2  1 
  51694.0234   14.693  0.004    2  1 
  51694.0267   14.701  0.003    2  1 
  51694.0319   14.711  0.003    2  1 
  51694.0351   14.717  0.004    2  1 
  51694.0384   14.725  0.004    2  1 
  51694.0418   14.729  0.004    2  1 
  51694.0472   14.739  0.004    2  1 
  51694.0505   14.745  0.004    2  1 
  51694.0537   14.750  0.004    2  1 
  51694.0590   14.753  0.004    2  1 
  51694.0623   14.754  0.004    2  1 
  51694.0656   14.755  0.004    2  1 
  51694.0714   14.757  0.004    2  1 
  51694.0748   14.749  0.004    2  1 
  51694.0781   14.758  0.004    2  1 
  51694.0836   14.762  0.004    2  1 
  51694.0868   14.749  0.004    2  1 
  51694.0901   14.759  0.004    2  1 
  51694.0957   14.749  0.003    2  1 
  51694.0989   14.748  0.003    2  1 
  51694.1021   14.749  0.004    2  1 
  51694.1075   14.748  0.003    2  1 
  51694.1106   14.745  0.003    2  1 
  51694.1190   14.744  0.004    2  1 
  51694.1221   14.743  0.004    2  1 
  51694.1252   14.744  0.004    2  1 
  51694.1286   14.743  0.004    2  1 
  51695.0280   14.766  0.003    2  1 
  51695.0317   14.736  0.003    2  1 
  51697.9712   14.767  0.005    2  1 
  51697.9818   14.770  0.004    2  1 
  51765.9746   14.218  0.003    2  1 
  51765.9783   14.232  0.003    2  1 
  51765.9820   14.258  0.003    2  1 
  51766.0194   14.409  0.004    2  1 
  51766.0229   14.423  0.004    2  1 
  51216.3063   15.015  0.004    3  1 
  51216.3342   15.114  0.004    3  1 
  51216.3572   15.172  0.004    3  1 
  51216.3847   15.221  0.004    3  1 
  51217.2936   15.164  0.004    3  1 
  51217.3214   15.220  0.004    3  1 
  51217.3432   15.252  0.004    3  1 
  51217.3852   15.215  0.004    3  1 
  51218.2935   15.237  0.005    3  1 
  51218.3212   15.236  0.004    3  1 
  51218.3442   15.213  0.004    3  1 
  51218.3704   15.226  0.004    3  1 
  51219.2811   15.243  0.002    3  1 
  51219.2844   15.229  0.004    3  1 
  51219.3053   15.223  0.004    3  1 
  51219.3228   15.237  0.004    3  1 
  51219.3465   15.179  0.004    3  1 
  51219.3676   15.216  0.004    3  1 
  51219.3851   15.260  0.004    3  1 
  51220.2805   15.232  0.004    3  1 
  51220.2995   15.180  0.004    3  1 
  51220.3171   15.226  0.004    3  1 
  51220.3349   15.295  0.004    3  1 
  51220.3523   15.230  0.004    3  1 
  51220.3689   14.778  0.003    3  1 
  51220.3877   14.045  0.002    3  1 
  51221.2691   15.245  0.004    3  1 
  51221.2915   15.280  0.004    3  1 
  51221.3097   15.104  0.004    3  1 
  51221.3270   14.295  0.002    3  1 
  51221.3437   13.934  0.002    3  1 
  51221.3619   14.040  0.002    3  1 
  51221.3854   14.238  0.003    3  1 
  51283.2237   15.138  0.003    3  1 
  51283.2601   15.224  0.004    3  1 
  51283.2830   15.242  0.004    3  1 
  51283.3050   15.238  0.004    3  1 
  51283.3367   15.225  0.004    3  1 
  51283.3600   15.237  0.004    3  1 
  51284.2056   15.228  0.004    3  1 
  51284.2337   15.255  0.004    3  1 
  51284.2542   15.248  0.004    3  1 
  51284.2806   15.231  0.004    3  1 
  51284.3075   15.250  0.004    3  1 
  51284.3333   15.187  0.004    3  1 
  51285.0371   14.852  0.003    3  1 
  51285.0646   14.960  0.003    3  1 
  51285.0885   15.052  0.004    3  1 
  51285.1182   15.142  0.004    3  1 
  51285.1470   15.213  0.004    3  1 
  51285.1698   15.251  0.004    3  1 
  51285.1988   15.255  0.004    3  1 
  51285.2270   15.230  0.004    3  1 
  51285.2539   15.246  0.004    3  1 
  51285.2851   15.185  0.004    3  1 
  51285.3202   15.266  0.004    3  1 
  51285.3496   15.030  0.003    3  1 
  51286.0308   15.047  0.003    3  1 
  51286.0619   15.133  0.003    3  1 
  51286.0871   15.201  0.003    3  1 
  51286.0921   15.221  0.004    3  1 
  51286.1226   15.248  0.003    3  1 
  51286.1512   15.243  0.003    3  1 
  51286.1789   15.229  0.003    3  1 
  51286.2076   15.260  0.004    3  1 
  51286.2389   15.183  0.003    3  1 
  51286.2613   15.277  0.004    3  1 
  51286.2889   15.212  0.004    3  1 
  51286.3108   14.390  0.002    3  1 
  51286.3335   13.913  0.002    3  1 
  51286.3566   14.113  0.002    3  1 
  51304.9734   14.938  0.003    3  1 
  51305.0076   15.026  0.004    3  1 
  51305.0510   15.143  0.004    3  1 
  51305.0770   15.191  0.004    3  1 
  51305.1004   15.201  0.004    3  1 
  51305.1407   15.195  0.005    3  1 
  51305.1707   15.217  0.004    3  1 
  51305.1996   15.205  0.004    3  1 
  51305.2299   15.279  0.004    3  1 
  51305.2561   15.223  0.004    3  1 
  51305.2836   14.455  0.003    3  1 
  51305.3139   14.052  0.002    3  1 
  51305.9733   15.093  0.003    3  1 
  51306.0117   15.171  0.003    3  1 
  51306.0157   15.178  0.003    3  1 
  51306.0375   15.198  0.004    3  1 
  51306.0735   15.191  0.004    3  1 
  51306.1026   15.183  0.004    3  1 
  51306.1285   15.209  0.004    3  1 
  51306.1517   15.193  0.005    3  1 
  51306.1807   15.264  0.004    3  1 
  51306.2059   15.182  0.003    3  1 
  51306.2269   14.632  0.003    3  1 
  51306.2491   14.007  0.002    3  1 
  51306.2725   14.109  0.002    3  1 
  51306.2932   14.253  0.002    3  1 
  51307.9986   15.202  0.003    3  1 
  51308.0249   15.211  0.003    3  1 
  51308.0524   15.220  0.003    3  1 
  51308.0811   15.283  0.003    3  1 
  51308.0851   15.278  0.003    3  1 
  51308.1202   14.825  0.003    3  1 
  51310.1272   14.554  0.002    3  1 
  51310.1308   14.578  0.002    3  1 
  51314.9714   15.022  0.004    3  1 
  51315.0138   15.141  0.003    3  1 
  51315.0372   15.170  0.003    3  1 
  51315.0710   15.182  0.004    3  1 
  51315.0946   15.172  0.004    3  1 
  51315.1180   15.171  0.004    3  1 
  51316.0363   15.163  0.003    3  1 
  51316.0597   15.172  0.003    3  1 
  51316.0832   15.183  0.004    3  1 
  51316.1079   15.198  0.004    3  1 
  51316.9780   15.164  0.003    3  1 
  51317.0013   15.175  0.004    3  1 
  51317.0241   15.172  0.005    3  1 
  51317.0523   15.199  0.004    3  1 
  51317.0782   15.237  0.004    3  1 
  51317.1035   15.268  0.004    3  1 
  51317.9808   15.187  0.004    3  1 
  51318.0060   15.215  0.004    3  1 
  51318.0331   15.255  0.005    3  1 
  51318.0898   14.640  0.004    3  1 
  51318.9811   15.265  0.004    3  1 
  51319.0058   15.261  0.004    3  1 
  51319.0315   14.869  0.003    3  1 
  51319.0717   14.097  0.002    3  1 
  51319.0961   14.262  0.002    3  1 
  51320.0968   14.595  0.002    3  1 
  51320.1175   14.704  0.002    3  1 
  51320.9771   14.162  0.002    3  1 
  51321.0212   14.455  0.002    3  1 
  51321.0434   14.588  0.002    3  1 
  51321.0658   14.695  0.003    3  1 
  51321.0965   14.839  0.003    3  1 
  51321.1252   14.953  0.003    3  1 
  51333.0403   15.142  0.004    3  1 
  51333.1062   15.205  0.004    3  1 
  51334.9989   15.217  0.003    3  1 
  51335.0432   15.191  0.004    3  1 
  51335.0972   15.182  0.004    3  1 
  51335.1083   15.210  0.005    3  1 
  51336.0103   15.220  0.004    3  1 
  51336.0508   15.197  0.004    3  1 
  51336.0891   15.257  0.004    3  1 
  51338.0075   14.893  0.004    3  1 
  51338.9740   14.069  0.002    3  1 
  51339.0046   14.091  0.002    3  1 
  51339.0385   14.365  0.003    3  1 
  51339.0685   14.574  0.003    3  1 
  51339.1006   14.749  0.003    3  1 
  51339.1280   14.871  0.004    3  1 
  51339.9665   14.203  0.002    3  1 
  51339.9935   14.437  0.002    3  1 
  51340.0189   14.589  0.003    3  1 
  51340.0441   14.744  0.003    3  1 
  51340.0753   14.877  0.003    3  1 
  51340.1041   14.990  0.004    3  1 
  51345.0430   15.210  0.004    3  1 
  51345.0736   15.215  0.003    3  1 
  51345.9747   15.262  0.005    3  1 
  51346.0101   15.196  0.004    3  1 
  51346.0388   15.284  0.004    3  1 
  51346.0670   15.029  0.004    3  1 
  51347.0317   14.219  0.002    3  1 
  51347.0645   14.011  0.002    3  1 
  51347.0896   14.239  0.002    3  1 
  51347.9638   15.054  0.003    3  1 
  51348.0146   14.044  0.002    3  1 
  51348.9591   14.012  0.002    3  1 
  51349.0243   14.537  0.003    3  1 
  51349.9679   14.500  0.002    3  1 
  51364.9721   15.216  0.004    3  1 
  51380.9890   15.176  0.004    3  1 
  51381.9751   15.168  0.004    3  1 
  51382.9716   15.177  0.004    3  1 
  51383.9680   15.231  0.004    3  1 
  51384.9688   14.843  0.003    3  1 
  51385.9645   14.118  0.002    3  1 
  51386.9859   14.597  0.003    3  1 
  51388.9699   14.982  0.004    3  1 
  51389.9715   15.155  0.003    3  1 
  51390.9663   15.187  0.003    3  1 
  51391.9664   15.149  0.003    3  1 
  51672.0213   14.272  0.002    3  1 
  51674.0796   15.083  0.004    3  1 
  51674.9989   14.993  0.004    3  1 
  51675.0396   15.103  0.003    3  1 
  51693.0053   14.901  0.003    3  1 
  51694.0012   15.061  0.003    3  1 
  51695.0214   15.180  0.003    3  1 
  51765.9863   14.544  0.003    3  1 
  51766.0153   14.755  0.004    3  1 
 56468.97641   13.336  0.079   -1  1 
 56469.04707   13.292  0.093   -1  1 
 56469.10896   13.474  0.069   -1  1 
 56469.17285   13.405  0.027   -1  1 
 56471.00364   13.490  0.062   -1  1 
 56471.06640   13.506  0.021   -1  1 
 56471.12490   13.368  0.017   -1  1 
 56471.18188   13.455  0.022   -1  1 
 56471.96759   13.429  0.049   -1  1 
 56472.03374   13.284  0.026   -1  1 
 56472.09484   13.031  0.053   -1  1 
 56472.15243   13.482  0.021   -1  1 
 56468.95296   13.296  0.059   -2  1 
 56469.02441   13.426  0.043   -2  1 
 56469.08813   13.553  0.031   -2  1 
 56469.15134   13.306  0.028   -2  1 
 56471.02588   13.348  0.044   -2  1 
 56471.08671   13.340  0.027   -2  1 
 56471.14302   13.346  0.019   -2  1 
 56471.94704   13.864  0.024   -2  1 
 56472.01085   13.298  0.034   -2  1 
 56472.07480   13.288  0.023   -2  1 
 56472.13240   13.421  0.013   -2  1 
 56472.19216   13.394  0.011   -2  1 
 56469.00041   13.672  0.024   -5  1 
 56469.06767   13.943  0.022   -5  1 
 56469.13003   13.625  0.020   -5  1 
 56469.19349   13.495  0.015   -5  1 
 56470.98130   13.957  0.014   -5  1 
 56471.04693   13.486  0.016   -5  1 
 56471.10523   13.525  0.013   -5  1 
 56471.16397   13.682  0.012   -5  1 
 56471.98857   13.565  0.018   -5  1 
 56472.05430   13.785  0.023   -5  1 
 56472.11383   13.562  0.018   -5  1 
 56472.17109   13.621  0.016   -5  1 
