  51216.3218   14.529  0.005    2  1 
  51216.3464   14.584  0.005    2  1 
  51216.3689   14.636  0.005    2  1 
  51216.3980   14.705  0.007    2  1 
  51217.3101   15.003  0.006    2  1 
  51217.3328   14.979  0.005    2  1 
  51217.3552   14.790  0.005    2  1 
  51217.3759   14.336  0.004    2  1 
  51217.3953   14.035  0.004    2  1 
  51218.2773   14.656  0.005    2  1 
  51218.3093   14.712  0.005    2  1 
  51218.3298   14.745  0.005    2  1 
  51218.3573   14.780  0.005    2  1 
  51218.3794   14.794  0.005    2  1 
  51219.3336   13.994  0.003    2  1 
  51219.3596   14.090  0.003    2  1 
  51219.3768   14.155  0.004    2  1 
  51220.2621   14.773  0.005    2  1 
  51220.2906   14.793  0.005    2  1 
  51220.3077   14.813  0.005    2  1 
  51220.3257   14.833  0.005    2  1 
  51220.3432   14.844  0.005    2  1 
  51220.3602   14.861  0.005    2  1 
  51220.3776   14.854  0.005    2  1 
  51221.2835   14.172  0.004    2  1 
  51221.3009   14.234  0.004    2  1 
  51221.3188   14.287  0.004    2  1 
  51221.3358   14.335  0.004    2  1 
  51221.3538   14.393  0.004    2  1 
  51221.3722   14.449  0.004    2  1 
  51283.2451   14.858  0.005    2  1 
  51283.2493   14.856  0.005    2  1 
  51283.2714   14.862  0.005    2  1 
  51283.2748   14.855  0.005    2  1 
  51283.2939   14.889  0.005    2  1 
  51283.2972   14.890  0.005    2  1 
  51283.3202   14.952  0.005    2  1 
  51283.3234   14.959  0.005    2  1 
  51283.3487   14.988  0.005    2  1 
  51283.3518   14.994  0.005    2  1 
  51283.3707   14.952  0.005    2  1 
  51283.3738   14.928  0.005    2  1 
  51284.2195   14.417  0.004    2  1 
  51284.2229   14.425  0.004    2  1 
  51284.2413   14.482  0.004    2  1 
  51284.2443   14.490  0.004    2  1 
  51284.2617   14.540  0.004    2  1 
  51284.2648   14.619  0.001    2  1 
  51284.2942   14.616  0.004    2  1 
  51284.2973   14.622  0.004    2  1 
  51284.3168   14.671  0.004    2  1 
  51284.3211   14.680  0.005    2  1 
  51284.3428   14.711  0.006    2  1 
  51284.3464   14.729  0.005    2  1 
  51285.0513   14.795  0.004    2  1 
  51285.0543   14.804  0.004    2  1 
  51285.0739   14.815  0.004    2  1 
  51285.0778   14.827  0.004    2  1 
  51285.0975   14.854  0.005    2  1 
  51285.1006   14.870  0.006    2  1 
  51285.1324   14.885  0.005    2  1 
  51285.1360   14.876  0.005    2  1 
  51285.1558   14.845  0.004    2  1 
  51285.1588   14.851  0.004    2  1 
  51285.1796   14.846  0.004    2  1 
  51285.1830   14.848  0.004    2  1 
  51285.2125   14.926  0.005    2  1 
  51285.2157   14.928  0.005    2  1 
  51285.2362   14.914  0.006    2  1 
  51285.2426   15.000  0.005    2  1 
  51285.2630   15.035  0.006    2  1 
  51285.2666   14.976  0.007    2  1 
  51285.2998   14.606  0.004    2  1 
  51285.3033   14.519  0.006    2  1 
  51285.3348   14.001  0.003    2  1 
  51285.3382   14.106  0.005    2  1 
  51286.0461   14.183  0.003    2  1 
  51286.0493   14.208  0.003    2  1 
  51286.0716   14.274  0.003    2  1 
  51286.0753   14.287  0.003    2  1 
  51286.1026   14.363  0.003    2  1 
  51286.1061   14.377  0.003    2  1 
  51286.1365   14.470  0.003    2  1 
  51286.1398   14.472  0.004    2  1 
  51286.1608   14.529  0.004    2  1 
  51286.1639   14.536  0.004    2  1 
  51286.1669   14.546  0.004    2  1 
  51286.1875   14.600  0.004    2  1 
  51286.1908   14.603  0.004    2  1 
  51286.2255   14.672  0.004    2  1 
  51286.2285   14.681  0.004    2  1 
  51286.2476   14.708  0.004    2  1 
  51286.2508   14.722  0.004    2  1 
  51286.2697   14.757  0.004    2  1 
  51286.2727   14.760  0.004    2  1 
  51286.3022   14.792  0.004    2  1 
  51286.3055   14.793  0.004    2  1 
  51286.3218   14.806  0.004    2  1 
  51286.3250   14.811  0.004    2  1 
  51286.3450   14.822  0.004    2  1 
  51286.3481   14.827  0.005    2  1 
  51304.9873   14.472  0.004    2  1 
  51304.9926   14.369  0.003    2  1 
  51305.0328   13.944  0.003    2  1 
  51305.0362   13.959  0.003    2  1 
  51305.0559   14.042  0.003    2  1 
  51305.0599   14.045  0.003    2  1 
  51305.0890   14.161  0.003    2  1 
  51305.0922   14.173  0.003    2  1 
  51305.1269   14.276  0.004    2  1 
  51305.1509   14.356  0.005    2  1 
  51305.1853   14.473  0.004    2  1 
  51305.1885   14.466  0.005    2  1 
  51305.2098   14.534  0.004    2  1 
  51305.2128   14.537  0.004    2  1 
  51305.2431   14.609  0.004    2  1 
  51305.2461   14.616  0.004    2  1 
  51305.2704   14.674  0.005    2  1 
  51305.2734   14.676  0.005    2  1 
  51305.2966   14.780  0.007    2  1 
  51305.2995   14.731  0.005    2  1 
  51305.9857   14.784  0.004    2  1 
  51305.9885   14.793  0.004    2  1 
  51305.9912   14.787  0.004    2  1 
  51306.0256   14.817  0.004    2  1 
  51306.0285   14.824  0.004    2  1 
  51306.0465   14.846  0.004    2  1 
  51306.0498   14.849  0.004    2  1 
  51306.0896   14.865  0.004    2  1 
  51306.0930   14.858  0.004    2  1 
  51306.1123   14.840  0.004    2  1 
  51306.1151   14.835  0.004    2  1 
  51306.1375   14.860  0.004    2  1 
  51306.1405   14.864  0.004    2  1 
  51306.1636   14.905  0.004    2  1 
  51306.1673   14.901  0.004    2  1 
  51306.1937   14.966  0.004    2  1 
  51306.1966   14.963  0.004    2  1 
  51306.2146   14.969  0.005    2  1 
  51306.2178   14.980  0.000    2  1 
  51306.2343   14.885  0.004    2  1 
  51306.2380   14.849  0.004    2  1 
  51306.2574   14.465  0.003    2  1 
  51306.2602   14.395  0.003    2  1 
  51306.2805   14.077  0.002    2  1 
  51306.2835   14.034  0.002    2  1 
  51306.3038   13.931  0.003    2  1 
  51306.3135   13.967  0.003    2  1 
  51306.3184   13.972  0.003    2  1 
  51307.0456   14.325  0.004    2  1 
  51307.0501   14.321  0.005    2  1 
  51307.0593   14.370  0.003    2  1 
  51307.0645   14.348  0.004    2  1 
  51307.0699   14.331  0.010    2  1 
  51307.0747   14.379  0.006    2  1 
  51308.0084   14.838  0.004    2  1 
  51308.0112   14.839  0.004    2  1 
  51308.0334   14.824  0.003    2  1 
  51308.0362   14.832  0.003    2  1 
  51308.0394   14.837  0.004    2  1 
  51308.0633   14.875  0.004    2  1 
  51308.0663   14.889  0.004    2  1 
  51308.0995   14.968  0.004    2  1 
  51308.1280   14.963  0.005    2  1 
  51308.1309   14.947  0.005    2  1 
  51310.0850   14.167  0.002    2  1 
  51310.0874   14.118  0.002    2  1 
  51310.0897   14.094  0.002    2  1 
  51310.1430   14.052  0.003    2  1 
  51310.1458   14.057  0.003    2  1 
  51310.1486   14.072  0.003    2  1 
  51311.0244   14.773  0.008    2  1 
  51311.0302   14.776  0.006    2  1 
  51311.0334   14.768  0.006    2  1 
  51311.0506   14.789  0.003    2  1 
  51311.0539   14.807  0.004    2  1 
  51311.0637   14.799  0.005    2  1 
  51311.0669   14.800  0.005    2  1 
  51311.0907   14.823  0.005    2  1 
  51311.0946   14.819  0.005    2  1 
  51311.1015   14.823  0.005    2  1 
  51311.1071   14.831  0.005    2  1 
  51311.1298   14.865  0.005    2  1 
  51311.1327   14.867  0.005    2  1 
  51311.1357   14.878  0.005    2  1 
  51311.1398   14.873  0.005    2  1 
  51311.1447   14.892  0.006    2  1 
  51311.9726   14.408  0.005    2  1 
  51311.9755   14.348  0.004    2  1 
  51312.0020   13.979  0.003    2  1 
  51312.0049   13.945  0.003    2  1 
  51312.0255   13.954  0.003    2  1 
  51312.0284   13.973  0.003    2  1 
  51312.0314   13.996  0.003    2  1 
  51312.0584   14.090  0.003    2  1 
  51312.0611   14.105  0.003    2  1 
  51312.0638   14.113  0.003    2  1 
  51312.0903   14.214  0.003    2  1 
  51312.0955   14.241  0.003    2  1 
  51312.1146   14.296  0.003    2  1 
  51312.1173   14.303  0.003    2  1 
  51312.1200   14.319  0.003    2  1 
  51312.9860   14.795  0.004    2  1 
  51312.9887   14.796  0.004    2  1 
  51312.9913   14.799  0.004    2  1 
  51313.0096   14.821  0.004    2  1 
  51313.0123   14.824  0.004    2  1 
  51313.0149   14.818  0.004    2  1 
  51313.0333   14.846  0.004    2  1 
  51313.0360   14.850  0.004    2  1 
  51313.0386   14.853  0.004    2  1 
  51313.0413   14.837  0.004    2  1 
  51313.0595   14.854  0.004    2  1 
  51313.0622   14.873  0.004    2  1 
  51313.0648   14.864  0.004    2  1 
  51313.0911   14.848  0.004    2  1 
  51313.0937   14.850  0.004    2  1 
  51313.0964   14.840  0.004    2  1 
  51313.1146   14.845  0.004    2  1 
  51313.1172   14.846  0.004    2  1 
  51313.1199   14.851  0.004    2  1 
  51313.1226   14.858  0.004    2  1 
  51313.9843   14.179  0.003    2  1 
  51313.9872   14.187  0.003    2  1 
  51313.9901   14.201  0.003    2  1 
  51314.0178   14.280  0.004    2  1 
  51314.0207   14.298  0.004    2  1 
  51314.0236   14.312  0.003    2  1 
  51314.0432   14.362  0.004    2  1 
  51314.0461   14.375  0.004    2  1 
  51314.0490   14.384  0.004    2  1 
  51314.0772   14.470  0.004    2  1 
  51314.0802   14.477  0.004    2  1 
  51314.0831   14.480  0.004    2  1 
  51314.1030   14.538  0.004    2  1 
  51314.1059   14.535  0.005    2  1 
  51314.1088   14.549  0.004    2  1 
  51314.1289   14.600  0.004    2  1 
  51314.1333   14.607  0.005    2  1 
  51314.1363   14.618  0.005    2  1 
  51314.9827   14.862  0.004    2  1 
  51314.9856   14.860  0.004    2  1 
  51314.9885   14.854  0.004    2  1 
  51315.0015   14.839  0.005    2  1 
  51315.0043   14.842  0.004    2  1 
  51315.0069   14.836  0.004    2  1 
  51315.0251   14.845  0.004    2  1 
  51315.0277   14.846  0.004    2  1 
  51315.0304   14.851  0.004    2  1 
  51315.0516   14.910  0.004    2  1 
  51315.0542   14.904  0.004    2  1 
  51315.0780   14.986  0.004    2  1 
  51315.0807   14.974  0.004    2  1 
  51315.0833   14.978  0.005    2  1 
  51315.1015   15.000  0.005    2  1 
  51315.1041   14.994  0.005    2  1 
  51315.1068   15.002  0.005    2  1 
  51315.1290   14.861  0.005    2  1 
  51315.1319   14.823  0.005    2  1 
  51316.0194   14.571  0.003    2  1 
  51316.0221   14.577  0.003    2  1 
  51316.0247   14.576  0.003    2  1 
  51316.0431   14.616  0.003    2  1 
  51316.0458   14.621  0.004    2  1 
  51316.0485   14.626  0.004    2  1 
  51316.0667   14.678  0.004    2  1 
  51316.0693   14.685  0.004    2  1 
  51316.0720   14.688  0.004    2  1 
  51316.0905   14.712  0.004    2  1 
  51316.0934   14.723  0.004    2  1 
  51316.0963   14.732  0.004    2  1 
  51316.1148   14.756  0.004    2  1 
  51316.1175   14.755  0.004    2  1 
  51316.1201   14.767  0.004    2  1 
  51316.9647   14.928  0.004    2  1 
  51316.9676   14.961  0.005    2  1 
  51316.9705   14.988  0.006    2  1 
  51316.9896   14.988  0.004    2  1 
  51316.9923   15.000  0.004    2  1 
  51316.9949   14.991  0.004    2  1 
  51317.0088   15.011  0.005    2  1 
  51317.0117   14.999  0.005    2  1 
  51317.0321   14.887  0.006    2  1 
  51317.0351   14.849  0.005    2  1 
  51317.0391   14.773  0.005    2  1 
  51317.0602   14.290  0.004    2  1 
  51317.0631   14.268  0.003    2  1 
  51317.0660   14.228  0.003    2  1 
  51317.0858   13.954  0.003    2  1 
  51317.0887   13.922  0.003    2  1 
  51317.0916   13.950  0.003    2  1 
  51317.1111   13.972  0.003    2  1 
  51317.1140   13.958  0.003    2  1 
  51317.1169   13.977  0.003    2  1 
  51317.9628   14.621  0.002    2  1 
  51317.9657   14.670  0.005    2  1 
  51317.9685   14.680  0.005    2  1 
  51317.9883   14.719  0.005    2  1 
  51317.9912   14.724  0.005    2  1 
  51317.9941   14.722  0.004    2  1 
  51318.0135   14.755  0.005    2  1 
  51318.0164   14.766  0.006    2  1 
  51318.0194   14.761  0.006    2  1 
  51318.0413   14.791  0.005    2  1 
  51318.0445   14.799  0.006    2  1 
  51318.0477   14.788  0.005    2  1 
  51318.0697   14.808  0.006    2  1 
  51318.0730   14.830  0.007    2  1 
  51318.0762   14.826  0.007    2  1 
  51318.0981   14.863  0.008    2  1 
  51318.1014   14.851  0.006    2  1 
  51318.1046   14.896  0.008    2  1 
  51318.1265   14.907  0.008    2  1 
  51318.1298   14.916  0.008    2  1 
  51318.9642   14.331  0.003    2  1 
  51318.9680   14.262  0.004    2  1 
  51318.9708   14.221  0.003    2  1 
  51318.9737   14.169  0.003    2  1 
  51318.9929   13.948  0.003    2  1 
  51318.9956   13.919  0.003    2  1 
  51318.9983   13.934  0.003    2  1 
  51319.0180   13.939  0.003    2  1 
  51319.0209   13.990  0.003    2  1 
  51319.0238   14.016  0.003    2  1 
  51319.0443   14.103  0.004    2  1 
  51319.0474   14.113  0.003    2  1 
  51319.0505   14.110  0.004    2  1 
  51319.0793   14.236  0.003    2  1 
  51319.0820   14.235  0.003    2  1 
  51319.0847   14.257  0.003    2  1 
  51319.1030   14.298  0.003    2  1 
  51319.1084   14.317  0.003    2  1 
  51319.1110   14.332  0.003    2  1 
  51320.1030   14.838  0.003    2  1 
  51320.1053   14.850  0.003    2  1 
  51320.1076   14.849  0.003    2  1 
  51320.1238   14.892  0.003    2  1 
  51320.1261   14.890  0.003    2  1 
  51320.1284   14.880  0.004    2  1 
  51320.1450   14.941  0.004    2  1 
  51320.1477   14.943  0.004    2  1 
  51320.1503   14.957  0.004    2  1 
  51320.9635   14.162  0.003    2  1 
  51320.9664   14.174  0.003    2  1 
  51320.9693   14.180  0.003    2  1 
  51320.9887   14.262  0.003    2  1 
  51320.9911   14.254  0.003    2  1 
  51320.9936   14.266  0.003    2  1 
  51321.0102   14.326  0.002    2  1 
  51321.0126   14.333  0.003    2  1 
  51321.0150   14.345  0.003    2  1 
  51321.0318   14.389  0.003    2  1 
  51321.0344   14.396  0.003    2  1 
  51321.0369   14.404  0.003    2  1 
  51321.0543   14.450  0.003    2  1 
  51321.0568   14.466  0.003    2  1 
  51321.0594   14.468  0.003    2  1 
  51321.0847   14.527  0.003    2  1 
  51321.0873   14.532  0.003    2  1 
  51321.0898   14.541  0.003    2  1 
  51321.1133   14.597  0.004    2  1 
  51321.1159   14.601  0.004    2  1 
  51321.1186   14.611  0.004    2  1 
  51321.1339   14.647  0.004    2  1 
  51321.1365   14.643  0.004    2  1 
  51332.9696   13.917  0.004    2  1 
  51332.9739   13.909  0.004    2  1 
  51332.9891   14.002  0.004    2  1 
  51332.9928   13.981  0.004    2  1 
  51332.9965   13.995  0.004    2  1 
  51333.0083   14.078  0.004    2  1 
  51333.0120   14.095  0.004    2  1 
  51333.0226   14.125  0.004    2  1 
  51333.0264   14.157  0.004    2  1 
  51333.0514   14.238  0.004    2  1 
  51333.0552   14.239  0.005    2  1 
  51333.0742   14.319  0.005    2  1 
  51333.0779   14.322  0.005    2  1 
  51333.0907   14.367  0.004    2  1 
  51333.0945   14.379  0.004    2  1 
  51333.1178   14.445  0.005    2  1 
  51333.1221   14.458  0.005    2  1 
  51333.1335   14.484  0.005    2  1 
  51333.1529   14.541  0.005    2  1 
  51333.1565   14.553  0.006    2  1 
  51333.1716   14.587  0.005    2  1 
  51333.1752   14.593  0.005    2  1 
  51334.9871   14.357  0.003    2  1 
  51335.0175   14.436  0.004    2  1 
  51335.0204   14.446  0.004    2  1 
  51335.0301   14.472  0.004    2  1 
  51335.0334   14.482  0.004    2  1 
  51335.0517   14.528  0.004    2  1 
  51335.0552   14.536  0.005    2  1 
  51335.0692   14.571  0.005    2  1 
  51335.0727   14.582  0.005    2  1 
  51335.0833   14.609  0.005    2  1 
  51335.0867   14.613  0.005    2  1 
  51335.1133   14.673  0.005    2  1 
  51335.1167   14.679  0.005    2  1 
  51335.9535   14.856  0.006    2  1 
  51335.9726   14.857  0.005    2  1 
  51335.9768   14.856  0.005    2  1 
  51335.9997   14.899  0.005    2  1 
  51336.0027   14.908  0.005    2  1 
  51336.0203   14.954  0.005    2  1 
  51336.0357   14.992  0.006    2  1 
  51336.0388   15.008  0.006    2  1 
  51336.0593   14.999  0.006    2  1 
  51336.0629   14.986  0.006    2  1 
  51336.0769   14.904  0.005    2  1 
  51336.0803   14.873  0.006    2  1 
  51336.1025   14.397  0.004    2  1 
  51336.1059   14.332  0.004    2  1 
  51336.1206   14.070  0.004    2  1 
  51336.1240   14.041  0.004    2  1 
  51337.0101   14.671  0.006    2  1 
  51337.9904   14.802  0.006    2  1 
  51337.9940   14.723  0.006    2  1 
  51338.0162   14.240  0.004    2  1 
  51338.0196   14.183  0.004    2  1 
  51338.0339   13.970  0.004    2  1 
  51338.0376   13.906  0.004    2  1 
  51338.9901   14.778  0.004    2  1 
  51338.9938   14.781  0.004    2  1 
  51339.0226   14.821  0.006    2  1 
  51339.0269   14.816  0.005    2  1 
  51339.0867   14.938  0.009    2  1 
  51339.0905   14.892  0.007    2  1 
  51339.1139   14.877  0.006    2  1 
  51339.1177   14.871  0.006    2  1 
  51339.1448   14.859  0.005    2  1 
  51339.1482   14.850  0.005    2  1 
  51339.9766   14.016  0.003    2  1 
  51339.9795   14.015  0.003    2  1 
  51340.0044   14.137  0.003    2  1 
  51340.0078   14.145  0.003    2  1 
  51340.0274   14.201  0.004    2  1 
  51340.0306   14.215  0.004    2  1 
  51340.0540   14.307  0.004    2  1 
  51340.0572   14.314  0.004    2  1 
  51340.0857   14.394  0.005    2  1 
  51340.0892   14.406  0.005    2  1 
  51340.1152   14.483  0.005    2  1 
  51340.1197   14.499  0.004    2  1 
  51340.1229   14.506  0.004    2  1 
  51340.1263   14.516  0.004    2  1 
  51340.1404   14.549  0.005    2  1 
  51340.1437   14.552  0.005    2  1 
  51344.9924   14.386  0.003    2  1 
  51344.9958   14.327  0.003    2  1 
  51344.9988   14.285  0.003    2  1 
  51345.0216   13.956  0.003    2  1 
  51345.0255   13.928  0.004    2  1 
  51345.0302   13.926  0.003    2  1 
  51345.0553   13.988  0.003    2  1 
  51345.0603   14.025  0.003    2  1 
  51345.9856   14.792  0.006    2  1 
  51345.9896   14.795  0.005    2  1 
  51346.0219   14.821  0.006    2  1 
  51346.0264   14.823  0.005    2  1 
  51346.0486   14.854  0.005    2  1 
  51346.0523   14.851  0.005    2  1 
  51346.0791   14.874  0.005    2  1 
  51346.0826   14.868  0.005    2  1 
  51347.0416   14.312  0.004    2  1 
  51347.0453   14.328  0.003    2  1 
  51347.0743   14.412  0.004    2  1 
  51347.0777   14.422  0.004    2  1 
  51347.0990   14.490  0.003    2  1 
  51347.1022   14.503  0.003    2  1 
  51347.9769   14.867  0.005    2  1 
  51347.9802   14.872  0.005    2  1 
  51347.9834   14.872  0.005    2  1 
  51347.9983   14.866  0.005    2  1 
  51348.0028   14.863  0.005    2  1 
  51348.0063   14.858  0.005    2  1 
  51348.0242   14.847  0.005    2  1 
  51348.0274   14.851  0.005    2  1 
  51348.0943   15.006  0.007    2  1 
  51348.0983   15.040  0.008    2  1 
  51348.1018   15.032  0.007    2  1 
  51348.9650   14.378  0.004    2  1 
  51348.9853   14.440  0.004    2  1 
  51348.9883   14.443  0.004    2  1 
  51348.9912   14.453  0.004    2  1 
  51349.0316   14.559  0.004    2  1 
  51349.0346   14.566  0.004    2  1 
  51349.9815   14.939  0.004    2  1 
  51349.9851   14.959  0.004    2  1 
  51349.9973   14.978  0.005    2  1 
  51350.0033   14.991  0.006    2  1 
  51350.0066   15.002  0.005    2  1 
  51350.0164   15.010  0.005    2  1 
  51350.0197   15.008  0.005    2  1 
  51350.0296   15.005  0.005    2  1 
  51380.9973   14.862  0.004    2  1 
  51381.0004   14.864  0.004    2  1 
  51381.0031   14.866  0.004    2  1 
  51381.0187   14.865  0.004    2  1 
  51381.0214   14.858  0.004    2  1 
  51381.0242   14.861  0.004    2  1 
  51381.9830   14.371  0.004    2  1 
  51381.9859   14.381  0.004    2  1 
  51381.9888   14.385  0.004    2  1 
  51382.0000   14.431  0.004    2  1 
  51382.0029   14.439  0.004    2  1 
  51382.9793   14.901  0.006    2  1 
  51382.9826   14.910  0.005    2  1 
  51382.9857   14.923  0.005    2  1 
  51382.9965   14.953  0.005    2  1 
  51382.9995   14.963  0.007    2  1 
  51383.9746   14.615  0.004    2  1 
  51383.9773   14.621  0.003    2  1 
  51383.9799   14.623  0.004    2  1 
  51383.9899   14.651  0.004    2  1 
  51383.9926   14.657  0.004    2  1 
  51384.9751   14.616  0.001    2  1 
  51384.9777   14.726  0.003    2  1 
  51384.9802   14.667  0.003    2  1 
  51384.9896   14.431  0.003    2  1 
  51384.9921   14.382  0.003    2  1 
  51385.9711   14.773  0.004    2  1 
  51385.9763   14.766  0.004    2  1 
  51385.9857   14.784  0.004    2  1 
  51385.9884   14.781  0.004    2  1 
  51386.9965   14.154  0.003    2  1 
  51387.0003   14.173  0.003    2  1 
  51387.0041   14.187  0.003    2  1 
  51387.0216   14.243  0.003    2  1 
  51387.0254   14.263  0.003    2  1 
  51387.0293   14.266  0.003    2  1 
  51388.9801   14.402  0.004    2  1 
  51388.9834   14.418  0.004    2  1 
  51388.9866   14.431  0.004    2  1 
  51388.9984   14.463  0.005    2  1 
  51389.0017   14.472  0.005    2  1 
  51389.9783   14.931  0.004    2  1 
  51389.9809   14.932  0.004    2  1 
  51389.9836   14.936  0.004    2  1 
  51390.9729   14.645  0.003    2  1 
  51390.9756   14.647  0.003    2  1 
  51390.9783   14.653  0.003    2  1 
  51391.9728   14.458  0.003    2  1 
  51391.9754   14.400  0.003    2  1 
  51391.9779   14.357  0.003    2  1 
  51671.0871   14.808  0.005    2  1 
  51671.0917   14.807  0.005    2  1 
  51671.0952   14.811  0.005    2  1 
  51671.1189   14.830  0.005    2  1 
  51671.1232   14.829  0.005    2  1 
  51671.9996   14.043  0.003    2  1 
  51672.0039   14.015  0.003    2  1 
  51672.0350   14.009  0.003    2  1 
  51672.0382   14.024  0.003    2  1 
  51673.0232   14.834  0.004    2  1 
  51674.0574   14.399  0.005    2  1 
  51674.0620   14.411  0.005    2  1 
  51674.0938   14.506  0.005    2  1 
  51674.0985   14.524  0.005    2  1 
  51674.1159   14.571  0.005    2  1 
  51674.1223   14.582  0.004    2  1 
  51674.9763   14.884  0.006    2  1 
  51674.9824   14.866  0.006    2  1 
  51675.0212   14.847  0.006    2  1 
  51676.0163   14.562  0.004    2  1 
  51692.9816   13.976  0.003    2  1 
  51692.9854   13.982  0.003    2  1 
  51693.9780   14.824  0.004    2  1 
  51693.9814   14.829  0.004    2  1 
  51694.9914   14.375  0.003    2  1 
  51694.9946   14.376  0.003    2  1 
  51765.9974   13.930  0.003    2  1 
  51766.0012   13.936  0.003    2  1 
  51766.0048   13.961  0.003    2  1 
  51766.0266   14.040  0.004    2  1 
  51766.0301   14.070  0.004    2  1 
  51216.3408   15.058  0.004    3  1 
  51216.3634   15.143  0.004    3  1 
  51216.3905   15.229  0.005    3  1 
  51217.3019   15.603  0.005    3  1 
  51217.3494   15.428  0.004    3  1 
  51217.3710   14.831  0.003    3  1 
  51217.3906   14.383  0.003    3  1 
  51218.2854   15.190  0.004    3  1 
  51218.3156   15.275  0.006    3  1 
  51218.3347   15.318  0.004    3  1 
  51218.3653   15.369  0.004    3  1 
  51218.3848   15.389  0.004    3  1 
  51219.2918   14.462  0.003    3  1 
  51219.3100   14.156  0.002    3  1 
  51219.3296   14.170  0.002    3  1 
  51219.3536   14.306  0.002    3  1 
  51219.3723   14.416  0.003    3  1 
  51220.2720   15.359  0.004    3  1 
  51220.2946   15.387  0.004    3  1 
  51220.3117   15.405  0.004    3  1 
  51220.3299   15.429  0.004    3  1 
  51220.3473   15.461  0.005    3  1 
  51220.3643   15.472  0.005    3  1 
  51220.3816   15.450  0.004    3  1 
  51221.2763   14.402  0.002    3  1 
  51221.2964   14.520  0.003    3  1 
  51221.3145   14.607  0.003    3  1 
  51221.3318   14.691  0.003    3  1 
  51221.3496   14.771  0.003    3  1 
  51221.3673   14.851  0.003    3  1 
  51283.2546   15.438  0.004    3  1 
  51283.2783   15.447  0.004    3  1 
  51283.3008   15.510  0.004    3  1 
  51283.3322   15.612  0.004    3  1 
  51283.3553   15.623  0.004    3  1 
  51283.3773   15.512  0.004    3  1 
  51284.2134   14.813  0.003    3  1 
  51284.2375   14.916  0.003    3  1 
  51284.2581   15.004  0.003    3  1 
  51284.2875   15.109  0.004    3  1 
  51284.3124   15.207  0.004    3  1 
  51284.3383   15.292  0.004    3  1 
  51285.0451   15.380  0.004    3  1 
  51285.0691   15.397  0.004    3  1 
  51285.0932   15.434  0.004    3  1 
  51285.1257   15.481  0.004    3  1 
  51285.1514   15.445  0.004    3  1 
  51285.1754   15.424  0.004    3  1 
  51285.2060   15.491  0.004    3  1 
  51285.2321   15.584  0.004    3  1 
  51285.2586   15.635  0.005    3  1 
  51285.2928   15.296  0.004    3  1 
  51285.3257   14.401  0.002    3  1 
  51286.0393   14.426  0.002    3  1 
  51286.0670   14.572  0.002    3  1 
  51286.1302   14.877  0.003    3  1 
  51286.1560   15.681  0.004    3  1 
  51286.1833   15.075  0.003    3  1 
  51286.2193   15.196  0.003    3  1 
  51286.2434   15.274  0.004    3  1 
  51286.2655   15.325  0.004    3  1 
  51286.2958   15.380  0.004    3  1 
  51286.3291   15.418  0.004    3  1 
  51286.3521   15.449  0.004    3  1 
  51304.9838   14.996  0.003    3  1 
  51305.0251   14.141  0.003    3  1 
  51305.0718   14.321  0.003    3  1 
  51305.0961   14.464  0.003    3  1 
  51305.1465   14.711  0.004    3  1 
  51305.1755   14.850  0.004    3  1 
  51305.2054   14.968  0.004    3  1 
  51305.2345   15.093  0.004    3  1 
  51305.2666   15.208  0.004    3  1 
  51305.2880   15.271  0.004    3  1 
  51305.9773   15.355  0.003    3  1 
  51306.0428   15.430  0.004    3  1 
  51306.1330   15.422  0.005    3  1 
  51306.1578   15.475  0.005    3  1 
  51306.1875   15.571  0.004    3  1 
  51306.2771   14.432  0.002    3  1 
  51306.2972   14.186  0.002    3  1 
  51308.0025   15.445  0.003    3  1 
  51308.0600   15.457  0.004    3  1 
  51308.0919   15.548  0.003    3  1 
  51308.0958   15.569  0.003    3  1 
  51308.1244   15.583  0.004    3  1 
  51311.9792   14.610  0.004    3  1 
  51311.9983   14.241  0.003    3  1 
  51312.0087   14.135  0.002    3  1 
  51312.0350   14.208  0.002    3  1 
  51312.0550   14.310  0.002    3  1 
  51312.0672   14.395  0.002    3  1 
  51312.0870   14.501  0.002    3  1 
  51312.0988   14.562  0.003    3  1 
  51312.9828   15.375  0.003    3  1 
  51313.0063   15.392  0.003    3  1 
  51313.0300   15.427  0.004    3  1 
  51313.0562   15.460  0.004    3  1 
  51313.0838   15.432  0.003    3  1 
  51313.1113   15.418  0.004    3  1 
  51313.9807   14.433  0.003    3  1 
  51314.0143   14.605  0.003    3  1 
  51314.0397   14.721  0.003    3  1 
  51314.1124   15.039  0.004    3  1 
  51314.9752   15.465  0.004    3  1 
  51315.0102   15.417  0.004    3  1 
  51315.0336   15.445  0.004    3  1 
  51315.0747   15.577  0.004    3  1 
  51315.0982   15.623  0.005    3  1 
  51315.1216   15.502  0.004    3  1 
  51316.0399   15.120  0.003    3  1 
  51316.0634   15.195  0.003    3  1 
  51316.0869   15.253  0.004    3  1 
  51316.1115   15.319  0.003    3  1 
  51316.9740   15.556  0.004    3  1 
  51317.0052   15.653  0.006    3  1 
  51317.0282   15.546  0.008    3  1 
  51317.0566   14.719  0.003    3  1 
  51317.0822   14.198  0.002    3  1 
  51317.1075   14.158  0.002    3  1 
  51317.9847   15.243  0.004    3  1 
  51318.0099   15.304  0.005    3  1 
  51318.0374   15.367  0.006    3  1 
  51318.1226   15.490  0.007    3  1 
  51318.9772   14.352  0.002    3  1 
  51319.0019   14.097  0.002    3  1 
  51319.0274   14.234  0.002    3  1 
  51319.0757   14.511  0.003    3  1 
  51319.0997   14.633  0.003    3  1 
  51320.1000   15.414  0.003    3  1 
  51320.1208   15.467  0.003    3  1 
  51320.1417   15.539  0.004    3  1 
  51320.9728   14.500  0.002    3  1 
  51320.9965   14.552  0.002    3  1 
  51321.0180   14.711  0.002    3  1 
  51321.0400   14.807  0.003    3  1 
  51321.0624   14.897  0.003    3  1 
  51321.0930   15.016  0.003    3  1 
  51321.1217   15.125  0.003    3  1 
  51380.9937   15.479  0.004    3  1 
  51381.9793   14.745  0.003    3  1 
  51382.9755   15.485  0.006    3  1 
  51383.9715   15.115  0.003    3  1 
  51384.9721   14.989  0.003    3  1 
  51385.9679   15.344  0.003    3  1 
  51386.9917   14.426  0.002    3  1 
  51388.9755   14.777  0.003    3  1 
  51389.9750   15.514  0.004    3  1 
  51391.9697   15.084  0.003    3  1 
  51693.9923   15.448  0.004    3  1 
  51695.0052   14.794  0.003    3  1 
 56468.97641   13.223  0.070   -1  1 
 56469.04707   13.183  0.036   -1  1 
 56469.10896   13.174  0.062   -1  1 
 56469.17285   13.139  0.020   -1  1 
 56471.00364   13.206  0.049   -1  1 
 56471.06640   13.139  0.017   -1  1 
 56471.12490   13.230  0.024   -1  1 
 56471.18188   13.224  0.025   -1  1 
 56471.96759   13.107  0.069   -1  1 
 56472.03374   13.118  0.018   -1  1 
 56472.09484   12.875  0.038   -1  1 
 56472.15243   13.023  0.018   -1  1 
 56468.95296   12.807  0.044   -2  1 
 56469.02441   13.044  0.028   -2  1 
 56469.08813   12.993  0.024   -2  1 
 56469.15134   13.065  0.023   -2  1 
 56471.02588   13.054  0.025   -2  1 
 56471.08671   13.155  0.023   -2  1 
 56471.14302   13.152  0.016   -2  1 
 56471.94704   13.316  0.013   -2  1 
 56472.01085   13.196  0.030   -2  1 
 56472.07480   12.993  0.019   -2  1 
 56472.13240   13.036  0.011   -2  1 
 56472.19216   13.014  0.014   -2  1 
 56469.00041   13.332  0.017   -5  1 
 56469.06767   13.397  0.016   -5  1 
 56469.13003   13.410  0.015   -5  1 
 56469.19349   13.464  0.017   -5  1 
 56470.98130   13.415  0.013   -5  1 
 56471.04693   13.424  0.016   -5  1 
 56471.10523   13.479  0.025   -5  1 
 56471.16397   13.545  0.016   -5  1 
 56471.98857   13.251  0.021   -5  1 
 56472.05430   13.250  0.022   -5  1 
 56472.11383   13.246  0.017   -5  1 
 56472.17109   13.268  0.014   -5  1 
