 56468.97641   13.367  0.019   -1  1 
 56469.04707   13.386  0.020   -1  1 
 56469.10896   13.466  0.018   -1  1 
 56469.17285   13.473  0.009   -1  1 
 56471.00364   13.451  0.014   -1  1 
 56471.06640   13.539  0.024   -1  1 
 56471.12490   13.449  0.005   -1  1 
 56471.18188   13.517  0.008   -1  1 
 56471.96759   13.393  0.015   -1  1 
 56472.03374   13.383  0.017   -1  1 
 56472.09484   13.784  0.027   -1  1 
 56472.15243   13.459  0.011   -1  1 
 56468.95296   13.393  0.032   -2  1 
 56469.02441   13.294  0.014   -2  1 
 56469.08813   13.465  0.013   -2  1 
 56469.15134   13.427  0.007   -2  1 
 56471.02588   13.306  0.009   -2  1 
 56471.08671   13.381  0.025   -2  1 
 56471.14302   13.272  0.021   -2  1 
 56471.94704   13.347  0.010   -2  1 
 56472.01085   13.361  0.009   -2  1 
 56472.07480   13.381  0.007   -2  1 
 56472.13240   13.415  0.010   -2  1 
 56472.19216   13.418  0.007   -2  1 
 56469.00041   13.615  0.011   -5  1 
 56469.06767   13.704  0.004   -5  1 
 56469.13003   13.736  0.009   -5  1 
 56469.19349   13.618  0.004   -5  1 
 56470.98130   13.544  0.024   -5  1 
 56471.04693   13.630  0.006   -5  1 
 56471.10523   13.660  0.006   -5  1 
 56471.16397   13.701  0.012   -5  1 
 56471.98857   13.594  0.011   -5  1 
 56472.05430   13.553  0.007   -5  1 
 56472.11383   13.649  0.014   -5  1 
 56472.17109   13.722  0.006   -5  1 
