 56468.97641   13.857  0.023   -1  1 
 56469.04707   13.736  0.023   -1  1 
 56469.10896   13.664  0.038   -1  1 
 56469.17285   13.326  0.008   -1  1 
 56471.00364   13.741  0.015   -1  1 
 56471.06640   13.408  0.008   -1  1 
 56471.12490   13.225  0.019   -1  1 
 56471.18188   13.543  0.046   -1  1 
 56471.96759   13.735  0.080   -1  1 
 56472.03374   13.756  0.024   -1  1 
 56472.09484   13.270  0.005   -1  1 
 56472.15243   13.321  0.007   -1  1 
 56468.95296   13.449  0.029   -2  1 
 56469.02441   13.603  0.012   -2  1 
 56469.08813   13.252  0.040   -2  1 
 56469.15134   13.398  0.031   -2  1 
 56471.02588   13.725  0.021   -2  1 
 56471.08671   13.240  0.013   -2  1 
 56471.14302   13.353  0.015   -2  1 
 56471.94704   13.431  0.013   -2  1 
 56472.01085   13.949  0.042   -2  1 
 56472.07480   13.312  0.023   -2  1 
 56472.13240   13.193  0.020   -2  1 
 56472.19216   13.345  0.012   -2  1 
 56469.00041   13.996  0.015   -5  1 
 56469.06767   13.948  0.013   -5  1 
 56469.13003   13.428  0.008   -5  1 
 56469.19349   13.559  0.017   -5  1 
 56470.98130   14.169  0.055   -5  1 
 56471.04693   13.966  0.013   -5  1 
 56471.10523   13.382  0.013   -5  1 
 56471.16397   13.578  0.018   -5  1 
 56471.98857   14.060  0.013   -5  1 
 56472.05430   13.533  0.006   -5  1 
 56472.11383   13.443  0.011   -5  1 
 56472.17109   13.580  0.020   -5  1 
