  51216.3218   14.506  0.005    2  1 
  51216.3464   14.533  0.004    2  1 
  51216.3689   14.566  0.005    2  1 
  51216.3980   14.667  0.008    2  1 
  51217.3101   14.658  0.005    2  1 
  51217.3328   14.189  0.004    2  1 
  51217.3552   13.984  0.003    2  1 
  51217.3759   13.996  0.004    2  1 
  51217.3953   14.013  0.004    2  1 
  51218.2773   14.671  0.006    2  1 
  51218.3093   14.560  0.004    2  1 
  51218.3298   14.568  0.004    2  1 
  51218.3573   14.663  0.005    2  1 
  51218.3794   14.631  0.004    2  1 
  51219.3336   14.133  0.003    2  1 
  51220.2621   14.671  0.004    2  1 
  51220.2906   14.620  0.004    2  1 
  51220.3077   14.668  0.004    2  1 
  51220.3257   14.681  0.004    2  1 
  51220.3602   14.628  0.004    2  1 
  51220.3776   14.661  0.004    2  1 
  51221.2835   14.303  0.004    2  1 
  51221.3009   14.331  0.004    2  1 
  51221.3188   14.345  0.004    2  1 
  51221.3358   14.422  0.004    2  1 
  51221.3538   14.507  0.004    2  1 
  51221.3722   14.534  0.004    2  1 
  51283.2451   14.286  0.004    2  1 
  51283.2493   14.307  0.004    2  1 
  51283.2714   14.365  0.004    2  1 
  51283.2748   14.365  0.004    2  1 
  51283.2939   14.399  0.004    2  1 
  51283.2972   14.380  0.004    2  1 
  51283.3202   14.471  0.004    2  1 
  51283.3234   14.489  0.004    2  1 
  51283.3487   14.527  0.004    2  1 
  51283.3518   14.520  0.004    2  1 
  51283.3707   14.574  0.004    2  1 
  51283.3738   14.566  0.004    2  1 
  51284.2195   14.771  0.005    2  1 
  51284.2229   14.755  0.005    2  1 
  51284.2413   14.707  0.004    2  1 
  51284.2443   14.748  0.005    2  1 
  51284.2617   14.762  0.004    2  1 
  51284.2648   14.739  0.000    2  1 
  51284.2942   14.805  0.005    2  1 
  51284.2973   14.798  0.005    2  1 
  51284.3168   14.850  0.005    2  1 
  51284.3211   14.841  0.005    2  1 
  51284.3464   14.812  0.005    2  1 
  51285.0513   14.079  0.003    2  1 
  51285.0543   14.069  0.003    2  1 
  51285.0739   14.089  0.003    2  1 
  51285.0778   14.099  0.003    2  1 
  51285.0975   14.155  0.003    2  1 
  51285.1006   14.180  0.004    2  1 
  51285.1324   14.251  0.003    2  1 
  51285.1360   14.260  0.003    2  1 
  51285.1558   14.281  0.003    2  1 
  51285.1588   14.318  0.003    2  1 
  51285.1796   14.386  0.003    2  1 
  51285.1830   14.381  0.003    2  1 
  51285.2125   14.427  0.004    2  1 
  51285.2157   14.449  0.004    2  1 
  51285.2426   14.495  0.004    2  1 
  51285.2630   14.542  0.005    2  1 
  51285.2998   14.670  0.005    2  1 
  51285.3348   14.651  0.004    2  1 
  51286.0461   14.655  0.003    2  1 
  51286.0493   14.683  0.003    2  1 
  51286.0716   14.681  0.003    2  1 
  51286.0753   14.728  0.004    2  1 
  51286.1026   14.691  0.003    2  1 
  51286.1061   14.698  0.004    2  1 
  51286.1365   14.688  0.004    2  1 
  51286.1398   14.760  0.004    2  1 
  51286.1608   14.789  0.005    2  1 
  51286.1639   14.719  0.004    2  1 
  51286.1669   14.691  0.004    2  1 
  51286.1875   14.794  0.004    2  1 
  51286.1908   14.820  0.004    2  1 
  51286.2255   14.800  0.004    2  1 
  51286.2285   14.861  0.004    2  1 
  51286.2476   14.676  0.004    2  1 
  51286.2508   14.738  0.004    2  1 
  51286.2697   14.518  0.004    2  1 
  51286.2727   14.421  0.003    2  1 
  51286.3022   14.089  0.003    2  1 
  51286.3055   14.047  0.003    2  1 
  51286.3218   14.040  0.003    2  1 
  51286.3250   14.043  0.003    2  1 
  51286.3450   14.082  0.003    2  1 
  51286.3481   14.107  0.003    2  1 
  51304.9873   14.704  0.004    2  1 
  51304.9926   14.730  0.004    2  1 
  51305.0328   14.708  0.004    2  1 
  51305.0362   14.681  0.004    2  1 
  51305.0599   14.640  0.004    2  1 
  51305.0890   14.711  0.004    2  1 
  51305.0922   14.720  0.004    2  1 
  51305.1269   14.759  0.005    2  1 
  51305.1509   14.757  0.006    2  1 
  51305.1853   14.776  0.004    2  1 
  51305.1885   14.829  0.006    2  1 
  51305.2098   14.910  0.005    2  1 
  51305.2128   14.810  0.004    2  1 
  51305.2431   14.599  0.004    2  1 
  51305.2461   14.544  0.004    2  1 
  51305.2704   14.131  0.004    2  1 
  51305.2734   14.146  0.003    2  1 
  51305.2995   14.002  0.003    2  1 
  51305.9857   14.243  0.002    2  1 
  51305.9885   14.227  0.003    2  1 
  51305.9912   14.221  0.003    2  1 
  51306.0256   14.328  0.003    2  1 
  51306.0285   14.331  0.003    2  1 
  51306.0465   14.358  0.003    2  1 
  51306.0498   14.369  0.003    2  1 
  51306.0896   14.437  0.003    2  1 
  51306.0930   14.451  0.003    2  1 
  51306.1123   14.505  0.003    2  1 
  51306.1151   14.506  0.003    2  1 
  51306.1375   14.534  0.003    2  1 
  51306.1405   14.537  0.003    2  1 
  51306.1636   14.556  0.003    2  1 
  51306.1673   14.575  0.003    2  1 
  51306.1937   14.611  0.003    2  1 
  51306.1966   14.611  0.003    2  1 
  51306.2146   14.576  0.003    2  1 
  51306.2343   14.619  0.003    2  1 
  51306.2380   14.596  0.003    2  1 
  51306.2574   14.631  0.003    2  1 
  51306.2602   14.647  0.003    2  1 
  51306.2805   14.683  0.003    2  1 
  51306.2835   14.697  0.003    2  1 
  51306.3038   14.735  0.004    2  1 
  51306.3135   14.727  0.004    2  1 
  51306.3184   14.759  0.005    2  1 
  51307.0456   14.869  0.006    2  1 
  51307.0501   14.885  0.007    2  1 
  51307.0593   14.959  0.006    2  1 
  51307.0645   14.855  0.005    2  1 
  51307.0699   14.723  0.012    2  1 
  51307.0747   14.862  0.009    2  1 
  51308.0084   14.487  0.003    2  1 
  51308.0112   14.494  0.003    2  1 
  51308.0334   14.534  0.003    2  1 
  51308.0362   14.537  0.003    2  1 
  51308.0394   14.579  0.003    2  1 
  51308.0633   14.591  0.003    2  1 
  51308.0663   14.595  0.003    2  1 
  51308.0995   14.664  0.003    2  1 
  51308.1280   14.681  0.004    2  1 
  51308.1309   14.673  0.004    2  1 
  51310.0850   14.700  0.003    2  1 
  51310.0874   14.688  0.002    2  1 
  51310.0897   14.706  0.002    2  1 
  51310.0922   14.767  0.000    2  1 
  51310.1430   14.760  0.004    2  1 
  51310.1458   14.741  0.004    2  1 
  51310.1486   14.738  0.004    2  1 
  51311.0244   14.034  0.005    2  1 
  51311.0302   14.134  0.005    2  1 
  51311.0334   14.149  0.005    2  1 
  51311.0506   14.230  0.003    2  1 
  51311.0539   14.227  0.003    2  1 
  51311.0637   14.261  0.004    2  1 
  51311.0669   14.289  0.004    2  1 
  51311.0907   14.357  0.004    2  1 
  51311.0946   14.356  0.004    2  1 
  51311.1015   14.366  0.004    2  1 
  51311.1071   14.374  0.004    2  1 
  51311.1298   14.443  0.004    2  1 
  51311.1327   14.452  0.005    2  1 
  51311.1357   14.460  0.005    2  1 
  51311.1398   14.469  0.004    2  1 
  51311.1447   14.475  0.005    2  1 
  51311.9726   14.786  0.007    2  1 
  51311.9755   14.770  0.006    2  1 
  51312.0020   14.828  0.005    2  1 
  51312.0049   14.858  0.006    2  1 
  51312.0255   14.850  0.005    2  1 
  51312.0284   14.785  0.004    2  1 
  51312.0314   14.787  0.004    2  1 
  51312.0584   14.792  0.004    2  1 
  51312.0611   14.787  0.004    2  1 
  51312.0638   14.757  0.004    2  1 
  51312.0903   14.738  0.003    2  1 
  51312.0955   14.763  0.004    2  1 
  51312.1146   14.846  0.004    2  1 
  51312.1173   14.802  0.004    2  1 
  51312.1200   14.819  0.004    2  1 
  51312.9860   14.336  0.003    2  1 
  51312.9887   14.327  0.003    2  1 
  51312.9913   14.350  0.003    2  1 
  51313.0096   14.405  0.003    2  1 
  51313.0123   14.408  0.003    2  1 
  51313.0149   14.416  0.003    2  1 
  51313.0333   14.458  0.004    2  1 
  51313.0360   14.468  0.004    2  1 
  51313.0386   14.475  0.004    2  1 
  51313.0413   14.486  0.004    2  1 
  51313.0595   14.501  0.003    2  1 
  51313.0622   14.503  0.003    2  1 
  51313.0648   14.519  0.003    2  1 
  51313.0911   14.571  0.004    2  1 
  51313.0937   14.567  0.003    2  1 
  51313.0964   14.570  0.003    2  1 
  51313.1146   14.610  0.003    2  1 
  51313.1172   14.619  0.004    2  1 
  51313.1199   14.635  0.004    2  1 
  51313.1226   14.630  0.004    2  1 
  51313.9843   14.775  0.004    2  1 
  51313.9872   14.814  0.005    2  1 
  51313.9901   14.803  0.005    2  1 
  51314.0178   14.873  0.005    2  1 
  51314.0207   14.871  0.005    2  1 
  51314.0236   14.854  0.005    2  1 
  51314.0432   14.919  0.005    2  1 
  51314.0461   14.913  0.005    2  1 
  51314.0490   14.942  0.005    2  1 
  51314.0772   14.868  0.005    2  1 
  51314.0802   14.842  0.005    2  1 
  51314.0831   14.841  0.005    2  1 
  51314.1030   14.554  0.005    2  1 
  51314.1059   14.488  0.005    2  1 
  51314.1088   14.427  0.004    2  1 
  51314.1289   14.134  0.004    2  1 
  51314.1333   14.081  0.004    2  1 
  51314.1363   14.045  0.004    2  1 
  51314.9827   14.544  0.004    2  1 
  51314.9856   14.568  0.004    2  1 
  51314.9885   14.557  0.004    2  1 
  51315.0015   14.637  0.004    2  1 
  51315.0043   14.621  0.004    2  1 
  51315.0069   14.619  0.004    2  1 
  51315.0251   14.599  0.003    2  1 
  51315.0277   14.623  0.004    2  1 
  51315.0304   14.601  0.003    2  1 
  51315.0516   14.669  0.004    2  1 
  51315.0542   14.661  0.003    2  1 
  51315.0780   14.672  0.004    2  1 
  51315.0807   14.678  0.004    2  1 
  51315.0833   14.701  0.004    2  1 
  51315.1015   14.714  0.004    2  1 
  51315.1041   14.733  0.004    2  1 
  51315.1068   14.756  0.005    2  1 
  51315.1290   14.760  0.005    2  1 
  51315.1319   14.781  0.006    2  1 
  51316.0194   14.240  0.003    2  1 
  51316.0221   14.217  0.003    2  1 
  51316.0247   14.189  0.003    2  1 
  51316.0431   14.058  0.003    2  1 
  51316.0458   14.056  0.003    2  1 
  51316.0485   14.032  0.003    2  1 
  51316.0667   14.068  0.003    2  1 
  51316.0693   14.042  0.003    2  1 
  51316.0720   14.057  0.003    2  1 
  51316.0905   14.114  0.003    2  1 
  51316.0934   14.184  0.003    2  1 
  51316.0963   14.133  0.003    2  1 
  51316.1148   14.225  0.003    2  1 
  51316.1175   14.228  0.003    2  1 
  51316.1201   14.252  0.003    2  1 
  51316.9647   14.640  0.004    2  1 
  51316.9676   14.675  0.004    2  1 
  51316.9705   14.632  0.004    2  1 
  51316.9896   14.686  0.004    2  1 
  51316.9923   14.686  0.004    2  1 
  51316.9949   14.666  0.003    2  1 
  51317.0088   14.677  0.004    2  1 
  51317.0117   14.631  0.004    2  1 
  51317.0321   14.705  0.005    2  1 
  51317.0351   14.751  0.005    2  1 
  51317.0391   14.735  0.005    2  1 
  51317.0602   14.733  0.004    2  1 
  51317.0631   14.724  0.004    2  1 
  51317.0660   14.702  0.004    2  1 
  51317.0858   14.761  0.004    2  1 
  51317.0887   14.833  0.006    2  1 
  51317.0916   14.748  0.004    2  1 
  51317.1111   14.748  0.004    2  1 
  51317.1140   14.762  0.005    2  1 
  51317.1169   14.782  0.005    2  1 
  51317.9657   14.014  0.004    2  1 
  51317.9685   14.040  0.004    2  1 
  51317.9883   14.121  0.004    2  1 
  51317.9912   14.157  0.003    2  1 
  51317.9941   14.164  0.003    2  1 
  51318.0135   14.229  0.004    2  1 
  51318.0164   14.229  0.004    2  1 
  51318.0194   14.220  0.004    2  1 
  51318.0413   14.277  0.004    2  1 
  51318.0445   14.273  0.005    2  1 
  51318.0477   14.291  0.004    2  1 
  51318.0697   14.387  0.005    2  1 
  51318.0730   14.398  0.006    2  1 
  51318.0762   14.385  0.005    2  1 
  51318.0981   14.435  0.006    2  1 
  51318.1014   14.446  0.005    2  1 
  51318.1046   14.407  0.006    2  1 
  51318.1265   14.490  0.006    2  1 
  51318.1298   14.497  0.006    2  1 
  51318.9642   14.705  0.003    2  1 
  51318.9680   14.835  0.005    2  1 
  51318.9708   14.710  0.004    2  1 
  51318.9737   14.721  0.004    2  1 
  51318.9929   14.670  0.004    2  1 
  51318.9956   14.780  0.004    2  1 
  51318.9983   14.687  0.004    2  1 
  51319.0180   14.787  0.005    2  1 
  51319.0209   14.736  0.004    2  1 
  51319.0238   14.669  0.004    2  1 
  51319.0443   14.702  0.004    2  1 
  51319.0474   14.680  0.004    2  1 
  51319.0505   14.765  0.005    2  1 
  51319.0793   14.718  0.003    2  1 
  51319.0820   14.756  0.004    2  1 
  51319.0847   14.757  0.003    2  1 
  51319.1030   14.813  0.004    2  1 
  51319.1084   14.824  0.004    2  1 
  51319.1110   14.834  0.004    2  1 
  51320.1030   14.623  0.003    2  1 
  51320.1053   14.625  0.003    2  1 
  51320.1076   14.621  0.003    2  1 
  51320.1238   14.697  0.003    2  1 
  51320.1261   14.656  0.003    2  1 
  51320.1284   14.634  0.003    2  1 
  51320.1450   14.675  0.004    2  1 
  51320.1477   14.695  0.004    2  1 
  51320.1503   14.673  0.004    2  1 
  51320.9635   14.719  0.004    2  1 
  51320.9664   14.743  0.004    2  1 
  51320.9693   14.702  0.004    2  1 
  51320.9887   14.747  0.003    2  1 
  51320.9911   14.742  0.003    2  1 
  51320.9936   14.738  0.003    2  1 
  51321.0126   14.782  0.003    2  1 
  51321.0150   14.797  0.003    2  1 
  51321.0318   14.776  0.003    2  1 
  51321.0344   14.894  0.003    2  1 
  51321.0369   14.786  0.003    2  1 
  51321.0543   14.657  0.003    2  1 
  51321.0568   14.574  0.003    2  1 
  51321.0594   14.588  0.003    2  1 
  51321.0847   14.207  0.003    2  1 
  51321.0873   14.168  0.003    2  1 
  51321.0898   14.131  0.003    2  1 
  51321.1133   14.025  0.003    2  1 
  51321.1159   14.036  0.003    2  1 
  51321.1186   14.037  0.003    2  1 
  51321.1339   14.083  0.003    2  1 
  51321.1365   14.106  0.003    2  1 
  51332.9739   14.711  0.007    2  1 
  51332.9891   14.683  0.005    2  1 
  51332.9928   14.829  0.007    2  1 
  51332.9965   14.880  0.007    2  1 
  51333.0083   14.816  0.006    2  1 
  51333.0120   14.793  0.005    2  1 
  51333.0226   14.881  0.006    2  1 
  51333.0264   14.866  0.005    2  1 
  51333.0514   14.938  0.007    2  1 
  51333.0552   14.868  0.008    2  1 
  51333.0742   14.619  0.005    2  1 
  51333.0779   14.580  0.006    2  1 
  51333.0907   14.246  0.004    2  1 
  51333.0945   14.195  0.004    2  1 
  51333.1178   13.984  0.004    2  1 
  51333.1221   13.990  0.004    2  1 
  51333.1335   14.017  0.004    2  1 
  51333.1529   14.075  0.004    2  1 
  51333.1565   14.083  0.004    2  1 
  51333.1716   14.145  0.004    2  1 
  51333.1752   14.128  0.004    2  1 
  51334.9871   14.349  0.003    2  1 
  51335.0175   14.047  0.003    2  1 
  51335.0204   14.052  0.003    2  1 
  51335.0301   13.993  0.003    2  1 
  51335.0334   13.995  0.003    2  1 
  51335.0517   14.050  0.003    2  1 
  51335.0552   14.072  0.004    2  1 
  51335.0692   14.072  0.004    2  1 
  51335.0727   14.104  0.003    2  1 
  51335.0833   14.166  0.004    2  1 
  51335.0867   14.169  0.004    2  1 
  51335.1133   14.197  0.004    2  1 
  51335.1167   14.229  0.004    2  1 
  51335.9535   14.714  0.006    2  1 
  51335.9726   14.719  0.005    2  1 
  51335.9768   14.711  0.005    2  1 
  51335.9997   14.720  0.004    2  1 
  51336.0027   14.682  0.004    2  1 
  51336.0203   14.721  0.004    2  1 
  51336.0357   14.805  0.005    2  1 
  51336.0388   14.785  0.005    2  1 
  51336.0593   14.736  0.005    2  1 
  51336.0629   14.773  0.005    2  1 
  51336.0769   14.736  0.005    2  1 
  51336.0803   14.802  0.006    2  1 
  51336.1025   14.681  0.005    2  1 
  51336.1059   14.702  0.005    2  1 
  51336.1206   14.737  0.006    2  1 
  51336.1240   14.719  0.005    2  1 
  51337.0101   14.260  0.005    2  1 
  51337.9904   14.703  0.006    2  1 
  51337.9940   14.727  0.006    2  1 
  51338.0162   14.793  0.006    2  1 
  51338.0196   14.783  0.006    2  1 
  51338.0339   14.709  0.006    2  1 
  51338.0376   14.799  0.008    2  1 
  51338.9901   14.483  0.004    2  1 
  51338.9938   14.511  0.004    2  1 
  51339.0226   14.593  0.006    2  1 
  51339.0269   14.572  0.005    2  1 
  51339.0867   14.627  0.007    2  1 
  51339.0905   14.637  0.006    2  1 
  51339.1139   14.724  0.006    2  1 
  51339.1177   14.718  0.006    2  1 
  51339.1448   14.669  0.005    2  1 
  51339.1482   14.647  0.004    2  1 
  51339.9766   14.861  0.004    2  1 
  51339.9795   14.880  0.005    2  1 
  51340.0044   14.856  0.004    2  1 
  51340.0078   14.762  0.004    2  1 
  51340.0274   14.772  0.005    2  1 
  51340.0306   14.702  0.005    2  1 
  51340.0540   14.290  0.004    2  1 
  51340.0572   14.257  0.004    2  1 
  51340.0857   13.993  0.004    2  1 
  51340.0892   13.996  0.004    2  1 
  51340.1152   14.071  0.004    2  1 
  51340.1197   14.087  0.004    2  1 
  51340.1229   14.070  0.004    2  1 
  51340.1263   14.107  0.003    2  1 
  51340.1404   14.133  0.004    2  1 
  51340.1437   14.177  0.004    2  1 
  51344.9924   14.706  0.004    2  1 
  51344.9958   14.751  0.003    2  1 
  51344.9988   14.730  0.003    2  1 
  51345.0216   14.832  0.005    2  1 
  51345.0255   14.840  0.006    2  1 
  51345.0302   14.841  0.005    2  1 
  51345.0553   14.947  0.006    2  1 
  51345.0603   14.873  0.005    2  1 
  51345.9856   14.495  0.005    2  1 
  51345.9896   14.419  0.005    2  1 
  51346.0219   14.523  0.005    2  1 
  51346.0264   14.552  0.005    2  1 
  51346.0486   14.629  0.005    2  1 
  51346.0523   14.642  0.005    2  1 
  51346.0791   14.619  0.004    2  1 
  51346.0826   14.631  0.004    2  1 
  51347.0416   13.988  0.003    2  1 
  51347.0453   14.032  0.003    2  1 
  51347.0743   14.094  0.003    2  1 
  51347.0777   14.125  0.003    2  1 
  51347.0990   14.198  0.003    2  1 
  51347.1022   14.200  0.002    2  1 
  51347.9769   14.663  0.004    2  1 
  51347.9802   14.680  0.004    2  1 
  51347.9834   14.678  0.004    2  1 
  51347.9983   14.706  0.005    2  1 
  51348.0028   14.623  0.004    2  1 
  51348.0063   14.649  0.004    2  1 
  51348.0242   14.688  0.004    2  1 
  51348.0274   14.703  0.005    2  1 
  51348.0943   14.681  0.006    2  1 
  51348.0983   14.761  0.007    2  1 
  51348.1018   14.822  0.007    2  1 
  51348.9650   14.073  0.003    2  1 
  51348.9853   14.164  0.003    2  1 
  51348.9883   14.138  0.003    2  1 
  51348.9912   14.184  0.003    2  1 
  51349.0316   14.265  0.003    2  1 
  51349.0346   14.261  0.004    2  1 
  51349.9815   14.708  0.004    2  1 
  51349.9851   14.758  0.004    2  1 
  51349.9973   14.786  0.004    2  1 
  51350.0033   14.605  0.004    2  1 
  51350.0066   14.723  0.004    2  1 
  51350.0164   14.705  0.004    2  1 
  51350.0197   14.704  0.004    2  1 
  51350.0296   14.733  0.005    2  1 
  51380.9973   14.693  0.003    2  1 
  51381.0004   14.710  0.003    2  1 
  51381.0031   14.692  0.003    2  1 
  51381.0187   14.697  0.003    2  1 
  51381.0214   14.716  0.004    2  1 
  51381.0242   14.714  0.004    2  1 
  51381.9830   14.439  0.004    2  1 
  51381.9859   14.435  0.004    2  1 
  51381.9888   14.453  0.005    2  1 
  51382.0000   14.468  0.004    2  1 
  51382.0029   14.464  0.004    2  1 
  51382.9793   14.879  0.006    2  1 
  51382.9826   14.919  0.006    2  1 
  51382.9857   14.910  0.006    2  1 
  51382.9965   14.862  0.005    2  1 
  51382.9995   14.818  0.006    2  1 
  51383.9746   14.571  0.003    2  1 
  51383.9773   14.572  0.003    2  1 
  51383.9799   14.615  0.004    2  1 
  51383.9899   14.701  0.005    2  1 
  51383.9926   14.672  0.004    2  1 
  51384.9777   14.166  0.002    2  1 
  51384.9802   14.142  0.002    2  1 
  51384.9896   14.063  0.002    2  1 
  51384.9921   14.065  0.002    2  1 
  51385.9711   14.689  0.003    2  1 
  51385.9763   14.714  0.003    2  1 
  51385.9857   14.729  0.004    2  1 
  51385.9884   14.728  0.004    2  1 
  51386.9965   14.320  0.003    2  1 
  51387.0003   14.323  0.003    2  1 
  51387.0041   14.356  0.003    2  1 
  51387.0216   14.385  0.004    2  1 
  51387.0254   14.382  0.003    2  1 
  51387.0293   14.401  0.004    2  1 
  51388.9801   14.560  0.005    2  1 
  51388.9834   14.568  0.005    2  1 
  51388.9866   14.554  0.005    2  1 
  51388.9984   14.580  0.006    2  1 
  51389.0017   14.587  0.005    2  1 
  51389.9783   14.852  0.004    2  1 
  51389.9809   14.838  0.004    2  1 
  51389.9836   14.821  0.004    2  1 
  51390.9729   14.601  0.003    2  1 
  51390.9756   14.624  0.003    2  1 
  51390.9783   14.616  0.003    2  1 
  51391.9728   14.106  0.002    2  1 
  51391.9754   14.111  0.002    2  1 
  51391.9779   14.101  0.002    2  1 
  51671.0871   14.432  0.004    2  1 
  51671.0917   14.394  0.004    2  1 
  51671.0952   14.396  0.004    2  1 
  51671.1189   14.506  0.004    2  1 
  51671.1232   14.482  0.004    2  1 
  51671.9996   14.741  0.004    2  1 
  51672.0039   14.663  0.003    2  1 
  51672.0350   14.735  0.004    2  1 
  51672.0382   14.748  0.004    2  1 
  51673.0232   14.562  0.003    2  1 
  51674.0574   14.251  0.005    2  1 
  51674.0620   14.184  0.005    2  1 
  51674.0985   14.004  0.004    2  1 
  51674.1159   14.010  0.004    2  1 
  51674.1223   14.107  0.003    2  1 
  51674.9763   14.687  0.006    2  1 
  51674.9824   14.577  0.005    2  1 
  51675.0212   14.556  0.005    2  1 
  51676.0163   14.114  0.003    2  1 
  51692.9816   14.771  0.004    2  1 
  51692.9854   14.791  0.004    2  1 
  51693.9780   14.578  0.003    2  1 
  51693.9814   14.596  0.003    2  1 
  51694.9914   14.199  0.003    2  1 
  51694.9946   14.227  0.003    2  1 
  51765.9974   14.545  0.005    2  1 
  51766.0012   14.569  0.005    2  1 
  51766.0048   14.558  0.005    2  1 
  51766.0266   14.608  0.005    2  1 
  51766.0301   14.604  0.005    2  1 
  51216.3144   14.992  0.003    3  1 
  51216.3408   15.056  0.004    3  1 
  51216.3634   15.118  0.004    3  1 
  51216.3905   15.151  0.004    3  1 
  51217.3019   15.253  0.005    3  1 
  51217.3494   14.158  0.002    3  1 
  51217.3906   14.146  0.002    3  1 
  51218.2854   15.149  0.004    3  1 
  51218.3156   15.168  0.005    3  1 
  51218.3347   15.245  0.004    3  1 
  51218.3653   15.255  0.004    3  1 
  51218.3848   15.291  0.004    3  1 
  51219.2918   14.166  0.002    3  1 
  51219.3100   14.262  0.003    3  1 
  51219.3296   14.371  0.003    3  1 
  51219.3536   14.488  0.003    3  1 
  51219.3723   14.566  0.003    3  1 
  51220.2720   15.274  0.004    3  1 
  51220.2946   15.314  0.004    3  1 
  51220.3117   15.312  0.004    3  1 
  51220.3299   15.274  0.004    3  1 
  51220.3473   15.257  0.004    3  1 
  51220.3643   15.270  0.004    3  1 
  51220.3816   15.319  0.004    3  1 
  51221.2763   14.595  0.003    3  1 
  51221.2964   14.691  0.003    3  1 
  51221.3145   14.769  0.003    3  1 
  51221.3318   14.840  0.003    3  1 
  51221.3496   14.894  0.003    3  1 
  51221.3673   14.959  0.003    3  1 
  51283.2546   14.543  0.002    3  1 
  51283.2783   14.648  0.003    3  1 
  51283.3008   14.749  0.003    3  1 
  51283.3322   14.882  0.003    3  1 
  51283.3553   14.977  0.003    3  1 
  51283.3773   15.062  0.003    3  1 
  51284.2134   15.290  0.004    3  1 
  51284.2375   15.254  0.004    3  1 
  51284.2581   15.292  0.004    3  1 
  51284.2875   15.355  0.004    3  1 
  51284.3124   15.421  0.004    3  1 
  51284.3383   15.412  0.004    3  1 
  51285.0451   14.056  0.002    3  1 
  51285.0691   14.109  0.002    3  1 
  51285.0932   14.238  0.002    3  1 
  51285.1257   14.407  0.002    3  1 
  51285.1514   14.525  0.002    3  1 
  51285.1754   14.627  0.003    3  1 
  51285.2060   14.767  0.003    3  1 
  51285.2321   14.865  0.003    3  1 
  51285.2586   14.947  0.003    3  1 
  51285.2928   15.078  0.003    3  1 
  51285.3257   15.160  0.003    3  1 
  51286.0393   15.262  0.003    3  1 
  51286.0670   15.290  0.003    3  1 
  51286.0977   15.387  0.003    3  1 
  51286.1302   15.284  0.003    3  1 
  51286.1833   15.368  0.004    3  1 
  51286.2193   15.459  0.004    3  1 
  51286.2434   15.394  0.004    3  1 
  51286.2655   15.020  0.003    3  1 
  51286.2958   14.262  0.002    3  1 
  51286.3291   14.112  0.002    3  1 
  51286.3521   14.244  0.002    3  1 
  51304.9838   15.224  0.003    3  1 
  51305.0251   15.247  0.005    3  1 
  51305.0718   15.325  0.004    3  1 
  51305.0961   15.286  0.004    3  1 
  51305.1465   15.302  0.005    3  1 
  51305.1755   15.386  0.005    3  1 
  51305.2054   15.400  0.006    3  1 
  51305.2345   15.191  0.004    3  1 
  51305.2666   14.401  0.003    3  1 
  51305.2880   14.088  0.002    3  1 
  51305.9773   14.296  0.002    3  1 
  51306.0428   14.618  0.003    3  1 
  51306.0809   14.770  0.003    3  1 
  51306.1087   14.864  0.003    3  1 
  51306.1330   14.957  0.004    3  1 
  51306.1578   15.039  0.004    3  1 
  51306.1875   15.123  0.003    3  1 
  51306.2771   15.268  0.003    3  1 
  51306.2972   15.313  0.004    3  1 
  51308.0025   14.886  0.003    3  1 
  51308.0600   15.083  0.003    3  1 
  51308.1244   15.189  0.003    3  1 
  51310.1057   15.305  0.003    3  1 
  51310.1100   15.306  0.003    3  1 
  51310.1132   15.306  0.003    3  1 
  51311.9983   15.288  0.005    3  1 
  51312.0087   15.304  0.005    3  1 
  51312.0350   15.350  0.004    3  1 
  51312.0550   15.302  0.004    3  1 
  51312.0672   15.281  0.004    3  1 
  51312.0870   15.281  0.004    3  1 
  51312.0988   15.326  0.004    3  1 
  51312.9828   14.542  0.002    3  1 
  51313.0063   14.632  0.002    3  1 
  51313.0300   14.739  0.003    3  1 
  51313.0562   14.850  0.003    3  1 
  51313.0838   14.954  0.003    3  1 
  51313.1113   15.045  0.003    3  1 
  51313.9807   15.298  0.004    3  1 
  51314.0143   15.365  0.004    3  1 
  51314.0397   15.410  0.005    3  1 
  51314.1124   14.582  0.003    3  1 
  51314.9752   14.932  0.003    3  1 
  51315.0102   15.041  0.003    3  1 
  51315.0336   15.093  0.003    3  1 
  51315.0747   15.167  0.004    3  1 
  51315.0982   15.183  0.004    3  1 
  51315.1216   15.223  0.004    3  1 
  51316.0399   14.060  0.002    3  1 
  51316.0634   14.095  0.002    3  1 
  51316.0869   14.222  0.002    3  1 
  51316.1115   14.360  0.002    3  1 
  51316.9740   15.181  0.004    3  1 
  51317.0052   15.155  0.004    3  1 
  51317.0566   15.254  0.004    3  1 
  51317.0822   15.304  0.004    3  1 
  51317.1075   15.281  0.004    3  1 
  51317.9847   14.220  0.002    3  1 
  51318.0099   14.355  0.003    3  1 
  51318.0374   14.409  0.003    3  1 
  51318.1226   14.789  0.004    3  1 
  51318.9772   15.301  0.004    3  1 
  51319.0019   15.262  0.005    3  1 
  51319.0274   15.250  0.004    3  1 
  51319.0757   15.351  0.004    3  1 
  51319.0997   15.423  0.004    3  1 
  51320.1000   15.121  0.003    3  1 
  51320.1208   15.155  0.003    3  1 
  51320.1417   15.201  0.003    3  1 
  51320.9728   15.386  0.004    3  1 
  51320.9965   15.444  0.003    3  1 
  51321.0180   15.461  0.004    3  1 
  51321.0400   15.345  0.004    3  1 
  51321.0624   14.847  0.003    3  1 
  51321.0930   14.149  0.002    3  1 
  51321.1217   14.099  0.002    3  1 
  51380.9937   15.326  0.004    3  1 
  51381.9793   14.733  0.003    3  1 
  51382.9755   15.310  0.005    3  1 
  51384.9721   14.511  0.002    3  1 
  51385.9679   15.228  0.003    3  1 
  51386.9917   14.514  0.002    3  1 
  51388.9755   14.857  0.004    3  1 
  51389.9750   15.443  0.004    3  1 
  51391.9697   14.194  0.002    3  1 
 56469.02441   10.483  0.149   -2  1 
 56469.15134   10.322  0.136   -2  1 
 56471.02588   10.412  0.109   -2  1 
 56472.01085   10.337  0.147   -2  1 
 56472.13240   13.369  0.142   -2  1 
 56469.06767   13.238  0.115   -5  1 
 56469.19349   13.234  0.026   -5  1 
 56470.98130   13.222  0.090   -5  1 
 56471.04693   13.220  0.067   -5  1 
 56471.10523   13.235  0.017   -5  1 
 56471.16397   11.931  0.104   -5  1 
 56472.11383   13.845  0.169   -5  1 
 56472.17109   14.111  0.320   -5  1 
