  51216.3218   14.396  0.004    2  1 
  51216.3464   14.459  0.004    2  1 
  51216.3689   14.538  0.005    2  1 
  51216.3980   14.648  0.006    2  1 
  51217.3101   14.368  0.004    2  1 
  51217.3328   14.416  0.004    2  1 
  51217.3552   14.480  0.004    2  1 
  51217.3759   14.554  0.005    2  1 
  51217.3953   14.627  0.005    2  1 
  51218.2773   14.325  0.004    2  1 
  51218.3093   14.357  0.004    2  1 
  51218.3298   14.405  0.004    2  1 
  51218.3573   14.484  0.005    2  1 
  51218.3794   14.563  0.004    2  1 
  51219.3336   14.400  0.004    2  1 
  51219.3596   14.473  0.004    2  1 
  51219.3768   14.540  0.004    2  1 
  51220.2621   14.367  0.004    2  1 
  51220.2906   14.316  0.004    2  1 
  51220.3077   14.345  0.004    2  1 
  51220.3257   14.377  0.004    2  1 
  51220.3432   14.428  0.004    2  1 
  51220.3602   14.476  0.004    2  1 
  51220.3776   14.535  0.004    2  1 
  51221.2835   14.331  0.004    2  1 
  51221.3009   14.325  0.004    2  1 
  51221.3188   14.357  0.004    2  1 
  51221.3358   14.401  0.004    2  1 
  51221.3538   14.444  0.004    2  1 
  51221.3722   14.505  0.004    2  1 
  51283.2451   14.669  0.004    2  1 
  51283.2493   14.682  0.004    2  1 
  51283.2714   14.750  0.005    2  1 
  51283.2748   14.760  0.005    2  1 
  51283.2939   14.782  0.004    2  1 
  51283.2972   14.791  0.004    2  1 
  51283.3202   14.795  0.004    2  1 
  51283.3234   14.793  0.004    2  1 
  51283.3487   14.768  0.004    2  1 
  51283.3518   14.760  0.004    2  1 
  51283.3707   14.660  0.004    2  1 
  51283.3738   14.635  0.004    2  1 
  51284.2195   14.571  0.004    2  1 
  51284.2229   14.582  0.004    2  1 
  51284.2413   14.646  0.004    2  1 
  51284.2443   14.660  0.004    2  1 
  51284.2617   14.716  0.004    2  1 
  51284.2648   14.719  0.004    2  1 
  51284.2942   14.783  0.005    2  1 
  51284.2973   14.778  0.005    2  1 
  51284.3168   14.791  0.005    2  1 
  51284.3211   14.780  0.005    2  1 
  51284.3428   14.779  0.005    2  1 
  51284.3464   14.768  0.005    2  1 
  51285.0513   14.577  0.004    2  1 
  51285.0543   14.544  0.004    2  1 
  51285.0739   14.366  0.004    2  1 
  51285.0778   14.349  0.003    2  1 
  51285.0975   14.378  0.004    2  1 
  51285.1006   14.384  0.004    2  1 
  51285.1324   14.323  0.004    2  1 
  51285.1360   14.325  0.004    2  1 
  51285.1558   14.364  0.003    2  1 
  51285.1588   14.376  0.003    2  1 
  51285.1796   14.425  0.004    2  1 
  51285.1830   14.432  0.004    2  1 
  51285.2125   14.525  0.004    2  1 
  51285.2157   14.540  0.004    2  1 
  51285.2362   14.612  0.004    2  1 
  51285.2426   14.635  0.004    2  1 
  51285.2630   14.709  0.005    2  1 
  51285.2666   14.721  0.005    2  1 
  51285.2998   14.780  0.004    2  1 
  51285.3033   14.781  0.005    2  1 
  51285.3308   14.788  0.005    2  1 
  51285.3348   14.788  0.004    2  1 
  51285.3382   14.786  0.004    2  1 
  51286.0461   14.650  0.004    2  1 
  51286.0493   14.625  0.004    2  1 
  51286.0716   14.398  0.003    2  1 
  51286.0753   14.378  0.003    2  1 
  51286.1026   14.374  0.003    2  1 
  51286.1061   14.362  0.003    2  1 
  51286.1365   14.322  0.003    2  1 
  51286.1398   14.323  0.004    2  1 
  51286.1608   14.374  0.004    2  1 
  51286.1639   14.380  0.004    2  1 
  51286.1669   14.393  0.004    2  1 
  51286.1875   14.445  0.004    2  1 
  51286.1908   14.458  0.004    2  1 
  51286.2255   14.575  0.004    2  1 
  51286.2285   14.580  0.004    2  1 
  51286.2476   14.647  0.004    2  1 
  51286.2508   14.660  0.004    2  1 
  51286.2697   14.721  0.004    2  1 
  51286.2727   14.731  0.004    2  1 
  51286.3022   14.773  0.004    2  1 
  51286.3055   14.777  0.004    2  1 
  51286.3218   14.790  0.004    2  1 
  51286.3250   14.795  0.004    2  1 
  51286.3450   14.773  0.004    2  1 
  51286.3481   14.776  0.004    2  1 
  51304.9873   14.735  0.004    2  1 
  51304.9926   14.747  0.004    2  1 
  51305.0328   14.784  0.004    2  1 
  51305.0362   14.788  0.004    2  1 
  51305.0559   14.779  0.005    2  1 
  51305.0599   14.779  0.005    2  1 
  51305.0890   14.686  0.004    2  1 
  51305.0922   14.669  0.004    2  1 
  51305.1235   14.382  0.004    2  1 
  51305.1269   14.364  0.004    2  1 
  51305.1509   14.369  0.004    2  1 
  51305.1547   14.365  0.004    2  1 
  51305.1853   14.325  0.004    2  1 
  51305.1885   14.333  0.004    2  1 
  51305.2098   14.376  0.004    2  1 
  51305.2128   14.387  0.004    2  1 
  51305.2431   14.457  0.004    2  1 
  51305.2461   14.466  0.004    2  1 
  51305.2704   14.554  0.004    2  1 
  51305.2734   14.559  0.004    2  1 
  51305.2966   14.645  0.004    2  1 
  51305.2995   14.653  0.004    2  1 
  51305.9857   14.716  0.004    2  1 
  51305.9885   14.727  0.004    2  1 
  51305.9912   14.738  0.004    2  1 
  51306.0256   14.797  0.004    2  1 
  51306.0285   14.797  0.004    2  1 
  51306.0465   14.791  0.004    2  1 
  51306.0498   14.795  0.004    2  1 
  51306.0896   14.698  0.004    2  1 
  51306.0930   14.680  0.004    2  1 
  51306.1123   14.508  0.003    2  1 
  51306.1151   14.478  0.003    2  1 
  51306.1375   14.346  0.003    2  1 
  51306.1405   14.347  0.003    2  1 
  51306.1636   14.350  0.003    2  1 
  51306.1673   14.337  0.003    2  1 
  51306.1937   14.326  0.003    2  1 
  51306.1966   14.334  0.003    2  1 
  51306.2146   14.369  0.004    2  1 
  51306.2178   14.378  0.003    2  1 
  51306.2343   14.421  0.003    2  1 
  51306.2380   14.438  0.003    2  1 
  51306.2574   14.497  0.003    2  1 
  51306.2602   14.512  0.003    2  1 
  51306.2805   14.591  0.003    2  1 
  51306.2835   14.600  0.003    2  1 
  51306.3009   14.656  0.004    2  1 
  51306.3038   14.671  0.004    2  1 
  51306.3135   14.704  0.004    2  1 
  51306.3184   14.720  0.005    2  1 
  51307.0456   14.784  0.005    2  1 
  51307.0501   14.777  0.005    2  1 
  51307.0593   14.775  0.004    2  1 
  51307.0645   14.763  0.004    2  1 
  51307.0699   14.744  0.007    2  1 
  51307.0747   14.754  0.006    2  1 
  51308.0084   14.763  0.004    2  1 
  51308.0112   14.766  0.004    2  1 
  51308.0334   14.789  0.004    2  1 
  51308.0362   14.792  0.004    2  1 
  51308.0394   14.803  0.004    2  1 
  51308.0633   14.794  0.004    2  1 
  51308.0663   14.790  0.004    2  1 
  51308.0995   14.677  0.004    2  1 
  51308.1031   14.653  0.004    2  1 
  51308.1280   14.405  0.004    2  1 
  51308.1309   14.387  0.004    2  1 
  51310.0850   14.772  0.003    2  1 
  51310.0874   14.755  0.003    2  1 
  51310.0897   14.752  0.003    2  1 
  51310.0922   14.741  0.003    2  1 
  51310.1430   14.344  0.003    2  1 
  51310.1458   14.341  0.003    2  1 
  51310.1486   14.334  0.004    2  1 
  51311.0244   14.750  0.006    2  1 
  51311.0302   14.768  0.005    2  1 
  51311.0334   14.774  0.005    2  1 
  51311.0506   14.778  0.003    2  1 
  51311.0539   14.784  0.003    2  1 
  51311.0637   14.788  0.004    2  1 
  51311.0669   14.790  0.005    2  1 
  51311.0702   14.771  0.004    2  1 
  51311.0907   14.755  0.005    2  1 
  51311.0946   14.743  0.005    2  1 
  51311.0980   14.732  0.004    2  1 
  51311.1015   14.716  0.004    2  1 
  51311.1071   14.678  0.004    2  1 
  51311.1298   14.464  0.004    2  1 
  51311.1327   14.430  0.004    2  1 
  51311.1357   14.408  0.004    2  1 
  51311.1398   14.375  0.004    2  1 
  51311.1447   14.357  0.004    2  1 
  51311.9755   14.620  0.004    2  1 
  51312.0020   14.714  0.004    2  1 
  51312.0049   14.726  0.005    2  1 
  51312.0255   14.773  0.005    2  1 
  51312.0284   14.780  0.004    2  1 
  51312.0314   14.781  0.004    2  1 
  51312.0584   14.798  0.004    2  1 
  51312.0611   14.797  0.004    2  1 
  51312.0638   14.796  0.004    2  1 
  51312.0903   14.769  0.004    2  1 
  51312.0929   14.762  0.004    2  1 
  51312.0955   14.755  0.004    2  1 
  51312.1146   14.643  0.004    2  1 
  51312.1173   14.620  0.004    2  1 
  51312.1200   14.594  0.004    2  1 
  51312.9860   14.655  0.003    2  1 
  51312.9887   14.666  0.004    2  1 
  51312.9913   14.675  0.004    2  1 
  51313.0096   14.737  0.004    2  1 
  51313.0123   14.750  0.004    2  1 
  51313.0149   14.750  0.004    2  1 
  51313.0333   14.784  0.004    2  1 
  51313.0360   14.782  0.004    2  1 
  51313.0386   14.789  0.004    2  1 
  51313.0413   14.794  0.005    2  1 
  51313.0595   14.788  0.004    2  1 
  51313.0622   14.795  0.004    2  1 
  51313.0648   14.791  0.004    2  1 
  51313.0911   14.775  0.004    2  1 
  51313.0937   14.764  0.004    2  1 
  51313.0964   14.760  0.004    2  1 
  51313.1146   14.670  0.004    2  1 
  51313.1172   14.652  0.004    2  1 
  51313.1199   14.624  0.004    2  1 
  51313.1226   14.598  0.004    2  1 
  51313.9843   14.644  0.004    2  1 
  51313.9872   14.657  0.004    2  1 
  51313.9901   14.661  0.004    2  1 
  51314.0178   14.744  0.005    2  1 
  51314.0207   14.748  0.004    2  1 
  51314.0236   14.763  0.004    2  1 
  51314.0432   14.788  0.005    2  1 
  51314.0461   14.786  0.005    2  1 
  51314.0490   14.790  0.005    2  1 
  51314.0772   14.788  0.005    2  1 
  51314.0802   14.790  0.005    2  1 
  51314.0831   14.784  0.005    2  1 
  51314.1030   14.741  0.005    2  1 
  51314.1059   14.731  0.005    2  1 
  51314.1088   14.722  0.005    2  1 
  51314.1289   14.568  0.004    2  1 
  51314.1333   14.514  0.004    2  1 
  51314.1363   14.482  0.004    2  1 
  51314.9827   14.627  0.004    2  1 
  51314.9856   14.640  0.004    2  1 
  51314.9885   14.649  0.004    2  1 
  51315.0015   14.693  0.004    2  1 
  51315.0043   14.696  0.004    2  1 
  51315.0069   14.710  0.004    2  1 
  51315.0251   14.754  0.004    2  1 
  51315.0277   14.765  0.004    2  1 
  51315.0304   14.771  0.004    2  1 
  51315.0489   14.780  0.004    2  1 
  51315.0516   14.786  0.004    2  1 
  51315.0542   14.794  0.004    2  1 
  51315.0780   14.794  0.004    2  1 
  51315.0807   14.784  0.004    2  1 
  51315.0833   14.786  0.004    2  1 
  51315.1015   14.746  0.004    2  1 
  51315.1041   14.746  0.004    2  1 
  51315.1068   14.742  0.004    2  1 
  51315.1290   14.589  0.004    2  1 
  51315.1319   14.556  0.004    2  1 
  51316.0194   14.737  0.004    2  1 
  51316.0221   14.745  0.004    2  1 
  51316.0247   14.755  0.004    2  1 
  51316.0431   14.768  0.004    2  1 
  51316.0458   14.782  0.004    2  1 
  51316.0485   14.784  0.004    2  1 
  51316.0667   14.787  0.004    2  1 
  51316.0693   14.788  0.004    2  1 
  51316.0720   14.793  0.004    2  1 
  51316.0905   14.775  0.004    2  1 
  51316.0934   14.773  0.004    2  1 
  51316.0963   14.764  0.004    2  1 
  51316.1148   14.708  0.004    2  1 
  51316.1175   14.692  0.004    2  1 
  51316.1201   14.677  0.004    2  1 
  51316.9647   14.534  0.004    2  1 
  51316.9676   14.551  0.004    2  1 
  51316.9705   14.562  0.004    2  1 
  51316.9896   14.633  0.004    2  1 
  51316.9923   14.646  0.004    2  1 
  51316.9949   14.651  0.004    2  1 
  51317.0088   14.700  0.004    2  1 
  51317.0117   14.704  0.004    2  1 
  51317.0321   14.755  0.005    2  1 
  51317.0351   14.763  0.005    2  1 
  51317.0391   14.763  0.005    2  1 
  51317.0602   14.783  0.005    2  1 
  51317.0631   14.790  0.004    2  1 
  51317.0660   14.785  0.004    2  1 
  51317.0858   14.781  0.005    2  1 
  51317.0887   14.780  0.005    2  1 
  51317.0916   14.780  0.004    2  1 
  51317.1111   14.740  0.004    2  1 
  51317.1140   14.722  0.005    2  1 
  51317.1169   14.711  0.005    2  1 
  51317.9628   14.529  0.004    2  1 
  51317.9657   14.546  0.004    2  1 
  51317.9685   14.552  0.004    2  1 
  51317.9883   14.621  0.004    2  1 
  51317.9912   14.631  0.004    2  1 
  51317.9941   14.646  0.004    2  1 
  51318.0135   14.708  0.005    2  1 
  51318.0164   14.717  0.005    2  1 
  51318.0194   14.722  0.005    2  1 
  51318.0413   14.763  0.005    2  1 
  51318.0445   14.770  0.005    2  1 
  51318.0477   14.778  0.005    2  1 
  51318.0697   14.788  0.005    2  1 
  51318.0730   14.781  0.006    2  1 
  51318.0762   14.782  0.006    2  1 
  51318.0981   14.761  0.006    2  1 
  51318.1014   14.766  0.005    2  1 
  51318.1046   14.748  0.006    2  1 
  51318.1265   14.666  0.005    2  1 
  51318.1298   14.638  0.005    2  1 
  51318.9642   14.522  0.003    2  1 
  51318.9680   14.538  0.004    2  1 
  51318.9708   14.545  0.004    2  1 
  51318.9737   14.553  0.004    2  1 
  51318.9929   14.622  0.004    2  1 
  51318.9956   14.642  0.004    2  1 
  51318.9983   14.648  0.004    2  1 
  51319.0180   14.712  0.005    2  1 
  51319.0209   14.721  0.004    2  1 
  51319.0238   14.733  0.004    2  1 
  51319.0443   14.774  0.005    2  1 
  51319.0474   14.776  0.005    2  1 
  51319.0505   14.775  0.005    2  1 
  51319.0793   14.783  0.004    2  1 
  51319.0820   14.793  0.004    2  1 
  51319.0847   14.789  0.004    2  1 
  51319.1030   14.778  0.004    2  1 
  51319.1084   14.760  0.004    2  1 
  51319.1110   14.759  0.004    2  1 
  51320.1030   14.783  0.003    2  1 
  51320.1053   14.774  0.003    2  1 
  51320.1076   14.778  0.003    2  1 
  51320.1238   14.727  0.003    2  1 
  51320.1261   14.714  0.003    2  1 
  51320.1284   14.699  0.003    2  1 
  51320.1450   14.551  0.004    2  1 
  51320.1477   14.521  0.004    2  1 
  51320.1503   14.486  0.003    2  1 
  51320.9635   14.503  0.004    2  1 
  51320.9664   14.508  0.004    2  1 
  51320.9693   14.518  0.004    2  1 
  51320.9887   14.593  0.003    2  1 
  51320.9911   14.593  0.003    2  1 
  51320.9936   14.608  0.003    2  1 
  51321.0102   14.668  0.003    2  1 
  51321.0126   14.679  0.003    2  1 
  51321.0150   14.687  0.003    2  1 
  51321.0318   14.740  0.004    2  1 
  51321.0344   14.751  0.004    2  1 
  51321.0369   14.749  0.004    2  1 
  51321.0543   14.782  0.004    2  1 
  51321.0568   14.782  0.004    2  1 
  51321.0594   14.789  0.004    2  1 
  51321.0847   14.802  0.004    2  1 
  51321.0873   14.804  0.004    2  1 
  51321.0898   14.800  0.004    2  1 
  51321.1133   14.771  0.004    2  1 
  51321.1159   14.759  0.004    2  1 
  51321.1186   14.750  0.004    2  1 
  51321.1339   14.671  0.004    2  1 
  51321.1365   14.653  0.004    2  1 
  51332.9696   14.425  0.005    2  1 
  51332.9739   14.436  0.005    2  1 
  51332.9891   14.483  0.005    2  1 
  51332.9928   14.494  0.005    2  1 
  51332.9965   14.506  0.005    2  1 
  51333.0083   14.551  0.005    2  1 
  51333.0120   14.567  0.005    2  1 
  51333.0226   14.603  0.005    2  1 
  51333.0264   14.616  0.005    2  1 
  51333.0514   14.715  0.005    2  1 
  51333.0552   14.715  0.006    2  1 
  51333.0742   14.768  0.006    2  1 
  51333.0779   14.769  0.006    2  1 
  51333.0907   14.784  0.005    2  1 
  51333.0945   14.786  0.005    2  1 
  51333.1178   14.790  0.005    2  1 
  51333.1221   14.786  0.005    2  1 
  51333.1335   14.787  0.006    2  1 
  51333.1369   14.781  0.006    2  1 
  51333.1529   14.745  0.005    2  1 
  51333.1565   14.729  0.006    2  1 
  51333.1716   14.631  0.005    2  1 
  51333.1752   14.598  0.005    2  1 
  51334.9841   14.446  0.004    2  1 
  51334.9871   14.451  0.004    2  1 
  51335.0175   14.563  0.004    2  1 
  51335.0204   14.574  0.004    2  1 
  51335.0301   14.613  0.004    2  1 
  51335.0334   14.625  0.004    2  1 
  51335.0517   14.688  0.005    2  1 
  51335.0552   14.702  0.005    2  1 
  51335.0692   14.740  0.005    2  1 
  51335.0727   14.751  0.005    2  1 
  51335.0833   14.769  0.005    2  1 
  51335.0867   14.773  0.005    2  1 
  51335.1133   14.793  0.005    2  1 
  51335.1167   14.793  0.005    2  1 
  51335.9535   14.369  0.004    2  1 
  51335.9726   14.413  0.004    2  1 
  51335.9768   14.424  0.004    2  1 
  51335.9997   14.488  0.004    2  1 
  51336.0027   14.503  0.004    2  1 
  51336.0203   14.565  0.004    2  1 
  51336.0236   14.577  0.004    2  1 
  51336.0357   14.626  0.005    2  1 
  51336.0388   14.635  0.005    2  1 
  51336.0593   14.707  0.005    2  1 
  51336.0629   14.726  0.005    2  1 
  51336.0769   14.756  0.005    2  1 
  51336.0803   14.765  0.005    2  1 
  51336.1025   14.790  0.005    2  1 
  51336.1059   14.791  0.005    2  1 
  51336.1206   14.791  0.005    2  1 
  51336.1240   14.790  0.005    2  1 
  51337.0101   14.527  0.004    2  1 
  51337.9904   14.453  0.005    2  1 
  51337.9940   14.456  0.005    2  1 
  51338.0162   14.529  0.005    2  1 
  51338.0196   14.541  0.005    2  1 
  51338.0339   14.598  0.005    2  1 
  51338.0376   14.611  0.006    2  1 
  51338.9901   14.439  0.004    2  1 
  51338.9938   14.452  0.004    2  1 
  51339.0226   14.542  0.005    2  1 
  51339.0269   14.557  0.005    2  1 
  51339.0867   14.737  0.006    2  1 
  51339.0905   14.751  0.006    2  1 
  51339.1139   14.780  0.005    2  1 
  51339.1177   14.785  0.005    2  1 
  51339.1448   14.783  0.005    2  1 
  51339.1482   14.780  0.005    2  1 
  51339.9766   14.404  0.004    2  1 
  51339.9795   14.408  0.004    2  1 
  51340.0044   14.471  0.004    2  1 
  51340.0078   14.482  0.004    2  1 
  51340.0274   14.557  0.004    2  1 
  51340.0306   14.563  0.004    2  1 
  51340.0540   14.650  0.005    2  1 
  51340.0572   14.660  0.005    2  1 
  51340.0857   14.749  0.005    2  1 
  51340.0892   14.757  0.005    2  1 
  51340.1152   14.780  0.005    2  1 
  51340.1197   14.788  0.005    2  1 
  51340.1229   14.783  0.005    2  1 
  51340.1263   14.791  0.005    2  1 
  51340.1404   14.789  0.005    2  1 
  51340.1437   14.781  0.005    2  1 
  51344.9924   14.398  0.004    2  1 
  51344.9958   14.413  0.003    2  1 
  51344.9988   14.415  0.003    2  1 
  51345.0216   14.482  0.004    2  1 
  51345.0255   14.499  0.005    2  1 
  51345.0302   14.511  0.004    2  1 
  51345.0553   14.608  0.004    2  1 
  51345.0603   14.627  0.004    2  1 
  51345.9856   14.381  0.005    2  1 
  51345.9896   14.390  0.005    2  1 
  51346.0219   14.475  0.005    2  1 
  51346.0264   14.484  0.005    2  1 
  51346.0486   14.569  0.005    2  1 
  51346.0523   14.586  0.005    2  1 
  51346.0791   14.683  0.005    2  1 
  51346.0826   14.691  0.004    2  1 
  51347.0416   14.531  0.004    2  1 
  51347.0453   14.539  0.003    2  1 
  51347.0743   14.654  0.004    2  1 
  51347.0777   14.668  0.004    2  1 
  51347.0990   14.743  0.004    2  1 
  51347.1022   14.747  0.003    2  1 
  51347.9769   14.354  0.004    2  1 
  51347.9802   14.356  0.004    2  1 
  51347.9834   14.363  0.004    2  1 
  51347.9983   14.399  0.004    2  1 
  51348.0028   14.402  0.004    2  1 
  51348.0063   14.418  0.004    2  1 
  51348.0242   14.468  0.004    2  1 
  51348.0274   14.477  0.004    2  1 
  51348.0943   14.712  0.006    2  1 
  51348.0983   14.720  0.006    2  1 
  51348.1018   14.737  0.006    2  1 
  51348.9650   14.327  0.004    2  1 
  51348.9682   14.330  0.004    2  1 
  51348.9853   14.365  0.004    2  1 
  51348.9883   14.373  0.004    2  1 
  51348.9912   14.379  0.004    2  1 
  51349.0316   14.484  0.004    2  1 
  51349.0346   14.495  0.004    2  1 
  51349.9815   14.349  0.003    2  1 
  51349.9851   14.362  0.003    2  1 
  51349.9973   14.382  0.004    2  1 
  51350.0033   14.397  0.004    2  1 
  51350.0066   14.403  0.004    2  1 
  51350.0164   14.430  0.004    2  1 
  51350.0197   14.436  0.004    2  1 
  51350.0296   14.462  0.004    2  1 
  51380.9973   14.346  0.003    2  1 
  51381.0004   14.343  0.003    2  1 
  51381.0031   14.351  0.003    2  1 
  51381.0187   14.377  0.003    2  1 
  51381.0214   14.372  0.003    2  1 
  51381.0242   14.362  0.003    2  1 
  51381.9830   14.453  0.004    2  1 
  51381.9859   14.432  0.004    2  1 
  51382.0000   14.347  0.004    2  1 
  51382.0029   14.347  0.004    2  1 
  51382.9793   14.515  0.005    2  1 
  51382.9826   14.481  0.004    2  1 
  51382.9857   14.454  0.004    2  1 
  51382.9965   14.367  0.004    2  1 
  51382.9995   14.357  0.004    2  1 
  51383.9746   14.594  0.004    2  1 
  51383.9773   14.564  0.003    2  1 
  51383.9799   14.547  0.004    2  1 
  51383.9899   14.437  0.004    2  1 
  51383.9926   14.417  0.003    2  1 
  51384.9751   14.611  0.003    2  1 
  51384.9777   14.592  0.003    2  1 
  51384.9802   14.558  0.003    2  1 
  51384.9896   14.466  0.003    2  1 
  51384.9921   14.441  0.003    2  1 
  51385.9711   14.670  0.004    2  1 
  51385.9737   14.644  0.004    2  1 
  51385.9763   14.623  0.003    2  1 
  51385.9857   14.535  0.004    2  1 
  51385.9884   14.504  0.004    2  1 
  51386.9965   14.443  0.004    2  1 
  51387.0003   14.404  0.004    2  1 
  51387.0041   14.379  0.004    2  1 
  51387.0216   14.366  0.004    2  1 
  51387.0254   14.369  0.003    2  1 
  51388.9801   14.651  0.005    2  1 
  51388.9834   14.630  0.004    2  1 
  51388.9866   14.601  0.004    2  1 
  51388.9984   14.490  0.005    2  1 
  51389.0017   14.447  0.005    2  1 
  51389.9783   14.690  0.004    2  1 
  51389.9809   14.677  0.004    2  1 
  51389.9836   14.648  0.004    2  1 
  51390.9729   14.720  0.003    2  1 
  51390.9756   14.716  0.004    2  1 
  51390.9783   14.701  0.004    2  1 
  51391.9728   14.740  0.003    2  1 
  51391.9754   14.730  0.003    2  1 
  51391.9779   14.719  0.003    2  1 
  51671.0871   14.331  0.004    2  1 
  51671.0917   14.340  0.004    2  1 
  51671.0952   14.351  0.004    2  1 
  51671.1189   14.333  0.004    2  1 
  51671.1232   14.323  0.004    2  1 
  51671.9996   14.794  0.004    2  1 
  51672.0039   14.786  0.004    2  1 
  51672.0350   14.741  0.004    2  1 
  51672.0382   14.725  0.004    2  1 
  51673.0232   14.785  0.004    2  1 
  51674.0574   14.639  0.006    2  1 
  51674.0938   14.344  0.005    2  1 
  51674.0985   14.340  0.005    2  1 
  51674.1159   14.364  0.004    2  1 
  51674.1223   14.344  0.004    2  1 
  51674.9763   14.785  0.006    2  1 
  51674.9824   14.782  0.006    2  1 
  51675.0212   14.786  0.006    2  1 
  51676.0163   14.793  0.005    2  1 
  51692.9816   14.684  0.005    2  1 
  51692.9854   14.696  0.005    2  1 
  51693.9780   14.657  0.004    2  1 
  51693.9814   14.674  0.004    2  1 
  51694.9914   14.703  0.004    2  1 
  51765.9974   14.349  0.004    2  1 
  51766.0012   14.352  0.004    2  1 
  51766.0048   14.348  0.004    2  1 
  51766.0266   14.365  0.004    2  1 
  51766.0301   14.363  0.004    2  1 
  51216.3408   14.757  0.003    3  1 
  51216.3634   14.860  0.003    3  1 
  51216.3905   15.019  0.004    3  1 
  51217.3019   14.611  0.003    3  1 
  51217.3494   14.775  0.003    3  1 
  51217.3710   14.892  0.003    3  1 
  51217.3906   15.005  0.004    3  1 
  51218.2854   14.571  0.003    3  1 
  51218.3156   14.650  0.003    3  1 
  51218.3347   14.716  0.003    3  1 
  51218.3653   14.857  0.003    3  1 
  51218.3848   14.953  0.004    3  1 
  51219.2918   14.579  0.003    3  1 
  51219.3100   14.616  0.003    3  1 
  51219.3296   14.682  0.003    3  1 
  51219.3536   14.778  0.003    3  1 
  51219.3723   14.871  0.003    3  1 
  51220.2720   14.635  0.003    3  1 
  51220.2946   14.578  0.003    3  1 
  51220.3117   14.617  0.003    3  1 
  51220.3299   14.669  0.003    3  1 
  51220.3473   14.744  0.003    3  1 
  51220.3643   14.821  0.003    3  1 
  51220.3816   14.910  0.003    3  1 
  51221.2763   14.629  0.003    3  1 
  51221.2964   14.580  0.003    3  1 
  51221.3145   14.618  0.003    3  1 
  51221.3318   14.673  0.003    3  1 
  51221.3496   14.747  0.003    3  1 
  51221.3673   14.817  0.003    3  1 
  51283.2546   15.150  0.003    3  1 
  51283.2783   15.252  0.004    3  1 
  51283.3008   15.276  0.004    3  1 
  51283.3322   15.290  0.004    3  1 
  51283.3553   15.232  0.004    3  1 
  51284.2134   14.907  0.003    3  1 
  51284.2375   15.049  0.003    3  1 
  51284.2581   15.145  0.004    3  1 
  51284.2875   15.271  0.004    3  1 
  51284.3124   15.303  0.004    3  1 
  51284.3383   15.286  0.004    3  1 
  51285.0451   15.032  0.003    3  1 
  51285.0691   14.688  0.003    3  1 
  51285.0932   14.650  0.003    3  1 
  51285.1257   14.566  0.003    3  1 
  51285.1514   14.628  0.003    3  1 
  51285.1754   14.723  0.003    3  1 
  51285.2060   14.855  0.003    3  1 
  51285.2321   15.001  0.003    3  1 
  51285.2586   15.149  0.004    3  1 
  51285.2928   15.269  0.004    3  1 
  51285.3257   15.297  0.004    3  1 
  51286.0393   15.125  0.003    3  1 
  51286.0670   14.749  0.003    3  1 
  51286.1302   14.583  0.002    3  1 
  51286.1833   14.749  0.003    3  1 
  51286.2193   14.918  0.003    3  1 
  51286.2434   15.047  0.003    3  1 
  51286.2655   15.173  0.004    3  1 
  51286.2958   15.264  0.004    3  1 
  51286.3291   15.298  0.004    3  1 
  51286.3521   15.289  0.004    3  1 
  51304.9838   15.167  0.003    3  1 
  51305.0251   15.265  0.005    3  1 
  51305.0718   15.224  0.004    3  1 
  51305.0961   15.034  0.004    3  1 
  51305.1465   14.651  0.004    3  1 
  51305.1755   14.581  0.003    3  1 
  51305.2054   14.639  0.004    3  1 
  51305.2345   14.756  0.003    3  1 
  51305.2666   14.920  0.004    3  1 
  51305.2880   15.038  0.004    3  1 
  51305.9773   15.104  0.003    3  1 
  51306.0428   15.266  0.004    3  1 
  51306.0809   15.189  0.004    3  1 
  51306.1330   14.608  0.003    3  1 
  51306.1578   14.645  0.003    3  1 
  51306.1875   14.598  0.003    3  1 
  51306.2101   14.639  0.003    3  1 
  51306.2771   14.964  0.003    3  1 
  51306.2972   15.088  0.003    3  1 
  51308.0025   15.179  0.003    3  1 
  51308.0600   15.254  0.003    3  1 
  51308.0919   15.146  0.003    3  1 
  51308.1244   14.743  0.003    3  1 
  51310.1057   15.049  0.002    3  1 
  51310.1132   14.995  0.002    3  1 
  51311.9792   15.073  0.005    3  1 
  51311.9983   15.156  0.004    3  1 
  51312.0087   15.203  0.004    3  1 
  51312.0350   15.260  0.004    3  1 
  51312.0550   15.279  0.004    3  1 
  51312.0672   15.269  0.004    3  1 
  51312.0870   15.242  0.004    3  1 
  51312.0988   15.187  0.004    3  1 
  51312.9828   15.046  0.003    3  1 
  51313.0063   15.168  0.003    3  1 
  51313.0300   15.248  0.004    3  1 
  51313.0562   15.259  0.003    3  1 
  51313.1113   15.116  0.003    3  1 
  51313.9807   15.028  0.004    3  1 
  51314.0143   15.200  0.004    3  1 
  51314.0397   15.271  0.004    3  1 
  51314.1124   15.141  0.004    3  1 
  51314.9752   14.983  0.003    3  1 
  51315.0102   15.177  0.003    3  1 
  51315.0336   15.245  0.004    3  1 
  51315.0747   15.279  0.004    3  1 
  51315.0982   15.242  0.004    3  1 
  51315.1216   15.062  0.004    3  1 
  51316.0399   15.242  0.004    3  1 
  51316.0634   15.268  0.004    3  1 
  51316.0869   15.272  0.004    3  1 
  51316.9740   14.955  0.003    3  1 
  51317.0052   15.150  0.004    3  1 
  51317.0282   15.283  0.006    3  1 
  51317.0566   15.272  0.004    3  1 
  51317.0822   15.279  0.004    3  1 
  51317.1075   15.219  0.004    3  1 
  51317.9847   15.006  0.004    3  1 
  51318.0099   15.163  0.004    3  1 
  51318.0374   15.290  0.006    3  1 
  51318.1226   15.159  0.006    3  1 
  51318.9772   14.944  0.003    3  1 
  51319.0019   15.034  0.004    3  1 
  51319.0274   15.215  0.004    3  1 
  51319.0757   15.276  0.004    3  1 
  51319.0997   15.256  0.004    3  1 
  51320.1000   15.256  0.003    3  1 
  51320.1208   15.185  0.003    3  1 
  51320.1417   14.966  0.003    3  1 
  51320.9728   14.885  0.003    3  1 
  51321.0180   15.126  0.003    3  1 
  51321.0400   15.218  0.003    3  1 
  51321.0624   15.270  0.004    3  1 
  51321.0930   15.295  0.004    3  1 
  51321.1217   15.199  0.003    3  1 
  51380.9937   14.632  0.003    3  1 
  51381.9793   14.821  0.003    3  1 
  51382.9755   14.925  0.004    3  1 
  51383.9715   15.016  0.003    3  1 
  51385.9679   15.100  0.003    3  1 
  51386.9917   14.831  0.003    3  1 
  51388.9755   15.126  0.004    3  1 
  51389.9750   15.143  0.003    3  1 
  51390.9697   15.177  0.003    3  1 
  51391.9697   15.126  0.002    3  1 
 56468.97641   13.741  0.079   -1  1 
 56469.04707   13.608  0.069   -1  1 
 56469.10896   13.541  0.057   -1  1 
 56469.17285   13.715  0.026   -1  1 
 56471.00364   13.638  0.046   -1  1 
 56471.06640   13.746  0.013   -1  1 
 56471.12490   13.664  0.028   -1  1 
 56471.18188   13.644  0.028   -1  1 
 56471.96759   13.643  0.037   -1  1 
 56472.03374   13.618  0.028   -1  1 
 56472.09484   14.015  0.023   -1  1 
 56472.15243   13.683  0.022   -1  1 
 56468.95296   13.338  0.042   -2  1 
 56469.02441   13.361  0.041   -2  1 
 56469.08813   13.470  0.028   -2  1 
 56469.15134   13.535  0.040   -2  1 
 56471.02588   13.436  0.034   -2  1 
 56471.08671   13.516  0.025   -2  1 
 56471.14302   13.571  0.017   -2  1 
 56471.94704   13.473  0.023   -2  1 
 56472.01085   13.393  0.049   -2  1 
 56472.07480   13.479  0.021   -2  1 
 56472.13240   13.615  0.013   -2  1 
 56472.19216   13.471  0.025   -2  1 
 56469.00041   13.613  0.028   -5  1 
 56469.06767   13.800  0.022   -5  1 
 56469.13003   13.822  0.028   -5  1 
 56469.19349   13.740  0.021   -5  1 
 56470.98130   13.695  0.017   -5  1 
 56471.04693   13.799  0.023   -5  1 
 56471.10523   13.809  0.028   -5  1 
 56471.16397   13.859  0.009   -5  1 
 56471.98857   13.736  0.021   -5  1 
 56472.05430   13.865  0.013   -5  1 
 56472.11383   13.722  0.023   -5  1 
 56472.17109   13.767  0.017   -5  1 
