  51216.3218   14.630  0.006    2  1 
  51216.3464   14.662  0.006    2  1 
  51216.3689   14.694  0.006    2  1 
  51216.3980   14.645  0.007    2  1 
  51217.3101   14.429  0.006    2  1 
  51217.3328   14.456  0.005    2  1 
  51217.3552   14.491  0.005    2  1 
  51217.3759   14.502  0.006    2  1 
  51217.3953   14.538  0.006    2  1 
  51218.2773   14.653  0.008    2  1 
  51218.3093   14.630  0.006    2  1 
  51218.3298   14.513  0.005    2  1 
  51218.3573   14.288  0.005    2  1 
  51218.3794   14.134  0.004    2  1 
  51219.3336   14.630  0.006    2  1 
  51219.3596   14.640  0.006    2  1 
  51219.3768   14.635  0.006    2  1 
  51220.2621   14.015  0.004    2  1 
  51220.2906   14.134  0.004    2  1 
  51220.3077   14.148  0.004    2  1 
  51220.3257   14.240  0.004    2  1 
  51220.3432   14.277  0.005    2  1 
  51220.3602   14.309  0.005    2  1 
  51220.3776   14.350  0.005    2  1 
  51221.2835   14.682  0.006    2  1 
  51221.3009   14.684  0.006    2  1 
  51221.3188   14.713  0.006    2  1 
  51221.3358   14.743  0.006    2  1 
  51221.3538   14.735  0.006    2  1 
  51221.3722   14.715  0.006    2  1 
  51283.2451   14.778  0.006    2  1 
  51283.2493   14.785  0.006    2  1 
  51283.2714   14.808  0.007    2  1 
  51283.2748   14.813  0.006    2  1 
  51283.2939   14.810  0.006    2  1 
  51283.2972   14.811  0.006    2  1 
  51283.3202   14.815  0.006    2  1 
  51283.3234   14.807  0.006    2  1 
  51283.3487   14.805  0.006    2  1 
  51283.3518   14.811  0.005    2  1 
  51283.3707   14.801  0.006    2  1 
  51283.3738   14.802  0.006    2  1 
  51284.2195   14.138  0.004    2  1 
  51284.2229   14.146  0.004    2  1 
  51284.2413   14.224  0.004    2  1 
  51284.2443   14.219  0.004    2  1 
  51284.2617   14.288  0.004    2  1 
  51284.2942   14.384  0.005    2  1 
  51284.2973   14.399  0.005    2  1 
  51284.3168   14.454  0.005    2  1 
  51284.3211   14.448  0.005    2  1 
  51284.3464   14.496  0.005    2  1 
  51285.0513   14.719  0.005    2  1 
  51285.0543   14.720  0.005    2  1 
  51285.0739   14.753  0.005    2  1 
  51285.0778   14.760  0.005    2  1 
  51285.0975   14.776  0.006    2  1 
  51285.1006   14.781  0.006    2  1 
  51285.1324   14.819  0.006    2  1 
  51285.1360   14.821  0.006    2  1 
  51285.1558   14.835  0.005    2  1 
  51285.1588   14.837  0.005    2  1 
  51285.1796   14.825  0.006    2  1 
  51285.1830   14.828  0.005    2  1 
  51285.2125   14.800  0.006    2  1 
  51285.2157   14.800  0.006    2  1 
  51285.2362   14.642  0.000    2  1 
  51285.2426   14.809  0.006    2  1 
  51285.2630   14.793  0.006    2  1 
  51285.2666   14.839  0.000    2  1 
  51285.2998   14.789  0.006    2  1 
  51285.3348   14.360  0.004    2  1 
  51286.0461   13.994  0.003    2  1 
  51286.0493   14.015  0.003    2  1 
  51286.0716   14.118  0.003    2  1 
  51286.0753   14.123  0.003    2  1 
  51286.1026   14.242  0.004    2  1 
  51286.1061   14.260  0.004    2  1 
  51286.1365   14.364  0.004    2  1 
  51286.1398   14.357  0.004    2  1 
  51286.1608   14.445  0.006    2  1 
  51286.1639   14.461  0.004    2  1 
  51286.1669   14.446  0.004    2  1 
  51286.1875   14.481  0.005    2  1 
  51286.1908   14.494  0.005    2  1 
  51286.2255   14.564  0.005    2  1 
  51286.2285   14.566  0.005    2  1 
  51286.2476   14.596  0.005    2  1 
  51286.2508   14.623  0.005    2  1 
  51286.2697   14.672  0.005    2  1 
  51286.2727   14.670  0.005    2  1 
  51286.3022   14.728  0.005    2  1 
  51286.3055   14.722  0.005    2  1 
  51286.3218   14.761  0.005    2  1 
  51286.3250   14.781  0.006    2  1 
  51286.3450   14.785  0.006    2  1 
  51286.3481   14.803  0.006    2  1 
  51304.9873   14.666  0.005    2  1 
  51304.9926   14.654  0.005    2  1 
  51305.0328   14.662  0.005    2  1 
  51305.0362   14.649  0.005    2  1 
  51305.0559   14.645  0.006    2  1 
  51305.0599   14.631  0.006    2  1 
  51305.0890   14.554  0.005    2  1 
  51305.0922   14.537  0.005    2  1 
  51305.1269   14.360  0.005    2  1 
  51305.1509   14.256  0.005    2  1 
  51305.1853   14.173  0.004    2  1 
  51305.1885   14.178  0.005    2  1 
  51305.2098   14.192  0.004    2  1 
  51305.2128   14.194  0.004    2  1 
  51305.2431   14.274  0.004    2  1 
  51305.2461   14.282  0.004    2  1 
  51305.2704   14.330  0.005    2  1 
  51305.2734   14.324  0.004    2  1 
  51305.2995   14.378  0.005    2  1 
  51305.9857   14.480  0.004    2  1 
  51305.9885   14.473  0.004    2  1 
  51305.9912   14.466  0.004    2  1 
  51306.0256   14.525  0.004    2  1 
  51306.0285   14.528  0.004    2  1 
  51306.0465   14.532  0.005    2  1 
  51306.0498   14.551  0.005    2  1 
  51306.0896   14.573  0.005    2  1 
  51306.0930   14.584  0.005    2  1 
  51306.1123   14.574  0.004    2  1 
  51306.1151   14.565  0.004    2  1 
  51306.1375   14.584  0.004    2  1 
  51306.1405   14.583  0.004    2  1 
  51306.1636   14.590  0.005    2  1 
  51306.1673   14.588  0.005    2  1 
  51306.1937   14.598  0.004    2  1 
  51306.1966   14.621  0.004    2  1 
  51306.2146   14.632  0.005    2  1 
  51306.2343   14.646  0.004    2  1 
  51306.2380   14.643  0.004    2  1 
  51306.2574   14.625  0.004    2  1 
  51306.2602   14.639  0.004    2  1 
  51306.2805   14.608  0.004    2  1 
  51306.2835   14.612  0.004    2  1 
  51306.3038   14.591  0.005    2  1 
  51306.3135   14.560  0.005    2  1 
  51306.3184   14.568  0.006    2  1 
  51307.0456   14.205  0.004    2  1 
  51307.0501   14.220  0.005    2  1 
  51307.0593   14.231  0.004    2  1 
  51307.0645   14.260  0.003    2  1 
  51307.0699   14.321  0.006    2  1 
  51307.0747   14.294  0.005    2  1 
  51308.0084   14.595  0.004    2  1 
  51308.0112   14.584  0.004    2  1 
  51308.0334   14.578  0.004    2  1 
  51308.0362   14.594  0.004    2  1 
  51308.0394   14.609  0.004    2  1 
  51308.0633   14.619  0.004    2  1 
  51308.0663   14.639  0.004    2  1 
  51308.0995   14.641  0.004    2  1 
  51308.1280   14.634  0.005    2  1 
  51308.1309   14.638  0.005    2  1 
  51310.0850   14.341  0.003    2  1 
  51310.0874   14.329  0.003    2  1 
  51310.0897   14.312  0.003    2  1 
  51310.1430   14.188  0.003    2  1 
  51310.1458   14.187  0.003    2  1 
  51310.1486   14.189  0.004    2  1 
  51311.0244   14.577  0.006    2  1 
  51311.0302   14.595  0.006    2  1 
  51311.0334   14.597  0.006    2  1 
  51311.0506   14.596  0.003    2  1 
  51311.0539   14.587  0.004    2  1 
  51311.0637   14.605  0.005    2  1 
  51311.0669   14.597  0.006    2  1 
  51311.0907   14.592  0.006    2  1 
  51311.0946   14.598  0.005    2  1 
  51311.1015   14.599  0.005    2  1 
  51311.1071   14.568  0.006    2  1 
  51311.1298   14.605  0.005    2  1 
  51311.1327   14.587  0.006    2  1 
  51311.1357   14.597  0.005    2  1 
  51311.1398   14.602  0.005    2  1 
  51311.1447   14.606  0.005    2  1 
  51311.9726   14.232  0.004    2  1 
  51311.9755   14.213  0.004    2  1 
  51312.0020   14.174  0.004    2  1 
  51312.0049   14.187  0.004    2  1 
  51312.0255   14.223  0.004    2  1 
  51312.0284   14.216  0.004    2  1 
  51312.0314   14.239  0.004    2  1 
  51312.0584   14.298  0.004    2  1 
  51312.0611   14.311  0.004    2  1 
  51312.0638   14.316  0.004    2  1 
  51312.0903   14.380  0.004    2  1 
  51312.0955   14.380  0.004    2  1 
  51312.1146   14.408  0.004    2  1 
  51312.1173   14.406  0.004    2  1 
  51312.1200   14.414  0.004    2  1 
  51312.9860   14.610  0.004    2  1 
  51312.9887   14.600  0.004    2  1 
  51312.9913   14.590  0.004    2  1 
  51313.0096   14.639  0.005    2  1 
  51313.0123   14.645  0.005    2  1 
  51313.0149   14.629  0.004    2  1 
  51313.0333   14.661  0.005    2  1 
  51313.0360   14.666  0.005    2  1 
  51313.0386   14.659  0.005    2  1 
  51313.0413   14.675  0.005    2  1 
  51313.0595   14.668  0.004    2  1 
  51313.0622   14.659  0.005    2  1 
  51313.0648   14.661  0.004    2  1 
  51313.0911   14.647  0.005    2  1 
  51313.0937   14.644  0.005    2  1 
  51313.0964   14.634  0.004    2  1 
  51313.1146   14.628  0.004    2  1 
  51313.1172   14.616  0.005    2  1 
  51313.1199   14.609  0.005    2  1 
  51313.1226   14.616  0.005    2  1 
  51313.9843   14.437  0.004    2  1 
  51313.9872   14.439  0.005    2  1 
  51313.9901   14.444  0.005    2  1 
  51314.0178   14.475  0.005    2  1 
  51314.0207   14.475  0.005    2  1 
  51314.0236   14.484  0.005    2  1 
  51314.0432   14.519  0.006    2  1 
  51314.0461   14.504  0.005    2  1 
  51314.0490   14.506  0.005    2  1 
  51314.0772   14.540  0.005    2  1 
  51314.0802   14.540  0.005    2  1 
  51314.0831   14.545  0.005    2  1 
  51314.1030   14.576  0.005    2  1 
  51314.1059   14.563  0.005    2  1 
  51314.1088   14.575  0.005    2  1 
  51314.1289   14.595  0.005    2  1 
  51314.1333   14.600  0.005    2  1 
  51314.1363   14.604  0.005    2  1 
  51314.9827   14.642  0.005    2  1 
  51314.9856   14.634  0.005    2  1 
  51314.9885   14.629  0.005    2  1 
  51315.0015   14.576  0.005    2  1 
  51315.0043   14.566  0.005    2  1 
  51315.0069   14.546  0.004    2  1 
  51315.0251   14.462  0.004    2  1 
  51315.0277   14.439  0.004    2  1 
  51315.0304   14.430  0.004    2  1 
  51315.0516   14.304  0.004    2  1 
  51315.0542   14.308  0.004    2  1 
  51315.0780   14.219  0.004    2  1 
  51315.0807   14.207  0.004    2  1 
  51315.0833   14.202  0.004    2  1 
  51315.1015   14.211  0.004    2  1 
  51315.1041   14.201  0.004    2  1 
  51315.1068   14.174  0.004    2  1 
  51315.1290   14.250  0.004    2  1 
  51315.1319   14.255  0.005    2  1 
  51316.0194   14.623  0.004    2  1 
  51316.0221   14.635  0.004    2  1 
  51316.0247   14.640  0.004    2  1 
  51316.0431   14.641  0.004    2  1 
  51316.0458   14.628  0.004    2  1 
  51316.0485   14.642  0.005    2  1 
  51316.0667   14.618  0.005    2  1 
  51316.0693   14.625  0.005    2  1 
  51316.0720   14.625  0.005    2  1 
  51316.0905   14.635  0.005    2  1 
  51316.0934   14.637  0.005    2  1 
  51316.0963   14.637  0.005    2  1 
  51316.1148   14.641  0.004    2  1 
  51316.1175   14.648  0.005    2  1 
  51316.1201   14.659  0.004    2  1 
  51316.9647   14.136  0.004    2  1 
  51316.9676   14.149  0.004    2  1 
  51316.9705   14.166  0.004    2  1 
  51316.9896   14.188  0.004    2  1 
  51316.9923   14.192  0.003    2  1 
  51316.9949   14.199  0.003    2  1 
  51317.0088   14.237  0.004    2  1 
  51317.0117   14.243  0.004    2  1 
  51317.0321   14.287  0.005    2  1 
  51317.0351   14.289  0.004    2  1 
  51317.0391   14.295  0.004    2  1 
  51317.0602   14.343  0.004    2  1 
  51317.0631   14.343  0.004    2  1 
  51317.0660   14.347  0.004    2  1 
  51317.0858   14.386  0.004    2  1 
  51317.0887   14.389  0.005    2  1 
  51317.0916   14.396  0.004    2  1 
  51317.1111   14.423  0.005    2  1 
  51317.1140   14.426  0.005    2  1 
  51317.1169   14.429  0.005    2  1 
  51317.9657   14.650  0.005    2  1 
  51317.9685   14.650  0.005    2  1 
  51317.9883   14.674  0.006    2  1 
  51317.9912   14.690  0.005    2  1 
  51317.9941   14.698  0.005    2  1 
  51318.0135   14.702  0.006    2  1 
  51318.0164   14.695  0.006    2  1 
  51318.0194   14.697  0.006    2  1 
  51318.0413   14.702  0.006    2  1 
  51318.0445   14.699  0.007    2  1 
  51318.0477   14.689  0.006    2  1 
  51318.0697   14.664  0.006    2  1 
  51318.0730   14.649  0.006    2  1 
  51318.0762   14.639  0.006    2  1 
  51318.0981   14.596  0.006    2  1 
  51318.1014   14.587  0.006    2  1 
  51318.1046   14.580  0.006    2  1 
  51318.1265   14.472  0.006    2  1 
  51318.1298   14.463  0.006    2  1 
  51318.9642   14.405  0.004    2  1 
  51318.9680   14.408  0.005    2  1 
  51318.9708   14.411  0.004    2  1 
  51318.9737   14.423  0.004    2  1 
  51318.9929   14.447  0.004    2  1 
  51318.9956   14.456  0.005    2  1 
  51318.9983   14.462  0.004    2  1 
  51319.0180   14.482  0.005    2  1 
  51319.0209   14.502  0.005    2  1 
  51319.0238   14.497  0.004    2  1 
  51319.0443   14.536  0.005    2  1 
  51319.0474   14.546  0.005    2  1 
  51319.0505   14.543  0.005    2  1 
  51319.0793   14.597  0.005    2  1 
  51319.0820   14.598  0.005    2  1 
  51319.0847   14.602  0.004    2  1 
  51319.1030   14.627  0.005    2  1 
  51319.1084   14.623  0.005    2  1 
  51319.1110   14.643  0.005    2  1 
  51320.1030   14.202  0.003    2  1 
  51320.1053   14.221  0.003    2  1 
  51320.1076   14.210  0.003    2  1 
  51320.1238   14.240  0.003    2  1 
  51320.1261   14.248  0.003    2  1 
  51320.1284   14.270  0.003    2  1 
  51320.1450   14.290  0.004    2  1 
  51320.1477   14.293  0.004    2  1 
  51320.1503   14.305  0.004    2  1 
  51320.9635   14.660  0.005    2  1 
  51320.9664   14.664  0.005    2  1 
  51320.9693   14.663  0.005    2  1 
  51320.9887   14.692  0.004    2  1 
  51320.9911   14.685  0.004    2  1 
  51320.9936   14.673  0.004    2  1 
  51321.0102   14.698  0.003    2  1 
  51321.0126   14.699  0.004    2  1 
  51321.0150   14.683  0.004    2  1 
  51321.0318   14.700  0.004    2  1 
  51321.0344   14.688  0.004    2  1 
  51321.0369   14.705  0.004    2  1 
  51321.0543   14.703  0.004    2  1 
  51321.0568   14.711  0.004    2  1 
  51321.0594   14.706  0.004    2  1 
  51321.0847   14.724  0.005    2  1 
  51321.0873   14.714  0.005    2  1 
  51321.0898   14.724  0.005    2  1 
  51321.1133   14.740  0.005    2  1 
  51321.1159   14.746  0.005    2  1 
  51321.1186   14.748  0.005    2  1 
  51321.1339   14.748  0.005    2  1 
  51321.1365   14.738  0.005    2  1 
  51332.9696   14.843  0.009    2  1 
  51332.9739   14.830  0.008    2  1 
  51332.9891   14.839  0.007    2  1 
  51332.9928   14.830  0.008    2  1 
  51332.9965   14.833  0.008    2  1 
  51333.0083   14.833  0.007    2  1 
  51333.0120   14.824  0.007    2  1 
  51333.0226   14.776  0.007    2  1 
  51333.0264   14.759  0.007    2  1 
  51333.0514   14.411  0.006    2  1 
  51333.0552   14.309  0.006    2  1 
  51333.0742   13.738  0.004    2  1 
  51333.0779   13.707  0.004    2  1 
  51333.0907   13.682  0.004    2  1 
  51333.0945   13.714  0.004    2  1 
  51333.1178   13.815  0.004    2  1 
  51333.1221   13.852  0.004    2  1 
  51333.1335   13.931  0.004    2  1 
  51333.1529   14.028  0.005    2  1 
  51333.1565   14.055  0.005    2  1 
  51333.1716   14.115  0.005    2  1 
  51333.1752   14.129  0.005    2  1 
  51334.9871   13.882  0.003    2  1 
  51335.0175   14.065  0.004    2  1 
  51335.0204   14.071  0.003    2  1 
  51335.0301   14.119  0.004    2  1 
  51335.0334   14.137  0.004    2  1 
  51335.0517   14.210  0.005    2  1 
  51335.0552   14.221  0.005    2  1 
  51335.0692   14.278  0.005    2  1 
  51335.0727   14.286  0.005    2  1 
  51335.0833   14.311  0.005    2  1 
  51335.0867   14.326  0.005    2  1 
  51335.1133   14.409  0.005    2  1 
  51335.1167   14.415  0.006    2  1 
  51335.9535   14.822  0.008    2  1 
  51335.9726   14.826  0.007    2  1 
  51335.9768   14.825  0.006    2  1 
  51335.9997   14.833  0.006    2  1 
  51336.0027   14.820  0.006    2  1 
  51336.0203   14.826  0.006    2  1 
  51336.0357   14.819  0.006    2  1 
  51336.0388   14.826  0.006    2  1 
  51336.0593   14.833  0.007    2  1 
  51336.0629   14.825  0.007    2  1 
  51336.0769   14.835  0.007    2  1 
  51336.0803   14.834  0.007    2  1 
  51336.1025   14.827  0.006    2  1 
  51336.1059   14.831  0.007    2  1 
  51336.1206   14.794  0.007    2  1 
  51336.1240   14.788  0.007    2  1 
  51337.0101   14.492  0.005    2  1 
  51337.9904   14.735  0.007    2  1 
  51337.9940   14.714  0.007    2  1 
  51338.0162   14.342  0.005    2  1 
  51338.0196   14.241  0.005    2  1 
  51338.0339   13.826  0.004    2  1 
  51338.0376   13.790  0.004    2  1 
  51338.9901   14.788  0.008    2  1 
  51338.9938   14.734  0.005    2  1 
  51339.0226   14.748  0.007    2  1 
  51339.0269   14.770  0.007    2  1 
  51339.0867   14.758  0.007    2  1 
  51339.0905   14.778  0.007    2  1 
  51339.1139   14.770  0.007    2  1 
  51339.1177   14.768  0.007    2  1 
  51339.1448   14.772  0.007    2  1 
  51339.1482   14.771  0.006    2  1 
  51339.9766   14.049  0.004    2  1 
  51339.9795   14.065  0.004    2  1 
  51340.0044   14.179  0.004    2  1 
  51340.0078   14.198  0.004    2  1 
  51340.0274   14.266  0.004    2  1 
  51340.0306   14.279  0.004    2  1 
  51340.0540   14.342  0.005    2  1 
  51340.0572   14.357  0.005    2  1 
  51340.0857   14.432  0.005    2  1 
  51340.0892   14.436  0.005    2  1 
  51340.1152   14.503  0.005    2  1 
  51340.1197   14.511  0.005    2  1 
  51340.1229   14.512  0.006    2  1 
  51340.1263   14.514  0.005    2  1 
  51340.1404   14.548  0.006    2  1 
  51340.1437   14.551  0.005    2  1 
  51344.9924   14.299  0.004    2  1 
  51344.9958   14.300  0.003    2  1 
  51344.9988   14.311  0.004    2  1 
  51345.0216   14.362  0.005    2  1 
  51345.0255   14.375  0.005    2  1 
  51345.0302   14.379  0.005    2  1 
  51345.0553   14.434  0.005    2  1 
  51345.0603   14.443  0.004    2  1 
  51345.9856   14.678  0.007    2  1 
  51345.9896   14.680  0.006    2  1 
  51346.0219   14.628  0.007    2  1 
  51346.0264   14.617  0.006    2  1 
  51346.0486   14.530  0.006    2  1 
  51346.0523   14.528  0.006    2  1 
  51346.0791   14.308  0.005    2  1 
  51346.0826   14.227  0.004    2  1 
  51347.0416   14.629  0.006    2  1 
  51347.0453   14.634  0.004    2  1 
  51347.0743   14.665  0.005    2  1 
  51347.0777   14.662  0.005    2  1 
  51347.0990   14.672  0.005    2  1 
  51347.1022   14.672  0.004    2  1 
  51347.9769   14.034  0.004    2  1 
  51347.9802   14.067  0.004    2  1 
  51347.9834   14.036  0.004    2  1 
  51347.9983   14.080  0.004    2  1 
  51348.0028   14.103  0.004    2  1 
  51348.0063   14.110  0.004    2  1 
  51348.0242   14.168  0.004    2  1 
  51348.0274   14.172  0.004    2  1 
  51348.0943   14.332  0.006    2  1 
  51348.0983   14.348  0.006    2  1 
  51348.1018   14.358  0.006    2  1 
  51348.9650   14.667  0.006    2  1 
  51348.9853   14.658  0.005    2  1 
  51348.9883   14.678  0.006    2  1 
  51348.9912   14.670  0.005    2  1 
  51349.0316   14.671  0.005    2  1 
  51349.0346   14.668  0.005    2  1 
  51349.9815   14.375  0.004    2  1 
  51349.9851   14.377  0.004    2  1 
  51349.9973   14.400  0.004    2  1 
  51350.0033   14.409  0.005    2  1 
  51350.0066   14.416  0.005    2  1 
  51350.0164   14.439  0.005    2  1 
  51350.0197   14.438  0.005    2  1 
  51350.0296   14.467  0.005    2  1 
  51380.9973   14.451  0.004    2  1 
  51381.0004   14.447  0.004    2  1 
  51381.0031   14.448  0.004    2  1 
  51381.0187   14.495  0.004    2  1 
  51381.0214   14.499  0.004    2  1 
  51381.0242   14.508  0.004    2  1 
  51381.9830   14.778  0.006    2  1 
  51381.9859   14.755  0.006    2  1 
  51381.9888   14.730  0.006    2  1 
  51382.0000   14.638  0.005    2  1 
  51382.0029   14.611  0.005    2  1 
  51382.9793   14.704  0.007    2  1 
  51382.9826   14.709  0.006    2  1 
  51382.9857   14.737  0.007    2  1 
  51382.9965   14.734  0.006    2  1 
  51382.9995   14.731  0.006    2  1 
  51383.9746   14.035  0.003    2  1 
  51383.9773   14.042  0.003    2  1 
  51383.9799   14.067  0.003    2  1 
  51383.9899   14.123  0.004    2  1 
  51383.9926   14.124  0.004    2  1 
  51384.9777   14.810  0.005    2  1 
  51384.9802   14.825  0.004    2  1 
  51384.9896   14.812  0.005    2  1 
  51384.9921   14.800  0.004    2  1 
  51385.9711   14.490  0.004    2  1 
  51385.9763   14.488  0.004    2  1 
  51385.9857   14.507  0.004    2  1 
  51385.9884   14.511  0.004    2  1 
  51386.9965   13.808  0.003    2  1 
  51387.0003   13.742  0.003    2  1 
  51387.0041   13.692  0.003    2  1 
  51387.0216   13.680  0.002    2  1 
  51387.0254   13.701  0.002    2  1 
  51387.0293   13.721  0.002    2  1 
  51388.9801   14.226  0.004    2  1 
  51388.9834   14.225  0.004    2  1 
  51388.9866   14.248  0.004    2  1 
  51388.9984   14.294  0.005    2  1 
  51389.0017   14.308  0.005    2  1 
  51389.9783   14.767  0.005    2  1 
  51389.9809   14.772  0.005    2  1 
  51389.9836   14.761  0.005    2  1 
  51390.9729   14.561  0.004    2  1 
  51390.9756   14.556  0.004    2  1 
  51390.9783   14.580  0.004    2  1 
  51391.9728   13.816  0.002    2  1 
  51391.9754   13.818  0.002    2  1 
  51391.9779   13.818  0.002    2  1 
  51671.0871   14.564  0.006    2  1 
  51671.0917   14.580  0.005    2  1 
  51671.0952   14.583  0.005    2  1 
  51671.1189   14.626  0.005    2  1 
  51671.1232   14.625  0.006    2  1 
  51671.9996   14.769  0.005    2  1 
  51672.0039   14.758  0.005    2  1 
  51672.0350   14.691  0.005    2  1 
  51672.0382   14.674  0.005    2  1 
  51673.0232   14.707  0.004    2  1 
  51674.0574   14.181  0.005    2  1 
  51674.0620   14.204  0.006    2  1 
  51674.0938   14.306  0.006    2  1 
  51674.0985   14.313  0.005    2  1 
  51674.1159   14.369  0.005    2  1 
  51674.1223   14.391  0.005    2  1 
  51674.9763   14.793  0.007    2  1 
  51674.9824   14.811  0.008    2  1 
  51675.0212   14.800  0.008    2  1 
  51676.0163   14.488  0.005    2  1 
  51692.9816   14.703  0.006    2  1 
  51692.9854   14.712  0.006    2  1 
  51693.9780   14.386  0.004    2  1 
  51693.9814   14.389  0.004    2  1 
  51694.9914   14.509  0.004    2  1 
  51694.9946   14.481  0.005    2  1 
  51765.9974   14.649  0.006    2  1 
  51766.0012   14.636  0.006    2  1 
  51766.0048   14.641  0.005    2  1 
  51766.0266   14.640  0.006    2  1 
  51766.0301   14.634  0.006    2  1 
  51216.3144   15.088  0.004    3  1 
  51216.3408   15.058  0.005    3  1 
  51216.3634   15.084  0.004    3  1 
  51216.3905   15.086  0.005    3  1 
  51217.3019   14.761  0.004    3  1 
  51217.3494   14.847  0.004    3  1 
  51217.3710   14.880  0.004    3  1 
  51217.3906   14.925  0.004    3  1 
  51218.2854   15.092  0.005    3  1 
  51218.3156   14.909  0.007    3  1 
  51218.3347   14.814  0.004    3  1 
  51218.3653   14.476  0.003    3  1 
  51218.3848   14.293  0.003    3  1 
  51219.2918   15.005  0.004    3  1 
  51219.3100   15.040  0.005    3  1 
  51219.3296   15.040  0.004    3  1 
  51219.3536   15.047  0.005    3  1 
  51219.3723   15.045  0.004    3  1 
  51220.2720   14.247  0.003    3  1 
  51220.2946   14.327  0.003    3  1 
  51220.3117   14.409  0.003    3  1 
  51220.3299   14.473  0.003    3  1 
  51220.3473   14.534  0.003    3  1 
  51220.3643   14.599  0.003    3  1 
  51220.3816   14.657  0.003    3  1 
  51221.2763   15.137  0.004    3  1 
  51221.2964   15.131  0.005    3  1 
  51221.3145   15.140  0.004    3  1 
  51221.3318   15.152  0.005    3  1 
  51221.3496   15.144  0.005    3  1 
  51221.3673   15.158  0.005    3  1 
  51283.2546   15.200  0.004    3  1 
  51283.2783   15.225  0.004    3  1 
  51283.3008   15.202  0.004    3  1 
  51283.3322   15.162  0.004    3  1 
  51283.3553   15.149  0.004    3  1 
  51283.3773   15.156  0.004    3  1 
  51284.2134   14.330  0.003    3  1 
  51284.2375   14.451  0.003    3  1 
  51284.2581   14.533  0.003    3  1 
  51284.2875   14.653  0.003    3  1 
  51284.3124   14.757  0.003    3  1 
  51284.3383   14.808  0.004    3  1 
  51285.0451   15.166  0.004    3  1 
  51285.0691   15.160  0.004    3  1 
  51285.0932   15.174  0.006    3  1 
  51285.1257   15.284  0.004    3  1 
  51285.1514   15.270  0.005    3  1 
  51285.1754   15.253  0.004    3  1 
  51285.2060   15.219  0.004    3  1 
  51285.2321   15.198  0.004    3  1 
  51285.2586   15.175  0.004    3  1 
  51285.2928   15.163  0.004    3  1 
  51286.0393   14.163  0.002    3  1 
  51286.0670   14.332  0.002    3  1 
  51286.0977   14.517  0.002    3  1 
  51286.1302   14.652  0.003    3  1 
  51286.1560   14.730  0.003    3  1 
  51286.1833   14.824  0.004    3  1 
  51286.2193   14.911  0.004    3  1 
  51286.2434   14.985  0.004    3  1 
  51286.2655   15.053  0.004    3  1 
  51286.2958   15.058  0.004    3  1 
  51286.3291   15.148  0.004    3  1 
  51286.3521   15.184  0.004    3  1 
  51304.9838   15.109  0.004    3  1 
  51305.0251   15.079  0.005    3  1 
  51305.0718   14.980  0.004    3  1 
  51305.0961   14.849  0.004    3  1 
  51305.1465   14.529  0.004    3  1 
  51305.1755   14.413  0.003    3  1 
  51305.2054   14.407  0.004    3  1 
  51305.2345   14.489  0.003    3  1 
  51305.2666   14.594  0.003    3  1 
  51305.2880   14.640  0.003    3  1 
  51305.9773   14.875  0.003    3  1 
  51306.0428   14.952  0.004    3  1 
  51306.0809   14.953  0.004    3  1 
  51306.1087   14.999  0.007    3  1 
  51306.1330   14.967  0.004    3  1 
  51306.1578   14.974  0.004    3  1 
  51306.1875   14.951  0.004    3  1 
  51306.2101   14.928  0.004    3  1 
  51306.2308   15.166  0.004    3  1 
  51306.2538   14.797  0.000    3  1 
  51306.2771   14.929  0.003    3  1 
  51306.2972   14.927  0.004    3  1 
  51308.0025   15.030  0.003    3  1 
  51308.0294   14.961  0.003    3  1 
  51308.0600   15.022  0.003    3  1 
  51308.0919   15.042  0.003    3  1 
  51308.0958   15.063  0.003    3  1 
  51308.1244   15.000  0.004    3  1 
  51310.1057   14.489  0.002    3  1 
  51310.1100   14.504  0.002    3  1 
  51310.1132   14.514  0.002    3  1 
  51311.9792   14.474  0.004    3  1 
  51311.9983   14.449  0.004    3  1 
  51312.0087   14.446  0.003    3  1 
  51312.0350   14.508  0.003    3  1 
  51312.0550   14.583  0.004    3  1 
  51312.0672   14.607  0.003    3  1 
  51312.0870   14.658  0.003    3  1 
  51312.0988   14.690  0.003    3  1 
  51312.9828   15.046  0.003    3  1 
  51313.0063   15.030  0.004    3  1 
  51313.0300   15.073  0.004    3  1 
  51313.0562   15.079  0.004    3  1 
  51313.0838   15.089  0.003    3  1 
  51313.1113   14.991  0.004    3  1 
  51313.9807   14.801  0.004    3  1 
  51314.0143   14.844  0.004    3  1 
  51314.0397   14.875  0.004    3  1 
  51314.1124   14.954  0.004    3  1 
  51314.9752   15.072  0.004    3  1 
  51315.0102   14.890  0.003    3  1 
  51315.0336   14.714  0.003    3  1 
  51315.0747   14.475  0.003    3  1 
  51315.0982   14.443  0.003    3  1 
  51315.1216   14.463  0.003    3  1 
  51316.0399   15.044  0.004    3  1 
  51316.0634   15.020  0.004    3  1 
  51316.0869   15.024  0.004    3  1 
  51316.1115   15.010  0.004    3  1 
  51316.9740   14.422  0.003    3  1 
  51317.0052   14.519  0.003    3  1 
  51317.0282   14.594  0.004    3  1 
  51317.0566   14.630  0.003    3  1 
  51317.0822   14.695  0.004    3  1 
  51317.1075   14.752  0.004    3  1 
  51317.9847   15.103  0.005    3  1 
  51318.0099   15.119  0.005    3  1 
  51318.0374   15.016  0.005    3  1 
  51318.0942   14.766  0.000    3  1 
  51318.1226   14.810  0.004    3  1 
  51318.9772   14.790  0.003    3  1 
  51319.0019   14.834  0.001    3  1 
  51319.0274   14.881  0.005    3  1 
  51319.0757   14.973  0.004    3  1 
  51319.0997   15.006  0.004    3  1 
  51320.1000   14.431  0.002    3  1 
  51320.1208   14.572  0.003    3  1 
  51320.1417   14.546  0.003    3  1 
  51320.9728   15.090  0.004    3  1 
  51320.9965   15.190  0.003    3  1 
  51321.0180   14.865  0.002    3  1 
  51321.0400   15.116  0.004    3  1 
  51321.0624   15.102  0.004    3  1 
  51321.0930   15.093  0.005    3  1 
  51321.1217   15.143  0.004    3  1 
  51380.9937   14.741  0.003    3  1 
  51381.9793   15.160  0.005    3  1 
  51382.9755   15.089  0.005    3  1 
  51383.9715   14.213  0.002    3  1 
  51384.9721   15.040  0.003    3  1 
  51385.9679   14.782  0.003    3  1 
  51386.9917   14.116  0.002    3  1 
  51388.9755   14.468  0.003    3  1 
  51389.9750   15.145  0.004    3  1 
  51390.9697   14.653  0.003    3  1 
  51693.9923   14.758  0.003    3  1 
  51695.0052   14.706  0.003    3  1 
 56468.97641   12.759  0.104   -1  1 
 56469.04707   12.257  0.196   -1  1 
 56469.10896   12.394  0.131   -1  1 
 56469.17285   12.687  0.079   -1  1 
 56471.00364   12.418  0.122   -1  1 
 56471.06640   12.754  0.037   -1  1 
 56471.12490   12.767  0.092   -1  1 
 56471.18188   12.810  0.070   -1  1 
 56471.96759   11.842  0.111   -1  1 
 56472.03374   12.186  0.117   -1  1 
 56472.09484   12.543  0.029   -1  1 
 56472.15243   12.603  0.047   -1  1 
 56468.95296   12.290  0.170   -2  1 
 56469.02441   12.466  0.080   -2  1 
 56469.08813   12.490  0.066   -2  1 
 56469.15134   12.720  0.053   -2  1 
 56471.02588   12.579  0.078   -2  1 
 56471.08671   12.794  0.058   -2  1 
 56471.14302   12.894  0.044   -2  1 
 56471.94704   12.677  0.035   -2  1 
 56472.01085   12.713  0.072   -2  1 
 56472.07480   12.562  0.073   -2  1 
 56472.13240   12.779  0.030   -2  1 
 56472.19216   12.709  0.031   -2  1 
 56469.00041   12.773  0.051   -5  1 
 56469.06767   12.967  0.043   -5  1 
 56469.13003   12.925  0.049   -5  1 
 56469.19349   13.105  0.040   -5  1 
 56470.98130   13.060  0.034   -5  1 
 56471.04693   13.049  0.041   -5  1 
 56471.10523   13.114  0.028   -5  1 
 56471.16397   13.230  0.031   -5  1 
 56471.98857   12.848  0.036   -5  1 
 56472.05430   13.087  0.035   -5  1 
 56472.11383   12.932  0.029   -5  1 
 56472.17109   12.979  0.020   -5  1 
