  51216.2987   14.757  0.005    2  1 
  51216.3275   14.755  0.006    2  1 
  51216.3519   14.735  0.005    2  1 
  51216.3771   14.794  0.005    2  1 
  51217.2851   14.165  0.004    2  1 
  51217.3152   14.268  0.004    2  1 
  51217.3378   14.344  0.004    2  1 
  51217.3598   14.409  0.004    2  1 
  51217.3804   14.468  0.004    2  1 
  51218.3013   14.816  0.005    2  1 
  51218.3254   14.856  0.006    2  1 
  51218.3504   14.899  0.005    2  1 
  51218.3753   14.935  0.006    2  1 
  51219.2775   14.450  0.004    2  1 
  51219.3014   14.492  0.004    2  1 
  51219.3186   14.525  0.004    2  1 
  51219.3397   14.548  0.004    2  1 
  51219.3635   14.593  0.005    2  1 
  51219.3810   14.602  0.005    2  1 
  51220.2867   14.897  0.005    2  1 
  51220.3036   14.799  0.005    2  1 
  51220.3219   14.491  0.004    2  1 
  51220.3391   14.190  0.004    2  1 
  51220.3564   13.932  0.003    2  1 
  51220.3729   13.890  0.003    2  1 
  51220.3920   13.945  0.003    2  1 
  51221.2619   14.580  0.004    2  1 
  51221.2873   14.616  0.005    2  1 
  51221.3052   14.635  0.005    2  1 
  51221.3230   14.671  0.005    2  1 
  51221.3396   14.696  0.005    2  1 
  51221.3577   14.748  0.005    2  1 
  51221.3762   14.765  0.005    2  1 
  51283.2102   14.427  0.004    2  1 
  51283.2288   14.488  0.004    2  1 
  51283.2338   14.480  0.004    2  1 
  51283.2391   14.493  0.004    2  1 
  51283.2642   14.535  0.004    2  1 
  51283.2680   14.545  0.004    2  1 
  51283.2868   14.564  0.004    2  1 
  51283.2902   14.569  0.004    2  1 
  51283.3138   14.593  0.004    2  1 
  51283.3170   14.597  0.004    2  1 
  51283.3408   14.636  0.004    2  1 
  51283.3447   14.631  0.004    2  1 
  51283.3642   14.668  0.004    2  1 
  51283.3673   14.670  0.004    2  1 
  51284.1955   14.905  0.005    2  1 
  51284.1993   14.931  0.005    2  1 
  51284.2266   14.906  0.005    2  1 
  51284.2298   14.900  0.005    2  1 
  51284.2475   14.777  0.005    2  1 
  51284.2506   14.743  0.005    2  1 
  51284.2679   14.400  0.004    2  1 
  51284.2711   14.333  0.004    2  1 
  51284.3004   13.917  0.003    2  1 
  51284.3036   13.894  0.003    2  1 
  51284.3257   13.919  0.003    2  1 
  51284.3289   13.927  0.003    2  1 
  51285.0269   14.166  0.003    2  1 
  51285.0299   14.175  0.003    2  1 
  51285.0607   14.274  0.003    2  1 
  51285.0814   14.347  0.003    2  1 
  51285.0847   14.353  0.003    2  1 
  51285.1052   14.419  0.004    2  1 
  51285.1084   14.421  0.004    2  1 
  51285.1396   14.490  0.004    2  1 
  51285.1427   14.497  0.004    2  1 
  51285.1624   14.526  0.004    2  1 
  51285.1654   14.529  0.004    2  1 
  51285.1891   14.563  0.004    2  1 
  51285.1924   14.566  0.004    2  1 
  51285.2195   14.596  0.004    2  1 
  51285.2227   14.605  0.005    2  1 
  51285.2468   14.623  0.005    2  1 
  51285.2498   14.642  0.005    2  1 
  51285.2738   14.674  0.005    2  1 
  51285.2775   14.673  0.005    2  1 
  51285.3077   14.760  0.005    2  1 
  51285.3112   14.762  0.005    2  1 
  51285.3425   14.744  0.005    2  1 
  51285.3456   14.747  0.005    2  1 
  51286.0177   14.764  0.004    2  1 
  51286.0241   14.781  0.004    2  1 
  51286.0542   14.850  0.004    2  1 
  51286.0574   14.844  0.004    2  1 
  51286.0794   14.894  0.004    2  1 
  51286.0832   14.888  0.004    2  1 
  51286.1105   14.938  0.005    2  1 
  51286.1136   14.921  0.005    2  1 
  51286.1441   14.809  0.004    2  1 
  51286.1472   14.795  0.004    2  1 
  51286.1708   14.345  0.003    2  1 
  51286.1740   14.287  0.003    2  1 
  51286.1969   13.939  0.003    2  1 
  51286.2002   13.919  0.003    2  1 
  51286.2322   13.941  0.003    2  1 
  51286.2352   13.953  0.003    2  1 
  51286.2544   14.017  0.003    2  1 
  51286.2573   14.027  0.003    2  1 
  51286.2785   14.114  0.003    2  1 
  51286.2816   14.124  0.003    2  1 
  51286.3149   14.239  0.003    2  1 
  51286.3179   14.251  0.003    2  1 
  51286.3375   14.317  0.004    2  1 
  51286.3409   14.324  0.004    2  1 
  51286.3604   14.382  0.004    2  1 
  51286.3635   14.397  0.004    2  1 
  51286.3665   14.403  0.004    2  1 
  51304.9667   14.757  0.004    2  1 
  51304.9697   14.760  0.004    2  1 
  51304.9956   14.752  0.004    2  1 
  51304.9985   14.762  0.004    2  1 
  51305.0393   14.812  0.005    2  1 
  51305.0423   14.814  0.005    2  1 
  51305.0812   14.890  0.005    2  1 
  51305.0852   14.905  0.006    2  1 
  51305.1040   14.922  0.005    2  1 
  51305.1077   14.917  0.005    2  1 
  51305.1328   14.834  0.006    2  1 
  51305.1357   14.812  0.005    2  1 
  51305.1582   14.443  0.005    2  1 
  51305.1616   14.368  0.005    2  1 
  51305.1919   13.926  0.004    2  1 
  51305.1953   13.905  0.003    2  1 
  51305.2170   13.910  0.003    2  1 
  51305.2202   13.919  0.003    2  1 
  51305.2493   14.030  0.003    2  1 
  51305.2523   14.044  0.003    2  1 
  51305.2764   14.134  0.004    2  1 
  51305.2796   14.151  0.004    2  1 
  51305.3025   14.229  0.003    2  1 
  51305.3054   14.228  0.003    2  1 
  51305.9643   14.314  0.003    2  1 
  51305.9672   14.326  0.003    2  1 
  51305.9940   14.413  0.003    2  1 
  51305.9970   14.415  0.003    2  1 
  51305.9997   14.428  0.003    2  1 
  51306.0313   14.492  0.003    2  1 
  51306.0340   14.500  0.003    2  1 
  51306.0638   14.546  0.004    2  1 
  51306.0674   14.554  0.004    2  1 
  51306.0960   14.586  0.004    2  1 
  51306.0990   14.602  0.004    2  1 
  51306.1183   14.609  0.003    2  1 
  51306.1209   14.616  0.003    2  1 
  51306.1434   14.637  0.005    2  1 
  51306.1474   14.644  0.005    2  1 
  51306.1743   14.697  0.004    2  1 
  51306.1770   14.717  0.004    2  1 
  51306.1996   14.759  0.004    2  1 
  51306.2025   14.770  0.003    2  1 
  51306.2207   14.743  0.004    2  1 
  51306.2235   14.763  0.004    2  1 
  51306.2407   14.769  0.004    2  1 
  51306.2432   14.750  0.004    2  1 
  51306.2458   14.757  0.004    2  1 
  51306.2665   14.752  0.004    2  1 
  51306.2691   14.760  0.003    2  1 
  51306.2862   14.778  0.004    2  1 
  51306.2895   14.782  0.004    2  1 
  51306.3068   14.820  0.004    2  1 
  51306.3101   14.821  0.005    2  1 
  51306.9828   14.901  0.006    2  1 
  51306.9870   14.907  0.004    2  1 
  51307.0161   14.893  0.005    2  1 
  51307.0270   14.869  0.005    2  1 
  51307.0388   14.788  0.005    2  1 
  51307.0824   14.051  0.004    2  1 
  51307.9862   14.572  0.004    2  1 
  51307.9901   14.586  0.003    2  1 
  51308.0178   14.611  0.003    2  1 
  51308.0212   14.632  0.003    2  1 
  51308.0443   14.644  0.003    2  1 
  51308.0749   14.714  0.003    2  1 
  51308.1072   14.768  0.005    2  1 
  51308.1114   14.767  0.004    2  1 
  51310.1342   14.876  0.004    2  1 
  51310.1371   14.883  0.004    2  1 
  51310.1402   14.888  0.004    2  1 
  51314.9621   14.590  0.005    2  1 
  51314.9650   14.587  0.004    2  1 
  51314.9679   14.591  0.005    2  1 
  51314.9914   14.631  0.004    2  1 
  51314.9943   14.625  0.004    2  1 
  51314.9972   14.630  0.004    2  1 
  51315.0171   14.662  0.004    2  1 
  51315.0197   14.668  0.004    2  1 
  51315.0224   14.673  0.004    2  1 
  51315.0409   14.709  0.004    2  1 
  51315.0436   14.715  0.004    2  1 
  51315.0462   14.724  0.004    2  1 
  51315.0650   14.764  0.004    2  1 
  51315.0677   14.763  0.004    2  1 
  51315.0860   14.764  0.004    2  1 
  51315.0887   14.748  0.004    2  1 
  51315.0913   14.764  0.004    2  1 
  51315.1094   14.751  0.004    2  1 
  51315.1121   14.747  0.004    2  1 
  51315.1148   14.742  0.004    2  1 
  51316.0303   14.102  0.003    2  1 
  51316.0330   14.108  0.003    2  1 
  51316.0511   14.191  0.003    2  1 
  51316.0538   14.188  0.003    2  1 
  51316.0565   14.192  0.003    2  1 
  51316.0746   14.250  0.003    2  1 
  51316.0773   14.267  0.003    2  1 
  51316.0800   14.271  0.003    2  1 
  51316.0992   14.320  0.003    2  1 
  51316.1020   14.348  0.003    2  1 
  51316.1046   14.350  0.003    2  1 
  51316.1228   14.413  0.003    2  1 
  51316.1255   14.418  0.004    2  1 
  51316.1281   14.425  0.004    2  1 
  51316.9815   14.763  0.004    2  1 
  51316.9843   14.756  0.005    2  1 
  51316.9869   14.760  0.004    2  1 
  51316.9978   14.754  0.005    2  1 
  51317.0147   14.750  0.005    2  1 
  51317.0176   14.751  0.005    2  1 
  51317.0205   14.752  0.005    2  1 
  51317.0420   14.760  0.006    2  1 
  51317.0450   14.753  0.006    2  1 
  51317.0483   14.782  0.006    2  1 
  51317.0689   14.826  0.005    2  1 
  51317.0718   14.807  0.005    2  1 
  51317.0747   14.824  0.005    2  1 
  51317.0946   14.869  0.005    2  1 
  51317.0974   14.879  0.004    2  1 
  51317.1000   14.874  0.005    2  1 
  51317.1199   14.898  0.005    2  1 
  51317.1228   14.910  0.006    2  1 
  51317.1257   14.911  0.006    2  1 
  51317.9715   14.251  0.004    2  1 
  51317.9744   14.258  0.004    2  1 
  51317.9772   14.270  0.003    2  1 
  51317.9970   14.341  0.003    2  1 
  51317.9998   14.340  0.003    2  1 
  51318.0025   14.346  0.004    2  1 
  51318.0227   14.408  0.005    2  1 
  51318.0260   14.418  0.005    2  1 
  51318.0292   14.423  0.006    2  1 
  51318.0510   14.479  0.005    2  1 
  51318.0542   14.489  0.005    2  1 
  51318.0575   14.495  0.005    2  1 
  51318.0795   14.525  0.005    2  1 
  51318.0827   14.533  0.005    2  1 
  51318.0859   14.543  0.005    2  1 
  51318.1079   14.570  0.006    2  1 
  51318.1111   14.581  0.006    2  1 
  51318.1144   14.557  0.006    2  1 
  51318.9846   14.849  0.005    2  1 
  51318.9874   14.859  0.005    2  1 
  51318.9902   14.862  0.005    2  1 
  51319.0093   14.895  0.005    2  1 
  51319.0122   14.906  0.005    2  1 
  51319.0151   14.891  0.006    2  1 
  51319.0351   14.914  0.006    2  1 
  51319.0380   14.913  0.006    2  1 
  51319.0411   14.912  0.006    2  1 
  51319.0623   14.833  0.005    2  1 
  51319.0928   14.317  0.003    2  1 
  51319.1137   13.995  0.003    2  1 
  51319.1164   13.957  0.003    2  1 
  51319.1190   13.931  0.003    2  1 
  51320.0869   14.674  0.003    2  1 
  51320.0909   14.685  0.003    2  1 
  51320.1531   14.762  0.004    2  1 
  51320.1557   14.755  0.004    2  1 
  51320.1584   14.760  0.004    2  1 
  51320.9810   14.556  0.004    2  1 
  51320.9838   14.493  0.003    2  1 
  51321.0292   13.883  0.002    2  1 
  51321.0466   13.914  0.002    2  1 
  51321.0491   13.915  0.002    2  1 
  51321.0517   13.932  0.002    2  1 
  51321.0689   13.993  0.002    2  1 
  51321.0714   14.017  0.002    2  1 
  51321.0740   14.021  0.002    2  1 
  51321.0997   14.114  0.003    2  1 
  51321.1023   14.120  0.003    2  1 
  51321.1049   14.130  0.003    2  1 
  51321.1074   14.145  0.003    2  1 
  51321.1100   14.154  0.003    2  1 
  51321.1285   14.220  0.003    2  1 
  51321.1311   14.224  0.003    2  1 
  51332.9607   14.906  0.008    2  1 
  51332.9651   14.907  0.009    2  1 
  51332.9797   14.884  0.007    2  1 
  51332.9834   14.875  0.006    2  1 
  51333.0005   14.722  0.005    2  1 
  51333.0039   14.663  0.006    2  1 
  51333.0156   14.416  0.004    2  1 
  51333.0192   14.350  0.005    2  1 
  51333.0445   13.957  0.004    2  1 
  51333.0479   13.921  0.003    2  1 
  51333.0636   13.888  0.004    2  1 
  51333.0681   13.901  0.004    2  1 
  51333.0834   13.944  0.003    2  1 
  51333.0869   13.955  0.004    2  1 
  51333.0981   14.004  0.004    2  1 
  51333.1018   14.017  0.004    2  1 
  51333.1258   14.109  0.004    2  1 
  51333.1294   14.128  0.005    2  1 
  51333.1410   14.167  0.005    2  1 
  51333.1452   14.173  0.005    2  1 
  51333.1492   14.188  0.005    2  1 
  51333.1642   14.245  0.005    2  1 
  51333.1679   14.254  0.004    2  1 
  51334.9778   13.922  0.002    2  1 
  51334.9806   13.933  0.002    2  1 
  51335.0115   14.048  0.003    2  1 
  51335.0145   14.062  0.003    2  1 
  51335.0237   14.099  0.003    2  1 
  51335.0269   14.106  0.003    2  1 
  51335.0365   14.140  0.003    2  1 
  51335.0396   14.157  0.003    2  1 
  51335.0624   14.239  0.004    2  1 
  51335.0658   14.246  0.004    2  1 
  51335.0766   14.285  0.004    2  1 
  51335.0800   14.289  0.004    2  1 
  51335.1009   14.368  0.004    2  1 
  51335.1041   14.372  0.004    2  1 
  51335.9585   14.766  0.005    2  1 
  51335.9619   14.771  0.005    2  1 
  51335.9661   14.770  0.006    2  1 
  51335.9693   14.774  0.005    2  1 
  51335.9855   14.753  0.005    2  1 
  51335.9915   14.753  0.004    2  1 
  51335.9966   14.751  0.004    2  1 
  51336.0139   14.753  0.005    2  1 
  51336.0172   14.752  0.005    2  1 
  51336.0275   14.752  0.005    2  1 
  51336.0306   14.769  0.005    2  1 
  51336.0439   14.789  0.005    2  1 
  51336.0470   14.790  0.005    2  1 
  51336.0662   14.827  0.006    2  1 
  51336.0696   14.831  0.005    2  1 
  51336.0728   14.837  0.005    2  1 
  51336.0954   14.882  0.006    2  1 
  51336.0989   14.888  0.006    2  1 
  51336.1119   14.908  0.006    2  1 
  51336.1153   14.909  0.006    2  1 
  51336.1297   14.910  0.007    2  1 
  51336.1557   14.794  0.010    2  1 
  51336.1600   14.786  0.008    2  1 
  51336.1647   14.732  0.009    2  1 
  51336.9567   14.220  0.002    2  1 
  51337.0022   14.378  0.004    2  1 
  51337.9827   14.854  0.007    2  1 
  51337.9868   14.857  0.007    2  1 
  51337.9997   14.884  0.006    2  1 
  51338.0033   14.889  0.006    2  1 
  51338.0231   14.916  0.006    2  1 
  51338.0265   14.920  0.007    2  1 
  51338.0304   14.914  0.007    2  1 
  51338.9791   14.534  0.004    2  1 
  51338.9849   14.544  0.004    2  1 
  51339.0116   14.575  0.005    2  1 
  51339.0151   14.581  0.005    2  1 
  51339.0441   14.619  0.005    2  1 
  51339.0477   14.616  0.005    2  1 
  51339.0513   14.622  0.005    2  1 
  51339.0774   14.665  0.005    2  1 
  51339.0807   14.669  0.005    2  1 
  51339.1053   14.734  0.005    2  1 
  51339.1093   14.734  0.005    2  1 
  51339.1327   14.766  0.005    2  1 
  51339.1363   14.764  0.005    2  1 
  51339.9588   14.795  0.004    2  1 
  51339.9627   14.751  0.004    2  1 
  51339.9835   14.342  0.004    2  1 
  51339.9874   14.276  0.003    2  1 
  51340.0115   13.920  0.003    2  1 
  51340.0146   13.901  0.003    2  1 
  51340.0349   13.895  0.003    2  1 
  51340.0380   13.907  0.003    2  1 
  51340.0659   14.018  0.003    2  1 
  51340.0696   14.029  0.003    2  1 
  51340.0938   14.129  0.004    2  1 
  51340.0983   14.145  0.004    2  1 
  51340.1334   14.258  0.004    2  1 
  51340.1366   14.266  0.004    2  1 
  51344.9654   14.901  0.004    2  1 
  51344.9786   14.914  0.004    2  1 
  51344.9829   14.925  0.006    2  1 
  51345.0052   14.903  0.005    2  1 
  51345.0092   14.876  0.005    2  1 
  51345.0132   14.869  0.005    2  1 
  51345.0170   14.851  0.005    2  1 
  51345.0353   14.628  0.004    2  1 
  51345.0390   14.544  0.004    2  1 
  51345.0645   14.086  0.003    2  1 
  51345.0690   14.014  0.003    2  1 
  51345.9658   14.564  0.006    2  1 
  51345.9696   14.571  0.006    2  1 
  51345.9999   14.606  0.005    2  1 
  51346.0043   14.614  0.005    2  1 
  51346.0310   14.646  0.005    2  1 
  51346.0343   14.654  0.005    2  1 
  51346.0571   14.699  0.005    2  1 
  51346.0604   14.704  0.005    2  1 
  51347.0221   13.985  0.003    2  1 
  51347.0274   14.006  0.002    2  1 
  51347.0562   14.119  0.003    2  1 
  51347.0597   14.123  0.003    2  1 
  51347.0815   14.201  0.003    2  1 
  51347.0850   14.205  0.003    2  1 
  51347.9550   14.695  0.004    2  1 
  51347.9581   14.701  0.004    2  1 
  51347.9877   14.766  0.005    2  1 
  51347.9914   14.765  0.005    2  1 
  51347.9948   14.767  0.005    2  1 
  51348.0181   14.761  0.005    2  1 
  51348.0211   14.746  0.005    2  1 
  51348.0849   14.797  0.008    2  1 
  51348.0897   14.807  0.007    2  1 
  51348.1054   14.835  0.007    2  1 
  51348.1088   14.845  0.006    2  1 
  51348.1122   14.844  0.007    2  1 
  51348.9528   14.098  0.003    2  1 
  51348.9557   14.117  0.003    2  1 
  51348.9795   14.207  0.003    2  1 
  51348.9824   14.209  0.003    2  1 
  51348.9941   14.247  0.003    2  1 
  51349.0152   14.322  0.004    2  1 
  51349.0189   14.328  0.004    2  1 
  51349.9596   14.757  0.004    2  1 
  51349.9627   14.760  0.004    2  1 
  51349.9911   14.825  0.004    2  1 
  51349.9944   14.830  0.004    2  1 
  51350.0097   14.852  0.005    2  1 
  51350.0128   14.858  0.005    2  1 
  51350.0228   14.888  0.005    2  1 
  51364.9643   14.573  0.004    2  1 
  51364.9677   14.576  0.004    2  1 
  51380.9714   14.753  0.004    2  1 
  51380.9769   14.756  0.004    2  1 
  51380.9801   14.766  0.004    2  1 
  51380.9845   14.770  0.004    2  1 
  51381.0066   14.810  0.004    2  1 
  51381.0096   14.812  0.004    2  1 
  51381.0136   14.826  0.004    2  1 
  51381.9638   14.401  0.003    2  1 
  51381.9679   14.418  0.004    2  1 
  51381.9716   14.429  0.005    2  1 
  51381.9917   14.474  0.004    2  1 
  51381.9946   14.472  0.005    2  1 
  51382.9605   14.910  0.005    2  1 
  51382.9652   14.915  0.005    2  1 
  51382.9682   14.892  0.006    2  1 
  51382.9887   14.910  0.005    2  1 
  51382.9916   14.903  0.006    2  1 
  51383.9595   14.577  0.003    2  1 
  51383.9648   14.580  0.004    2  1 
  51383.9826   14.603  0.004    2  1 
  51383.9853   14.604  0.004    2  1 
  51384.9606   13.942  0.002    2  1 
  51384.9631   13.926  0.002    2  1 
  51384.9657   13.904  0.002    2  1 
  51384.9827   13.913  0.002    2  1 
  51384.9853   13.907  0.002    2  1 
  51385.9557   14.733  0.004    2  1 
  51385.9589   14.744  0.004    2  1 
  51385.9615   14.749  0.004    2  1 
  51385.9788   14.774  0.004    2  1 
  51385.9814   14.770  0.004    2  1 
  51386.9731   14.234  0.004    2  1 
  51386.9769   14.246  0.003    2  1 
  51386.9807   14.251  0.003    2  1 
  51387.0101   14.346  0.003    2  1 
  51387.0139   14.362  0.004    2  1 
  51387.0177   14.378  0.004    2  1 
  51388.9571   14.482  0.005    2  1 
  51388.9622   14.494  0.006    2  1 
  51388.9659   14.497  0.006    2  1 
  51388.9899   14.533  0.005    2  1 
  51388.9932   14.536  0.005    2  1 
  51389.9629   14.867  0.004    2  1 
  51389.9656   14.861  0.004    2  1 
  51389.9683   14.844  0.004    2  1 
  51390.9578   14.616  0.003    2  1 
  51390.9604   14.615  0.003    2  1 
  51390.9631   14.632  0.005    2  1 
  51391.9583   13.934  0.002    2  1 
  51646.1374   14.678  0.005    2  1 
  51646.1447   14.699  0.007    2  1 
  51646.1486   14.704  0.006    2  1 
  51646.1532   14.710  0.006    2  1 
  51646.1570   14.712  0.007    2  1 
  51646.1609   14.726  0.007    2  1 
  51646.1649   14.740  0.007    2  1 
  51646.1687   14.753  0.006    2  1 
  51646.1727   14.762  0.006    2  1 
  51646.1764   14.772  0.006    2  1 
  51646.1801   14.777  0.006    2  1 
  51646.1837   14.777  0.005    2  1 
  51646.1871   14.764  0.006    2  1 
  51646.1907   14.765  0.006    2  1 
  51646.1944   14.754  0.006    2  1 
  51646.1983   14.761  0.006    2  1 
  51646.2025   14.753  0.006    2  1 
  51646.2065   14.755  0.005    2  1 
  51646.2100   14.756  0.005    2  1 
  51646.2138   14.750  0.005    2  1 
  51646.2172   14.762  0.005    2  1 
  51646.2206   14.742  0.005    2  1 
  51646.2245   14.747  0.005    2  1 
  51646.2283   14.757  0.005    2  1 
  51646.2320   14.749  0.005    2  1 
  51646.2362   14.751  0.004    2  1 
  51646.2394   14.762  0.004    2  1 
  51646.2426   14.761  0.004    2  1 
  51646.2457   14.764  0.004    2  1 
  51646.2489   14.771  0.004    2  1 
  51646.2523   14.761  0.005    2  1 
  51646.2557   14.781  0.005    2  1 
  51646.2591   14.783  0.005    2  1 
  51646.2626   14.781  0.006    2  1 
  51646.2660   14.800  0.005    2  1 
  51646.2694   14.787  0.007    2  1 
  51646.2730   14.793  0.007    2  1 
  51646.2769   14.773  0.008    2  1 
  51646.2811   14.756  0.009    2  1 
  51646.2852   14.813  0.008    2  1 
  51646.2895   14.842  0.007    2  1 
  51646.2939   14.816  0.007    2  1 
  51646.2986   14.821  0.008    2  1 
  51646.3027   14.835  0.009    2  1 
  51646.3070   14.868  0.008    2  1 
  51646.3111   14.872  0.007    2  1 
  51646.3151   14.885  0.006    2  1 
  51646.3189   14.894  0.005    2  1 
  51646.3225   14.905  0.005    2  1 
  51646.3260   14.903  0.006    2  1 
  51646.3296   14.907  0.006    2  1 
  51646.3330   14.910  0.006    2  1 
  51646.3377   14.911  0.006    2  1 
  51646.3414   14.913  0.006    2  1 
  51646.3451   14.913  0.006    2  1 
  51646.3496   14.917  0.006    2  1 
  51646.3530   14.914  0.006    2  1 
  51646.3568   14.906  0.006    2  1 
  51646.3602   14.859  0.008    2  1 
  51646.3637   14.864  0.007    2  1 
  51646.3679   14.858  0.006    2  1 
  51646.3713   14.831  0.006    2  1 
  51646.3746   14.781  0.007    2  1 
  51671.0353   14.915  0.005    2  1 
  51671.0475   14.909  0.005    2  1 
  51671.0585   14.818  0.004    2  1 
  51671.0649   14.815  0.005    2  1 
  51671.0721   14.742  0.005    2  1 
  51671.0771   14.658  0.006    2  1 
  51671.1013   14.205  0.004    2  1 
  51671.1053   14.151  0.003    2  1 
  51671.1107   14.056  0.003    2  1 
  51671.1151   13.990  0.003    2  1 
  51671.1292   13.879  0.003    2  1 
  51671.9878   14.535  0.004    2  1 
  51671.9920   14.545  0.003    2  1 
  51672.0277   14.580  0.004    2  1 
  51672.0316   14.600  0.004    2  1 
  51672.0822   14.660  0.004    2  1 
  51674.0685   14.752  0.006    2  1 
  51674.0726   14.743  0.007    2  1 
  51674.1052   14.774  0.006    2  1 
  51674.1117   14.780  0.006    2  1 
  51674.1260   14.802  0.005    2  1 
  51674.1296   14.810  0.005    2  1 
  51674.1332   14.821  0.005    2  1 
  51674.1368   14.823  0.006    2  1 
  51674.1405   14.825  0.006    2  1 
  51674.1444   14.839  0.005    2  1 
  51674.9689   14.001  0.003    2  1 
  51674.9724   14.017  0.004    2  1 
  51674.9867   14.068  0.004    2  1 
  51674.9911   14.085  0.004    2  1 
  51675.0041   14.141  0.004    2  1 
  51675.0121   14.165  0.005    2  1 
  51675.0159   14.188  0.005    2  1 
  51675.0253   14.201  0.004    2  1 
  51675.0289   14.219  0.003    2  1 
  51675.0351   14.240  0.004    2  1 
  51675.0465   14.286  0.004    2  1 
  51675.0521   14.296  0.004    2  1 
  51675.0558   14.311  0.004    2  1 
  51675.0622   14.332  0.004    2  1 
  51675.0661   14.343  0.004    2  1 
  51675.0719   14.361  0.004    2  1 
  51675.0756   14.375  0.005    2  1 
  51675.0814   14.398  0.005    2  1 
  51675.0858   14.404  0.005    2  1 
  51675.0927   14.420  0.004    2  1 
  51675.0970   14.431  0.004    2  1 
  51675.9751   14.756  0.004    2  1 
  51675.9802   14.761  0.005    2  1 
  51675.9906   14.754  0.004    2  1 
  51675.9939   14.756  0.004    2  1 
  51675.9971   14.770  0.005    2  1 
  51676.0005   14.771  0.004    2  1 
  51676.0036   14.776  0.004    2  1 
  51676.0067   14.776  0.005    2  1 
  51676.0112   14.775  0.005    2  1 
  51676.0240   14.799  0.006    2  1 
  51676.0301   14.815  0.005    2  1 
  51676.9616   14.333  0.005    2  1 
  51676.9713   14.365  0.005    2  1 
  51676.9757   14.373  0.005    2  1 
  51676.9867   14.412  0.005    2  1 
  51676.9919   14.428  0.007    2  1 
  51676.9969   14.443  0.006    2  1 
  51677.0090   14.469  0.006    2  1 
  51677.0126   14.474  0.005    2  1 
  51677.0180   14.490  0.006    2  1 
  51677.0226   14.493  0.006    2  1 
  51677.0271   14.505  0.006    2  1 
  51677.0318   14.508  0.006    2  1 
  51677.0362   14.516  0.006    2  1 
  51677.0410   14.528  0.006    2  1 
  51677.0453   14.535  0.006    2  1 
  51677.0499   14.541  0.006    2  1 
  51677.0580   14.548  0.007    2  1 
  51677.0628   14.556  0.007    2  1 
  51677.0672   14.562  0.006    2  1 
  51677.0713   14.567  0.006    2  1 
  51677.0751   14.570  0.006    2  1 
  51677.0793   14.575  0.006    2  1 
  51677.0835   14.579  0.006    2  1 
  51677.0877   14.589  0.006    2  1 
  51677.0918   14.588  0.006    2  1 
  51677.0956   14.595  0.006    2  1 
  51677.0996   14.601  0.007    2  1 
  51677.1044   14.603  0.006    2  1 
  51677.1082   14.598  0.007    2  1 
  51677.1121   14.616  0.006    2  1 
  51677.1160   14.619  0.006    2  1 
  51677.1199   14.621  0.007    2  1 
  51677.1238   14.629  0.006    2  1 
  51677.1276   14.633  0.006    2  1 
  51677.1315   14.639  0.006    2  1 
  51677.1353   14.644  0.006    2  1 
  51677.1396   14.650  0.006    2  1 
  51677.1434   14.656  0.006    2  1 
  51677.1476   14.663  0.006    2  1 
  51677.1520   14.673  0.006    2  1 
  51677.1564   14.678  0.006    2  1 
  51677.1603   14.689  0.006    2  1 
  51677.1642   14.691  0.006    2  1 
  51677.1680   14.707  0.006    2  1 
  51677.1719   14.716  0.006    2  1 
  51677.1759   14.719  0.006    2  1 
  51677.1797   14.730  0.006    2  1 
  51677.1836   14.738  0.007    2  1 
  51677.1883   14.751  0.007    2  1 
  51677.1922   14.759  0.006    2  1 
  51677.1960   14.762  0.007    2  1 
  51677.1999   14.758  0.007    2  1 
  51677.2038   14.772  0.006    2  1 
  51677.2083   14.774  0.007    2  1 
  51677.2133   14.769  0.007    2  1 
  51677.2176   14.747  0.008    2  1 
  51677.2233   14.747  0.008    2  1 
  51677.2285   14.710  0.010    2  1 
  51677.2335   14.739  0.009    2  1 
  51677.2391   14.731  0.009    2  1 
  51677.2524   14.744  0.008    2  1 
  51677.2571   14.752  0.008    2  1 
  51677.2620   14.748  0.007    2  1 
  51677.2664   14.757  0.008    2  1 
  51677.2708   14.767  0.007    2  1 
  51691.0375   14.599  0.002    2  1 
  51691.0409   14.610  0.004    2  1 
  51691.0444   14.613  0.004    2  1 
  51691.0509   14.624  0.003    2  1 
  51691.0543   14.630  0.004    2  1 
  51691.0579   14.640  0.004    2  1 
  51691.0633   14.635  0.003    2  1 
  51691.0670   14.647  0.003    2  1 
  51691.0711   14.642  0.003    2  1 
  51691.0770   14.667  0.003    2  1 
  51691.0805   14.669  0.004    2  1 
  51691.0840   14.679  0.004    2  1 
  51691.0896   14.690  0.004    2  1 
  51691.0931   14.703  0.004    2  1 
  51691.0971   14.707  0.004    2  1 
  51691.1040   14.720  0.004    2  1 
  51691.1083   14.735  0.004    2  1 
  51691.1122   14.751  0.004    2  1 
  51691.1180   14.758  0.004    2  1 
  51691.1214   14.758  0.004    2  1 
  51691.1249   14.772  0.004    2  1 
  51691.1323   14.765  0.004    2  1 
  51691.1357   14.778  0.003    2  1 
  51691.1392   14.770  0.004    2  1 
  51691.1448   14.761  0.004    2  1 
  51691.1522   14.759  0.003    2  1 
  51691.1561   14.767  0.003    2  1 
  51693.0130   14.740  0.005    2  1 
  51693.0165   14.719  0.004    2  1 
  51693.0248   14.766  0.005    2  1 
  51693.0305   14.768  0.004    2  1 
  51693.0340   14.769  0.005    2  1 
  51693.0378   14.758  0.004    2  1 
  51694.0082   14.167  0.003    2  1 
  51694.0114   14.184  0.003    2  1 
  51694.0148   14.200  0.003    2  1 
  51694.0202   14.211  0.003    2  1 
  51694.0234   14.220  0.003    2  1 
  51694.0267   14.233  0.003    2  1 
  51694.0319   14.242  0.003    2  1 
  51694.0351   14.258  0.003    2  1 
  51694.0384   14.267  0.003    2  1 
  51694.0418   14.284  0.003    2  1 
  51694.0472   14.306  0.003    2  1 
  51694.0505   14.317  0.003    2  1 
  51694.0537   14.322  0.003    2  1 
  51694.0590   14.340  0.003    2  1 
  51694.0623   14.353  0.003    2  1 
  51694.0656   14.364  0.003    2  1 
  51694.0714   14.378  0.003    2  1 
  51694.0748   14.381  0.003    2  1 
  51694.0781   14.400  0.004    2  1 
  51694.0836   14.410  0.003    2  1 
  51694.0868   14.440  0.004    2  1 
  51694.0901   14.424  0.003    2  1 
  51694.0957   14.442  0.003    2  1 
  51694.0989   14.444  0.003    2  1 
  51694.1021   14.460  0.004    2  1 
  51694.1075   14.472  0.003    2  1 
  51694.1106   14.475  0.003    2  1 
  51694.1190   14.497  0.004    2  1 
  51694.1221   14.497  0.004    2  1 
  51694.1252   14.499  0.004    2  1 
  51694.1286   14.505  0.004    2  1 
  51695.0280   14.822  0.004    2  1 
  51695.0317   14.823  0.004    2  1 
  51697.9712   14.570  0.005    2  1 
  51697.9818   14.581  0.005    2  1 
  51765.9746   14.897  0.006    2  1 
  51765.9783   14.891  0.006    2  1 
  51765.9820   14.896  0.005    2  1 
  51766.0194   14.876  0.007    2  1 
  51766.0229   14.852  0.006    2  1 
  51216.3063   15.500  0.006    3  1 
  51216.3342   15.477  0.006    3  1 
  51216.3572   15.460  0.006    3  1 
  51216.3847   15.497  0.006    3  1 
  51217.2936   14.580  0.003    3  1 
  51217.3214   14.728  0.004    3  1 
  51217.3432   14.919  0.003    3  1 
  51217.3648   14.856  0.002    3  1 
  51217.3852   15.027  0.004    3  1 
  51218.2935   15.516  0.007    3  1 
  51218.3212   15.566  0.006    3  1 
  51218.3442   15.633  0.006    3  1 
  51218.3704   15.689  0.007    3  1 
  51219.2811   15.023  0.002    3  1 
  51219.2844   15.023  0.004    3  1 
  51219.3053   15.095  0.005    3  1 
  51219.3228   15.133  0.005    3  1 
  51219.3465   15.179  0.005    3  1 
  51219.3676   15.206  0.005    3  1 
  51219.3851   15.242  0.005    3  1 
  51220.2805   15.680  0.006    3  1 
  51220.2995   15.535  0.006    3  1 
  51220.3171   15.167  0.005    3  1 
  51220.3349   14.662  0.003    3  1 
  51220.3523   14.250  0.003    3  1 
  51220.3689   14.118  0.003    3  1 
  51220.3877   14.140  0.003    3  1 
  51221.2691   15.231  0.004    3  1 
  51221.2915   15.275  0.005    3  1 
  51221.3097   15.309  0.005    3  1 
  51221.3270   15.338  0.005    3  1 
  51221.3437   15.420  0.005    3  1 
  51221.3619   15.480  0.006    3  1 
  51221.3854   15.486  0.006    3  1 
  51283.2237   15.002  0.004    3  1 
  51283.2601   15.118  0.004    3  1 
  51283.2830   15.173  0.004    3  1 
  51283.3050   15.215  0.004    3  1 
  51283.3367   15.277  0.005    3  1 
  51283.3600   15.340  0.004    3  1 
  51284.2056   15.713  0.006    3  1 
  51284.2337   15.626  0.006    3  1 
  51284.2542   15.316  0.005    3  1 
  51284.2806   14.566  0.003    3  1 
  51284.3075   14.120  0.002    3  1 
  51284.3333   14.172  0.003    3  1 
  51285.0371   14.643  0.003    3  1 
  51285.0646   14.735  0.003    3  1 
  51285.0885   14.867  0.004    3  1 
  51285.1182   14.987  0.004    3  1 
  51285.1470   15.080  0.004    3  1 
  51285.1698   15.128  0.004    3  1 
  51285.1988   15.190  0.004    3  1 
  51285.2270   15.268  0.005    3  1 
  51285.2539   15.313  0.005    3  1 
  51285.2851   15.371  0.005    3  1 
  51285.3202   15.500  0.005    3  1 
  51285.3496   15.443  0.005    3  1 
  51286.0308   15.448  0.004    3  1 
  51286.0619   15.599  0.005    3  1 
  51286.0871   15.597  0.005    3  1 
  51286.0921   15.561  0.004    3  1 
  51286.1226   15.663  0.005    3  1 
  51286.1512   15.358  0.004    3  1 
  51286.1789   14.602  0.003    3  1 
  51286.2076   14.146  0.002    3  1 
  51286.2389   14.261  0.002    3  1 
  51286.2613   14.385  0.002    3  1 
  51286.2889   14.539  0.003    3  1 
  51286.3108   14.643  0.003    3  1 
  51286.3335   14.755  0.003    3  1 
  51286.3566   14.876  0.004    3  1 
  51304.9734   15.479  0.005    3  1 
  51305.0076   15.480  0.006    3  1 
  51305.0510   15.521  0.006    3  1 
  51305.0770   15.634  0.006    3  1 
  51305.1004   15.726  0.007    3  1 
  51305.1407   15.465  0.007    3  1 
  51305.1707   14.620  0.004    3  1 
  51305.1996   14.122  0.003    3  1 
  51305.2299   14.215  0.003    3  1 
  51305.2561   14.393  0.003    3  1 
  51305.2836   14.537  0.003    3  1 
  51305.3139   14.680  0.004    3  1 
  51305.9733   14.857  0.003    3  1 
  51306.0117   15.003  0.003    3  1 
  51306.0157   15.019  0.003    3  1 
  51306.0375   15.093  0.004    3  1 
  51306.0735   15.181  0.005    3  1 
  51306.1026   15.214  0.004    3  1 
  51306.1285   15.269  0.004    3  1 
  51306.1517   15.348  0.007    3  1 
  51306.1807   15.410  0.005    3  1 
  51306.2059   15.491  0.004    3  1 
  51306.2269   15.455  0.005    3  1 
  51306.2491   15.413  0.004    3  1 
  51306.2725   15.440  0.004    3  1 
  51306.2932   15.467  0.005    3  1 
  51307.9986   15.203  0.003    3  1 
  51308.0249   15.229  0.003    3  1 
  51308.0524   15.341  0.004    3  1 
  51308.0811   15.417  0.004    3  1 
  51308.0851   15.428  0.004    3  1 
  51308.1202   15.488  0.005    3  1 
  51310.1272   15.622  0.005    3  1 
  51310.1308   15.622  0.005    3  1 
  51314.9714   15.252  0.005    3  1 
  51315.0138   15.353  0.005    3  1 
  51315.0372   15.408  0.005    3  1 
  51315.0710   15.502  0.005    3  1 
  51315.0946   15.494  0.006    3  1 
  51315.1180   15.460  0.005    3  1 
  51316.0363   14.462  0.003    3  1 
  51316.0597   14.593  0.003    3  1 
  51316.0832   14.708  0.003    3  1 
  51316.1079   14.852  0.003    3  1 
  51316.9780   15.427  0.005    3  1 
  51317.0013   15.464  0.006    3  1 
  51317.0241   15.542  0.009    3  1 
  51317.0523   15.509  0.006    3  1 
  51317.0782   15.603  0.007    3  1 
  51317.1035   15.672  0.007    3  1 
  51317.9808   14.723  0.003    3  1 
  51318.0060   14.844  0.004    3  1 
  51318.0331   14.981  0.007    3  1 
  51318.0898   15.172  0.007    3  1 
  51318.1183   15.277  0.011    3  1 
  51318.9811   15.578  0.005    3  1 
  51319.0058   15.683  0.006    3  1 
  51319.0315   15.730  0.007    3  1 
  51319.0717   15.377  0.005    3  1 
  51319.0961   14.682  0.003    3  1 
  51320.0968   15.318  0.003    3  1 
  51320.1175   15.425  0.004    3  1 
  51320.9771   15.203  0.004    3  1 
  51320.9998   14.604  0.002    3  1 
  51321.0212   14.175  0.002    3  1 
  51321.0434   14.193  0.002    3  1 
  51321.0658   14.313  0.002    3  1 
  51321.0965   14.453  0.002    3  1 
  51321.1252   14.588  0.003    3  1 
  51333.0403   14.303  0.003    3  1 
  51333.1062   14.334  0.003    3  1 
  51334.9989   14.332  0.002    3  1 
  51335.0432   14.531  0.003    3  1 
  51335.0972   14.819  0.004    3  1 
  51335.1083   14.874  0.004    3  1 
  51336.0103   15.466  0.005    3  1 
  51336.0508   15.508  0.006    3  1 
  51336.0891   15.647  0.007    3  1 
  51338.0075   15.720  0.008    3  1 
  51338.9740   15.118  0.004    3  1 
  51339.0046   15.205  0.005    3  1 
  51339.0385   15.256  0.005    3  1 
  51339.0685   15.328  0.005    3  1 
  51339.1006   15.428  0.006    3  1 
  51339.1280   15.529  0.006    3  1 
  51339.9665   15.318  0.004    3  1 
  51339.9935   14.554  0.003    3  1 
  51340.0189   14.112  0.002    3  1 
  51340.0441   14.153  0.003    3  1 
  51340.0753   14.346  0.003    3  1 
  51340.1041   14.489  0.004    3  1 
  51345.0430   14.956  0.004    3  1 
  51345.0736   14.207  0.002    3  1 
  51345.9747   15.207  0.005    3  1 
  51346.0101   15.272  0.005    3  1 
  51346.0388   15.330  0.005    3  1 
  51346.0670   15.418  0.005    3  1 
  51347.0317   14.318  0.002    3  1 
  51347.0645   14.492  0.003    3  1 
  51347.0896   14.621  0.003    3  1 
  51347.9638   15.399  0.005    3  1 
  51348.0146   15.508  0.006    3  1 
  51348.9591   14.468  0.003    3  1 
  51349.0243   14.833  0.003    3  1 
  51349.9679   15.462  0.005    3  1 
  51364.9721   15.223  0.005    3  1 
  51380.9890   15.506  0.005    3  1 
  51381.9751   14.961  0.004    3  1 
  51382.9716   15.762  0.008    3  1 
  51383.9680   15.213  0.004    3  1 
  51384.9688   14.217  0.002    3  1 
  51385.9645   15.469  0.004    3  1 
  51386.9859   14.705  0.003    3  1 
  51388.9699   15.086  0.005    3  1 
  51389.9715   15.517  0.005    3  1 
  51390.9663   15.259  0.004    3  1 
  51672.0213   15.223  0.004    3  1 
  51674.0796   15.519  0.008    3  1 
  51674.9989   14.454  0.004    3  1 
  51675.0396   14.669  0.003    3  1 
  51693.0053   15.432  0.005    3  1 
  51694.0012   14.490  0.003    3  1 
  51765.9863   15.700  0.007    3  1 
  51766.0153   15.788  0.011    3  1 
 56469.10896   14.081  0.242   -1  1 
 56469.17285   13.899  0.217   -1  1 
 56471.06640   13.251  0.103   -1  1 
 56471.12490   14.291  0.282   -1  1 
 56471.18188   13.846  0.109   -1  1 
 56472.09484   11.908  0.087   -1  1 
 56468.95296   12.920  0.096   -2  1 
 56469.02441   12.964  0.072   -2  1 
 56469.08813   12.782  0.098   -2  1 
 56469.15134   13.256  0.088   -2  1 
 56471.02588   12.969  0.108   -2  1 
 56471.08671   13.279  0.078   -2  1 
 56471.14302   13.442  0.057   -2  1 
 56471.94704   13.005  0.051   -2  1 
 56472.01085   13.045  0.107   -2  1 
 56472.07480   12.792  0.092   -2  1 
 56472.13240   13.076  0.036   -2  1 
 56472.19216   13.068  0.031   -2  1 
 56469.00041   13.335  0.039   -5  1 
 56469.06767   13.594  0.025   -5  1 
 56469.13003   13.562  0.041   -5  1 
 56469.19349   13.559  0.028   -5  1 
 56470.98130   13.567  0.021   -5  1 
 56471.04693   13.581  0.034   -5  1 
 56471.10523   13.641  0.029   -5  1 
 56471.16397   13.674  0.032   -5  1 
 56471.98857   13.312  0.035   -5  1 
 56472.05430   13.494  0.046   -5  1 
 56472.11383   13.327  0.027   -5  1 
 56472.17109   13.404  0.026   -5  1 
