  51216.2987   14.333  0.004    2  1 
  51216.3275   14.332  0.004    2  1 
  51216.3519   14.367  0.004    2  1 
  51216.3771   14.418  0.004    2  1 
  51217.2851   14.552  0.004    2  1 
  51217.3152   14.606  0.004    2  1 
  51217.3378   14.637  0.004    2  1 
  51217.3598   14.648  0.004    2  1 
  51217.3804   14.645  0.004    2  1 
  51218.3013   14.494  0.004    2  1 
  51218.3254   14.434  0.004    2  1 
  51218.3504   14.406  0.004    2  1 
  51218.3753   14.346  0.004    2  1 
  51219.2775   14.332  0.004    2  1 
  51219.3014   14.357  0.004    2  1 
  51219.3186   14.386  0.004    2  1 
  51219.3397   14.429  0.004    2  1 
  51219.3635   14.484  0.004    2  1 
  51219.3810   14.523  0.004    2  1 
  51220.2867   14.622  0.004    2  1 
  51220.3036   14.639  0.004    2  1 
  51220.3219   14.644  0.004    2  1 
  51220.3391   14.648  0.004    2  1 
  51220.3564   14.628  0.004    2  1 
  51220.3729   14.601  0.004    2  1 
  51220.3920   14.560  0.004    2  1 
  51221.2619   14.489  0.004    2  1 
  51221.2873   14.436  0.004    2  1 
  51221.3052   14.415  0.004    2  1 
  51221.3230   14.383  0.004    2  1 
  51221.3396   14.352  0.004    2  1 
  51221.3577   14.331  0.004    2  1 
  51221.3762   14.326  0.004    2  1 
  51283.2102   14.540  0.004    2  1 
  51283.2288   14.591  0.004    2  1 
  51283.2338   14.601  0.004    2  1 
  51283.2391   14.614  0.004    2  1 
  51283.2642   14.670  0.004    2  1 
  51283.2680   14.667  0.004    2  1 
  51283.2868   14.702  0.004    2  1 
  51283.2902   14.700  0.004    2  1 
  51283.3138   14.705  0.004    2  1 
  51283.3170   14.707  0.004    2  1 
  51283.3408   14.695  0.004    2  1 
  51283.3447   14.693  0.004    2  1 
  51283.3642   14.647  0.004    2  1 
  51283.3673   14.636  0.004    2  1 
  51284.1955   14.664  0.004    2  1 
  51284.1993   14.652  0.004    2  1 
  51284.2266   14.557  0.004    2  1 
  51284.2298   14.544  0.004    2  1 
  51284.2475   14.455  0.004    2  1 
  51284.2506   14.445  0.004    2  1 
  51284.2679   14.385  0.003    2  1 
  51284.2711   14.390  0.003    2  1 
  51284.3004   14.354  0.003    2  1 
  51284.3036   14.344  0.003    2  1 
  51284.3257   14.286  0.003    2  1 
  51284.3289   14.283  0.003    2  1 
  51285.0269   14.678  0.003    2  1 
  51285.0299   14.673  0.003    2  1 
  51285.0607   14.605  0.003    2  1 
  51285.0814   14.519  0.003    2  1 
  51285.0847   14.497  0.003    2  1 
  51285.1052   14.415  0.003    2  1 
  51285.1084   14.399  0.003    2  1 
  51285.1396   14.363  0.003    2  1 
  51285.1427   14.374  0.003    2  1 
  51285.1624   14.308  0.003    2  1 
  51285.1654   14.298  0.003    2  1 
  51285.1891   14.271  0.003    2  1 
  51285.1924   14.273  0.003    2  1 
  51285.2195   14.283  0.003    2  1 
  51285.2227   14.280  0.003    2  1 
  51285.2468   14.330  0.003    2  1 
  51285.2498   14.332  0.003    2  1 
  51285.2738   14.390  0.004    2  1 
  51285.2775   14.405  0.004    2  1 
  51285.3077   14.494  0.004    2  1 
  51285.3112   14.502  0.004    2  1 
  51285.3425   14.590  0.004    2  1 
  51285.3456   14.594  0.004    2  1 
  51286.0177   14.307  0.003    2  1 
  51286.0241   14.294  0.003    2  1 
  51286.0542   14.271  0.003    2  1 
  51286.0574   14.275  0.003    2  1 
  51286.0794   14.302  0.003    2  1 
  51286.0832   14.307  0.003    2  1 
  51286.1105   14.366  0.003    2  1 
  51286.1136   14.370  0.003    2  1 
  51286.1441   14.463  0.003    2  1 
  51286.1472   14.472  0.003    2  1 
  51286.1708   14.534  0.003    2  1 
  51286.1740   14.551  0.003    2  1 
  51286.1969   14.606  0.004    2  1 
  51286.2002   14.611  0.004    2  1 
  51286.2322   14.676  0.004    2  1 
  51286.2352   14.675  0.004    2  1 
  51286.2544   14.696  0.004    2  1 
  51286.2573   14.696  0.004    2  1 
  51286.2785   14.704  0.004    2  1 
  51286.2816   14.712  0.004    2  1 
  51286.3149   14.649  0.004    2  1 
  51286.3179   14.648  0.004    2  1 
  51286.3375   14.580  0.004    2  1 
  51286.3409   14.566  0.004    2  1 
  51286.3604   14.470  0.004    2  1 
  51286.3635   14.461  0.004    2  1 
  51286.3665   14.456  0.004    2  1 
  51304.9667   14.471  0.003    2  1 
  51304.9697   14.458  0.003    2  1 
  51304.9956   14.393  0.003    2  1 
  51304.9985   14.386  0.003    2  1 
  51305.0393   14.306  0.003    2  1 
  51305.0423   14.300  0.003    2  1 
  51305.0812   14.277  0.003    2  1 
  51305.0852   14.271  0.004    2  1 
  51305.1040   14.296  0.003    2  1 
  51305.1077   14.306  0.003    2  1 
  51305.1328   14.357  0.004    2  1 
  51305.1357   14.366  0.003    2  1 
  51305.1582   14.425  0.004    2  1 
  51305.1616   14.431  0.004    2  1 
  51305.1919   14.524  0.004    2  1 
  51305.1953   14.537  0.004    2  1 
  51305.2170   14.589  0.004    2  1 
  51305.2202   14.595  0.004    2  1 
  51305.2493   14.664  0.004    2  1 
  51305.2523   14.674  0.004    2  1 
  51305.2764   14.692  0.004    2  1 
  51305.2796   14.678  0.005    2  1 
  51305.3025   14.704  0.004    2  1 
  51305.3054   14.693  0.004    2  1 
  51305.9643   14.326  0.003    2  1 
  51305.9672   14.331  0.003    2  1 
  51305.9940   14.412  0.003    2  1 
  51305.9970   14.411  0.003    2  1 
  51305.9997   14.425  0.003    2  1 
  51306.0313   14.518  0.003    2  1 
  51306.0340   14.529  0.003    2  1 
  51306.0638   14.602  0.003    2  1 
  51306.0674   14.615  0.003    2  1 
  51306.0960   14.659  0.004    2  1 
  51306.0990   14.670  0.004    2  1 
  51306.1183   14.690  0.003    2  1 
  51306.1209   14.695  0.003    2  1 
  51306.1434   14.690  0.004    2  1 
  51306.1474   14.694  0.005    2  1 
  51306.1743   14.687  0.003    2  1 
  51306.1770   14.679  0.003    2  1 
  51306.1996   14.613  0.003    2  1 
  51306.2025   14.605  0.003    2  1 
  51306.2207   14.555  0.003    2  1 
  51306.2235   14.519  0.003    2  1 
  51306.2407   14.442  0.003    2  1 
  51306.2432   14.425  0.003    2  1 
  51306.2458   14.423  0.003    2  1 
  51306.2665   14.395  0.003    2  1 
  51306.2691   14.396  0.003    2  1 
  51306.2862   14.366  0.003    2  1 
  51306.2895   14.357  0.003    2  1 
  51306.3068   14.312  0.003    2  1 
  51306.3101   14.312  0.003    2  1 
  51306.9828   14.714  0.005    2  1 
  51306.9870   14.728  0.003    2  1 
  51307.0161   14.685  0.003    2  1 
  51307.0270   14.665  0.004    2  1 
  51307.0388   14.637  0.004    2  1 
  51307.0824   14.438  0.004    2  1 
  51307.9862   14.344  0.003    2  1 
  51307.9901   14.327  0.003    2  1 
  51308.0178   14.284  0.002    2  1 
  51308.0212   14.272  0.002    2  1 
  51308.0443   14.287  0.003    2  1 
  51308.0749   14.348  0.003    2  1 
  51308.1072   14.413  0.003    2  1 
  51308.1114   14.428  0.003    2  1 
  51310.1342   14.275  0.003    2  1 
  51310.1371   14.269  0.003    2  1 
  51310.1402   14.260  0.003    2  1 
  51314.9621   14.658  0.004    2  1 
  51314.9650   14.667  0.004    2  1 
  51314.9679   14.670  0.004    2  1 
  51314.9914   14.696  0.004    2  1 
  51314.9943   14.696  0.004    2  1 
  51314.9972   14.695  0.004    2  1 
  51315.0171   14.699  0.003    2  1 
  51315.0197   14.701  0.003    2  1 
  51315.0224   14.704  0.003    2  1 
  51315.0409   14.686  0.003    2  1 
  51315.0436   14.687  0.003    2  1 
  51315.0462   14.684  0.003    2  1 
  51315.0650   14.634  0.003    2  1 
  51315.0677   14.629  0.003    2  1 
  51315.0860   14.556  0.003    2  1 
  51315.0887   14.546  0.003    2  1 
  51315.0913   14.535  0.003    2  1 
  51315.1094   14.438  0.003    2  1 
  51315.1121   14.428  0.003    2  1 
  51315.1148   14.425  0.003    2  1 
  51316.0277   14.355  0.003    2  1 
  51316.0303   14.310  0.003    2  1 
  51316.0330   14.305  0.003    2  1 
  51316.0511   14.283  0.003    2  1 
  51316.0538   14.276  0.003    2  1 
  51316.0565   14.282  0.003    2  1 
  51316.0746   14.275  0.003    2  1 
  51316.0773   14.282  0.003    2  1 
  51316.0800   14.286  0.003    2  1 
  51316.0992   14.311  0.003    2  1 
  51316.1020   14.314  0.003    2  1 
  51316.1046   14.326  0.003    2  1 
  51316.1228   14.368  0.003    2  1 
  51316.1255   14.378  0.003    2  1 
  51316.1281   14.379  0.003    2  1 
  51316.9815   14.402  0.003    2  1 
  51316.9843   14.408  0.003    2  1 
  51316.9869   14.418  0.003    2  1 
  51316.9978   14.442  0.004    2  1 
  51317.0147   14.490  0.004    2  1 
  51317.0176   14.503  0.004    2  1 
  51317.0205   14.501  0.004    2  1 
  51317.0420   14.569  0.004    2  1 
  51317.0450   14.574  0.005    2  1 
  51317.0483   14.590  0.004    2  1 
  51317.0689   14.636  0.004    2  1 
  51317.0718   14.637  0.004    2  1 
  51317.0747   14.643  0.004    2  1 
  51317.0946   14.677  0.004    2  1 
  51317.0974   14.681  0.004    2  1 
  51317.1000   14.690  0.004    2  1 
  51317.1199   14.692  0.004    2  1 
  51317.1228   14.692  0.004    2  1 
  51317.1257   14.693  0.004    2  1 
  51317.9715   14.685  0.004    2  1 
  51317.9744   14.711  0.004    2  1 
  51317.9772   14.712  0.004    2  1 
  51317.9970   14.687  0.003    2  1 
  51317.9998   14.691  0.003    2  1 
  51318.0025   14.685  0.004    2  1 
  51318.0227   14.656  0.005    2  1 
  51318.0260   14.629  0.005    2  1 
  51318.0292   14.592  0.005    2  1 
  51318.0510   14.545  0.004    2  1 
  51318.0542   14.528  0.004    2  1 
  51318.0575   14.512  0.004    2  1 
  51318.0795   14.411  0.004    2  1 
  51318.0827   14.397  0.004    2  1 
  51318.0859   14.396  0.004    2  1 
  51318.1079   14.378  0.004    2  1 
  51318.1111   14.385  0.004    2  1 
  51318.1144   14.365  0.005    2  1 
  51318.9846   14.304  0.003    2  1 
  51318.9874   14.300  0.003    2  1 
  51318.9902   14.296  0.003    2  1 
  51319.0093   14.273  0.003    2  1 
  51319.0122   14.274  0.003    2  1 
  51319.0151   14.275  0.003    2  1 
  51319.0351   14.282  0.003    2  1 
  51319.0380   14.287  0.004    2  1 
  51319.0411   14.288  0.004    2  1 
  51319.0623   14.325  0.004    2  1 
  51319.0653   14.293  0.003    2  1 
  51319.0682   14.424  0.000    2  1 
  51319.0928   14.406  0.003    2  1 
  51319.1137   14.464  0.003    2  1 
  51319.1164   14.477  0.003    2  1 
  51319.1190   14.484  0.003    2  1 
  51320.0869   14.699  0.003    2  1 
  51320.0909   14.702  0.003    2  1 
  51320.1531   14.573  0.003    2  1 
  51320.1557   14.567  0.003    2  1 
  51320.1584   14.549  0.003    2  1 
  51320.9810   14.643  0.004    2  1 
  51321.0292   14.440  0.003    2  1 
  51321.0466   14.394  0.003    2  1 
  51321.0491   14.391  0.003    2  1 
  51321.0517   14.389  0.003    2  1 
  51321.0689   14.390  0.003    2  1 
  51321.0714   14.389  0.003    2  1 
  51321.0740   14.378  0.003    2  1 
  51321.0997   14.313  0.003    2  1 
  51321.1023   14.310  0.003    2  1 
  51321.1049   14.305  0.003    2  1 
  51321.1074   14.295  0.003    2  1 
  51321.1100   14.296  0.003    2  1 
  51321.1285   14.273  0.003    2  1 
  51321.1311   14.275  0.003    2  1 
  51332.9607   14.269  0.005    2  1 
  51332.9651   14.261  0.005    2  1 
  51332.9797   14.274  0.004    2  1 
  51332.9834   14.274  0.004    2  1 
  51333.0005   14.298  0.004    2  1 
  51333.0039   14.309  0.004    2  1 
  51333.0156   14.329  0.004    2  1 
  51333.0192   14.336  0.004    2  1 
  51333.0445   14.409  0.004    2  1 
  51333.0479   14.420  0.004    2  1 
  51333.0636   14.464  0.005    2  1 
  51333.0681   14.482  0.005    2  1 
  51333.0834   14.531  0.004    2  1 
  51333.0869   14.546  0.004    2  1 
  51333.0981   14.571  0.004    2  1 
  51333.1018   14.581  0.004    2  1 
  51333.1258   14.638  0.005    2  1 
  51333.1294   14.644  0.005    2  1 
  51333.1410   14.664  0.006    2  1 
  51333.1452   14.669  0.005    2  1 
  51333.1492   14.678  0.005    2  1 
  51333.1642   14.699  0.005    2  1 
  51333.1679   14.702  0.005    2  1 
  51334.9778   14.425  0.003    2  1 
  51334.9806   14.421  0.003    2  1 
  51335.0115   14.390  0.003    2  1 
  51335.0145   14.392  0.003    2  1 
  51335.0237   14.375  0.004    2  1 
  51335.0269   14.364  0.003    2  1 
  51335.0365   14.332  0.003    2  1 
  51335.0396   14.326  0.003    2  1 
  51335.0624   14.285  0.004    2  1 
  51335.0658   14.275  0.004    2  1 
  51335.0766   14.278  0.004    2  1 
  51335.0800   14.272  0.004    2  1 
  51335.1009   14.287  0.003    2  1 
  51335.1041   14.288  0.004    2  1 
  51335.9585   14.303  0.004    2  1 
  51335.9619   14.306  0.004    2  1 
  51335.9661   14.317  0.004    2  1 
  51335.9693   14.326  0.003    2  1 
  51335.9855   14.365  0.003    2  1 
  51335.9915   14.383  0.003    2  1 
  51335.9966   14.398  0.003    2  1 
  51336.0139   14.447  0.004    2  1 
  51336.0172   14.462  0.004    2  1 
  51336.0275   14.494  0.004    2  1 
  51336.0306   14.503  0.004    2  1 
  51336.0439   14.544  0.004    2  1 
  51336.0470   14.557  0.004    2  1 
  51336.0662   14.603  0.004    2  1 
  51336.0696   14.615  0.004    2  1 
  51336.0728   14.618  0.004    2  1 
  51336.0954   14.662  0.004    2  1 
  51336.0989   14.673  0.004    2  1 
  51336.1119   14.690  0.005    2  1 
  51336.1153   14.690  0.004    2  1 
  51336.1297   14.702  0.005    2  1 
  51336.1557   14.647  0.007    2  1 
  51336.1600   14.692  0.006    2  1 
  51336.1647   14.668  0.007    2  1 
  51336.9567   14.684  0.003    2  1 
  51337.0022   14.683  0.004    2  1 
  51337.9827   14.360  0.004    2  1 
  51337.9868   14.347  0.004    2  1 
  51337.9997   14.309  0.004    2  1 
  51338.0033   14.307  0.004    2  1 
  51338.0231   14.267  0.004    2  1 
  51338.0265   14.272  0.004    2  1 
  51338.0304   14.264  0.004    2  1 
  51338.9791   14.472  0.003    2  1 
  51338.9849   14.484  0.003    2  1 
  51339.0116   14.568  0.004    2  1 
  51339.0151   14.578  0.005    2  1 
  51339.0441   14.644  0.004    2  1 
  51339.0477   14.650  0.004    2  1 
  51339.0513   14.661  0.004    2  1 
  51339.0774   14.693  0.005    2  1 
  51339.0807   14.696  0.005    2  1 
  51339.1053   14.667  0.005    2  1 
  51339.1093   14.699  0.005    2  1 
  51339.1327   14.683  0.005    2  1 
  51339.1363   14.685  0.005    2  1 
  51339.9588   14.710  0.004    2  1 
  51339.9627   14.718  0.004    2  1 
  51339.9835   14.686  0.004    2  1 
  51339.9874   14.688  0.004    2  1 
  51340.0115   14.612  0.004    2  1 
  51340.0146   14.597  0.004    2  1 
  51340.0349   14.502  0.004    2  1 
  51340.0380   14.481  0.004    2  1 
  51340.0659   14.383  0.004    2  1 
  51340.0696   14.381  0.004    2  1 
  51340.0938   14.367  0.004    2  1 
  51340.0983   14.362  0.004    2  1 
  51340.1334   14.286  0.004    2  1 
  51340.1366   14.288  0.004    2  1 
  51344.9654   14.662  0.003    2  1 
  51344.9786   14.670  0.003    2  1 
  51344.9829   14.676  0.004    2  1 
  51345.0052   14.708  0.004    2  1 
  51345.0092   14.691  0.004    2  1 
  51345.0132   14.715  0.004    2  1 
  51345.0170   14.712  0.004    2  1 
  51345.0353   14.704  0.004    2  1 
  51345.0390   14.710  0.003    2  1 
  51345.0645   14.675  0.004    2  1 
  51345.0690   14.652  0.004    2  1 
  51345.9658   14.444  0.005    2  1 
  51345.9696   14.425  0.005    2  1 
  51345.9999   14.388  0.004    2  1 
  51346.0043   14.375  0.004    2  1 
  51346.0310   14.313  0.004    2  1 
  51346.0343   14.307  0.004    2  1 
  51346.0571   14.267  0.004    2  1 
  51346.0604   14.269  0.004    2  1 
  51347.0221   14.506  0.004    2  1 
  51347.0274   14.524  0.003    2  1 
  51347.0562   14.606  0.004    2  1 
  51347.0597   14.607  0.004    2  1 
  51347.0815   14.668  0.004    2  1 
  51347.0850   14.666  0.004    2  1 
  51347.9550   14.676  0.004    2  1 
  51347.9581   14.700  0.004    2  1 
  51347.9877   14.697  0.004    2  1 
  51347.9914   14.705  0.004    2  1 
  51347.9948   14.699  0.004    2  1 
  51348.0181   14.677  0.004    2  1 
  51348.0211   14.667  0.004    2  1 
  51348.0849   14.416  0.005    2  1 
  51348.0897   14.394  0.004    2  1 
  51348.1054   14.382  0.004    2  1 
  51348.1088   14.386  0.004    2  1 
  51348.1122   14.372  0.004    2  1 
  51348.9528   14.402  0.003    2  1 
  51348.9557   14.407  0.003    2  1 
  51348.9795   14.356  0.003    2  1 
  51348.9824   14.345  0.003    2  1 
  51348.9941   14.313  0.003    2  1 
  51349.0152   14.269  0.003    2  1 
  51349.0189   14.267  0.003    2  1 
  51349.9596   14.425  0.003    2  1 
  51349.9627   14.435  0.003    2  1 
  51349.9911   14.536  0.003    2  1 
  51349.9944   14.543  0.003    2  1 
  51350.0097   14.584  0.004    2  1 
  51350.0128   14.595  0.004    2  1 
  51350.0228   14.615  0.004    2  1 
  51364.9643   14.582  0.004    2  1 
  51364.9677   14.550  0.003    2  1 
  51380.9714   14.712  0.003    2  1 
  51380.9769   14.714  0.003    2  1 
  51380.9801   14.715  0.003    2  1 
  51380.9845   14.704  0.004    2  1 
  51381.0066   14.660  0.003    2  1 
  51381.0096   14.652  0.003    2  1 
  51381.0136   14.637  0.003    2  1 
  51381.9638   14.331  0.003    2  1 
  51381.9679   14.324  0.003    2  1 
  51381.9716   14.308  0.004    2  1 
  51381.9917   14.272  0.003    2  1 
  51381.9946   14.269  0.003    2  1 
  51382.9605   14.518  0.003    2  1 
  51382.9652   14.526  0.004    2  1 
  51382.9682   14.529  0.004    2  1 
  51382.9887   14.604  0.004    2  1 
  51382.9916   14.612  0.004    2  1 
  51383.9595   14.687  0.003    2  1 
  51383.9648   14.666  0.003    2  1 
  51383.9826   14.602  0.003    2  1 
  51383.9853   14.598  0.004    2  1 
  51384.9606   14.267  0.003    2  1 
  51384.9631   14.267  0.002    2  1 
  51384.9657   14.265  0.003    2  1 
  51384.9827   14.272  0.003    2  1 
  51384.9853   14.283  0.003    2  1 
  51385.9557   14.623  0.003    2  1 
  51385.9589   14.628  0.003    2  1 
  51385.9615   14.639  0.003    2  1 
  51385.9788   14.676  0.003    2  1 
  51385.9814   14.683  0.003    2  1 
  51386.9731   14.450  0.004    2  1 
  51386.9769   14.428  0.004    2  1 
  51386.9807   14.405  0.003    2  1 
  51387.0101   14.373  0.003    2  1 
  51387.0139   14.369  0.003    2  1 
  51387.0177   14.365  0.003    2  1 
  51388.9571   14.665  0.005    2  1 
  51388.9622   14.690  0.005    2  1 
  51388.9659   14.701  0.005    2  1 
  51388.9899   14.705  0.005    2  1 
  51388.9932   14.712  0.005    2  1 
  51389.9629   14.394  0.003    2  1 
  51389.9656   14.398  0.003    2  1 
  51389.9683   14.404  0.003    2  1 
  51390.9578   14.406  0.003    2  1 
  51390.9604   14.411  0.003    2  1 
  51390.9631   14.432  0.004    2  1 
  51391.9583   14.717  0.003    2  1 
  51646.1374   14.293  0.003    2  1 
  51646.1447   14.270  0.004    2  1 
  51646.1486   14.268  0.004    2  1 
  51646.1532   14.260  0.004    2  1 
  51646.1570   14.256  0.004    2  1 
  51646.1609   14.256  0.004    2  1 
  51646.1649   14.251  0.004    2  1 
  51646.1687   14.251  0.004    2  1 
  51646.1727   14.247  0.004    2  1 
  51646.1764   14.247  0.004    2  1 
  51646.1801   14.250  0.004    2  1 
  51646.1837   14.257  0.004    2  1 
  51646.1871   14.264  0.004    2  1 
  51646.1907   14.265  0.004    2  1 
  51646.1944   14.272  0.004    2  1 
  51646.1983   14.283  0.004    2  1 
  51646.2025   14.288  0.004    2  1 
  51646.2065   14.295  0.004    2  1 
  51646.2100   14.300  0.004    2  1 
  51646.2138   14.315  0.004    2  1 
  51646.2172   14.319  0.003    2  1 
  51646.2206   14.339  0.004    2  1 
  51646.2245   14.339  0.004    2  1 
  51646.2283   14.351  0.003    2  1 
  51646.2320   14.360  0.004    2  1 
  51646.2362   14.374  0.003    2  1 
  51646.2394   14.385  0.003    2  1 
  51646.2426   14.397  0.003    2  1 
  51646.2457   14.406  0.003    2  1 
  51646.2489   14.416  0.003    2  1 
  51646.2523   14.416  0.003    2  1 
  51646.2557   14.439  0.004    2  1 
  51646.2591   14.451  0.004    2  1 
  51646.2626   14.452  0.004    2  1 
  51646.2660   14.472  0.004    2  1 
  51646.2694   14.462  0.004    2  1 
  51646.2730   14.482  0.005    2  1 
  51646.2769   14.468  0.005    2  1 
  51646.2811   14.468  0.005    2  1 
  51646.2852   14.517  0.005    2  1 
  51646.2895   14.538  0.005    2  1 
  51646.2939   14.526  0.005    2  1 
  51646.2986   14.538  0.005    2  1 
  51646.3027   14.552  0.005    2  1 
  51646.3070   14.591  0.005    2  1 
  51646.3111   14.604  0.005    2  1 
  51646.3151   14.626  0.005    2  1 
  51646.3189   14.628  0.004    2  1 
  51646.3225   14.648  0.004    2  1 
  51646.3260   14.654  0.004    2  1 
  51646.3296   14.653  0.004    2  1 
  51646.3330   14.667  0.004    2  1 
  51646.3377   14.675  0.004    2  1 
  51646.3414   14.671  0.004    2  1 
  51646.3451   14.684  0.004    2  1 
  51646.3496   14.687  0.004    2  1 
  51646.3530   14.688  0.005    2  1 
  51646.3568   14.703  0.004    2  1 
  51646.3602   14.661  0.005    2  1 
  51646.3637   14.690  0.005    2  1 
  51646.3679   14.706  0.005    2  1 
  51646.3713   14.710  0.005    2  1 
  51646.3746   14.661  0.005    2  1 
  51671.0353   14.323  0.003    2  1 
  51671.0475   14.300  0.003    2  1 
  51671.0721   14.277  0.003    2  1 
  51671.0771   14.275  0.004    2  1 
  51671.1013   14.257  0.003    2  1 
  51671.1053   14.259  0.003    2  1 
  51671.1107   14.261  0.003    2  1 
  51671.1151   14.263  0.003    2  1 
  51671.1292   14.278  0.003    2  1 
  51671.9878   14.316  0.003    2  1 
  51671.9920   14.323  0.003    2  1 
  51672.0277   14.429  0.003    2  1 
  51672.0316   14.434  0.003    2  1 
  51672.0822   14.586  0.004    2  1 
  51674.0685   14.260  0.004    2  1 
  51674.0726   14.261  0.004    2  1 
  51674.1052   14.323  0.004    2  1 
  51674.1117   14.341  0.004    2  1 
  51674.1260   14.378  0.004    2  1 
  51674.1296   14.394  0.004    2  1 
  51674.1332   14.402  0.004    2  1 
  51674.1368   14.409  0.004    2  1 
  51674.1405   14.422  0.004    2  1 
  51674.1444   14.434  0.004    2  1 
  51674.9689   14.380  0.004    2  1 
  51674.9724   14.392  0.004    2  1 
  51674.9867   14.438  0.004    2  1 
  51674.9911   14.447  0.004    2  1 
  51675.0041   14.496  0.005    2  1 
  51675.0121   14.511  0.005    2  1 
  51675.0159   14.529  0.005    2  1 
  51675.0253   14.552  0.004    2  1 
  51675.0289   14.565  0.004    2  1 
  51675.0351   14.582  0.004    2  1 
  51675.0465   14.619  0.004    2  1 
  51675.0521   14.624  0.005    2  1 
  51675.0558   14.634  0.004    2  1 
  51675.0622   14.648  0.005    2  1 
  51675.0661   14.658  0.004    2  1 
  51675.0719   14.671  0.005    2  1 
  51675.0756   14.676  0.005    2  1 
  51675.0814   14.684  0.005    2  1 
  51675.0858   14.698  0.005    2  1 
  51675.0927   14.701  0.004    2  1 
  51675.0970   14.710  0.004    2  1 
  51675.9751   14.718  0.004    2  1 
  51675.9802   14.717  0.004    2  1 
  51675.9906   14.708  0.004    2  1 
  51675.9939   14.710  0.004    2  1 
  51675.9971   14.709  0.004    2  1 
  51676.0005   14.703  0.004    2  1 
  51676.0036   14.698  0.004    2  1 
  51676.0067   14.696  0.004    2  1 
  51676.0112   14.674  0.004    2  1 
  51676.0240   14.641  0.005    2  1 
  51676.0301   14.621  0.004    2  1 
  51676.9616   14.369  0.005    2  1 
  51676.9713   14.343  0.004    2  1 
  51676.9757   14.329  0.004    2  1 
  51676.9867   14.301  0.004    2  1 
  51676.9919   14.291  0.005    2  1 
  51676.9969   14.289  0.005    2  1 
  51677.0090   14.269  0.004    2  1 
  51677.0126   14.260  0.004    2  1 
  51677.0180   14.267  0.005    2  1 
  51677.0226   14.267  0.005    2  1 
  51677.0271   14.268  0.005    2  1 
  51677.0318   14.269  0.005    2  1 
  51677.0362   14.272  0.005    2  1 
  51677.0410   14.278  0.005    2  1 
  51677.0453   14.282  0.005    2  1 
  51677.0499   14.288  0.005    2  1 
  51677.0580   14.310  0.005    2  1 
  51677.0628   14.317  0.005    2  1 
  51677.0672   14.328  0.005    2  1 
  51677.0713   14.341  0.004    2  1 
  51677.0751   14.349  0.005    2  1 
  51677.0793   14.358  0.004    2  1 
  51677.0835   14.370  0.004    2  1 
  51677.0877   14.380  0.004    2  1 
  51677.0918   14.398  0.004    2  1 
  51677.0956   14.406  0.005    2  1 
  51677.0996   14.412  0.005    2  1 
  51677.1044   14.423  0.005    2  1 
  51677.1082   14.425  0.005    2  1 
  51677.1121   14.446  0.005    2  1 
  51677.1160   14.462  0.005    2  1 
  51677.1199   14.477  0.005    2  1 
  51677.1238   14.490  0.005    2  1 
  51677.1276   14.498  0.005    2  1 
  51677.1315   14.508  0.005    2  1 
  51677.1353   14.524  0.005    2  1 
  51677.1396   14.537  0.005    2  1 
  51677.1434   14.545  0.005    2  1 
  51677.1476   14.570  0.005    2  1 
  51677.1520   14.578  0.005    2  1 
  51677.1564   14.581  0.005    2  1 
  51677.1603   14.599  0.005    2  1 
  51677.1642   14.610  0.005    2  1 
  51677.1680   14.620  0.005    2  1 
  51677.1719   14.631  0.005    2  1 
  51677.1759   14.643  0.005    2  1 
  51677.1797   14.640  0.005    2  1 
  51677.1836   14.643  0.005    2  1 
  51677.1883   14.660  0.005    2  1 
  51677.1922   14.673  0.005    2  1 
  51677.1960   14.678  0.005    2  1 
  51677.1999   14.672  0.005    2  1 
  51677.2038   14.688  0.005    2  1 
  51677.2083   14.688  0.005    2  1 
  51677.2133   14.699  0.006    2  1 
  51677.2176   14.666  0.006    2  1 
  51677.2233   14.678  0.006    2  1 
  51677.2285   14.628  0.007    2  1 
  51677.2335   14.684  0.007    2  1 
  51677.2391   14.680  0.007    2  1 
  51677.2524   14.698  0.006    2  1 
  51677.2571   14.700  0.006    2  1 
  51677.2620   14.692  0.006    2  1 
  51677.2664   14.693  0.006    2  1 
  51677.2708   14.688  0.006    2  1 
  51691.0375   14.413  0.001    2  1 
  51691.0409   14.425  0.003    2  1 
  51691.0444   14.430  0.003    2  1 
  51691.0509   14.449  0.003    2  1 
  51691.0543   14.459  0.003    2  1 
  51691.0579   14.476  0.003    2  1 
  51691.0633   14.496  0.002    2  1 
  51691.0670   14.505  0.002    2  1 
  51691.0711   14.518  0.003    2  1 
  51691.0770   14.543  0.003    2  1 
  51691.0805   14.539  0.004    2  1 
  51691.0840   14.558  0.003    2  1 
  51691.0896   14.576  0.003    2  1 
  51691.0931   14.584  0.003    2  1 
  51691.0971   14.595  0.003    2  1 
  51691.1040   14.620  0.004    2  1 
  51691.1083   14.626  0.004    2  1 
  51691.1122   14.636  0.003    2  1 
  51691.1180   14.648  0.004    2  1 
  51691.1214   14.662  0.004    2  1 
  51691.1249   14.661  0.004    2  1 
  51691.1323   14.681  0.004    2  1 
  51691.1357   14.692  0.003    2  1 
  51691.1392   14.692  0.003    2  1 
  51691.1448   14.705  0.003    2  1 
  51691.1522   14.714  0.003    2  1 
  51691.1561   14.728  0.002    2  1 
  51693.0130   14.389  0.004    2  1 
  51693.0165   14.388  0.003    2  1 
  51693.0248   14.352  0.003    2  1 
  51693.0305   14.336  0.003    2  1 
  51693.0340   14.315  0.003    2  1 
  51693.0378   14.310  0.003    2  1 
  51694.0082   14.441  0.003    2  1 
  51694.0114   14.460  0.003    2  1 
  51694.0202   14.485  0.003    2  1 
  51694.0267   14.511  0.003    2  1 
  51694.0319   14.512  0.003    2  1 
  51694.0351   14.537  0.004    2  1 
  51694.0384   14.552  0.004    2  1 
  51694.0418   14.560  0.003    2  1 
  51694.0472   14.572  0.004    2  1 
  51694.0505   14.592  0.004    2  1 
  51694.0537   14.596  0.004    2  1 
  51694.0590   14.608  0.004    2  1 
  51694.0623   14.614  0.004    2  1 
  51694.0656   14.623  0.004    2  1 
  51694.0714   14.639  0.004    2  1 
  51694.0748   14.646  0.004    2  1 
  51694.0781   14.653  0.004    2  1 
  51694.0868   14.667  0.004    2  1 
  51694.0901   14.672  0.004    2  1 
  51694.0957   14.681  0.004    2  1 
  51694.0989   14.678  0.004    2  1 
  51694.1021   14.697  0.004    2  1 
  51694.1075   14.707  0.004    2  1 
  51694.1106   14.701  0.004    2  1 
  51694.1190   14.711  0.004    2  1 
  51694.1221   14.716  0.004    2  1 
  51694.1252   14.727  0.004    2  1 
  51694.1286   14.728  0.004    2  1 
  51695.0280   14.671  0.004    2  1 
  51695.0317   14.638  0.003    2  1 
  51697.9712   14.710  0.005    2  1 
  51697.9818   14.691  0.004    2  1 
  51765.9746   14.725  0.004    2  1 
  51765.9783   14.719  0.004    2  1 
  51765.9820   14.727  0.004    2  1 
  51766.0194   14.654  0.005    2  1 
  51766.0229   14.651  0.004    2  1 
  51216.3572   14.702  0.003    3  1 
  51216.3847   14.762  0.003    3  1 
  51217.2936   14.931  0.003    3  1 
  51217.3214   15.009  0.004    3  1 
  51217.3648   14.975  0.002    3  1 
  51217.3852   14.972  0.003    3  1 
  51218.2935   14.874  0.004    3  1 
  51218.3212   14.763  0.003    3  1 
  51218.3442   14.749  0.003    3  1 
  51218.3704   14.680  0.003    3  1 
  51219.2811   14.657  0.001    3  1 
  51219.2844   14.629  0.003    3  1 
  51219.3053   14.666  0.003    3  1 
  51219.3228   14.716  0.003    3  1 
  51219.3465   14.790  0.003    3  1 
  51219.3676   14.838  0.003    3  1 
  51219.3851   14.875  0.003    3  1 
  51220.2805   14.992  0.003    3  1 
  51220.2995   15.018  0.003    3  1 
  51220.3171   15.008  0.003    3  1 
  51220.3349   15.000  0.004    3  1 
  51220.3523   15.038  0.004    3  1 
  51220.3689   14.990  0.004    3  1 
  51221.2691   14.818  0.002    3  1 
  51221.2915   14.772  0.003    3  1 
  51221.3097   14.774  0.002    3  1 
  51221.3270   14.735  0.002    3  1 
  51221.3437   14.647  0.003    3  1 
  51221.3619   14.633  0.003    3  1 
  51221.3854   14.613  0.003    3  1 
  51283.2237   14.948  0.003    3  1 
  51283.2601   15.052  0.003    3  1 
  51283.2830   15.113  0.003    3  1 
  51283.3050   15.146  0.004    3  1 
  51283.3367   15.125  0.003    3  1 
  51283.3600   15.083  0.003    3  1 
  51284.2056   15.034  0.003    3  1 
  51284.2337   14.882  0.003    3  1 
  51284.2542   14.760  0.003    3  1 
  51284.2806   14.701  0.003    3  1 
  51284.3075   14.646  0.003    3  1 
  51284.3333   14.587  0.003    3  1 
  51285.0371   15.079  0.003    3  1 
  51285.0646   14.978  0.003    3  1 
  51285.0885   14.837  0.003    3  1 
  51285.1182   14.730  0.002    3  1 
  51285.1988   14.582  0.002    3  1 
  51285.2270   14.603  0.003    3  1 
  51285.2539   14.659  0.003    3  1 
  51285.2851   14.768  0.003    3  1 
  51285.3202   14.915  0.003    3  1 
  51285.3496   15.027  0.003    3  1 
  51286.0308   14.597  0.002    3  1 
  51286.0619   14.573  0.002    3  1 
  51286.0871   14.626  0.003    3  1 
  51286.0921   14.658  0.002    3  1 
  51286.1226   14.779  0.002    3  1 
  51286.1512   14.822  0.002    3  1 
  51286.1789   14.870  0.002    3  1 
  51286.2076   15.031  0.003    3  1 
  51286.2389   15.103  0.003    3  1 
  51286.2613   15.098  0.003    3  1 
  51286.2889   15.106  0.003    3  1 
  51286.3108   15.077  0.003    3  1 
  51286.3335   14.994  0.003    3  1 
  51286.3566   14.853  0.003    3  1 
  51304.9734   14.799  0.002    3  1 
  51305.0076   14.735  0.003    3  1 
  51305.0770   14.569  0.003    3  1 
  51305.1004   14.573  0.003    3  1 
  51305.1407   14.697  0.004    3  1 
  51305.1707   14.812  0.003    3  1 
  51305.1996   14.928  0.004    3  1 
  51305.2299   15.034  0.004    3  1 
  51305.2561   15.101  0.004    3  1 
  51305.2836   15.129  0.004    3  1 
  51305.3139   15.123  0.004    3  1 
  51305.9733   14.682  0.002    3  1 
  51306.0117   14.813  0.001    3  1 
  51306.0157   14.827  0.002    3  1 
  51306.0375   14.909  0.003    3  1 
  51306.0735   14.941  0.002    3  1 
  51306.1285   15.016  0.002    3  1 
  51306.1517   15.084  0.004    3  1 
  51306.1807   14.938  0.002    3  1 
  51306.2059   14.843  0.001    3  1 
  51306.2269   14.850  0.003    3  1 
  51306.2491   14.728  0.003    3  1 
  51306.2725   14.719  0.003    3  1 
  51306.2932   14.679  0.003    3  1 
  51307.9986   14.684  0.002    3  1 
  51308.0524   14.566  0.003    3  1 
  51308.0811   14.666  0.002    3  1 
  51308.0851   14.652  0.002    3  1 
  51308.1202   14.788  0.003    3  1 
  51310.1272   14.558  0.002    3  1 
  51310.1308   14.543  0.002    3  1 
  51314.9714   15.097  0.003    3  1 
  51315.0138   15.151  0.003    3  1 
  51315.0372   15.119  0.003    3  1 
  51315.0710   14.996  0.003    3  1 
  51315.0946   14.864  0.003    3  1 
  51315.1180   14.715  0.003    3  1 
  51316.0597   14.545  0.003    3  1 
  51316.0832   14.594  0.002    3  1 
  51316.1079   14.643  0.002    3  1 
  51316.9780   14.788  0.002    3  1 
  51317.0013   14.811  0.003    3  1 
  51317.0241   14.880  0.003    3  1 
  51317.0523   14.994  0.004    3  1 
  51317.0782   15.049  0.004    3  1 
  51317.1035   15.093  0.004    3  1 
  51317.9808   15.002  0.002    3  1 
  51318.0060   15.059  0.003    3  1 
  51318.0331   14.949  0.003    3  1 
  51318.0898   14.707  0.003    3  1 
  51318.1183   14.710  0.003    3  1 
  51318.9811   14.682  0.002    3  1 
  51319.0058   14.596  0.003    3  1 
  51319.0315   14.571  0.003    3  1 
  51319.0717   14.651  0.003    3  1 
  51319.0961   14.736  0.003    3  1 
  51320.1175   15.074  0.003    3  1 
  51320.9771   15.059  0.003    3  1 
  51321.0212   14.822  0.003    3  1 
  51321.0434   14.708  0.003    3  1 
  51321.0658   14.701  0.003    3  1 
  51321.0965   14.605  0.002    3  1 
  51321.1252   14.565  0.002    3  1 
  51333.0403   14.709  0.003    3  1 
  51333.1062   14.977  0.004    3  1 
  51334.9989   14.724  0.002    3  1 
  51335.0432   14.619  0.003    3  1 
  51335.0972   14.569  0.003    3  1 
  51335.1083   14.595  0.003    3  1 
  51336.0103   14.764  0.003    3  1 
  51336.0508   14.929  0.003    3  1 
  51336.0891   15.057  0.004    3  1 
  51338.0075   14.594  0.003    3  1 
  51338.9740   14.809  0.001    3  1 
  51339.0046   14.929  0.003    3  1 
  51339.0385   15.041  0.004    3  1 
  51339.0685   15.094  0.004    3  1 
  51339.1006   15.097  0.004    3  1 
  51339.1280   15.115  0.004    3  1 
  51339.9665   14.996  0.002    3  1 
  51339.9935   14.942  0.002    3  1 
  51340.0189   14.959  0.003    3  1 
  51340.0441   14.789  0.003    3  1 
  51340.0753   14.696  0.003    3  1 
  51340.1041   14.673  0.003    3  1 
  51345.0430   15.127  0.003    3  1 
  51345.0736   15.048  0.003    3  1 
  51345.9747   14.722  0.003    3  1 
  51346.0101   14.676  0.003    3  1 
  51346.0388   14.573  0.003    3  1 
  51346.0670   14.543  0.003    3  1 
  51347.0317   14.906  0.003    3  1 
  51347.0645   15.025  0.003    3  1 
  51347.0896   15.082  0.003    3  1 
  51347.9638   15.128  0.003    3  1 
  51348.0146   15.090  0.004    3  1 
  51348.9591   14.726  0.003    3  1 
  51349.0243   14.571  0.002    3  1 
  51349.9679   14.814  0.003    3  1 
  51364.9721   14.887  0.003    3  1 
  51380.9890   15.129  0.003    3  1 
  51381.9751   14.590  0.003    3  1 
  51382.9716   14.921  0.003    3  1 
  51383.9680   14.955  0.002    3  1 
  51384.9688   14.553  0.002    3  1 
  51385.9645   15.060  0.003    3  1 
  51386.9859   14.698  0.003    3  1 
  51388.9699   15.086  0.003    3  1 
  51389.9715   14.726  0.003    3  1 
  51390.9663   14.797  0.001    3  1 
  51391.9664   14.968  0.001    3  1 
  51672.0213   14.738  0.003    3  1 
  51674.0796   14.573  0.003    3  1 
  51674.9989   14.830  0.004    3  1 
  51675.0396   14.996  0.003    3  1 
  51693.0053   14.720  0.003    3  1 
  51694.0012   14.769  0.003    3  1 
  51765.9863   15.151  0.004    3  1 
  51766.0153   15.040  0.004    3  1 
 56468.97641   13.028  0.039   -1  1 
 56469.04707   12.902  0.030   -1  1 
 56469.10896   13.112  0.038   -1  1 
 56469.17285   13.194  0.023   -1  1 
 56471.00364   13.221  0.021   -1  1 
 56471.06640   12.199  0.081   -1  1 
 56471.12490   13.157  0.024   -1  1 
 56471.18188   13.115  0.038   -1  1 
 56471.96759   12.769  0.032   -1  1 
 56472.03374   13.092  0.024   -1  1 
 56472.09484   12.748  0.067   -1  1 
 56472.15243   13.160  0.024   -1  1 
 56468.95296   13.073  0.037   -2  1 
 56469.02441   13.172  0.029   -2  1 
 56469.08813   12.942  0.027   -2  1 
 56469.15134   13.067  0.015   -2  1 
 56471.02588   13.069  0.024   -2  1 
 56471.08671   13.070  0.017   -2  1 
 56471.14302   13.078  0.018   -2  1 
 56471.94704   13.112  0.019   -2  1 
 56472.01085   13.174  0.021   -2  1 
 56472.07480   13.001  0.026   -2  1 
 56472.13240   13.099  0.009   -2  1 
 56472.19216   13.157  0.011   -2  1 
 56469.00041   13.309  0.013   -5  1 
 56469.06767   13.310  0.013   -5  1 
 56469.13003   13.354  0.010   -5  1 
 56469.19349   13.455  0.011   -5  1 
 56470.98130   13.480  0.009   -5  1 
 56471.04693   13.419  0.012   -5  1 
 56471.10523   13.367  0.012   -5  1 
 56471.16397   13.414  0.007   -5  1 
 56471.98857   13.334  0.012   -5  1 
 56472.05430   13.430  0.021   -5  1 
 56472.11383   13.417  0.014   -5  1 
 56472.17109   13.499  0.010   -5  1 
