 56468.97641   13.388  0.021   -1  1 
 56469.04707   13.180  0.032   -1  1 
 56469.10896   13.565  0.031   -1  1 
 56469.17285   13.313  0.007   -1  1 
 56471.00364   13.350  0.016   -1  1 
 56471.06640   13.181  0.005   -1  1 
 56471.12490   13.266  0.009   -1  1 
 56471.18188   13.373  0.015   -1  1 
 56471.96759   13.200  0.043   -1  1 
 56472.03374   13.250  0.006   -1  1 
 56472.09484   13.325  0.005   -1  1 
 56472.15243   13.282  0.007   -1  1 
 56468.95296   13.275  0.018   -2  1 
 56469.02441   13.360  0.023   -2  1 
 56469.08813   13.377  0.023   -2  1 
 56469.15134   13.276  0.011   -2  1 
 56471.02588   13.268  0.024   -2  1 
 56471.08671   13.201  0.006   -2  1 
 56471.14302   13.215  0.011   -2  1 
 56471.94704   13.218  0.007   -2  1 
 56472.01085   13.239  0.012   -2  1 
 56472.07480   13.408  0.023   -2  1 
 56472.13240   13.172  0.012   -2  1 
 56472.19216   13.200  0.008   -2  1 
 56469.00041   13.505  0.011   -5  1 
 56469.06767   13.502  0.006   -5  1 
 56469.13003   13.545  0.005   -5  1 
 56469.19349   13.570  0.007   -5  1 
 56470.98130   13.440  0.008   -5  1 
 56471.04693   13.443  0.016   -5  1 
 56471.10523   13.491  0.006   -5  1 
 56471.16397   13.514  0.005   -5  1 
 56471.98857   13.542  0.003   -5  1 
 56472.05430   13.531  0.036   -5  1 
 56472.11383   13.487  0.009   -5  1 
 56472.17109   13.447  0.011   -5  1 
