  51216.2987   14.475  0.004    2  1 
  51216.3275   14.499  0.004    2  1 
  51216.3519   14.531  0.004    2  1 
  51216.3771   14.565  0.004    2  1 
  51217.2851   14.488  0.004    2  1 
  51217.3152   14.528  0.004    2  1 
  51217.3378   14.553  0.004    2  1 
  51217.3598   14.577  0.004    2  1 
  51217.3804   14.591  0.004    2  1 
  51218.3013   14.558  0.004    2  1 
  51218.3254   14.583  0.004    2  1 
  51218.3504   14.604  0.004    2  1 
  51218.3753   14.602  0.004    2  1 
  51219.2775   14.567  0.004    2  1 
  51219.3014   14.581  0.004    2  1 
  51219.3186   14.597  0.004    2  1 
  51219.3397   14.601  0.004    2  1 
  51219.3635   14.601  0.004    2  1 
  51219.3810   14.576  0.004    2  1 
  51220.2867   14.602  0.004    2  1 
  51220.3036   14.598  0.004    2  1 
  51220.3219   14.593  0.004    2  1 
  51220.3391   14.582  0.004    2  1 
  51220.3564   14.569  0.004    2  1 
  51220.3729   14.540  0.004    2  1 
  51220.3920   14.505  0.004    2  1 
  51221.2619   14.603  0.004    2  1 
  51221.2873   14.599  0.004    2  1 
  51221.3052   14.584  0.004    2  1 
  51221.3230   14.565  0.004    2  1 
  51221.3396   14.537  0.004    2  1 
  51221.3577   14.513  0.004    2  1 
  51221.3762   14.492  0.004    2  1 
  51283.2102   14.572  0.004    2  1 
  51283.2288   14.545  0.004    2  1 
  51283.2338   14.537  0.004    2  1 
  51283.2391   14.531  0.004    2  1 
  51283.2642   14.498  0.004    2  1 
  51283.2680   14.496  0.004    2  1 
  51283.2868   14.486  0.003    2  1 
  51283.2902   14.476  0.003    2  1 
  51283.3138   14.477  0.003    2  1 
  51283.3170   14.466  0.003    2  1 
  51283.3408   14.479  0.003    2  1 
  51283.3447   14.487  0.003    2  1 
  51283.3642   14.497  0.003    2  1 
  51283.3673   14.509  0.003    2  1 
  51284.1955   14.544  0.004    2  1 
  51284.1993   14.539  0.004    2  1 
  51284.2266   14.500  0.003    2  1 
  51284.2298   14.497  0.004    2  1 
  51284.2475   14.481  0.004    2  1 
  51284.2506   14.481  0.004    2  1 
  51284.2679   14.475  0.004    2  1 
  51284.2711   14.466  0.004    2  1 
  51284.3004   14.474  0.004    2  1 
  51284.3036   14.480  0.004    2  1 
  51284.3257   14.492  0.004    2  1 
  51284.3289   14.499  0.004    2  1 
  51285.0269   14.558  0.003    2  1 
  51285.0299   14.564  0.003    2  1 
  51285.0607   14.587  0.003    2  1 
  51285.0814   14.607  0.003    2  1 
  51285.0847   14.604  0.003    2  1 
  51285.1052   14.601  0.004    2  1 
  51285.1084   14.604  0.004    2  1 
  51285.1396   14.578  0.004    2  1 
  51285.1427   14.574  0.004    2  1 
  51285.1624   14.543  0.003    2  1 
  51285.1654   14.545  0.004    2  1 
  51285.1891   14.511  0.004    2  1 
  51285.1924   14.505  0.003    2  1 
  51285.2195   14.480  0.003    2  1 
  51285.2227   14.477  0.004    2  1 
  51285.2468   14.465  0.004    2  1 
  51285.2498   14.463  0.004    2  1 
  51285.2738   14.475  0.004    2  1 
  51285.2775   14.479  0.004    2  1 
  51285.3077   14.511  0.004    2  1 
  51285.3112   14.517  0.004    2  1 
  51285.3425   14.558  0.004    2  1 
  51285.3456   14.548  0.004    2  1 
  51286.0177   14.592  0.003    2  1 
  51286.0241   14.592  0.003    2  1 
  51286.0542   14.592  0.003    2  1 
  51286.0574   14.605  0.003    2  1 
  51286.0794   14.603  0.003    2  1 
  51286.0832   14.598  0.003    2  1 
  51286.1105   14.575  0.003    2  1 
  51286.1136   14.570  0.003    2  1 
  51286.1441   14.524  0.003    2  1 
  51286.1740   14.486  0.003    2  1 
  51286.1969   14.472  0.003    2  1 
  51286.2002   14.472  0.003    2  1 
  51286.2322   14.477  0.003    2  1 
  51286.2352   14.472  0.003    2  1 
  51286.2544   14.488  0.003    2  1 
  51286.2573   14.488  0.004    2  1 
  51286.2785   14.513  0.004    2  1 
  51286.2816   14.520  0.004    2  1 
  51286.3149   14.560  0.004    2  1 
  51286.3179   14.565  0.004    2  1 
  51286.3375   14.589  0.004    2  1 
  51286.3409   14.590  0.004    2  1 
  51286.3604   14.602  0.004    2  1 
  51286.3635   14.609  0.004    2  1 
  51286.3665   14.614  0.004    2  1 
  51304.9667   14.510  0.003    2  1 
  51304.9697   14.517  0.003    2  1 
  51304.9956   14.543  0.003    2  1 
  51304.9985   14.546  0.003    2  1 
  51305.0393   14.598  0.004    2  1 
  51305.0423   14.589  0.003    2  1 
  51305.0812   14.613  0.004    2  1 
  51305.0852   14.603  0.004    2  1 
  51305.1040   14.603  0.004    2  1 
  51305.1077   14.597  0.004    2  1 
  51305.1328   14.567  0.005    2  1 
  51305.1357   14.563  0.004    2  1 
  51305.1582   14.527  0.004    2  1 
  51305.1616   14.523  0.004    2  1 
  51305.1919   14.486  0.005    2  1 
  51305.1953   14.479  0.004    2  1 
  51305.2170   14.462  0.004    2  1 
  51305.2202   14.458  0.004    2  1 
  51305.2493   14.470  0.004    2  1 
  51305.2523   14.480  0.003    2  1 
  51305.2764   14.482  0.004    2  1 
  51305.2796   14.488  0.005    2  1 
  51305.3025   14.523  0.004    2  1 
  51305.3054   14.527  0.004    2  1 
  51305.9643   14.545  0.003    2  1 
  51305.9672   14.547  0.003    2  1 
  51305.9997   14.580  0.003    2  1 
  51306.0313   14.601  0.003    2  1 
  51306.0340   14.602  0.003    2  1 
  51306.0638   14.610  0.003    2  1 
  51306.0674   14.604  0.003    2  1 
  51306.1209   14.532  0.003    2  1 
  51306.1434   14.500  0.004    2  1 
  51306.1474   14.494  0.004    2  1 
  51306.1743   14.477  0.003    2  1 
  51306.1770   14.471  0.003    2  1 
  51306.1996   14.465  0.003    2  1 
  51306.2025   14.466  0.003    2  1 
  51306.2235   14.477  0.003    2  1 
  51306.2458   14.500  0.003    2  1 
  51306.2665   14.518  0.003    2  1 
  51306.2691   14.522  0.003    2  1 
  51306.2895   14.545  0.003    2  1 
  51306.3068   14.564  0.003    2  1 
  51306.3101   14.573  0.004    2  1 
  51306.9828   14.597  0.005    2  1 
  51306.9870   14.594  0.003    2  1 
  51307.0161   14.614  0.004    2  1 
  51307.0270   14.607  0.004    2  1 
  51307.0388   14.599  0.004    2  1 
  51307.0824   14.544  0.006    2  1 
  51307.9862   14.608  0.003    2  1 
  51307.9901   14.604  0.003    2  1 
  51308.0178   14.589  0.003    2  1 
  51308.0212   14.570  0.003    2  1 
  51308.0443   14.555  0.003    2  1 
  51308.1072   14.479  0.003    2  1 
  51308.1114   14.481  0.003    2  1 
  51310.1371   14.521  0.003    2  1 
  51310.1402   14.524  0.003    2  1 
  51314.9621   14.511  0.004    2  1 
  51314.9650   14.508  0.004    2  1 
  51314.9679   14.512  0.004    2  1 
  51314.9914   14.540  0.003    2  1 
  51314.9943   14.543  0.003    2  1 
  51314.9972   14.548  0.003    2  1 
  51315.0171   14.578  0.003    2  1 
  51315.0197   14.574  0.003    2  1 
  51315.0224   14.577  0.003    2  1 
  51315.0409   14.599  0.003    2  1 
  51315.0436   14.598  0.003    2  1 
  51315.0462   14.599  0.003    2  1 
  51315.0650   14.606  0.003    2  1 
  51315.0677   14.606  0.003    2  1 
  51315.0860   14.604  0.003    2  1 
  51315.0887   14.604  0.003    2  1 
  51315.0913   14.604  0.003    2  1 
  51315.1094   14.588  0.003    2  1 
  51315.1121   14.590  0.003    2  1 
  51315.1148   14.586  0.003    2  1 
  51316.0511   14.609  0.003    2  1 
  51316.0538   14.603  0.003    2  1 
  51316.0565   14.602  0.003    2  1 
  51316.0746   14.591  0.003    2  1 
  51316.0773   14.588  0.003    2  1 
  51316.0800   14.582  0.003    2  1 
  51316.0992   14.556  0.003    2  1 
  51316.1020   14.557  0.003    2  1 
  51316.1046   14.549  0.003    2  1 
  51316.1228   14.526  0.003    2  1 
  51316.1255   14.522  0.003    2  1 
  51316.1281   14.514  0.003    2  1 
  51316.9815   14.598  0.003    2  1 
  51316.9843   14.595  0.004    2  1 
  51316.9869   14.593  0.003    2  1 
  51316.9978   14.608  0.004    2  1 
  51317.0147   14.606  0.004    2  1 
  51317.0176   14.605  0.004    2  1 
  51317.0205   14.606  0.004    2  1 
  51317.0420   14.590  0.005    2  1 
  51317.0450   14.590  0.005    2  1 
  51317.0483   14.579  0.004    2  1 
  51317.0689   14.550  0.004    2  1 
  51317.0718   14.551  0.004    2  1 
  51317.0747   14.553  0.004    2  1 
  51317.0946   14.518  0.003    2  1 
  51317.0974   14.516  0.003    2  1 
  51317.1000   14.512  0.004    2  1 
  51317.1199   14.486  0.004    2  1 
  51317.1228   14.482  0.004    2  1 
  51317.1257   14.481  0.004    2  1 
  51317.9715   14.613  0.005    2  1 
  51317.9744   14.608  0.004    2  1 
  51317.9772   14.603  0.004    2  1 
  51317.9970   14.599  0.003    2  1 
  51317.9998   14.594  0.003    2  1 
  51318.0025   14.598  0.004    2  1 
  51318.0227   14.573  0.005    2  1 
  51318.0260   14.567  0.005    2  1 
  51318.0292   14.573  0.007    2  1 
  51318.0510   14.527  0.004    2  1 
  51318.0542   14.523  0.005    2  1 
  51318.0575   14.518  0.005    2  1 
  51318.0795   14.492  0.004    2  1 
  51318.0827   14.487  0.005    2  1 
  51318.0859   14.489  0.004    2  1 
  51318.1079   14.455  0.006    2  1 
  51318.1111   14.464  0.005    2  1 
  51318.9846   14.573  0.003    2  1 
  51318.9874   14.577  0.004    2  1 
  51318.9902   14.572  0.003    2  1 
  51319.0093   14.537  0.004    2  1 
  51319.0122   14.534  0.004    2  1 
  51319.0151   14.533  0.004    2  1 
  51319.0351   14.499  0.004    2  1 
  51319.0380   14.495  0.004    2  1 
  51319.0411   14.493  0.004    2  1 
  51319.0623   14.481  0.004    2  1 
  51319.0928   14.467  0.003    2  1 
  51319.1137   14.473  0.003    2  1 
  51319.1164   14.474  0.003    2  1 
  51319.1190   14.475  0.003    2  1 
  51320.1531   14.546  0.003    2  1 
  51320.1557   14.552  0.003    2  1 
  51320.9838   14.490  0.003    2  1 
  51321.0491   14.473  0.003    2  1 
  51321.0689   14.485  0.003    2  1 
  51321.0714   14.497  0.003    2  1 
  51321.0740   14.500  0.003    2  1 
  51321.0997   14.523  0.003    2  1 
  51321.1023   14.528  0.003    2  1 
  51321.1049   14.535  0.003    2  1 
  51321.1074   14.535  0.003    2  1 
  51321.1100   14.532  0.003    2  1 
  51321.1285   14.565  0.003    2  1 
  51321.1311   14.565  0.003    2  1 
  51332.9607   14.462  0.006    2  1 
  51332.9651   14.464  0.006    2  1 
  51332.9797   14.473  0.005    2  1 
  51332.9834   14.476  0.004    2  1 
  51333.0005   14.495  0.004    2  1 
  51333.0039   14.499  0.005    2  1 
  51333.0156   14.512  0.004    2  1 
  51333.0192   14.518  0.005    2  1 
  51333.0445   14.551  0.004    2  1 
  51333.0479   14.552  0.004    2  1 
  51333.0636   14.566  0.006    2  1 
  51333.0681   14.571  0.006    2  1 
  51333.0834   14.585  0.004    2  1 
  51333.0869   14.589  0.004    2  1 
  51333.0981   14.601  0.004    2  1 
  51333.1018   14.603  0.004    2  1 
  51333.1258   14.606  0.005    2  1 
  51333.1294   14.610  0.006    2  1 
  51333.1410   14.599  0.006    2  1 
  51333.1452   14.596  0.005    2  1 
  51333.1492   14.597  0.005    2  1 
  51333.1642   14.587  0.005    2  1 
  51333.1679   14.578  0.005    2  1 
  51334.9778   14.545  0.003    2  1 
  51334.9806   14.552  0.003    2  1 
  51335.0115   14.585  0.003    2  1 
  51335.0145   14.586  0.003    2  1 
  51335.0237   14.594  0.004    2  1 
  51335.0269   14.594  0.004    2  1 
  51335.0365   14.604  0.004    2  1 
  51335.0396   14.612  0.004    2  1 
  51335.0624   14.603  0.005    2  1 
  51335.0658   14.606  0.004    2  1 
  51335.0766   14.602  0.004    2  1 
  51335.0800   14.596  0.004    2  1 
  51335.1009   14.577  0.004    2  1 
  51335.1041   14.580  0.004    2  1 
  51335.9585   14.558  0.004    2  1 
  51335.9619   14.566  0.004    2  1 
  51335.9661   14.567  0.004    2  1 
  51335.9693   14.573  0.004    2  1 
  51335.9855   14.582  0.004    2  1 
  51335.9915   14.596  0.004    2  1 
  51335.9966   14.598  0.004    2  1 
  51336.0139   14.603  0.004    2  1 
  51336.0172   14.602  0.004    2  1 
  51336.0275   14.614  0.004    2  1 
  51336.0306   14.603  0.004    2  1 
  51336.0439   14.603  0.004    2  1 
  51336.0470   14.598  0.004    2  1 
  51336.0662   14.585  0.004    2  1 
  51336.0696   14.578  0.004    2  1 
  51336.0728   14.570  0.004    2  1 
  51336.0954   14.539  0.004    2  1 
  51336.0989   14.537  0.004    2  1 
  51336.1119   14.514  0.004    2  1 
  51336.1153   14.509  0.004    2  1 
  51336.1297   14.492  0.005    2  1 
  51336.1600   14.459  0.006    2  1 
  51336.9567   14.603  0.003    2  1 
  51337.0022   14.615  0.005    2  1 
  51337.9827   14.597  0.005    2  1 
  51337.9868   14.599  0.005    2  1 
  51337.9997   14.585  0.005    2  1 
  51338.0033   14.581  0.005    2  1 
  51338.0231   14.542  0.005    2  1 
  51338.0265   14.542  0.005    2  1 
  51338.0304   14.538  0.005    2  1 
  51338.9791   14.566  0.004    2  1 
  51338.9849   14.551  0.003    2  1 
  51339.0116   14.517  0.004    2  1 
  51339.0151   14.507  0.005    2  1 
  51339.0441   14.478  0.004    2  1 
  51339.0477   14.480  0.004    2  1 
  51339.0513   14.477  0.004    2  1 
  51339.0774   14.465  0.004    2  1 
  51339.0807   14.464  0.004    2  1 
  51339.1053   14.475  0.004    2  1 
  51339.1093   14.480  0.004    2  1 
  51339.1327   14.503  0.004    2  1 
  51339.1363   14.505  0.004    2  1 
  51339.9588   14.547  0.003    2  1 
  51339.9627   14.543  0.003    2  1 
  51339.9835   14.512  0.004    2  1 
  51339.9874   14.509  0.004    2  1 
  51340.0115   14.479  0.003    2  1 
  51340.0146   14.479  0.003    2  1 
  51340.0349   14.468  0.004    2  1 
  51340.0380   14.463  0.004    2  1 
  51340.0659   14.467  0.004    2  1 
  51340.0696   14.475  0.004    2  1 
  51340.0938   14.490  0.005    2  1 
  51340.0983   14.495  0.005    2  1 
  51340.1334   14.541  0.004    2  1 
  51340.1366   14.545  0.004    2  1 
  51344.9654   14.540  0.003    2  1 
  51344.9786   14.559  0.003    2  1 
  51344.9829   14.563  0.004    2  1 
  51345.0052   14.582  0.004    2  1 
  51345.0092   14.594  0.004    2  1 
  51345.0132   14.602  0.003    2  1 
  51345.0170   14.595  0.004    2  1 
  51345.0353   14.602  0.004    2  1 
  51345.0390   14.606  0.003    2  1 
  51345.0645   14.602  0.004    2  1 
  51345.0690   14.597  0.004    2  1 
  51345.9658   14.583  0.006    2  1 
  51345.9696   14.582  0.006    2  1 
  51345.9999   14.596  0.005    2  1 
  51346.0043   14.600  0.005    2  1 
  51346.0310   14.603  0.004    2  1 
  51346.0343   14.598  0.004    2  1 
  51346.0571   14.581  0.004    2  1 
  51346.0604   14.582  0.004    2  1 
  51347.0221   14.585  0.004    2  1 
  51347.0274   14.584  0.003    2  1 
  51347.0562   14.540  0.004    2  1 
  51347.0597   14.529  0.004    2  1 
  51347.0815   14.499  0.003    2  1 
  51347.0850   14.500  0.003    2  1 
  51347.9550   14.602  0.003    2  1 
  51347.9581   14.605  0.003    2  1 
  51347.9877   14.585  0.004    2  1 
  51347.9914   14.587  0.004    2  1 
  51347.9948   14.583  0.004    2  1 
  51348.0181   14.551  0.004    2  1 
  51348.0211   14.539  0.004    2  1 
  51348.0849   14.465  0.006    2  1 
  51348.0897   14.461  0.005    2  1 
  51348.1054   14.457  0.005    2  1 
  51348.1088   14.461  0.005    2  1 
  51348.1122   14.462  0.005    2  1 
  51348.9528   14.588  0.003    2  1 
  51348.9557   14.590  0.004    2  1 
  51348.9795   14.554  0.003    2  1 
  51348.9824   14.551  0.003    2  1 
  51348.9941   14.530  0.003    2  1 
  51349.0152   14.500  0.004    2  1 
  51349.0189   14.499  0.004    2  1 
  51349.9596   14.527  0.003    2  1 
  51349.9627   14.524  0.003    2  1 
  51349.9911   14.496  0.003    2  1 
  51349.9944   14.485  0.003    2  1 
  51350.0097   14.478  0.004    2  1 
  51350.0128   14.471  0.003    2  1 
  51350.0228   14.465  0.004    2  1 
  51364.9643   14.552  0.004    2  1 
  51364.9677   14.560  0.003    2  1 
  51380.9714   14.472  0.003    2  1 
  51380.9769   14.472  0.003    2  1 
  51380.9801   14.466  0.003    2  1 
  51380.9845   14.467  0.003    2  1 
  51381.0066   14.477  0.003    2  1 
  51381.0096   14.479  0.003    2  1 
  51381.0136   14.486  0.003    2  1 
  51381.9638   14.474  0.003    2  1 
  51381.9679   14.467  0.004    2  1 
  51381.9716   14.473  0.004    2  1 
  51381.9917   14.485  0.004    2  1 
  51381.9946   14.490  0.004    2  1 
  51382.9605   14.481  0.003    2  1 
  51382.9652   14.493  0.003    2  1 
  51382.9682   14.490  0.005    2  1 
  51382.9887   14.520  0.004    2  1 
  51382.9916   14.521  0.004    2  1 
  51383.9595   14.522  0.003    2  1 
  51383.9621   14.534  0.003    2  1 
  51383.9648   14.530  0.003    2  1 
  51383.9826   14.559  0.003    2  1 
  51383.9853   14.563  0.004    2  1 
  51384.9631   14.573  0.003    2  1 
  51385.9557   14.593  0.003    2  1 
  51385.9788   14.604  0.003    2  1 
  51385.9814   14.603  0.003    2  1 
  51386.9731   14.600  0.004    2  1 
  51386.9769   14.595  0.004    2  1 
  51386.9807   14.592  0.004    2  1 
  51387.0101   14.558  0.004    2  1 
  51387.0139   14.542  0.004    2  1 
  51387.0177   14.550  0.004    2  1 
  51388.9571   14.541  0.006    2  1 
  51388.9622   14.540  0.005    2  1 
  51388.9659   14.519  0.005    2  1 
  51388.9899   14.497  0.005    2  1 
  51388.9932   14.493  0.005    2  1 
  51389.9629   14.495  0.003    2  1 
  51389.9656   14.484  0.003    2  1 
  51389.9683   14.489  0.003    2  1 
  51390.9578   14.473  0.003    2  1 
  51390.9604   14.476  0.003    2  1 
  51390.9631   14.469  0.004    2  1 
  51646.1374   14.610  0.004    2  1 
  51646.1447   14.605  0.006    2  1 
  51646.1486   14.598  0.005    2  1 
  51646.1532   14.593  0.005    2  1 
  51646.1570   14.597  0.007    2  1 
  51646.1609   14.586  0.007    2  1 
  51646.1649   14.583  0.006    2  1 
  51646.1687   14.574  0.005    2  1 
  51646.1727   14.561  0.005    2  1 
  51646.1764   14.559  0.004    2  1 
  51646.1801   14.549  0.005    2  1 
  51646.1837   14.548  0.004    2  1 
  51646.1871   14.544  0.005    2  1 
  51646.1907   14.533  0.005    2  1 
  51646.1944   14.526  0.005    2  1 
  51646.1983   14.520  0.004    2  1 
  51646.2025   14.517  0.004    2  1 
  51646.2065   14.514  0.004    2  1 
  51646.2100   14.505  0.004    2  1 
  51646.2138   14.502  0.004    2  1 
  51646.2172   14.499  0.004    2  1 
  51646.2206   14.502  0.004    2  1 
  51646.2245   14.495  0.004    2  1 
  51646.2283   14.489  0.004    2  1 
  51646.2320   14.490  0.004    2  1 
  51646.2362   14.483  0.003    2  1 
  51646.2426   14.480  0.003    2  1 
  51646.2457   14.480  0.003    2  1 
  51646.2489   14.473  0.003    2  1 
  51646.2523   14.469  0.004    2  1 
  51646.2557   14.473  0.004    2  1 
  51646.2591   14.480  0.004    2  1 
  51646.2626   14.459  0.005    2  1 
  51646.2660   14.467  0.004    2  1 
  51646.2694   14.458  0.006    2  1 
  51646.2730   14.452  0.007    2  1 
  51646.2852   14.457  0.007    2  1 
  51646.2895   14.477  0.005    2  1 
  51646.2986   14.464  0.007    2  1 
  51646.3027   14.468  0.008    2  1 
  51646.3070   14.483  0.006    2  1 
  51646.3111   14.498  0.005    2  1 
  51646.3151   14.496  0.004    2  1 
  51646.3189   14.501  0.004    2  1 
  51646.3225   14.515  0.004    2  1 
  51646.3260   14.516  0.004    2  1 
  51646.3296   14.516  0.004    2  1 
  51646.3330   14.514  0.004    2  1 
  51646.3377   14.534  0.004    2  1 
  51646.3414   14.532  0.004    2  1 
  51646.3451   14.534  0.004    2  1 
  51646.3496   14.540  0.004    2  1 
  51646.3530   14.551  0.005    2  1 
  51646.3568   14.556  0.004    2  1 
  51646.3602   14.555  0.007    2  1 
  51646.3637   14.564  0.006    2  1 
  51646.3679   14.572  0.005    2  1 
  51646.3713   14.572  0.005    2  1 
  51646.3746   14.589  0.008    2  1 
  51671.0721   14.476  0.004    2  1 
  51671.0771   14.466  0.005    2  1 
  51671.1013   14.471  0.004    2  1 
  51671.1053   14.475  0.004    2  1 
  51671.1107   14.474  0.004    2  1 
  51671.1151   14.474  0.004    2  1 
  51671.1292   14.493  0.004    2  1 
  51671.9878   14.523  0.003    2  1 
  51671.9920   14.516  0.003    2  1 
  51672.0277   14.479  0.004    2  1 
  51672.0316   14.477  0.003    2  1 
  51672.0822   14.480  0.003    2  1 
  51674.0685   14.541  0.005    2  1 
  51674.0726   14.543  0.006    2  1 
  51674.1052   14.584  0.005    2  1 
  51674.1117   14.591  0.005    2  1 
  51674.1260   14.598  0.004    2  1 
  51674.1296   14.604  0.004    2  1 
  51674.1332   14.605  0.004    2  1 
  51674.1368   14.615  0.004    2  1 
  51674.1405   14.615  0.004    2  1 
  51674.1444   14.610  0.004    2  1 
  51674.9689   14.472  0.004    2  1 
  51674.9724   14.471  0.004    2  1 
  51674.9867   14.487  0.004    2  1 
  51674.9911   14.491  0.004    2  1 
  51675.0041   14.504  0.005    2  1 
  51675.0121   14.512  0.005    2  1 
  51675.0159   14.504  0.006    2  1 
  51675.0253   14.532  0.004    2  1 
  51675.0289   14.526  0.003    2  1 
  51675.0351   14.536  0.004    2  1 
  51675.0465   14.558  0.004    2  1 
  51675.0521   14.567  0.005    2  1 
  51675.0558   14.560  0.004    2  1 
  51675.0622   14.570  0.004    2  1 
  51675.0661   14.580  0.004    2  1 
  51675.0719   14.587  0.004    2  1 
  51675.0756   14.590  0.005    2  1 
  51675.0814   14.591  0.004    2  1 
  51675.0858   14.594  0.004    2  1 
  51675.0927   14.605  0.004    2  1 
  51675.0970   14.606  0.004    2  1 
  51675.9751   14.505  0.003    2  1 
  51675.9802   14.510  0.004    2  1 
  51675.9906   14.525  0.003    2  1 
  51675.9939   14.535  0.003    2  1 
  51675.9971   14.529  0.004    2  1 
  51676.0005   14.530  0.003    2  1 
  51676.0036   14.534  0.003    2  1 
  51676.0067   14.546  0.004    2  1 
  51676.0112   14.548  0.004    2  1 
  51676.0240   14.567  0.005    2  1 
  51676.0301   14.571  0.004    2  1 
  51676.9616   14.522  0.005    2  1 
  51676.9713   14.535  0.005    2  1 
  51676.9757   14.543  0.005    2  1 
  51676.9867   14.562  0.006    2  1 
  51676.9919   14.562  0.009    2  1 
  51676.9969   14.574  0.007    2  1 
  51677.0090   14.592  0.006    2  1 
  51677.0126   14.584  0.005    2  1 
  51677.0180   14.596  0.006    2  1 
  51677.0226   14.593  0.006    2  1 
  51677.0271   14.606  0.006    2  1 
  51677.0318   14.604  0.006    2  1 
  51677.0362   14.609  0.006    2  1 
  51677.0410   14.612  0.006    2  1 
  51677.0453   14.609  0.006    2  1 
  51677.0499   14.611  0.006    2  1 
  51677.0580   14.615  0.006    2  1 
  51677.0628   14.618  0.006    2  1 
  51677.0672   14.612  0.006    2  1 
  51677.0713   14.614  0.006    2  1 
  51677.0751   14.616  0.006    2  1 
  51677.0793   14.611  0.005    2  1 
  51677.0835   14.609  0.005    2  1 
  51677.0877   14.603  0.005    2  1 
  51677.0918   14.599  0.005    2  1 
  51677.0956   14.600  0.005    2  1 
  51677.0996   14.604  0.007    2  1 
  51677.1044   14.591  0.006    2  1 
  51677.1082   14.591  0.008    2  1 
  51677.1121   14.580  0.006    2  1 
  51677.1160   14.577  0.006    2  1 
  51677.1199   14.567  0.007    2  1 
  51677.1238   14.554  0.006    2  1 
  51677.1276   14.549  0.006    2  1 
  51677.1315   14.551  0.006    2  1 
  51677.1353   14.542  0.006    2  1 
  51677.1396   14.529  0.006    2  1 
  51677.1434   14.527  0.006    2  1 
  51677.1476   14.520  0.005    2  1 
  51677.1520   14.514  0.005    2  1 
  51677.1564   14.503  0.005    2  1 
  51677.1603   14.503  0.005    2  1 
  51677.1642   14.502  0.005    2  1 
  51677.1680   14.498  0.005    2  1 
  51677.1719   14.492  0.005    2  1 
  51677.1759   14.485  0.005    2  1 
  51677.1797   14.491  0.005    2  1 
  51677.1836   14.477  0.006    2  1 
  51677.1883   14.474  0.005    2  1 
  51677.1922   14.481  0.005    2  1 
  51677.1960   14.477  0.005    2  1 
  51677.1999   14.473  0.005    2  1 
  51677.2038   14.475  0.005    2  1 
  51677.2083   14.478  0.005    2  1 
  51677.2133   14.470  0.005    2  1 
  51677.2176   14.453  0.008    2  1 
  51677.2233   14.463  0.007    2  1 
  51677.2335   14.471  0.008    2  1 
  51677.2391   14.476  0.008    2  1 
  51677.2524   14.481  0.006    2  1 
  51677.2571   14.491  0.006    2  1 
  51677.2620   14.493  0.006    2  1 
  51677.2664   14.504  0.006    2  1 
  51677.2708   14.510  0.005    2  1 
  51691.0409   14.487  0.003    2  1 
  51691.0444   14.484  0.003    2  1 
  51691.0509   14.475  0.003    2  1 
  51691.0543   14.480  0.003    2  1 
  51691.0579   14.473  0.003    2  1 
  51691.0633   14.469  0.002    2  1 
  51691.0670   14.471  0.002    2  1 
  51691.0711   14.473  0.003    2  1 
  51691.0770   14.471  0.003    2  1 
  51691.0805   14.472  0.003    2  1 
  51691.0840   14.472  0.003    2  1 
  51691.0896   14.480  0.003    2  1 
  51691.0931   14.482  0.003    2  1 
  51691.0971   14.479  0.003    2  1 
  51691.1040   14.479  0.003    2  1 
  51691.1083   14.488  0.003    2  1 
  51691.1122   14.494  0.003    2  1 
  51691.1180   14.499  0.003    2  1 
  51691.1214   14.496  0.003    2  1 
  51691.1249   14.506  0.003    2  1 
  51691.1323   14.517  0.003    2  1 
  51691.1357   14.511  0.003    2  1 
  51691.1392   14.521  0.003    2  1 
  51691.1448   14.523  0.003    2  1 
  51691.1522   14.534  0.002    2  1 
  51691.1561   14.533  0.002    2  1 
  51693.0130   14.475  0.004    2  1 
  51693.0165   14.462  0.003    2  1 
  51693.0248   14.473  0.004    2  1 
  51693.0305   14.479  0.003    2  1 
  51693.0340   14.475  0.004    2  1 
  51693.0378   14.468  0.003    2  1 
  51694.0082   14.488  0.003    2  1 
  51694.0114   14.485  0.003    2  1 
  51694.0148   14.489  0.003    2  1 
  51694.0234   14.489  0.003    2  1 
  51694.0267   14.510  0.003    2  1 
  51694.0319   14.510  0.003    2  1 
  51694.0351   14.508  0.003    2  1 
  51694.0384   14.519  0.003    2  1 
  51694.0418   14.520  0.003    2  1 
  51694.0505   14.531  0.003    2  1 
  51694.0537   14.543  0.003    2  1 
  51694.0590   14.545  0.003    2  1 
  51694.0623   14.548  0.003    2  1 
  51694.0656   14.544  0.003    2  1 
  51694.0714   14.557  0.003    2  1 
  51694.0748   14.551  0.003    2  1 
  51694.0781   14.562  0.003    2  1 
  51694.0836   14.580  0.003    2  1 
  51694.0868   14.577  0.003    2  1 
  51694.0957   14.584  0.003    2  1 
  51694.1075   14.592  0.003    2  1 
  51694.1106   14.596  0.003    2  1 
  51694.1190   14.603  0.003    2  1 
  51694.1221   14.600  0.003    2  1 
  51694.1252   14.605  0.003    2  1 
  51694.1286   14.606  0.003    2  1 
  51695.0280   14.544  0.003    2  1 
  51697.9712   14.591  0.004    2  1 
  51697.9818   14.595  0.004    2  1 
  51765.9746   14.582  0.004    2  1 
  51765.9783   14.587  0.004    2  1 
  51765.9820   14.590  0.004    2  1 
  51766.0194   14.627  0.005    2  1 
  51766.0229   14.622  0.005    2  1 
  51216.3063   14.814  0.003    3  1 
  51216.3342   14.840  0.003    3  1 
  51216.3572   14.868  0.003    3  1 
  51216.3847   14.898  0.004    3  1 
  51217.2936   14.827  0.003    3  1 
  51217.3214   14.868  0.003    3  1 
  51217.3852   14.925  0.003    3  1 
  51218.2935   14.881  0.004    3  1 
  51218.3212   14.913  0.003    3  1 
  51218.3442   14.925  0.003    3  1 
  51218.3704   14.931  0.003    3  1 
  51219.2811   14.916  0.002    3  1 
  51219.2844   14.919  0.003    3  1 
  51219.3053   14.933  0.003    3  1 
  51219.3228   14.940  0.003    3  1 
  51219.3465   14.939  0.003    3  1 
  51219.3676   14.924  0.003    3  1 
  51219.3851   14.892  0.003    3  1 
  51220.2805   14.940  0.003    3  1 
  51220.2995   14.943  0.003    3  1 
  51220.3171   14.941  0.003    3  1 
  51220.3349   14.935  0.003    3  1 
  51220.3523   14.896  0.003    3  1 
  51220.3689   14.860  0.003    3  1 
  51220.3877   14.823  0.004    3  1 
  51221.2691   14.959  0.003    3  1 
  51221.2915   14.945  0.003    3  1 
  51221.3097   14.926  0.003    3  1 
  51221.3270   14.895  0.003    3  1 
  51221.3437   14.863  0.003    3  1 
  51221.3619   14.823  0.003    3  1 
  51221.3854   14.781  0.003    3  1 
  51283.2237   14.870  0.003    3  1 
  51283.2601   14.799  0.003    3  1 
  51283.2830   14.773  0.003    3  1 
  51283.3050   14.750  0.003    3  1 
  51283.3367   14.747  0.003    3  1 
  51283.3600   14.774  0.003    3  1 
  51284.2056   14.835  0.003    3  1 
  51284.2337   14.794  0.003    3  1 
  51284.2542   14.769  0.003    3  1 
  51284.2806   14.751  0.003    3  1 
  51284.3075   14.761  0.003    3  1 
  51284.3333   14.787  0.003    3  1 
  51285.0371   14.941  0.003    3  1 
  51285.0646   14.956  0.003    3  1 
  51285.0885   14.960  0.003    3  1 
  51285.1182   14.942  0.003    3  1 
  51285.1470   14.901  0.003    3  1 
  51285.1698   14.865  0.003    3  1 
  51285.1988   14.797  0.003    3  1 
  51285.2270   14.772  0.003    3  1 
  51285.2539   14.757  0.003    3  1 
  51285.2851   14.773  0.003    3  1 
  51285.3202   14.811  0.003    3  1 
  51285.3496   14.862  0.003    3  1 
  51286.0308   14.985  0.002    3  1 
  51286.0619   14.981  0.003    3  1 
  51286.0871   14.954  0.003    3  1 
  51286.0921   14.953  0.003    3  1 
  51286.1226   14.897  0.003    3  1 
  51286.1512   14.838  0.003    3  1 
  51286.1789   14.791  0.003    3  1 
  51286.2076   14.768  0.003    3  1 
  51286.2389   14.766  0.003    3  1 
  51286.2613   14.792  0.003    3  1 
  51286.2889   14.818  0.003    3  1 
  51286.3108   14.849  0.003    3  1 
  51286.3335   14.884  0.003    3  1 
  51286.3566   14.912  0.003    3  1 
  51304.9734   14.896  0.003    3  1 
  51305.0076   14.909  0.003    3  1 
  51305.0510   14.943  0.003    3  1 
  51305.0770   14.950  0.003    3  1 
  51305.1004   14.938  0.003    3  1 
  51305.1407   14.872  0.004    3  1 
  51305.1707   14.812  0.003    3  1 
  51305.1996   14.775  0.003    3  1 
  51305.2299   14.756  0.003    3  1 
  51305.2561   14.763  0.003    3  1 
  51305.2836   14.780  0.003    3  1 
  51305.3139   14.823  0.004    3  1 
  51305.9733   14.932  0.003    3  1 
  51306.0117   14.960  0.003    3  1 
  51306.0157   14.967  0.003    3  1 
  51306.0375   14.960  0.003    3  1 
  51306.0735   14.937  0.003    3  1 
  51306.1026   14.889  0.003    3  1 
  51306.1285   14.836  0.003    3  1 
  51306.1517   14.792  0.004    3  1 
  51306.1807   14.770  0.003    3  1 
  51306.2059   14.759  0.002    3  1 
  51306.2269   14.755  0.003    3  1 
  51306.2491   14.777  0.003    3  1 
  51306.2725   14.809  0.003    3  1 
  51306.2932   14.852  0.003    3  1 
  51307.9986   14.970  0.003    3  1 
  51308.0249   14.936  0.003    3  1 
  51308.0524   14.876  0.003    3  1 
  51308.0811   14.833  0.002    3  1 
  51308.0851   14.826  0.002    3  1 
  51308.1202   14.781  0.003    3  1 
  51310.1272   14.822  0.003    3  1 
  51310.1308   14.820  0.003    3  1 
  51314.9714   14.872  0.003    3  1 
  51315.0138   14.922  0.003    3  1 
  51315.0372   14.941  0.003    3  1 
  51315.0710   14.946  0.003    3  1 
  51315.0946   14.930  0.003    3  1 
  51315.1180   14.895  0.003    3  1 
  51316.0363   14.947  0.003    3  1 
  51316.0597   14.939  0.003    3  1 
  51316.0832   14.906  0.003    3  1 
  51316.1079   14.864  0.003    3  1 
  51316.9780   14.952  0.003    3  1 
  51317.0013   14.965  0.003    3  1 
  51317.0241   14.958  0.004    3  1 
  51317.0523   14.910  0.004    3  1 
  51317.0782   14.862  0.003    3  1 
  51317.1035   14.807  0.003    3  1 
  51317.9808   14.971  0.003    3  1 
  51318.0060   14.947  0.004    3  1 
  51318.0331   14.897  0.004    3  1 
  51318.0898   14.786  0.004    3  1 
  51318.1183   14.766  0.005    3  1 
  51318.9811   14.947  0.003    3  1 
  51319.0058   14.897  0.003    3  1 
  51319.0315   14.837  0.003    3  1 
  51319.0717   14.783  0.003    3  1 
  51319.0961   14.772  0.003    3  1 
  51320.1175   14.817  0.002    3  1 
  51320.9771   14.851  0.003    3  1 
  51321.0434   14.800  0.002    3  1 
  51321.0965   14.825  0.003    3  1 
  51321.1252   14.870  0.003    3  1 
  51333.0403   14.853  0.003    3  1 
  51333.1062   14.919  0.003    3  1 
  51334.9989   14.909  0.003    3  1 
  51335.0432   14.937  0.003    3  1 
  51335.0972   14.908  0.003    3  1 
  51335.1083   14.884  0.004    3  1 
  51336.0103   14.949  0.003    3  1 
  51336.0508   14.922  0.003    3  1 
  51336.0891   14.866  0.003    3  1 
  51338.0075   14.905  0.004    3  1 
  51338.9740   14.908  0.003    3  1 
  51339.0046   14.853  0.003    3  1 
  51339.0385   14.796  0.003    3  1 
  51339.0685   14.767  0.003    3  1 
  51339.1006   14.767  0.003    3  1 
  51339.1280   14.789  0.003    3  1 
  51339.9665   14.871  0.003    3  1 
  51339.9935   14.817  0.003    3  1 
  51340.0189   14.787  0.003    3  1 
  51340.0441   14.768  0.003    3  1 
  51340.0753   14.780  0.003    3  1 
  51340.1041   14.800  0.004    3  1 
  51345.0430   14.930  0.003    3  1 
  51345.0736   14.920  0.003    3  1 
  51345.9747   14.919  0.004    3  1 
  51346.0101   14.935  0.004    3  1 
  51346.0388   14.925  0.003    3  1 
  51346.0670   14.880  0.003    3  1 
  51347.0317   14.895  0.003    3  1 
  51347.0645   14.834  0.003    3  1 
  51347.0896   14.789  0.002    3  1 
  51347.9638   14.945  0.003    3  1 
  51348.0146   14.871  0.003    3  1 
  51348.9591   14.922  0.003    3  1 
  51349.0243   14.802  0.003    3  1 
  51349.9679   14.843  0.003    3  1 
  51364.9721   14.898  0.003    3  1 
  51380.9890   14.758  0.003    3  1 
  51381.9751   14.773  0.003    3  1 
  51382.9716   14.805  0.003    3  1 
  51383.9680   14.850  0.003    3  1 
  51384.9688   14.891  0.002    3  1 
  51385.9645   14.922  0.003    3  1 
  51386.9859   14.895  0.003    3  1 
  51388.9699   14.828  0.003    3  1 
  51389.9715   14.780  0.003    3  1 
  51390.9663   14.771  0.002    3  1 
  51391.9664   14.776  0.002    3  1 
  51672.0213   14.825  0.003    3  1 
  51674.0796   14.890  0.004    3  1 
  51674.9989   14.832  0.004    3  1 
  51675.0396   14.884  0.003    3  1 
  51693.0053   14.786  0.003    3  1 
  51694.0012   14.800  0.003    3  1 
  51695.0214   14.892  0.003    3  1 
  51765.9863   14.906  0.003    3  1 
  51766.0153   14.937  0.004    3  1 
 56468.97641   13.392  0.082   -1  1 
 56469.04707   13.266  0.057   -1  1 
 56469.10896   13.304  0.066   -1  1 
 56469.17285   13.539  0.016   -1  1 
 56471.00364   13.509  0.036   -1  1 
 56471.06640   13.616  0.016   -1  1 
 56471.12490   13.485  0.020   -1  1 
 56471.18188   13.507  0.013   -1  1 
 56471.96759   13.283  0.038   -1  1 
 56472.03374   13.497  0.018   -1  1 
 56472.09484   13.562  0.021   -1  1 
 56472.15243   13.514  0.011   -1  1 
 56468.95296   13.312  0.091   -2  1 
 56469.02441   13.362  0.065   -2  1 
 56469.08813   13.290  0.040   -2  1 
 56469.15134   13.423  0.037   -2  1 
 56471.02588   13.292  0.042   -2  1 
 56471.08671   13.346  0.020   -2  1 
 56471.14302   13.413  0.017   -2  1 
 56471.94704   13.523  0.022   -2  1 
 56472.01085   13.334  0.038   -2  1 
 56472.07480   13.373  0.021   -2  1 
 56472.13240   13.475  0.010   -2  1 
 56472.19216   13.414  0.014   -2  1 
 56469.00041   13.595  0.038   -5  1 
 56469.06767   13.642  0.017   -5  1 
 56469.13003   13.584  0.019   -5  1 
 56469.19349   13.642  0.012   -5  1 
 56470.98130   13.703  0.012   -5  1 
 56471.04693   13.655  0.020   -5  1 
 56471.10523   13.616  0.012   -5  1 
 56471.16397   13.663  0.010   -5  1 
 56471.98857   13.678  0.022   -5  1 
 56472.05430   13.667  0.023   -5  1 
 56472.11383   13.546  0.013   -5  1 
 56472.17109   13.570  0.009   -5  1 
