  51216.3218   14.661  0.005    2  1 
  51216.3464   14.664  0.005    2  1 
  51216.3689   14.646  0.005    2  1 
  51216.3980   14.601  0.006    2  1 
  51217.3101   14.647  0.005    2  1 
  51217.3328   14.604  0.004    2  1 
  51217.3552   14.547  0.004    2  1 
  51217.3759   14.495  0.004    2  1 
  51217.3953   14.470  0.004    2  1 
  51218.2773   14.594  0.005    2  1 
  51218.3093   14.508  0.004    2  1 
  51218.3298   14.469  0.004    2  1 
  51218.3573   14.450  0.004    2  1 
  51218.3794   14.452  0.004    2  1 
  51219.2978   14.452  0.004    2  1 
  51219.3149   14.452  0.004    2  1 
  51219.3336   14.464  0.004    2  1 
  51219.3596   14.502  0.004    2  1 
  51219.3768   14.528  0.004    2  1 
  51220.2621   14.452  0.004    2  1 
  51220.2906   14.485  0.004    2  1 
  51220.3077   14.517  0.004    2  1 
  51220.3257   14.544  0.004    2  1 
  51220.3432   14.584  0.004    2  1 
  51220.3602   14.613  0.004    2  1 
  51220.3776   14.635  0.004    2  1 
  51221.2835   14.580  0.004    2  1 
  51221.3009   14.614  0.004    2  1 
  51221.3188   14.641  0.004    2  1 
  51221.3358   14.659  0.004    2  1 
  51221.3538   14.667  0.005    2  1 
  51221.3722   14.656  0.004    2  1 
  51283.2451   14.486  0.004    2  1 
  51283.2493   14.491  0.004    2  1 
  51283.2714   14.523  0.004    2  1 
  51283.2748   14.536  0.004    2  1 
  51283.2939   14.570  0.004    2  1 
  51283.2972   14.579  0.004    2  1 
  51283.3202   14.620  0.004    2  1 
  51283.3234   14.622  0.004    2  1 
  51283.3487   14.655  0.004    2  1 
  51283.3518   14.659  0.004    2  1 
  51283.3707   14.660  0.004    2  1 
  51283.3738   14.663  0.004    2  1 
  51284.2195   14.546  0.004    2  1 
  51284.2229   14.555  0.004    2  1 
  51284.2413   14.585  0.004    2  1 
  51284.2443   14.596  0.004    2  1 
  51284.2617   14.622  0.004    2  1 
  51284.2648   14.629  0.004    2  1 
  51284.2942   14.663  0.004    2  1 
  51284.2973   14.660  0.004    2  1 
  51284.3168   14.666  0.004    2  1 
  51284.3211   14.667  0.005    2  1 
  51284.3428   14.656  0.005    2  1 
  51284.3464   14.640  0.004    2  1 
  51285.0513   14.477  0.003    2  1 
  51285.0543   14.469  0.003    2  1 
  51285.0739   14.445  0.004    2  1 
  51285.0778   14.457  0.004    2  1 
  51285.0975   14.457  0.004    2  1 
  51285.1006   14.452  0.004    2  1 
  51285.1324   14.489  0.004    2  1 
  51285.1360   14.494  0.004    2  1 
  51285.1558   14.536  0.003    2  1 
  51285.1588   14.544  0.004    2  1 
  51285.1796   14.582  0.004    2  1 
  51285.1830   14.588  0.004    2  1 
  51285.2125   14.642  0.004    2  1 
  51285.2157   14.643  0.004    2  1 
  51285.2362   14.668  0.005    2  1 
  51285.2426   14.662  0.004    2  1 
  51285.2630   14.666  0.005    2  1 
  51285.2666   14.667  0.005    2  1 
  51285.2998   14.608  0.004    2  1 
  51285.3033   14.595  0.004    2  1 
  51285.3308   14.530  0.004    2  1 
  51285.3348   14.515  0.004    2  1 
  51285.3382   14.506  0.004    2  1 
  51286.0461   14.460  0.003    2  1 
  51286.0493   14.472  0.003    2  1 
  51286.0716   14.498  0.004    2  1 
  51286.0753   14.505  0.003    2  1 
  51286.1026   14.553  0.004    2  1 
  51286.1061   14.562  0.004    2  1 
  51286.1365   14.614  0.004    2  1 
  51286.1398   14.622  0.004    2  1 
  51286.1608   14.656  0.004    2  1 
  51286.1639   14.655  0.004    2  1 
  51286.1669   14.654  0.004    2  1 
  51286.1875   14.665  0.004    2  1 
  51286.1908   14.671  0.004    2  1 
  51286.2255   14.639  0.004    2  1 
  51286.2285   14.640  0.004    2  1 
  51286.2476   14.591  0.004    2  1 
  51286.2508   14.589  0.004    2  1 
  51286.2697   14.538  0.004    2  1 
  51286.2727   14.530  0.004    2  1 
  51286.3022   14.471  0.004    2  1 
  51286.3055   14.462  0.004    2  1 
  51286.3218   14.452  0.004    2  1 
  51286.3250   14.454  0.004    2  1 
  51286.3450   14.445  0.004    2  1 
  51286.3481   14.448  0.004    2  1 
  51304.9873   14.669  0.004    2  1 
  51304.9926   14.664  0.004    2  1 
  51305.0328   14.614  0.004    2  1 
  51305.0362   14.602  0.004    2  1 
  51305.0559   14.554  0.004    2  1 
  51305.0599   14.539  0.004    2  1 
  51305.0890   14.481  0.004    2  1 
  51305.0922   14.471  0.004    2  1 
  51305.1235   14.444  0.004    2  1 
  51305.1269   14.447  0.004    2  1 
  51305.1509   14.462  0.005    2  1 
  51305.1547   14.458  0.005    2  1 
  51305.1853   14.506  0.004    2  1 
  51305.1885   14.510  0.004    2  1 
  51305.2098   14.550  0.004    2  1 
  51305.2128   14.561  0.004    2  1 
  51305.2431   14.619  0.004    2  1 
  51305.2461   14.622  0.004    2  1 
  51305.2704   14.657  0.004    2  1 
  51305.2734   14.662  0.004    2  1 
  51305.2966   14.673  0.004    2  1 
  51305.2995   14.671  0.005    2  1 
  51305.9857   14.585  0.003    2  1 
  51305.9885   14.576  0.003    2  1 
  51305.9912   14.567  0.003    2  1 
  51306.0256   14.486  0.003    2  1 
  51306.0285   14.480  0.003    2  1 
  51306.0465   14.460  0.004    2  1 
  51306.0498   14.463  0.003    2  1 
  51306.0896   14.457  0.004    2  1 
  51306.0930   14.457  0.004    2  1 
  51306.1123   14.486  0.003    2  1 
  51306.1151   14.490  0.003    2  1 
  51306.1375   14.528  0.004    2  1 
  51306.1405   14.533  0.004    2  1 
  51306.1636   14.578  0.004    2  1 
  51306.1673   14.591  0.004    2  1 
  51306.1937   14.630  0.003    2  1 
  51306.1966   14.637  0.003    2  1 
  51306.2146   14.657  0.004    2  1 
  51306.2178   14.662  0.004    2  1 
  51306.2343   14.664  0.003    2  1 
  51306.2380   14.669  0.003    2  1 
  51306.2574   14.663  0.003    2  1 
  51306.2602   14.656  0.003    2  1 
  51306.2805   14.623  0.003    2  1 
  51306.2835   14.619  0.003    2  1 
  51306.3009   14.580  0.004    2  1 
  51306.3038   14.572  0.004    2  1 
  51306.3135   14.542  0.004    2  1 
  51306.3184   14.528  0.004    2  1 
  51307.0456   14.476  0.004    2  1 
  51307.0501   14.485  0.005    2  1 
  51307.0593   14.496  0.003    2  1 
  51307.0645   14.509  0.004    2  1 
  51307.0699   14.512  0.010    2  1 
  51307.0747   14.519  0.006    2  1 
  51308.0084   14.513  0.003    2  1 
  51308.0112   14.518  0.003    2  1 
  51308.0334   14.557  0.003    2  1 
  51308.0362   14.564  0.003    2  1 
  51308.0394   14.568  0.003    2  1 
  51308.0633   14.620  0.003    2  1 
  51308.0663   14.622  0.003    2  1 
  51308.0995   14.665  0.003    2  1 
  51308.1031   14.665  0.003    2  1 
  51308.1280   14.666  0.004    2  1 
  51308.1309   14.669  0.004    2  1 
  51310.0850   14.517  0.003    2  1 
  51310.0874   14.499  0.002    2  1 
  51310.0897   14.498  0.002    2  1 
  51310.0922   14.503  0.003    2  1 
  51310.1430   14.451  0.003    2  1 
  51310.1458   14.454  0.003    2  1 
  51310.1486   14.450  0.004    2  1 
  51311.0244   14.505  0.006    2  1 
  51311.0302   14.498  0.005    2  1 
  51311.0334   14.493  0.005    2  1 
  51311.0506   14.473  0.003    2  1 
  51311.0539   14.462  0.003    2  1 
  51311.0637   14.455  0.004    2  1 
  51311.0669   14.455  0.004    2  1 
  51311.0702   14.445  0.003    2  1 
  51311.0907   14.446  0.004    2  1 
  51311.0946   14.452  0.004    2  1 
  51311.0980   14.458  0.004    2  1 
  51311.1015   14.452  0.004    2  1 
  51311.1071   14.459  0.004    2  1 
  51311.1298   14.492  0.004    2  1 
  51311.1327   14.493  0.004    2  1 
  51311.1357   14.500  0.004    2  1 
  51311.1398   14.502  0.004    2  1 
  51311.1447   14.517  0.004    2  1 
  51311.9726   14.492  0.005    2  1 
  51311.9755   14.484  0.004    2  1 
  51312.0020   14.459  0.004    2  1 
  51312.0049   14.455  0.004    2  1 
  51312.0255   14.449  0.004    2  1 
  51312.0284   14.455  0.003    2  1 
  51312.0314   14.452  0.003    2  1 
  51312.0584   14.472  0.003    2  1 
  51312.0611   14.483  0.003    2  1 
  51312.0638   14.487  0.003    2  1 
  51312.0903   14.535  0.003    2  1 
  51312.0929   14.537  0.003    2  1 
  51312.0955   14.551  0.003    2  1 
  51312.1146   14.575  0.004    2  1 
  51312.1173   14.580  0.003    2  1 
  51312.1200   14.587  0.003    2  1 
  51312.9860   14.465  0.003    2  1 
  51312.9887   14.466  0.003    2  1 
  51312.9913   14.469  0.003    2  1 
  51313.0096   14.500  0.003    2  1 
  51313.0123   14.504  0.003    2  1 
  51313.0149   14.505  0.003    2  1 
  51313.0333   14.537  0.003    2  1 
  51313.0360   14.551  0.004    2  1 
  51313.0386   14.551  0.003    2  1 
  51313.0413   14.559  0.004    2  1 
  51313.0595   14.593  0.003    2  1 
  51313.0622   14.590  0.003    2  1 
  51313.0648   14.601  0.003    2  1 
  51313.0911   14.645  0.004    2  1 
  51313.0937   14.647  0.004    2  1 
  51313.0964   14.647  0.003    2  1 
  51313.1146   14.662  0.004    2  1 
  51313.1172   14.665  0.004    2  1 
  51313.1199   14.668  0.004    2  1 
  51313.1226   14.665  0.004    2  1 
  51313.9843   14.570  0.004    2  1 
  51313.9872   14.565  0.004    2  1 
  51313.9901   14.576  0.004    2  1 
  51314.0178   14.629  0.004    2  1 
  51314.0207   14.631  0.004    2  1 
  51314.0236   14.632  0.004    2  1 
  51314.0432   14.659  0.004    2  1 
  51314.0461   14.662  0.004    2  1 
  51314.0490   14.662  0.004    2  1 
  51314.0772   14.668  0.004    2  1 
  51314.0802   14.664  0.004    2  1 
  51314.0831   14.665  0.004    2  1 
  51314.1030   14.645  0.004    2  1 
  51314.1059   14.643  0.005    2  1 
  51314.1088   14.631  0.004    2  1 
  51314.1289   14.577  0.004    2  1 
  51314.1333   14.582  0.004    2  1 
  51314.1363   14.568  0.004    2  1 
  51314.9827   14.659  0.004    2  1 
  51314.9856   14.658  0.004    2  1 
  51314.9885   14.661  0.004    2  1 
  51315.0015   14.668  0.004    2  1 
  51315.0043   14.670  0.004    2  1 
  51315.0069   14.668  0.004    2  1 
  51315.0251   14.661  0.003    2  1 
  51315.0277   14.656  0.004    2  1 
  51315.0304   14.652  0.003    2  1 
  51315.0489   14.632  0.003    2  1 
  51315.0516   14.625  0.003    2  1 
  51315.0542   14.626  0.003    2  1 
  51315.0780   14.556  0.003    2  1 
  51315.0807   14.552  0.003    2  1 
  51315.0833   14.543  0.004    2  1 
  51315.1015   14.501  0.004    2  1 
  51315.1041   14.501  0.004    2  1 
  51315.1068   14.492  0.003    2  1 
  51315.1290   14.452  0.004    2  1 
  51315.1319   14.453  0.004    2  1 
  51316.0194   14.550  0.003    2  1 
  51316.0221   14.546  0.003    2  1 
  51316.0247   14.540  0.003    2  1 
  51316.0431   14.499  0.003    2  1 
  51316.0458   14.489  0.003    2  1 
  51316.0485   14.483  0.003    2  1 
  51316.0667   14.454  0.004    2  1 
  51316.0693   14.457  0.004    2  1 
  51316.0720   14.461  0.003    2  1 
  51316.0905   14.455  0.004    2  1 
  51316.0934   14.449  0.004    2  1 
  51316.0963   14.450  0.004    2  1 
  51316.1148   14.463  0.003    2  1 
  51316.1175   14.470  0.003    2  1 
  51316.1201   14.467  0.003    2  1 
  51316.9647   14.538  0.004    2  1 
  51316.9676   14.524  0.004    2  1 
  51316.9705   14.518  0.004    2  1 
  51316.9896   14.484  0.003    2  1 
  51316.9923   14.472  0.003    2  1 
  51316.9949   14.474  0.003    2  1 
  51317.0088   14.457  0.004    2  1 
  51317.0117   14.458  0.004    2  1 
  51317.0321   14.447  0.004    2  1 
  51317.0351   14.449  0.004    2  1 
  51317.0391   14.452  0.004    2  1 
  51317.0602   14.468  0.004    2  1 
  51317.0631   14.469  0.004    2  1 
  51317.0660   14.474  0.004    2  1 
  51317.0858   14.504  0.004    2  1 
  51317.0887   14.510  0.004    2  1 
  51317.0916   14.513  0.004    2  1 
  51317.1111   14.551  0.004    2  1 
  51317.1140   14.555  0.004    2  1 
  51317.1169   14.560  0.004    2  1 
  51317.9628   14.445  0.004    2  1 
  51317.9657   14.438  0.005    2  1 
  51317.9685   14.442  0.004    2  1 
  51317.9883   14.450  0.004    2  1 
  51317.9912   14.452  0.004    2  1 
  51317.9941   14.459  0.004    2  1 
  51318.0135   14.486  0.004    2  1 
  51318.0164   14.480  0.005    2  1 
  51318.0194   14.498  0.005    2  1 
  51318.0413   14.538  0.005    2  1 
  51318.0445   14.543  0.005    2  1 
  51318.0477   14.549  0.005    2  1 
  51318.0697   14.590  0.005    2  1 
  51318.0730   14.601  0.006    2  1 
  51318.0762   14.606  0.005    2  1 
  51318.0981   14.658  0.006    2  1 
  51318.1014   14.648  0.005    2  1 
  51318.1265   14.684  0.006    2  1 
  51318.1298   14.684  0.006    2  1 
  51318.9642   14.505  0.003    2  1 
  51318.9680   14.517  0.004    2  1 
  51318.9708   14.516  0.004    2  1 
  51318.9737   14.520  0.004    2  1 
  51318.9929   14.555  0.004    2  1 
  51318.9956   14.564  0.004    2  1 
  51318.9983   14.564  0.004    2  1 
  51319.0180   14.609  0.005    2  1 
  51319.0209   14.613  0.004    2  1 
  51319.0238   14.618  0.004    2  1 
  51319.0443   14.644  0.004    2  1 
  51319.0474   14.650  0.004    2  1 
  51319.0505   14.654  0.005    2  1 
  51319.0793   14.665  0.004    2  1 
  51319.0820   14.668  0.004    2  1 
  51319.0847   14.663  0.003    2  1 
  51319.1030   14.655  0.004    2  1 
  51319.1084   14.649  0.004    2  1 
  51319.1110   14.645  0.004    2  1 
  51320.1030   14.526  0.003    2  1 
  51320.1053   14.519  0.003    2  1 
  51320.1076   14.509  0.003    2  1 
  51320.1238   14.484  0.003    2  1 
  51320.1261   14.484  0.003    2  1 
  51320.1284   14.474  0.003    2  1 
  51320.1450   14.456  0.003    2  1 
  51320.1477   14.457  0.003    2  1 
  51320.1503   14.453  0.003    2  1 
  51320.9635   14.668  0.004    2  1 
  51320.9664   14.669  0.004    2  1 
  51320.9693   14.665  0.004    2  1 
  51320.9887   14.643  0.003    2  1 
  51320.9911   14.642  0.003    2  1 
  51320.9936   14.637  0.003    2  1 
  51321.0102   14.612  0.003    2  1 
  51321.0126   14.604  0.003    2  1 
  51321.0150   14.594  0.003    2  1 
  51321.0318   14.554  0.003    2  1 
  51321.0344   14.542  0.003    2  1 
  51321.0369   14.532  0.003    2  1 
  51321.0543   14.496  0.003    2  1 
  51321.0568   14.492  0.003    2  1 
  51321.0594   14.488  0.003    2  1 
  51321.0847   14.462  0.003    2  1 
  51321.0873   14.457  0.003    2  1 
  51321.0898   14.462  0.003    2  1 
  51321.1133   14.452  0.003    2  1 
  51321.1159   14.458  0.003    2  1 
  51321.1186   14.457  0.003    2  1 
  51321.1339   14.469  0.003    2  1 
  51321.1365   14.469  0.003    2  1 
  51332.9696   14.471  0.006    2  1 
  51332.9739   14.462  0.005    2  1 
  51332.9891   14.452  0.004    2  1 
  51332.9928   14.442  0.005    2  1 
  51332.9965   14.445  0.005    2  1 
  51333.0083   14.449  0.004    2  1 
  51333.0120   14.452  0.004    2  1 
  51333.0226   14.452  0.004    2  1 
  51333.0264   14.460  0.004    2  1 
  51333.0514   14.491  0.005    2  1 
  51333.0552   14.489  0.006    2  1 
  51333.0742   14.523  0.005    2  1 
  51333.0779   14.530  0.005    2  1 
  51333.0907   14.558  0.005    2  1 
  51333.0945   14.567  0.005    2  1 
  51333.1178   14.606  0.005    2  1 
  51333.1221   14.621  0.005    2  1 
  51333.1335   14.639  0.006    2  1 
  51333.1369   14.642  0.005    2  1 
  51333.1529   14.657  0.005    2  1 
  51333.1565   14.661  0.006    2  1 
  51333.1716   14.668  0.005    2  1 
  51333.1752   14.661  0.005    2  1 
  51334.9841   14.586  0.004    2  1 
  51334.9871   14.589  0.004    2  1 
  51335.0175   14.644  0.004    2  1 
  51335.0204   14.644  0.004    2  1 
  51335.0301   14.654  0.004    2  1 
  51335.0334   14.656  0.004    2  1 
  51335.0517   14.666  0.005    2  1 
  51335.0552   14.668  0.005    2  1 
  51335.0692   14.665  0.005    2  1 
  51335.0727   14.662  0.005    2  1 
  51335.0833   14.645  0.005    2  1 
  51335.0867   14.643  0.005    2  1 
  51335.1133   14.587  0.005    2  1 
  51335.1167   14.576  0.005    2  1 
  51335.9535   14.636  0.005    2  1 
  51335.9726   14.663  0.005    2  1 
  51335.9768   14.666  0.004    2  1 
  51335.9997   14.665  0.004    2  1 
  51336.0027   14.669  0.004    2  1 
  51336.0203   14.650  0.004    2  1 
  51336.0236   14.650  0.004    2  1 
  51336.0357   14.631  0.005    2  1 
  51336.0388   14.626  0.005    2  1 
  51336.0593   14.577  0.005    2  1 
  51336.0629   14.559  0.005    2  1 
  51336.0769   14.522  0.004    2  1 
  51336.0803   14.512  0.005    2  1 
  51336.1025   14.471  0.004    2  1 
  51336.1059   14.462  0.004    2  1 
  51336.1206   14.452  0.005    2  1 
  51336.1240   14.445  0.004    2  1 
  51337.0101   14.544  0.005    2  1 
  51337.9904   14.462  0.005    2  1 
  51337.9940   14.458  0.005    2  1 
  51338.0162   14.444  0.004    2  1 
  51338.0196   14.446  0.005    2  1 
  51338.0339   14.447  0.005    2  1 
  51338.0376   14.443  0.005    2  1 
  51338.9901   14.464  0.004    2  1 
  51338.9938   14.468  0.004    2  1 
  51339.0226   14.519  0.005    2  1 
  51339.0269   14.528  0.005    2  1 
  51339.0867   14.655  0.007    2  1 
  51339.0905   14.649  0.006    2  1 
  51339.1139   14.667  0.005    2  1 
  51339.1177   14.677  0.005    2  1 
  51339.1448   14.658  0.005    2  1 
  51339.1482   14.655  0.004    2  1 
  51339.9766   14.548  0.004    2  1 
  51339.9795   14.554  0.004    2  1 
  51340.0044   14.600  0.004    2  1 
  51340.0078   14.606  0.004    2  1 
  51340.0274   14.646  0.004    2  1 
  51340.0306   14.641  0.004    2  1 
  51340.0540   14.667  0.005    2  1 
  51340.0572   14.673  0.005    2  1 
  51340.0857   14.662  0.005    2  1 
  51340.0892   14.663  0.005    2  1 
  51340.1152   14.617  0.005    2  1 
  51340.1197   14.599  0.004    2  1 
  51340.1229   14.590  0.004    2  1 
  51340.1263   14.583  0.004    2  1 
  51340.1404   14.543  0.004    2  1 
  51340.1437   14.535  0.004    2  1 
  51344.9924   14.551  0.004    2  1 
  51344.9958   14.554  0.003    2  1 
  51344.9988   14.564  0.003    2  1 
  51345.0216   14.613  0.004    2  1 
  51345.0255   14.616  0.005    2  1 
  51345.0302   14.627  0.004    2  1 
  51345.0553   14.659  0.004    2  1 
  51345.0603   14.662  0.004    2  1 
  51345.9856   14.648  0.005    2  1 
  51345.9896   14.650  0.005    2  1 
  51346.0219   14.665  0.005    2  1 
  51346.0264   14.663  0.005    2  1 
  51346.0486   14.643  0.004    2  1 
  51346.0523   14.639  0.005    2  1 
  51346.0791   14.582  0.004    2  1 
  51346.0826   14.570  0.004    2  1 
  51347.0416   14.514  0.004    2  1 
  51347.0453   14.511  0.003    2  1 
  51347.0743   14.461  0.004    2  1 
  51347.0777   14.459  0.004    2  1 
  51347.0990   14.454  0.003    2  1 
  51347.1022   14.445  0.003    2  1 
  51347.9769   14.528  0.004    2  1 
  51347.9802   14.519  0.004    2  1 
  51347.9834   14.511  0.004    2  1 
  51347.9983   14.484  0.004    2  1 
  51348.0028   14.476  0.004    2  1 
  51348.0063   14.461  0.004    2  1 
  51348.0242   14.448  0.004    2  1 
  51348.0274   14.444  0.004    2  1 
  51348.0943   14.496  0.005    2  1 
  51348.0983   14.504  0.006    2  1 
  51348.1018   14.510  0.005    2  1 
  51348.9650   14.447  0.004    2  1 
  51348.9682   14.449  0.004    2  1 
  51348.9853   14.449  0.003    2  1 
  51348.9883   14.448  0.004    2  1 
  51348.9912   14.448  0.004    2  1 
  51349.0316   14.492  0.004    2  1 
  51349.0346   14.500  0.004    2  1 
  51349.9815   14.514  0.004    2  1 
  51349.9851   14.518  0.003    2  1 
  51349.9973   14.548  0.004    2  1 
  51350.0033   14.558  0.005    2  1 
  51350.0066   14.561  0.004    2  1 
  51350.0164   14.581  0.004    2  1 
  51350.0197   14.588  0.004    2  1 
  51350.0296   14.607  0.004    2  1 
  51380.9973   14.520  0.004    2  1 
  51381.0004   14.525  0.003    2  1 
  51381.0031   14.531  0.003    2  1 
  51381.0187   14.561  0.003    2  1 
  51381.0214   14.569  0.003    2  1 
  51381.0242   14.575  0.004    2  1 
  51381.9830   14.616  0.004    2  1 
  51381.9859   14.616  0.005    2  1 
  51381.9888   14.626  0.005    2  1 
  51382.0000   14.641  0.004    2  1 
  51382.0029   14.640  0.004    2  1 
  51382.9793   14.672  0.005    2  1 
  51382.9826   14.670  0.004    2  1 
  51382.9857   14.670  0.004    2  1 
  51382.9965   14.665  0.004    2  1 
  51382.9995   14.663  0.005    2  1 
  51383.9746   14.597  0.003    2  1 
  51383.9773   14.581  0.003    2  1 
  51383.9799   14.579  0.004    2  1 
  51383.9899   14.542  0.004    2  1 
  51383.9926   14.542  0.004    2  1 
  51384.9751   14.464  0.003    2  1 
  51384.9777   14.460  0.003    2  1 
  51384.9802   14.459  0.003    2  1 
  51384.9896   14.448  0.003    2  1 
  51384.9921   14.449  0.003    2  1 
  51385.9711   14.462  0.003    2  1 
  51385.9737   14.464  0.003    2  1 
  51385.9763   14.464  0.003    2  1 
  51385.9857   14.478  0.003    2  1 
  51385.9884   14.496  0.003    2  1 
  51386.9965   14.621  0.004    2  1 
  51387.0003   14.617  0.004    2  1 
  51387.0041   14.620  0.004    2  1 
  51387.0216   14.651  0.004    2  1 
  51387.0254   14.644  0.004    2  1 
  51387.0293   14.655  0.004    2  1 
  51388.9801   14.606  0.005    2  1 
  51388.9834   14.603  0.005    2  1 
  51388.9866   14.582  0.004    2  1 
  51388.9984   14.559  0.005    2  1 
  51389.0017   14.553  0.005    2  1 
  51389.9783   14.472  0.003    2  1 
  51389.9809   14.469  0.003    2  1 
  51389.9836   14.467  0.003    2  1 
  51390.9729   14.456  0.003    2  1 
  51390.9756   14.466  0.003    2  1 
  51390.9783   14.469  0.003    2  1 
  51391.9728   14.549  0.003    2  1 
  51391.9754   14.556  0.003    2  1 
  51391.9779   14.562  0.003    2  1 
  51671.0871   14.599  0.004    2  1 
  51671.0917   14.613  0.004    2  1 
  51671.0952   14.611  0.004    2  1 
  51671.1189   14.647  0.004    2  1 
  51671.1232   14.657  0.004    2  1 
  51671.9996   14.546  0.004    2  1 
  51672.0039   14.554  0.004    2  1 
  51672.0350   14.614  0.004    2  1 
  51672.0382   14.622  0.004    2  1 
  51673.0232   14.673  0.003    2  1 
  51674.0574   14.507  0.005    2  1 
  51674.0620   14.492  0.005    2  1 
  51674.0938   14.449  0.005    2  1 
  51674.0985   14.448  0.005    2  1 
  51674.1159   14.445  0.005    2  1 
  51674.1223   14.443  0.004    2  1 
  51674.9763   14.564  0.005    2  1 
  51674.9824   14.544  0.005    2  1 
  51675.0212   14.466  0.005    2  1 
  51676.0163   14.458  0.004    2  1 
  51692.9816   14.536  0.004    2  1 
  51692.9854   14.546  0.004    2  1 
  51693.9780   14.637  0.004    2  1 
  51693.9814   14.642  0.004    2  1 
  51694.9914   14.631  0.004    2  1 
  51694.9946   14.627  0.004    2  1 
  51765.9974   14.608  0.004    2  1 
  51766.0012   14.614  0.004    2  1 
  51766.0048   14.612  0.004    2  1 
  51766.0266   14.660  0.005    2  1 
  51766.0301   14.659  0.005    2  1 
  51216.3144   15.013  0.003    3  1 
  51216.3408   15.034  0.004    3  1 
  51216.3634   15.019  0.004    3  1 
  51216.3905   14.952  0.004    3  1 
  51217.3019   15.014  0.004    3  1 
  51217.3494   14.878  0.003    3  1 
  51217.3710   14.806  0.003    3  1 
  51217.3906   14.757  0.003    3  1 
  51218.2854   14.899  0.004    3  1 
  51218.3156   14.786  0.004    3  1 
  51218.3347   14.749  0.003    3  1 
  51218.3653   14.726  0.003    3  1 
  51218.3848   14.736  0.003    3  1 
  51219.2918   14.734  0.003    3  1 
  51219.3100   14.726  0.003    3  1 
  51219.3296   14.738  0.003    3  1 
  51219.3536   14.787  0.003    3  1 
  51219.3723   14.830  0.003    3  1 
  51220.2720   14.733  0.003    3  1 
  51220.2946   14.788  0.003    3  1 
  51220.3117   14.830  0.003    3  1 
  51220.3299   14.879  0.003    3  1 
  51220.3473   14.928  0.003    3  1 
  51220.3643   14.977  0.004    3  1 
  51220.3816   15.009  0.004    3  1 
  51221.2763   14.895  0.003    3  1 
  51221.2964   14.953  0.003    3  1 
  51221.3145   14.989  0.003    3  1 
  51221.3318   15.026  0.003    3  1 
  51221.3496   15.033  0.004    3  1 
  51221.3673   15.026  0.003    3  1 
  51283.2546   14.801  0.003    3  1 
  51283.2783   14.862  0.003    3  1 
  51283.3008   14.933  0.003    3  1 
  51283.3322   15.014  0.003    3  1 
  51283.3553   15.042  0.003    3  1 
  51284.2134   14.844  0.003    3  1 
  51284.2375   14.911  0.003    3  1 
  51284.2581   14.968  0.003    3  1 
  51284.2875   15.027  0.003    3  1 
  51284.3124   15.044  0.003    3  1 
  51284.3383   15.031  0.003    3  1 
  51285.0691   14.741  0.003    3  1 
  51285.0932   14.738  0.003    3  1 
  51285.1257   14.782  0.003    3  1 
  51285.1514   14.845  0.003    3  1 
  51285.1754   14.906  0.003    3  1 
  51285.2060   14.983  0.003    3  1 
  51285.2321   15.026  0.003    3  1 
  51285.2586   15.035  0.003    3  1 
  51285.2928   14.976  0.003    3  1 
  51285.3257   14.877  0.003    3  1 
  51286.0393   14.744  0.002    3  1 
  51286.0670   14.784  0.003    3  1 
  51286.1302   14.942  0.003    3  1 
  51286.1833   15.032  0.003    3  1 
  51286.2193   15.016  0.003    3  1 
  51286.2434   14.946  0.003    3  1 
  51286.2655   14.864  0.003    3  1 
  51286.2958   14.781  0.003    3  1 
  51304.9838   15.052  0.003    3  1 
  51305.0251   14.985  0.004    3  1 
  51305.0718   14.816  0.003    3  1 
  51305.0961   14.761  0.003    3  1 
  51305.1465   14.739  0.004    3  1 
  51305.1755   14.787  0.003    3  1 
  51305.2054   14.867  0.004    3  1 
  51305.2345   14.952  0.004    3  1 
  51305.2666   15.028  0.004    3  1 
  51305.2880   15.047  0.004    3  1 
  51305.9773   14.951  0.003    3  1 
  51306.0428   14.744  0.003    3  1 
  51306.0809   14.734  0.003    3  1 
  51306.1330   14.829  0.003    3  1 
  51306.1578   14.894  0.003    3  1 
  51306.1875   14.980  0.003    3  1 
  51306.2101   15.023  0.003    3  1 
  51306.2771   15.002  0.003    3  1 
  51306.2972   14.946  0.003    3  1 
  51308.0025   14.795  0.002    3  1 
  51308.0600   14.951  0.003    3  1 
  51308.0958   15.023  0.003    3  1 
  51311.9792   14.779  0.004    3  1 
  51311.9983   14.740  0.003    3  1 
  51312.0087   14.736  0.003    3  1 
  51312.0350   14.733  0.003    3  1 
  51312.0550   14.759  0.003    3  1 
  51312.0672   14.784  0.003    3  1 
  51312.0870   14.829  0.003    3  1 
  51312.0988   14.861  0.003    3  1 
  51313.0063   14.784  0.003    3  1 
  51313.0300   14.848  0.003    3  1 
  51313.0562   14.914  0.003    3  1 
  51313.1113   15.029  0.003    3  1 
  51313.9807   14.879  0.003    3  1 
  51314.0143   14.963  0.003    3  1 
  51314.0397   15.013  0.003    3  1 
  51314.1124   14.966  0.004    3  1 
  51314.9752   15.010  0.003    3  1 
  51315.0102   15.035  0.003    3  1 
  51315.0336   15.015  0.003    3  1 
  51315.0747   14.888  0.003    3  1 
  51315.0982   14.797  0.003    3  1 
  51315.1216   14.743  0.003    3  1 
  51316.0399   14.792  0.003    3  1 
  51316.0634   14.744  0.003    3  1 
  51316.0869   14.724  0.003    3  1 
  51316.1115   14.735  0.003    3  1 
  51316.9740   14.811  0.003    3  1 
  51317.0052   14.741  0.003    3  1 
  51317.0282   14.728  0.004    3  1 
  51317.0566   14.747  0.003    3  1 
  51317.0822   14.783  0.003    3  1 
  51317.1075   14.853  0.003    3  1 
  51317.9847   14.732  0.003    3  1 
  51318.0099   14.767  0.003    3  1 
  51318.0374   14.832  0.004    3  1 
  51318.0942   14.973  0.005    3  1 
  51318.1226   15.019  0.004    3  1 
  51318.9772   14.829  0.003    3  1 
  51319.0019   14.890  0.003    3  1 
  51319.0274   14.965  0.003    3  1 
  51319.0757   15.026  0.003    3  1 
  51319.0997   15.014  0.003    3  1 
  51320.1208   14.773  0.002    3  1 
  51320.1417   14.743  0.003    3  1 
  51320.9728   15.029  0.003    3  1 
  51321.0180   14.908  0.003    3  1 
  51321.0400   14.834  0.003    3  1 
  51321.0624   14.768  0.002    3  1 
  51321.0930   14.732  0.003    3  1 
  51321.1217   14.739  0.003    3  1 
  51380.9937   14.823  0.003    3  1 
  51381.9793   14.946  0.003    3  1 
  51382.9755   15.037  0.004    3  1 
  51383.9715   14.938  0.003    3  1 
  51385.9679   14.748  0.002    3  1 
  51386.9917   14.961  0.003    3  1 
  51388.9755   14.968  0.004    3  1 
  51389.9750   14.764  0.003    3  1 
  51693.9923   15.021  0.003    3  1 
  51695.0052   14.946  0.003    3  1 
 56468.97641   13.538  0.021   -1  1 
 56469.04707   13.461  0.019   -1  1 
 56469.10896   13.446  0.015   -1  1 
 56469.17285   13.519  0.007   -1  1 
 56471.00364   13.511  0.015   -1  1 
 56471.06640   13.547  0.008   -1  1 
 56471.12490   13.512  0.011   -1  1 
 56471.18188   13.837  0.027   -1  1 
 56471.96759   13.819  0.019   -1  1 
 56472.03374   13.512  0.009   -1  1 
 56472.09484   13.494  0.006   -1  1 
 56472.15243   13.567  0.018   -1  1 
 56468.95296   13.579  0.029   -2  1 
 56469.02441   13.485  0.015   -2  1 
 56469.08813   13.496  0.017   -2  1 
 56469.15134   13.508  0.021   -2  1 
 56471.02588   13.543  0.012   -2  1 
 56471.08671   13.573  0.008   -2  1 
 56471.14302   13.550  0.008   -2  1 
 56471.94704   13.482  0.026   -2  1 
 56472.01085   13.808  0.062   -2  1 
 56472.07480   13.611  0.021   -2  1 
 56472.13240   13.413  0.018   -2  1 
 56472.19216   13.535  0.012   -2  1 
 56469.00041   13.676  0.006   -5  1 
 56469.06767   13.714  0.007   -5  1 
 56469.13003   13.692  0.017   -5  1 
 56469.19349   13.789  0.024   -5  1 
 56470.98130   14.036  0.049   -5  1 
 56471.04693   13.826  0.008   -5  1 
 56471.10523   13.789  0.006   -5  1 
 56471.16397   13.780  0.011   -5  1 
 56471.98857   13.733  0.010   -5  1 
 56472.05430   13.780  0.005   -5  1 
 56472.11383   13.720  0.013   -5  1 
 56472.17109   13.669  0.016   -5  1 
