 56468.97641   13.501  0.018   -1  1 
 56469.04707   13.413  0.018   -1  1 
 56469.10896   13.472  0.022   -1  1 
 56469.17285   13.478  0.005   -1  1 
 56471.00364   13.563  0.013   -1  1 
 56471.06640   13.484  0.008   -1  1 
 56471.12490   13.495  0.011   -1  1 
 56471.18188   13.782  0.034   -1  1 
 56471.96759   13.927  0.029   -1  1 
 56472.03374   13.575  0.013   -1  1 
 56472.09484   13.455  0.007   -1  1 
 56472.15243   13.503  0.011   -1  1 
 56468.95296   13.609  0.034   -2  1 
 56469.02441   13.480  0.012   -2  1 
 56469.08813   13.551  0.016   -2  1 
 56469.15134   13.576  0.018   -2  1 
 56471.02588   13.475  0.016   -2  1 
 56471.08671   13.449  0.010   -2  1 
 56471.14302   13.474  0.008   -2  1 
 56471.94704   13.544  0.028   -2  1 
 56472.01085   13.518  0.045   -2  1 
 56472.07480   13.568  0.022   -2  1 
 56472.13240   13.388  0.023   -2  1 
 56472.19216   13.487  0.007   -2  1 
 56469.00041   13.692  0.009   -5  1 
 56469.06767   13.682  0.010   -5  1 
 56469.13003   13.625  0.021   -5  1 
 56469.19349   13.714  0.007   -5  1 
 56470.98130   13.977  0.045   -5  1 
 56471.04693   13.694  0.005   -5  1 
 56471.10523   13.650  0.005   -5  1 
 56471.16397   13.738  0.016   -5  1 
 56471.98857   13.701  0.008   -5  1 
 56472.05430   13.644  0.005   -5  1 
 56472.11383   13.651  0.005   -5  1 
 56472.17109   13.679  0.009   -5  1 
