  51216.3218   14.205  0.004    2  1 
  51216.3464   14.202  0.004    2  1 
  51216.3689   14.197  0.004    2  1 
  51216.3980   14.202  0.004    2  1 
  51217.3101   14.220  0.004    2  1 
  51217.3328   14.210  0.004    2  1 
  51217.3552   14.198  0.004    2  1 
  51217.3759   14.198  0.004    2  1 
  51217.3953   14.190  0.004    2  1 
  51218.2773   14.241  0.004    2  1 
  51218.3093   14.222  0.004    2  1 
  51218.3298   14.210  0.004    2  1 
  51218.3573   14.201  0.004    2  1 
  51218.3794   14.198  0.004    2  1 
  51219.3336   14.213  0.004    2  1 
  51219.3596   14.205  0.004    2  1 
  51219.3768   14.194  0.004    2  1 
  51220.2621   14.262  0.004    2  1 
  51220.2906   14.245  0.004    2  1 
  51220.3077   14.233  0.004    2  1 
  51220.3257   14.225  0.004    2  1 
  51220.3432   14.219  0.004    2  1 
  51220.3602   14.203  0.004    2  1 
  51220.3776   14.200  0.004    2  1 
  51221.2835   14.257  0.004    2  1 
  51221.3009   14.247  0.004    2  1 
  51221.3188   14.238  0.004    2  1 
  51221.3358   14.232  0.004    2  1 
  51221.3538   14.218  0.004    2  1 
  51221.3722   14.206  0.004    2  1 
  51283.2451   14.212  0.003    2  1 
  51283.2493   14.214  0.003    2  1 
  51283.2714   14.217  0.003    2  1 
  51283.2748   14.218  0.003    2  1 
  51283.2939   14.228  0.003    2  1 
  51283.2972   14.229  0.003    2  1 
  51283.3202   14.233  0.003    2  1 
  51283.3234   14.237  0.003    2  1 
  51283.3487   14.249  0.003    2  1 
  51283.3518   14.247  0.003    2  1 
  51283.3707   14.252  0.003    2  1 
  51283.3738   14.257  0.003    2  1 
  51284.2195   14.197  0.003    2  1 
  51284.2229   14.200  0.003    2  1 
  51284.2413   14.203  0.003    2  1 
  51284.2443   14.202  0.003    2  1 
  51284.2617   14.208  0.003    2  1 
  51284.2648   14.212  0.003    2  1 
  51284.2942   14.222  0.003    2  1 
  51284.2973   14.221  0.003    2  1 
  51284.3168   14.230  0.003    2  1 
  51284.3211   14.239  0.003    2  1 
  51284.3428   14.244  0.004    2  1 
  51284.3464   14.247  0.003    2  1 
  51285.0513   14.249  0.003    2  1 
  51285.0543   14.248  0.003    2  1 
  51285.0739   14.244  0.003    2  1 
  51285.0778   14.241  0.003    2  1 
  51285.0975   14.232  0.003    2  1 
  51285.1006   14.232  0.003    2  1 
  51285.1324   14.209  0.003    2  1 
  51285.1360   14.207  0.003    2  1 
  51285.1558   14.194  0.003    2  1 
  51285.1588   14.203  0.003    2  1 
  51285.1796   14.194  0.003    2  1 
  51285.1830   14.191  0.003    2  1 
  51285.2125   14.195  0.003    2  1 
  51285.2157   14.193  0.003    2  1 
  51285.2362   14.198  0.003    2  1 
  51285.2426   14.207  0.003    2  1 
  51285.2630   14.212  0.003    2  1 
  51285.2666   14.210  0.003    2  1 
  51285.2998   14.216  0.003    2  1 
  51285.3033   14.219  0.003    2  1 
  51285.3308   14.232  0.003    2  1 
  51285.3348   14.228  0.003    2  1 
  51285.3382   14.232  0.003    2  1 
  51286.0461   14.268  0.003    2  1 
  51286.0493   14.261  0.003    2  1 
  51286.0716   14.256  0.003    2  1 
  51286.0753   14.252  0.003    2  1 
  51286.1026   14.239  0.003    2  1 
  51286.1061   14.240  0.003    2  1 
  51286.1365   14.221  0.003    2  1 
  51286.1398   14.215  0.003    2  1 
  51286.1608   14.209  0.003    2  1 
  51286.1639   14.212  0.003    2  1 
  51286.1669   14.199  0.003    2  1 
  51286.1875   14.200  0.003    2  1 
  51286.1908   14.199  0.003    2  1 
  51286.2255   14.200  0.003    2  1 
  51286.2285   14.198  0.003    2  1 
  51286.2476   14.198  0.003    2  1 
  51286.2508   14.201  0.003    2  1 
  51286.2697   14.206  0.003    2  1 
  51286.2727   14.201  0.003    2  1 
  51286.3022   14.215  0.003    2  1 
  51286.3055   14.215  0.003    2  1 
  51286.3218   14.219  0.003    2  1 
  51286.3250   14.222  0.003    2  1 
  51286.3450   14.228  0.003    2  1 
  51286.3481   14.231  0.003    2  1 
  51304.9873   14.403  0.003    2  1 
  51304.9926   14.409  0.003    2  1 
  51305.0328   14.421  0.004    2  1 
  51305.0362   14.411  0.003    2  1 
  51305.0559   14.423  0.004    2  1 
  51305.0599   14.422  0.004    2  1 
  51305.0890   14.422  0.004    2  1 
  51305.0922   14.426  0.004    2  1 
  51305.1235   14.420  0.004    2  1 
  51305.1269   14.412  0.004    2  1 
  51305.1509   14.398  0.004    2  1 
  51305.1547   14.394  0.004    2  1 
  51305.1853   14.363  0.004    2  1 
  51305.1885   14.356  0.004    2  1 
  51305.2098   14.331  0.004    2  1 
  51305.2128   14.321  0.003    2  1 
  51305.2431   14.297  0.003    2  1 
  51305.2461   14.289  0.003    2  1 
  51305.2704   14.275  0.003    2  1 
  51305.2734   14.273  0.003    2  1 
  51305.2966   14.257  0.003    2  1 
  51305.2995   14.262  0.003    2  1 
  51305.9857   14.404  0.003    2  1 
  51305.9885   14.402  0.003    2  1 
  51305.9912   14.401  0.003    2  1 
  51306.0256   14.415  0.003    2  1 
  51306.0285   14.420  0.003    2  1 
  51306.0465   14.423  0.004    2  1 
  51306.0498   14.425  0.003    2  1 
  51306.0896   14.426  0.003    2  1 
  51306.0930   14.421  0.003    2  1 
  51306.1123   14.425  0.003    2  1 
  51306.1151   14.426  0.003    2  1 
  51306.1375   14.416  0.003    2  1 
  51306.1405   14.417  0.003    2  1 
  51306.1636   14.397  0.003    2  1 
  51306.1673   14.397  0.003    2  1 
  51306.1937   14.366  0.003    2  1 
  51306.1966   14.364  0.003    2  1 
  51306.2146   14.339  0.004    2  1 
  51306.2178   14.334  0.003    2  1 
  51306.2343   14.313  0.003    2  1 
  51306.2380   14.305  0.003    2  1 
  51306.2574   14.287  0.002    2  1 
  51306.2602   14.287  0.003    2  1 
  51306.2805   14.273  0.003    2  1 
  51306.2835   14.269  0.003    2  1 
  51306.3009   14.268  0.003    2  1 
  51306.3038   14.265  0.003    2  1 
  51306.3135   14.256  0.003    2  1 
  51306.3184   14.255  0.004    2  1 
  51307.0456   14.419  0.004    2  1 
  51307.0501   14.415  0.004    2  1 
  51307.0593   14.420  0.003    2  1 
  51307.0645   14.422  0.003    2  1 
  51307.0699   14.418  0.006    2  1 
  51307.0747   14.423  0.004    2  1 
  51308.0084   14.397  0.003    2  1 
  51308.0112   14.398  0.003    2  1 
  51308.0334   14.404  0.003    2  1 
  51308.0362   14.411  0.003    2  1 
  51308.0394   14.409  0.003    2  1 
  51308.0633   14.421  0.003    2  1 
  51308.0663   14.422  0.003    2  1 
  51308.0995   14.429  0.003    2  1 
  51308.1031   14.424  0.003    2  1 
  51308.1280   14.428  0.004    2  1 
  51308.1309   14.429  0.004    2  1 
  51310.0850   14.420  0.002    2  1 
  51310.0874   14.420  0.002    2  1 
  51310.0897   14.424  0.002    2  1 
  51310.0922   14.419  0.003    2  1 
  51310.1430   14.422  0.003    2  1 
  51310.1458   14.423  0.003    2  1 
  51310.1486   14.429  0.004    2  1 
  51311.0244   14.395  0.004    2  1 
  51311.0302   14.398  0.004    2  1 
  51311.0334   14.398  0.004    2  1 
  51311.0506   14.405  0.002    2  1 
  51311.0539   14.404  0.003    2  1 
  51311.0637   14.410  0.003    2  1 
  51311.0669   14.414  0.004    2  1 
  51311.0702   14.404  0.003    2  1 
  51311.0907   14.413  0.004    2  1 
  51311.0946   14.417  0.004    2  1 
  51311.0980   14.415  0.004    2  1 
  51311.1015   14.421  0.004    2  1 
  51311.1071   14.423  0.004    2  1 
  51311.1298   14.424  0.004    2  1 
  51311.1327   14.426  0.004    2  1 
  51311.1357   14.427  0.004    2  1 
  51311.1398   14.432  0.004    2  1 
  51311.1447   14.429  0.004    2  1 
  51311.9726   14.368  0.001    2  1 
  51311.9755   14.368  0.004    2  1 
  51312.0020   14.377  0.004    2  1 
  51312.0049   14.380  0.004    2  1 
  51312.0255   14.385  0.004    2  1 
  51312.0284   14.383  0.003    2  1 
  51312.0314   14.386  0.003    2  1 
  51312.0584   14.398  0.003    2  1 
  51312.0611   14.406  0.003    2  1 
  51312.0638   14.406  0.003    2  1 
  51312.0903   14.416  0.003    2  1 
  51312.0929   14.416  0.003    2  1 
  51312.0955   14.414  0.003    2  1 
  51312.1146   14.427  0.003    2  1 
  51312.1173   14.423  0.003    2  1 
  51312.1200   14.417  0.003    2  1 
  51312.9860   14.366  0.003    2  1 
  51312.9887   14.370  0.003    2  1 
  51312.9913   14.364  0.003    2  1 
  51313.0096   14.380  0.003    2  1 
  51313.0123   14.375  0.003    2  1 
  51313.0149   14.379  0.003    2  1 
  51313.0333   14.388  0.003    2  1 
  51313.0360   14.393  0.003    2  1 
  51313.0386   14.386  0.003    2  1 
  51313.0413   14.391  0.004    2  1 
  51313.0595   14.401  0.003    2  1 
  51313.0622   14.401  0.003    2  1 
  51313.0648   14.397  0.003    2  1 
  51313.0911   14.410  0.003    2  1 
  51313.0937   14.410  0.003    2  1 
  51313.0964   14.408  0.003    2  1 
  51313.1146   14.417  0.003    2  1 
  51313.1172   14.415  0.003    2  1 
  51313.1199   14.414  0.003    2  1 
  51313.1226   14.418  0.003    2  1 
  51313.9843   14.358  0.003    2  1 
  51313.9872   14.362  0.004    2  1 
  51313.9901   14.360  0.003    2  1 
  51314.0178   14.372  0.004    2  1 
  51314.0207   14.371  0.004    2  1 
  51314.0236   14.378  0.003    2  1 
  51314.0432   14.384  0.004    2  1 
  51314.0461   14.388  0.004    2  1 
  51314.0490   14.385  0.004    2  1 
  51314.0772   14.394  0.004    2  1 
  51314.0802   14.400  0.004    2  1 
  51314.0831   14.399  0.004    2  1 
  51314.1030   14.408  0.004    2  1 
  51314.1059   14.409  0.004    2  1 
  51314.1088   14.410  0.004    2  1 
  51314.1289   14.417  0.004    2  1 
  51314.1333   14.423  0.004    2  1 
  51314.1363   14.411  0.004    2  1 
  51314.9827   14.353  0.003    2  1 
  51314.9856   14.347  0.003    2  1 
  51314.9885   14.356  0.003    2  1 
  51315.0015   14.357  0.003    2  1 
  51315.0043   14.357  0.003    2  1 
  51315.0069   14.360  0.003    2  1 
  51315.0251   14.369  0.003    2  1 
  51315.0277   14.365  0.003    2  1 
  51315.0304   14.372  0.003    2  1 
  51315.0489   14.385  0.003    2  1 
  51315.0516   14.383  0.003    2  1 
  51315.0542   14.382  0.003    2  1 
  51315.0780   14.392  0.003    2  1 
  51315.0807   14.392  0.003    2  1 
  51315.0833   14.396  0.003    2  1 
  51315.1015   14.399  0.003    2  1 
  51315.1041   14.406  0.003    2  1 
  51315.1068   14.405  0.003    2  1 
  51315.1290   14.408  0.004    2  1 
  51315.1319   14.411  0.004    2  1 
  51316.0194   14.359  0.003    2  1 
  51316.0221   14.364  0.003    2  1 
  51316.0247   14.364  0.003    2  1 
  51316.0431   14.378  0.003    2  1 
  51316.0458   14.378  0.003    2  1 
  51316.0485   14.377  0.003    2  1 
  51316.0667   14.383  0.003    2  1 
  51316.0693   14.387  0.003    2  1 
  51316.0720   14.382  0.003    2  1 
  51316.0905   14.392  0.003    2  1 
  51316.0934   14.389  0.003    2  1 
  51316.0963   14.392  0.003    2  1 
  51316.1148   14.398  0.003    2  1 
  51316.1175   14.398  0.003    2  1 
  51316.1201   14.402  0.003    2  1 
  51316.9647   14.337  0.003    2  1 
  51316.9676   14.336  0.003    2  1 
  51316.9705   14.337  0.004    2  1 
  51316.9896   14.344  0.003    2  1 
  51316.9923   14.340  0.003    2  1 
  51316.9949   14.351  0.003    2  1 
  51317.0088   14.351  0.003    2  1 
  51317.0117   14.351  0.003    2  1 
  51317.0321   14.361  0.004    2  1 
  51317.0351   14.365  0.004    2  1 
  51317.0391   14.369  0.004    2  1 
  51317.0602   14.377  0.004    2  1 
  51317.0631   14.378  0.003    2  1 
  51317.0660   14.379  0.003    2  1 
  51317.0858   14.385  0.004    2  1 
  51317.0887   14.386  0.004    2  1 
  51317.0916   14.386  0.004    2  1 
  51317.1111   14.396  0.004    2  1 
  51317.1140   14.393  0.004    2  1 
  51317.1169   14.399  0.004    2  1 
  51317.9628   14.332  0.004    2  1 
  51317.9657   14.333  0.004    2  1 
  51317.9685   14.331  0.004    2  1 
  51317.9883   14.342  0.004    2  1 
  51317.9912   14.342  0.004    2  1 
  51317.9941   14.336  0.003    2  1 
  51318.0135   14.350  0.004    2  1 
  51318.0164   14.348  0.004    2  1 
  51318.0194   14.353  0.004    2  1 
  51318.0413   14.359  0.004    2  1 
  51318.0445   14.369  0.004    2  1 
  51318.0477   14.367  0.004    2  1 
  51318.0697   14.373  0.004    2  1 
  51318.0730   14.376  0.004    2  1 
  51318.0762   14.378  0.004    2  1 
  51318.0981   14.388  0.004    2  1 
  51318.1014   14.389  0.004    2  1 
  51318.1046   14.391  0.004    2  1 
  51318.1265   14.399  0.004    2  1 
  51318.1298   14.398  0.004    2  1 
  51318.9642   14.324  0.003    2  1 
  51318.9680   14.330  0.004    2  1 
  51318.9708   14.328  0.003    2  1 
  51318.9737   14.321  0.003    2  1 
  51318.9929   14.340  0.003    2  1 
  51318.9956   14.334  0.003    2  1 
  51318.9983   14.338  0.003    2  1 
  51319.0180   14.345  0.004    2  1 
  51319.0209   14.347  0.004    2  1 
  51319.0238   14.350  0.003    2  1 
  51319.0443   14.362  0.004    2  1 
  51319.0474   14.363  0.004    2  1 
  51319.0505   14.363  0.004    2  1 
  51319.0793   14.372  0.003    2  1 
  51319.0820   14.382  0.003    2  1 
  51319.0847   14.382  0.003    2  1 
  51319.1030   14.387  0.004    2  1 
  51319.1084   14.390  0.003    2  1 
  51319.1110   14.389  0.003    2  1 
  51320.1030   14.381  0.003    2  1 
  51320.1053   14.379  0.003    2  1 
  51320.1076   14.382  0.003    2  1 
  51320.1238   14.388  0.003    2  1 
  51320.1261   14.394  0.003    2  1 
  51320.1284   14.393  0.003    2  1 
  51320.1450   14.393  0.003    2  1 
  51320.1477   14.398  0.003    2  1 
  51320.1503   14.400  0.003    2  1 
  51320.9635   14.315  0.003    2  1 
  51320.9664   14.313  0.003    2  1 
  51320.9693   14.313  0.003    2  1 
  51320.9887   14.323  0.003    2  1 
  51320.9911   14.325  0.003    2  1 
  51320.9936   14.327  0.003    2  1 
  51321.0102   14.335  0.002    2  1 
  51321.0126   14.333  0.003    2  1 
  51321.0150   14.335  0.003    2  1 
  51321.0318   14.339  0.003    2  1 
  51321.0344   14.347  0.003    2  1 
  51321.0369   14.347  0.003    2  1 
  51321.0543   14.346  0.003    2  1 
  51321.0568   14.350  0.003    2  1 
  51321.0594   14.353  0.003    2  1 
  51321.0847   14.364  0.003    2  1 
  51321.0873   14.366  0.003    2  1 
  51321.0898   14.367  0.003    2  1 
  51321.1133   14.377  0.003    2  1 
  51321.1159   14.378  0.003    2  1 
  51321.1186   14.379  0.003    2  1 
  51321.1339   14.380  0.003    2  1 
  51321.1365   14.386  0.003    2  1 
  51332.9696   14.268  0.005    2  1 
  51332.9739   14.272  0.005    2  1 
  51332.9891   14.271  0.004    2  1 
  51332.9928   14.274  0.004    2  1 
  51332.9965   14.282  0.004    2  1 
  51333.0083   14.282  0.004    2  1 
  51333.0120   14.278  0.004    2  1 
  51333.0226   14.289  0.004    2  1 
  51333.0264   14.284  0.004    2  1 
  51333.0514   14.298  0.004    2  1 
  51333.0552   14.305  0.005    2  1 
  51333.0742   14.306  0.004    2  1 
  51333.0779   14.312  0.005    2  1 
  51333.0907   14.313  0.004    2  1 
  51333.0945   14.312  0.004    2  1 
  51333.1178   14.328  0.004    2  1 
  51333.1221   14.325  0.004    2  1 
  51333.1335   14.332  0.005    2  1 
  51333.1369   14.332  0.004    2  1 
  51333.1529   14.336  0.004    2  1 
  51333.1565   14.341  0.005    2  1 
  51333.1716   14.346  0.004    2  1 
  51333.1752   14.349  0.004    2  1 
  51334.9841   14.259  0.003    2  1 
  51334.9871   14.263  0.003    2  1 
  51335.0175   14.271  0.003    2  1 
  51335.0204   14.270  0.003    2  1 
  51335.0301   14.273  0.003    2  1 
  51335.0334   14.278  0.003    2  1 
  51335.0517   14.287  0.004    2  1 
  51335.0552   14.286  0.004    2  1 
  51335.0692   14.292  0.004    2  1 
  51335.0727   14.294  0.004    2  1 
  51335.0833   14.295  0.004    2  1 
  51335.0867   14.298  0.004    2  1 
  51335.1133   14.307  0.004    2  1 
  51335.1167   14.311  0.004    2  1 
  51335.9535   14.236  0.004    2  1 
  51335.9726   14.248  0.004    2  1 
  51335.9768   14.245  0.004    2  1 
  51335.9997   14.259  0.003    2  1 
  51336.0027   14.257  0.003    2  1 
  51336.0203   14.263  0.003    2  1 
  51336.0236   14.265  0.003    2  1 
  51336.0357   14.273  0.004    2  1 
  51336.0388   14.277  0.004    2  1 
  51336.0593   14.282  0.004    2  1 
  51336.0629   14.283  0.004    2  1 
  51336.0769   14.287  0.004    2  1 
  51336.0803   14.294  0.004    2  1 
  51336.1025   14.302  0.004    2  1 
  51336.1059   14.301  0.004    2  1 
  51336.1206   14.311  0.004    2  1 
  51336.1240   14.307  0.004    2  1 
  51337.0101   14.263  0.003    2  1 
  51337.9904   14.248  0.004    2  1 
  51337.9940   14.247  0.004    2  1 
  51338.0162   14.256  0.004    2  1 
  51338.0196   14.256  0.004    2  1 
  51338.0339   14.265  0.004    2  1 
  51338.0376   14.271  0.004    2  1 
  51338.9901   14.236  0.003    2  1 
  51338.9938   14.235  0.003    2  1 
  51339.0226   14.251  0.004    2  1 
  51339.0269   14.250  0.004    2  1 
  51339.0867   14.288  0.004    2  1 
  51339.0905   14.282  0.004    2  1 
  51339.1139   14.291  0.004    2  1 
  51339.1177   14.289  0.004    2  1 
  51339.1448   14.302  0.004    2  1 
  51339.1482   14.301  0.004    2  1 
  51339.9766   14.226  0.003    2  1 
  51339.9795   14.228  0.003    2  1 
  51340.0044   14.237  0.003    2  1 
  51340.0078   14.239  0.003    2  1 
  51340.0274   14.252  0.003    2  1 
  51340.0306   14.253  0.003    2  1 
  51340.0540   14.259  0.004    2  1 
  51340.0572   14.262  0.004    2  1 
  51340.0857   14.273  0.004    2  1 
  51340.0892   14.279  0.004    2  1 
  51340.1152   14.285  0.004    2  1 
  51340.1197   14.291  0.004    2  1 
  51340.1229   14.285  0.004    2  1 
  51340.1263   14.290  0.004    2  1 
  51340.1404   14.296  0.004    2  1 
  51340.1437   14.294  0.004    2  1 
  51344.9924   14.205  0.003    2  1 
  51344.9958   14.207  0.003    2  1 
  51344.9988   14.213  0.003    2  1 
  51345.0216   14.223  0.003    2  1 
  51345.0255   14.221  0.004    2  1 
  51345.0302   14.221  0.004    2  1 
  51345.0553   14.237  0.003    2  1 
  51345.0603   14.236  0.003    2  1 
  51345.9856   14.205  0.004    2  1 
  51345.9896   14.205  0.004    2  1 
  51346.0219   14.216  0.004    2  1 
  51346.0264   14.219  0.004    2  1 
  51346.0486   14.229  0.004    2  1 
  51346.0523   14.230  0.004    2  1 
  51346.0791   14.238  0.004    2  1 
  51346.0826   14.239  0.003    2  1 
  51347.0416   14.220  0.004    2  1 
  51347.0453   14.221  0.003    2  1 
  51347.0743   14.224  0.003    2  1 
  51347.0777   14.228  0.003    2  1 
  51347.0990   14.243  0.003    2  1 
  51347.1022   14.236  0.002    2  1 
  51347.9769   14.195  0.003    2  1 
  51347.9802   14.192  0.003    2  1 
  51347.9834   14.194  0.003    2  1 
  51347.9983   14.198  0.003    2  1 
  51348.0028   14.198  0.003    2  1 
  51348.0063   14.196  0.003    2  1 
  51348.0242   14.205  0.003    2  1 
  51348.0274   14.211  0.003    2  1 
  51348.0943   14.232  0.004    2  1 
  51348.0983   14.238  0.004    2  1 
  51348.1018   14.236  0.004    2  1 
  51348.9650   14.198  0.004    2  1 
  51348.9682   14.195  0.003    2  1 
  51348.9853   14.200  0.003    2  1 
  51348.9883   14.198  0.003    2  1 
  51348.9912   14.197  0.003    2  1 
  51349.0316   14.204  0.003    2  1 
  51349.0346   14.211  0.003    2  1 
  51349.9815   14.194  0.003    2  1 
  51349.9851   14.189  0.003    2  1 
  51349.9973   14.199  0.003    2  1 
  51350.0033   14.198  0.004    2  1 
  51350.0066   14.200  0.003    2  1 
  51350.0164   14.203  0.003    2  1 
  51350.0197   14.202  0.003    2  1 
  51350.0296   14.204  0.003    2  1 
  51380.9973   14.428  0.003    2  1 
  51381.0004   14.425  0.003    2  1 
  51381.0031   14.427  0.003    2  1 
  51381.0187   14.427  0.003    2  1 
  51381.0214   14.421  0.003    2  1 
  51381.0242   14.420  0.003    2  1 
  51381.9830   14.429  0.004    2  1 
  51381.9859   14.430  0.004    2  1 
  51381.9888   14.427  0.004    2  1 
  51382.0000   14.428  0.004    2  1 
  51382.0029   14.430  0.004    2  1 
  51382.9793   14.429  0.004    2  1 
  51382.9826   14.427  0.004    2  1 
  51382.9857   14.425  0.004    2  1 
  51382.9965   14.429  0.004    2  1 
  51382.9995   14.420  0.004    2  1 
  51383.9746   14.423  0.003    2  1 
  51383.9773   14.411  0.003    2  1 
  51383.9799   14.421  0.003    2  1 
  51383.9899   14.416  0.003    2  1 
  51383.9926   14.422  0.003    2  1 
  51384.9751   14.413  0.003    2  1 
  51384.9777   14.416  0.003    2  1 
  51384.9802   14.416  0.003    2  1 
  51384.9896   14.419  0.003    2  1 
  51384.9921   14.420  0.003    2  1 
  51385.9711   14.410  0.003    2  1 
  51385.9737   14.414  0.003    2  1 
  51385.9763   14.415  0.003    2  1 
  51385.9857   14.418  0.003    2  1 
  51385.9884   14.417  0.003    2  1 
  51386.9965   14.412  0.004    2  1 
  51387.0003   14.413  0.004    2  1 
  51387.0041   14.407  0.004    2  1 
  51387.0216   14.415  0.004    2  1 
  51387.0254   14.415  0.004    2  1 
  51387.0293   14.418  0.004    2  1 
  51388.9801   14.392  0.004    2  1 
  51388.9834   14.399  0.004    2  1 
  51388.9866   14.396  0.004    2  1 
  51388.9984   14.405  0.004    2  1 
  51389.0017   14.400  0.004    2  1 
  51389.9783   14.390  0.003    2  1 
  51389.9809   14.394  0.003    2  1 
  51389.9836   14.391  0.003    2  1 
  51390.9729   14.382  0.003    2  1 
  51390.9756   14.382  0.003    2  1 
  51390.9783   14.387  0.003    2  1 
  51391.9728   14.372  0.003    2  1 
  51391.9754   14.379  0.003    2  1 
  51391.9779   14.381  0.003    2  1 
  51671.0871   14.279  0.004    2  1 
  51671.0917   14.282  0.004    2  1 
  51671.0952   14.287  0.004    2  1 
  51671.1189   14.294  0.004    2  1 
  51671.1232   14.293  0.004    2  1 
  51671.9996   14.235  0.003    2  1 
  51672.0039   14.236  0.003    2  1 
  51672.0350   14.253  0.003    2  1 
  51672.0382   14.256  0.003    2  1 
  51673.0232   14.245  0.003    2  1 
  51674.0574   14.255  0.004    2  1 
  51674.0938   14.275  0.004    2  1 
  51674.0985   14.272  0.004    2  1 
  51674.1159   14.281  0.004    2  1 
  51674.1223   14.285  0.004    2  1 
  51674.9763   14.211  0.004    2  1 
  51674.9824   14.218  0.004    2  1 
  51675.0212   14.235  0.004    2  1 
  51676.0163   14.232  0.003    2  1 
  51692.9816   14.237  0.004    2  1 
  51692.9854   14.231  0.003    2  1 
  51693.9780   14.241  0.003    2  1 
  51693.9814   14.238  0.003    2  1 
  51694.9914   14.241  0.003    2  1 
  51765.9974   14.199  0.003    2  1 
  51766.0012   14.203  0.004    2  1 
  51766.0048   14.201  0.003    2  1 
  51766.0266   14.209  0.004    2  1 
  51766.0301   14.212  0.004    2  1 
  51216.3408   14.721  0.003    3  1 
  51216.3905   14.725  0.003    3  1 
  51217.3019   14.752  0.003    3  1 
  51218.2854   14.779  0.003    3  1 
  51218.3156   14.758  0.004    3  1 
  51218.3347   14.736  0.003    3  1 
  51218.3848   14.719  0.003    3  1 
  51219.2918   14.777  0.003    3  1 
  51219.3100   14.763  0.003    3  1 
  51219.3296   14.744  0.003    3  1 
  51219.3536   14.728  0.003    3  1 
  51219.3723   14.716  0.003    3  1 
  51220.2720   14.806  0.003    3  1 
  51220.2946   14.780  0.003    3  1 
  51220.3473   14.743  0.003    3  1 
  51220.3643   14.732  0.003    3  1 
  51220.3816   14.717  0.003    3  1 
  51221.2763   14.819  0.003    3  1 
  51221.2964   14.795  0.003    3  1 
  51221.3145   14.775  0.003    3  1 
  51221.3318   14.769  0.003    3  1 
  51221.3496   14.750  0.003    3  1 
  51221.3673   14.742  0.003    3  1 
  51283.2783   14.763  0.003    3  1 
  51283.3008   14.782  0.003    3  1 
  51283.3322   14.817  0.003    3  1 
  51283.3553   14.828  0.003    3  1 
  51284.2134   14.732  0.003    3  1 
  51284.2375   14.737  0.003    3  1 
  51284.2581   14.747  0.003    3  1 
  51284.2875   14.775  0.003    3  1 
  51284.3124   14.785  0.003    3  1 
  51284.3383   14.809  0.003    3  1 
  51285.0451   14.826  0.003    3  1 
  51285.0691   14.800  0.003    3  1 
  51285.0932   14.773  0.003    3  1 
  51285.1257   14.764  0.003    3  1 
  51285.1514   14.730  0.003    3  1 
  51285.1754   14.725  0.003    3  1 
  51285.2060   14.729  0.003    3  1 
  51285.2321   14.733  0.003    3  1 
  51285.2586   14.751  0.003    3  1 
  51285.2928   14.761  0.003    3  1 
  51285.3257   14.792  0.003    3  1 
  51286.0393   14.796  0.002    3  1 
  51286.0670   14.816  0.003    3  1 
  51286.1302   14.789  0.002    3  1 
  51286.1833   14.728  0.003    3  1 
  51286.2193   14.729  0.003    3  1 
  51286.2434   14.727  0.003    3  1 
  51286.2655   14.751  0.003    3  1 
  51286.2958   14.759  0.003    3  1 
  51286.3291   14.791  0.003    3  1 
  51286.3521   14.804  0.003    3  1 
  51304.9838   15.044  0.003    3  1 
  51305.0251   15.053  0.004    3  1 
  51305.0718   15.054  0.004    3  1 
  51305.0961   15.055  0.003    3  1 
  51305.1465   15.000  0.004    3  1 
  51305.1755   14.969  0.003    3  1 
  51305.2054   14.908  0.004    3  1 
  51305.2345   14.865  0.003    3  1 
  51305.2666   14.839  0.003    3  1 
  51305.2880   14.818  0.003    3  1 
  51305.9773   15.031  0.003    3  1 
  51306.0428   15.056  0.003    3  1 
  51306.0809   15.057  0.003    3  1 
  51306.1330   15.035  0.003    3  1 
  51306.2101   14.902  0.003    3  1 
  51306.2538   14.802  0.003    3  1 
  51306.2771   14.840  0.003    3  1 
  51306.2972   14.815  0.003    3  1 
  51308.0025   14.999  0.003    3  1 
  51308.0600   15.037  0.003    3  1 
  51308.0919   15.022  0.002    3  1 
  51308.1244   15.036  0.003    3  1 
  51310.1057   15.067  0.002    3  1 
  51311.9792   14.975  0.003    3  1 
  51311.9983   14.994  0.003    3  1 
  51312.0087   14.999  0.004    3  1 
  51312.0350   14.995  0.003    3  1 
  51312.0550   15.019  0.003    3  1 
  51312.0672   15.027  0.003    3  1 
  51312.0870   15.025  0.003    3  1 
  51312.0988   15.035  0.003    3  1 
  51313.0063   14.995  0.003    3  1 
  51313.0300   15.009  0.003    3  1 
  51313.0562   14.993  0.003    3  1 
  51313.1113   15.041  0.003    3  1 
  51313.9807   14.984  0.003    3  1 
  51314.0143   14.990  0.003    3  1 
  51314.0397   15.000  0.003    3  1 
  51314.1124   15.026  0.004    3  1 
  51314.9752   14.980  0.003    3  1 
  51315.0102   14.986  0.003    3  1 
  51315.0336   15.004  0.003    3  1 
  51315.0747   15.012  0.003    3  1 
  51315.0982   15.013  0.003    3  1 
  51315.1216   15.030  0.003    3  1 
  51316.0399   14.995  0.003    3  1 
  51316.0634   15.003  0.003    3  1 
  51316.0869   14.995  0.003    3  1 
  51316.9740   14.944  0.003    3  1 
  51317.0052   14.951  0.003    3  1 
  51317.0282   14.953  0.003    3  1 
  51317.0566   14.985  0.003    3  1 
  51317.0822   14.999  0.003    3  1 
  51317.1075   15.010  0.003    3  1 
  51317.9847   14.942  0.003    3  1 
  51318.0099   14.953  0.003    3  1 
  51318.0374   14.951  0.003    3  1 
  51318.9772   14.941  0.003    3  1 
  51319.0019   14.946  0.003    3  1 
  51319.0274   14.960  0.003    3  1 
  51319.0757   14.982  0.003    3  1 
  51319.0997   14.992  0.003    3  1 
  51320.1208   14.991  0.003    3  1 
  51320.1417   15.015  0.003    3  1 
  51321.0180   14.915  0.003    3  1 
  51321.0400   14.952  0.003    3  1 
  51321.0624   14.962  0.003    3  1 
  51321.0930   14.961  0.003    3  1 
  51321.1217   14.991  0.003    3  1 
  51381.9793   15.040  0.003    3  1 
  51382.9755   15.013  0.003    3  1 
  51383.9715   15.022  0.003    3  1 
  51384.9721   15.050  0.002    3  1 
  51385.9679   15.073  0.003    3  1 
  51386.9917   15.041  0.003    3  1 
  51388.9755   15.013  0.004    3  1 
  51389.9750   14.997  0.003    3  1 
  51693.9923   14.789  0.003    3  1 
  51695.0052   14.785  0.002    3  1 
 56468.97641   12.946  0.020   -1  1 
 56469.04707   12.897  0.023   -1  1 
 56469.10896   12.920  0.019   -1  1 
 56469.17285   13.030  0.018   -1  1 
 56471.00364   12.777  0.016   -1  1 
 56471.06640   12.932  0.018   -1  1 
 56471.12490   12.902  0.016   -1  1 
 56471.18188   12.940  0.019   -1  1 
 56471.96759   12.749  0.019   -1  1 
 56472.03374   12.794  0.007   -1  1 
 56472.09484   12.911  0.008   -1  1 
 56472.15243   12.893  0.013   -1  1 
 56468.95296   12.664  0.019   -2  1 
 56469.02441   12.671  0.016   -2  1 
 56469.08813   12.739  0.012   -2  1 
 56469.15134   12.797  0.010   -2  1 
 56471.02588   12.774  0.015   -2  1 
 56471.08671   12.816  0.013   -2  1 
 56471.14302   12.769  0.011   -2  1 
 56471.94704   12.636  0.013   -2  1 
 56472.01085   12.905  0.032   -2  1 
 56472.07480   12.690  0.008   -2  1 
 56472.13240   12.740  0.007   -2  1 
 56472.19216   12.779  0.017   -2  1 
 56469.00041   13.140  0.012   -5  1 
 56469.06767   13.149  0.006   -5  1 
 56469.13003   13.293  0.022   -5  1 
 56469.19349   13.149  0.014   -5  1 
 56470.98130   13.101  0.006   -5  1 
 56471.04693   13.153  0.011   -5  1 
 56471.10523   13.159  0.006   -5  1 
 56471.16397   13.179  0.033   -5  1 
 56471.98857   13.064  0.021   -5  1 
 56472.05430   13.145  0.024   -5  1 
 56472.11383   13.165  0.008   -5  1 
 56472.17109   13.179  0.008   -5  1 
