  51216.2987   14.520  0.004    2  1 
  51216.3275   14.559  0.004    2  1 
  51216.3519   14.586  0.004    2  1 
  51216.3771   14.591  0.004    2  1 
  51217.2851   14.593  0.004    2  1 
  51217.3152   14.545  0.004    2  1 
  51217.3378   14.489  0.004    2  1 
  51217.3598   14.398  0.004    2  1 
  51217.3804   14.358  0.004    2  1 
  51218.3013   14.354  0.004    2  1 
  51218.3254   14.334  0.004    2  1 
  51218.3504   14.342  0.004    2  1 
  51218.3753   14.396  0.004    2  1 
  51219.2775   14.360  0.004    2  1 
  51219.3014   14.393  0.004    2  1 
  51219.3186   14.431  0.004    2  1 
  51219.3397   14.480  0.004    2  1 
  51219.3635   14.539  0.004    2  1 
  51219.3810   14.567  0.004    2  1 
  51220.2867   14.546  0.004    2  1 
  51220.3036   14.567  0.004    2  1 
  51220.3219   14.589  0.004    2  1 
  51220.3391   14.585  0.004    2  1 
  51220.3564   14.578  0.004    2  1 
  51220.3729   14.549  0.004    2  1 
  51220.3920   14.493  0.004    2  1 
  51221.2619   14.584  0.004    2  1 
  51221.2873   14.563  0.004    2  1 
  51221.3052   14.518  0.004    2  1 
  51221.3230   14.454  0.004    2  1 
  51221.3396   14.394  0.004    2  1 
  51221.3577   14.355  0.004    2  1 
  51221.3762   14.334  0.004    2  1 
  51283.2102   14.344  0.003    2  1 
  51283.2288   14.351  0.003    2  1 
  51283.2338   14.326  0.003    2  1 
  51283.2391   14.337  0.003    2  1 
  51283.2642   14.372  0.003    2  1 
  51283.2680   14.370  0.003    2  1 
  51283.2868   14.406  0.003    2  1 
  51283.2902   14.405  0.003    2  1 
  51283.3138   14.457  0.003    2  1 
  51283.3170   14.468  0.003    2  1 
  51283.3408   14.515  0.003    2  1 
  51283.3447   14.536  0.004    2  1 
  51283.3642   14.567  0.004    2  1 
  51283.3673   14.574  0.004    2  1 
  51284.1955   14.382  0.003    2  1 
  51284.1993   14.399  0.003    2  1 
  51284.2266   14.447  0.003    2  1 
  51284.2298   14.457  0.003    2  1 
  51284.2475   14.495  0.004    2  1 
  51284.2506   14.500  0.004    2  1 
  51284.2679   14.535  0.004    2  1 
  51284.2711   14.531  0.004    2  1 
  51284.3004   14.564  0.004    2  1 
  51284.3036   14.586  0.004    2  1 
  51284.3257   14.567  0.004    2  1 
  51284.3289   14.570  0.004    2  1 
  51285.0269   14.381  0.003    2  1 
  51285.0299   14.371  0.003    2  1 
  51285.0577   14.365  0.003    2  1 
  51285.0607   14.333  0.003    2  1 
  51285.0814   14.340  0.003    2  1 
  51285.0847   14.333  0.003    2  1 
  51285.1052   14.370  0.003    2  1 
  51285.1084   14.373  0.003    2  1 
  51285.1396   14.422  0.003    2  1 
  51285.1427   14.442  0.003    2  1 
  51285.1624   14.478  0.003    2  1 
  51285.1654   14.483  0.004    2  1 
  51285.1891   14.538  0.004    2  1 
  51285.1924   14.544  0.004    2  1 
  51285.2195   14.577  0.004    2  1 
  51285.2227   14.570  0.004    2  1 
  51285.2468   14.561  0.004    2  1 
  51285.2498   14.566  0.004    2  1 
  51285.2738   14.523  0.004    2  1 
  51285.2775   14.510  0.004    2  1 
  51285.3077   14.449  0.004    2  1 
  51285.3112   14.428  0.004    2  1 
  51285.3425   14.356  0.003    2  1 
  51285.3456   14.360  0.003    2  1 
  51286.0177   14.362  0.003    2  1 
  51286.0241   14.382  0.003    2  1 
  51286.0542   14.451  0.003    2  1 
  51286.0574   14.436  0.003    2  1 
  51286.0794   14.487  0.003    2  1 
  51286.0832   14.497  0.003    2  1 
  51286.1105   14.564  0.003    2  1 
  51286.1136   14.552  0.003    2  1 
  51286.1441   14.588  0.003    2  1 
  51286.1472   14.598  0.003    2  1 
  51286.1708   14.595  0.003    2  1 
  51286.1740   14.583  0.004    2  1 
  51286.1969   14.547  0.004    2  1 
  51286.2002   14.537  0.003    2  1 
  51286.2322   14.436  0.003    2  1 
  51286.2352   14.424  0.003    2  1 
  51286.2544   14.361  0.003    2  1 
  51286.2573   14.360  0.003    2  1 
  51286.2785   14.346  0.003    2  1 
  51286.2816   14.340  0.003    2  1 
  51286.3149   14.345  0.003    2  1 
  51286.3179   14.352  0.003    2  1 
  51286.3375   14.387  0.003    2  1 
  51286.3409   14.390  0.003    2  1 
  51286.3604   14.427  0.004    2  1 
  51286.3635   14.437  0.003    2  1 
  51286.3665   14.442  0.003    2  1 
  51304.9667   14.337  0.003    2  1 
  51304.9697   14.335  0.003    2  1 
  51304.9956   14.355  0.003    2  1 
  51304.9985   14.372  0.003    2  1 
  51305.0393   14.446  0.003    2  1 
  51305.0423   14.449  0.003    2  1 
  51305.0812   14.524  0.004    2  1 
  51305.0852   14.544  0.004    2  1 
  51305.1040   14.565  0.004    2  1 
  51305.1077   14.576  0.004    2  1 
  51305.1328   14.556  0.004    2  1 
  51305.1357   14.590  0.004    2  1 
  51305.1582   14.571  0.004    2  1 
  51305.1616   14.568  0.004    2  1 
  51305.1919   14.491  0.004    2  1 
  51305.1953   14.487  0.004    2  1 
  51305.2170   14.400  0.004    2  1 
  51305.2202   14.392  0.004    2  1 
  51305.2493   14.332  0.003    2  1 
  51305.2523   14.337  0.003    2  1 
  51305.2764   14.322  0.003    2  1 
  51305.2796   14.314  0.004    2  1 
  51305.3025   14.353  0.003    2  1 
  51305.3054   14.356  0.003    2  1 
  51305.9643   14.456  0.003    2  1 
  51305.9672   14.473  0.003    2  1 
  51305.9940   14.532  0.003    2  1 
  51305.9970   14.521  0.003    2  1 
  51305.9997   14.545  0.003    2  1 
  51306.0313   14.586  0.003    2  1 
  51306.0340   14.595  0.003    2  1 
  51306.0638   14.592  0.003    2  1 
  51306.0674   14.588  0.003    2  1 
  51306.0960   14.541  0.003    2  1 
  51306.0990   14.556  0.003    2  1 
  51306.1183   14.487  0.003    2  1 
  51306.1209   14.469  0.003    2  1 
  51306.1434   14.362  0.003    2  1 
  51306.1474   14.358  0.004    2  1 
  51306.1743   14.339  0.003    2  1 
  51306.1770   14.337  0.003    2  1 
  51306.1996   14.337  0.003    2  1 
  51306.2025   14.330  0.002    2  1 
  51306.2235   14.359  0.003    2  1 
  51306.2407   14.403  0.003    2  1 
  51306.2432   14.390  0.003    2  1 
  51306.2458   14.404  0.003    2  1 
  51306.2665   14.443  0.003    2  1 
  51306.2691   14.449  0.003    2  1 
  51306.2862   14.478  0.003    2  1 
  51306.2895   14.498  0.003    2  1 
  51306.3068   14.541  0.003    2  1 
  51306.3101   14.545  0.004    2  1 
  51306.9828   14.588  0.004    2  1 
  51306.9870   14.577  0.003    2  1 
  51307.0161   14.546  0.003    2  1 
  51307.0270   14.506  0.004    2  1 
  51307.0388   14.475  0.004    2  1 
  51307.0824   14.348  0.004    2  1 
  51307.9862   14.374  0.003    2  1 
  51307.9901   14.374  0.003    2  1 
  51308.0178   14.329  0.003    2  1 
  51308.0212   14.357  0.003    2  1 
  51308.0443   14.338  0.003    2  1 
  51308.0749   14.389  0.003    2  1 
  51308.1072   14.452  0.003    2  1 
  51308.1114   14.465  0.003    2  1 
  51310.1342   14.353  0.003    2  1 
  51310.1371   14.354  0.003    2  1 
  51310.1402   14.347  0.003    2  1 
  51314.9621   14.540  0.004    2  1 
  51314.9650   14.564  0.004    2  1 
  51314.9679   14.553  0.004    2  1 
  51314.9914   14.498  0.003    2  1 
  51314.9943   14.481  0.003    2  1 
  51314.9972   14.477  0.003    2  1 
  51315.0171   14.399  0.003    2  1 
  51315.0197   14.376  0.003    2  1 
  51315.0224   14.380  0.003    2  1 
  51315.0409   14.344  0.003    2  1 
  51315.0436   14.341  0.003    2  1 
  51315.0462   14.338  0.003    2  1 
  51315.0650   14.328  0.003    2  1 
  51315.0677   14.327  0.003    2  1 
  51315.0860   14.338  0.003    2  1 
  51315.0887   14.333  0.003    2  1 
  51315.0913   14.344  0.003    2  1 
  51315.1094   14.369  0.003    2  1 
  51315.1121   14.387  0.003    2  1 
  51315.1148   14.382  0.003    2  1 
  51316.0303   14.378  0.003    2  1 
  51316.0330   14.380  0.003    2  1 
  51316.0511   14.427  0.003    2  1 
  51316.0538   14.420  0.003    2  1 
  51316.0565   14.429  0.003    2  1 
  51316.0746   14.467  0.003    2  1 
  51316.0773   14.469  0.003    2  1 
  51316.0800   14.479  0.003    2  1 
  51316.0992   14.515  0.003    2  1 
  51316.1020   14.535  0.003    2  1 
  51316.1046   14.535  0.003    2  1 
  51316.1228   14.578  0.003    2  1 
  51316.1255   14.561  0.003    2  1 
  51316.1281   14.564  0.003    2  1 
  51316.9815   14.440  0.003    2  1 
  51316.9843   14.450  0.003    2  1 
  51316.9869   14.454  0.003    2  1 
  51316.9978   14.467  0.004    2  1 
  51317.0147   14.518  0.004    2  1 
  51317.0176   14.522  0.004    2  1 
  51317.0205   14.505  0.004    2  1 
  51317.0420   14.535  0.004    2  1 
  51317.0450   14.547  0.004    2  1 
  51317.0483   14.574  0.004    2  1 
  51317.0689   14.593  0.004    2  1 
  51317.0718   14.568  0.004    2  1 
  51317.0747   14.571  0.004    2  1 
  51317.0946   14.585  0.004    2  1 
  51317.0974   14.590  0.003    2  1 
  51317.1000   14.571  0.003    2  1 
  51317.1199   14.535  0.004    2  1 
  51317.1228   14.514  0.004    2  1 
  51317.1257   14.508  0.004    2  1 
  51317.9715   14.530  0.004    2  1 
  51317.9744   14.580  0.004    2  1 
  51317.9772   14.590  0.004    2  1 
  51317.9970   14.594  0.004    2  1 
  51317.9998   14.611  0.003    2  1 
  51318.0025   14.585  0.003    2  1 
  51318.0227   14.560  0.004    2  1 
  51318.0260   14.526  0.004    2  1 
  51318.0510   14.501  0.004    2  1 
  51318.0542   14.482  0.004    2  1 
  51318.0575   14.465  0.004    2  1 
  51318.0795   14.398  0.004    2  1 
  51318.0827   14.377  0.004    2  1 
  51318.0859   14.383  0.004    2  1 
  51318.1079   14.336  0.004    2  1 
  51318.1111   14.341  0.004    2  1 
  51318.1144   14.324  0.004    2  1 
  51318.9846   14.447  0.003    2  1 
  51318.9874   14.432  0.003    2  1 
  51318.9902   14.420  0.003    2  1 
  51319.0093   14.359  0.003    2  1 
  51319.0122   14.356  0.003    2  1 
  51319.0151   14.343  0.003    2  1 
  51319.0351   14.325  0.003    2  1 
  51319.0380   14.319  0.003    2  1 
  51319.0411   14.333  0.004    2  1 
  51319.0623   14.332  0.003    2  1 
  51319.0928   14.374  0.003    2  1 
  51319.1137   14.417  0.003    2  1 
  51319.1164   14.425  0.003    2  1 
  51319.1190   14.424  0.003    2  1 
  51320.0869   14.538  0.003    2  1 
  51320.0909   14.546  0.003    2  1 
  51320.1531   14.590  0.003    2  1 
  51320.1557   14.589  0.003    2  1 
  51320.1584   14.592  0.003    2  1 
  51320.9810   14.489  0.003    2  1 
  51321.0292   14.576  0.003    2  1 
  51321.0466   14.587  0.003    2  1 
  51321.0491   14.593  0.003    2  1 
  51321.0517   14.593  0.003    2  1 
  51321.0689   14.601  0.003    2  1 
  51321.0714   14.577  0.003    2  1 
  51321.0740   14.598  0.003    2  1 
  51321.0997   14.551  0.003    2  1 
  51321.1023   14.537  0.003    2  1 
  51321.1049   14.531  0.003    2  1 
  51321.1074   14.524  0.003    2  1 
  51321.1100   14.516  0.003    2  1 
  51321.1285   14.454  0.003    2  1 
  51321.1311   14.436  0.003    2  1 
  51332.9607   14.528  0.005    2  1 
  51332.9651   14.532  0.005    2  1 
  51332.9797   14.576  0.005    2  1 
  51332.9834   14.582  0.004    2  1 
  51333.0005   14.582  0.004    2  1 
  51333.0039   14.574  0.004    2  1 
  51333.0156   14.583  0.004    2  1 
  51333.0192   14.546  0.004    2  1 
  51333.0445   14.530  0.004    2  1 
  51333.0479   14.515  0.004    2  1 
  51333.0636   14.456  0.005    2  1 
  51333.0681   14.442  0.005    2  1 
  51333.0834   14.390  0.004    2  1 
  51333.0869   14.383  0.004    2  1 
  51333.0981   14.358  0.004    2  1 
  51333.1018   14.354  0.004    2  1 
  51333.1258   14.334  0.004    2  1 
  51333.1294   14.336  0.004    2  1 
  51333.1410   14.338  0.005    2  1 
  51333.1452   14.335  0.004    2  1 
  51333.1492   14.338  0.004    2  1 
  51333.1642   14.365  0.004    2  1 
  51333.1679   14.367  0.004    2  1 
  51334.9778   14.334  0.003    2  1 
  51334.9806   14.335  0.003    2  1 
  51335.0115   14.387  0.003    2  1 
  51335.0145   14.387  0.003    2  1 
  51335.0237   14.400  0.004    2  1 
  51335.0269   14.406  0.003    2  1 
  51335.0365   14.424  0.003    2  1 
  51335.0396   14.436  0.004    2  1 
  51335.0624   14.482  0.004    2  1 
  51335.0658   14.486  0.004    2  1 
  51335.0766   14.509  0.004    2  1 
  51335.0800   14.516  0.004    2  1 
  51335.1009   14.557  0.004    2  1 
  51335.1041   14.558  0.004    2  1 
  51335.9585   14.428  0.004    2  1 
  51335.9619   14.442  0.004    2  1 
  51335.9661   14.451  0.004    2  1 
  51335.9693   14.455  0.004    2  1 
  51335.9855   14.489  0.004    2  1 
  51335.9915   14.506  0.004    2  1 
  51335.9966   14.509  0.003    2  1 
  51336.0139   14.548  0.004    2  1 
  51336.0172   14.563  0.004    2  1 
  51336.0275   14.570  0.004    2  1 
  51336.0306   14.576  0.004    2  1 
  51336.0439   14.589  0.004    2  1 
  51336.0470   14.581  0.004    2  1 
  51336.0662   14.584  0.004    2  1 
  51336.0696   14.593  0.004    2  1 
  51336.0728   14.584  0.004    2  1 
  51336.0954   14.543  0.004    2  1 
  51336.0989   14.539  0.004    2  1 
  51336.1119   14.497  0.004    2  1 
  51336.1153   14.497  0.004    2  1 
  51336.1297   14.433  0.004    2  1 
  51336.1557   14.340  0.005    2  1 
  51336.1600   14.352  0.005    2  1 
  51336.1647   14.330  0.005    2  1 
  51336.9567   14.557  0.002    2  1 
  51337.0022   14.514  0.003    2  1 
  51337.9827   14.374  0.004    2  1 
  51337.9868   14.359  0.004    2  1 
  51337.9997   14.346  0.004    2  1 
  51338.0033   14.341  0.004    2  1 
  51338.0231   14.332  0.004    2  1 
  51338.0265   14.329  0.004    2  1 
  51338.0304   14.333  0.004    2  1 
  51338.9791   14.352  0.003    2  1 
  51338.9849   14.368  0.003    2  1 
  51339.0116   14.404  0.004    2  1 
  51339.0151   14.417  0.004    2  1 
  51339.0441   14.485  0.004    2  1 
  51339.0477   14.493  0.004    2  1 
  51339.0513   14.498  0.004    2  1 
  51339.0774   14.554  0.004    2  1 
  51339.0807   14.541  0.004    2  1 
  51339.1053   14.590  0.004    2  1 
  51339.1093   14.579  0.004    2  1 
  51339.1327   14.584  0.004    2  1 
  51339.1363   14.588  0.004    2  1 
  51339.9588   14.476  0.003    2  1 
  51339.9627   14.486  0.003    2  1 
  51339.9835   14.528  0.004    2  1 
  51339.9874   14.533  0.004    2  1 
  51340.0115   14.573  0.004    2  1 
  51340.0146   14.574  0.003    2  1 
  51340.0349   14.582  0.004    2  1 
  51340.0380   14.581  0.004    2  1 
  51340.0659   14.564  0.004    2  1 
  51340.0696   14.553  0.004    2  1 
  51340.0938   14.489  0.004    2  1 
  51340.0983   14.465  0.004    2  1 
  51340.1334   14.358  0.004    2  1 
  51340.1366   14.351  0.004    2  1 
  51344.9654   14.571  0.003    2  1 
  51344.9786   14.541  0.003    2  1 
  51344.9829   14.519  0.004    2  1 
  51345.0052   14.443  0.004    2  1 
  51345.0092   14.409  0.003    2  1 
  51345.0132   14.409  0.003    2  1 
  51345.0170   14.399  0.004    2  1 
  51345.0353   14.360  0.003    2  1 
  51345.0390   14.361  0.003    2  1 
  51345.0645   14.325  0.003    2  1 
  51345.0690   14.330  0.003    2  1 
  51345.9658   14.332  0.004    2  1 
  51345.9696   14.324  0.004    2  1 
  51345.9999   14.325  0.004    2  1 
  51346.0043   14.329  0.004    2  1 
  51346.0310   14.370  0.004    2  1 
  51346.0343   14.381  0.004    2  1 
  51346.0571   14.416  0.004    2  1 
  51346.0604   14.425  0.004    2  1 
  51347.0221   14.528  0.004    2  1 
  51347.0274   14.543  0.003    2  1 
  51347.0562   14.583  0.004    2  1 
  51347.0597   14.589  0.004    2  1 
  51347.0815   14.592  0.003    2  1 
  51347.0850   14.583  0.003    2  1 
  51347.9550   14.571  0.004    2  1 
  51347.9581   14.556  0.003    2  1 
  51347.9877   14.587  0.004    2  1 
  51347.9914   14.589  0.004    2  1 
  51347.9948   14.585  0.004    2  1 
  51348.0181   14.576  0.004    2  1 
  51348.0211   14.571  0.004    2  1 
  51348.0849   14.364  0.005    2  1 
  51348.0897   14.346  0.004    2  1 
  51348.1054   14.331  0.004    2  1 
  51348.1088   14.332  0.004    2  1 
  51348.1122   14.311  0.004    2  1 
  51348.9528   14.554  0.003    2  1 
  51348.9557   14.536  0.004    2  1 
  51348.9795   14.468  0.003    2  1 
  51348.9824   14.462  0.003    2  1 
  51348.9941   14.407  0.003    2  1 
  51349.0152   14.348  0.003    2  1 
  51349.0189   14.349  0.003    2  1 
  51349.9596   14.316  0.003    2  1 
  51349.9627   14.325  0.003    2  1 
  51349.9911   14.341  0.003    2  1 
  51349.9944   14.349  0.003    2  1 
  51350.0097   14.365  0.003    2  1 
  51350.0228   14.394  0.003    2  1 
  51364.9643   14.338  0.003    2  1 
  51364.9677   14.330  0.003    2  1 
  51380.9714   14.452  0.003    2  1 
  51380.9769   14.461  0.003    2  1 
  51380.9801   14.470  0.003    2  1 
  51380.9845   14.474  0.003    2  1 
  51381.0066   14.527  0.003    2  1 
  51381.0096   14.537  0.003    2  1 
  51381.0136   14.554  0.003    2  1 
  51381.9638   14.584  0.003    2  1 
  51381.9679   14.568  0.003    2  1 
  51381.9716   14.555  0.004    2  1 
  51381.9917   14.554  0.004    2  1 
  51381.9946   14.535  0.004    2  1 
  51382.9605   14.466  0.003    2  1 
  51382.9652   14.446  0.003    2  1 
  51382.9682   14.412  0.003    2  1 
  51382.9887   14.371  0.003    2  1 
  51382.9916   14.354  0.003    2  1 
  51383.9595   14.328  0.003    2  1 
  51383.9621   14.342  0.003    2  1 
  51383.9648   14.330  0.003    2  1 
  51383.9826   14.359  0.003    2  1 
  51383.9853   14.372  0.003    2  1 
  51384.9631   14.494  0.003    2  1 
  51384.9657   14.503  0.003    2  1 
  51384.9827   14.545  0.003    2  1 
  51384.9853   14.525  0.003    2  1 
  51385.9557   14.598  0.003    2  1 
  51385.9589   14.597  0.003    2  1 
  51385.9615   14.598  0.003    2  1 
  51385.9788   14.592  0.003    2  1 
  51385.9814   14.591  0.003    2  1 
  51386.9731   14.366  0.004    2  1 
  51386.9769   14.370  0.003    2  1 
  51386.9807   14.359  0.003    2  1 
  51387.0101   14.335  0.003    2  1 
  51387.0139   14.329  0.003    2  1 
  51387.0177   14.336  0.003    2  1 
  51388.9899   14.544  0.004    2  1 
  51388.9932   14.557  0.004    2  1 
  51389.9629   14.573  0.003    2  1 
  51389.9656   14.568  0.003    2  1 
  51389.9683   14.572  0.003    2  1 
  51390.9578   14.349  0.003    2  1 
  51390.9604   14.353  0.003    2  1 
  51391.9583   14.380  0.003    2  1 
  51646.1374   14.529  0.004    2  1 
  51646.1486   14.556  0.004    2  1 
  51646.1532   14.549  0.004    2  1 
  51646.1727   14.577  0.004    2  1 
  51646.1764   14.579  0.004    2  1 
  51646.1801   14.574  0.004    2  1 
  51646.1837   14.575  0.004    2  1 
  51646.1871   14.533  0.004    2  1 
  51646.1907   14.541  0.004    2  1 
  51646.1944   14.544  0.004    2  1 
  51646.1983   14.567  0.004    2  1 
  51646.2025   14.550  0.004    2  1 
  51646.2065   14.546  0.004    2  1 
  51646.2100   14.538  0.004    2  1 
  51646.2138   14.532  0.004    2  1 
  51646.2172   14.534  0.004    2  1 
  51646.2206   14.518  0.004    2  1 
  51646.2245   14.506  0.004    2  1 
  51646.2283   14.502  0.004    2  1 
  51646.2320   14.488  0.004    2  1 
  51646.2362   14.476  0.003    2  1 
  51646.2394   14.466  0.003    2  1 
  51646.2426   14.454  0.003    2  1 
  51646.2457   14.440  0.003    2  1 
  51646.2489   14.416  0.003    2  1 
  51646.2523   14.405  0.003    2  1 
  51646.2557   14.401  0.004    2  1 
  51646.2591   14.398  0.004    2  1 
  51646.2626   14.376  0.004    2  1 
  51646.2660   14.371  0.003    2  1 
  51646.2694   14.346  0.004    2  1 
  51646.2730   14.334  0.004    2  1 
  51646.2769   14.317  0.004    2  1 
  51646.2852   14.334  0.004    2  1 
  51646.2895   14.338  0.004    2  1 
  51646.2939   14.311  0.004    2  1 
  51646.2986   14.307  0.004    2  1 
  51646.3027   14.316  0.004    2  1 
  51646.3070   14.319  0.004    2  1 
  51646.3111   14.329  0.004    2  1 
  51646.3151   14.329  0.004    2  1 
  51646.3189   14.331  0.003    2  1 
  51646.3225   14.343  0.003    2  1 
  51646.3260   14.338  0.004    2  1 
  51646.3296   14.343  0.004    2  1 
  51646.3330   14.343  0.004    2  1 
  51646.3377   14.356  0.004    2  1 
  51646.3414   14.358  0.004    2  1 
  51646.3451   14.360  0.004    2  1 
  51646.3496   14.367  0.004    2  1 
  51646.3568   14.385  0.004    2  1 
  51646.3637   14.384  0.004    2  1 
  51646.3679   14.400  0.004    2  1 
  51646.3713   14.399  0.004    2  1 
  51671.0353   14.497  0.003    2  1 
  51671.0585   14.413  0.003    2  1 
  51671.0721   14.358  0.004    2  1 
  51671.0771   14.353  0.004    2  1 
  51671.1013   14.330  0.003    2  1 
  51671.1053   14.338  0.003    2  1 
  51671.1107   14.337  0.004    2  1 
  51671.1151   14.339  0.003    2  1 
  51671.1292   14.348  0.004    2  1 
  51671.9878   14.369  0.003    2  1 
  51671.9920   14.362  0.003    2  1 
  51672.0277   14.330  0.003    2  1 
  51672.0316   14.351  0.003    2  1 
  51672.0822   14.410  0.003    2  1 
  51674.0685   14.534  0.005    2  1 
  51674.0726   14.518  0.005    2  1 
  51674.1052   14.439  0.004    2  1 
  51674.1117   14.420  0.004    2  1 
  51674.1260   14.374  0.004    2  1 
  51674.1296   14.377  0.004    2  1 
  51674.1332   14.362  0.004    2  1 
  51674.1368   14.363  0.004    2  1 
  51674.1405   14.358  0.004    2  1 
  51674.1444   14.350  0.003    2  1 
  51674.9689   14.585  0.004    2  1 
  51674.9724   14.579  0.004    2  1 
  51674.9867   14.557  0.004    2  1 
  51674.9911   14.538  0.004    2  1 
  51675.0041   14.503  0.004    2  1 
  51675.0121   14.466  0.004    2  1 
  51675.0159   14.449  0.004    2  1 
  51675.0253   14.432  0.004    2  1 
  51675.0289   14.416  0.003    2  1 
  51675.0351   14.399  0.004    2  1 
  51675.0465   14.367  0.004    2  1 
  51675.0521   14.357  0.004    2  1 
  51675.0558   14.362  0.004    2  1 
  51675.0622   14.351  0.004    2  1 
  51675.0661   14.355  0.004    2  1 
  51675.0719   14.346  0.004    2  1 
  51675.0756   14.346  0.004    2  1 
  51675.0814   14.341  0.004    2  1 
  51675.0858   14.341  0.004    2  1 
  51675.0927   14.341  0.004    2  1 
  51675.0970   14.337  0.003    2  1 
  51675.9751   14.352  0.003    2  1 
  51675.9802   14.350  0.004    2  1 
  51675.9906   14.340  0.003    2  1 
  51675.9939   14.340  0.003    2  1 
  51675.9971   14.335  0.003    2  1 
  51676.0005   14.337  0.003    2  1 
  51676.0036   14.334  0.003    2  1 
  51676.0067   14.338  0.003    2  1 
  51676.0112   14.336  0.003    2  1 
  51676.0240   14.346  0.004    2  1 
  51676.0301   14.358  0.004    2  1 
  51676.9616   14.363  0.004    2  1 
  51676.9713   14.387  0.004    2  1 
  51676.9757   14.391  0.004    2  1 
  51676.9867   14.406  0.004    2  1 
  51676.9969   14.422  0.005    2  1 
  51677.0090   14.444  0.004    2  1 
  51677.0126   14.471  0.004    2  1 
  51677.0180   14.476  0.005    2  1 
  51677.0226   14.492  0.005    2  1 
  51677.0271   14.492  0.005    2  1 
  51677.0318   14.501  0.005    2  1 
  51677.0362   14.514  0.005    2  1 
  51677.0410   14.515  0.005    2  1 
  51677.0453   14.528  0.005    2  1 
  51677.0499   14.532  0.005    2  1 
  51677.0580   14.539  0.005    2  1 
  51677.0628   14.544  0.005    2  1 
  51677.0672   14.556  0.005    2  1 
  51677.0713   14.569  0.005    2  1 
  51677.0751   14.560  0.005    2  1 
  51677.0793   14.572  0.005    2  1 
  51677.0835   14.585  0.005    2  1 
  51677.0877   14.580  0.005    2  1 
  51677.0918   14.582  0.005    2  1 
  51677.0956   14.571  0.005    2  1 
  51677.1044   14.547  0.005    2  1 
  51677.1121   14.545  0.005    2  1 
  51677.1160   14.538  0.005    2  1 
  51677.1199   14.527  0.005    2  1 
  51677.1238   14.542  0.005    2  1 
  51677.1276   14.525  0.005    2  1 
  51677.1315   14.508  0.004    2  1 
  51677.1353   14.514  0.005    2  1 
  51677.1396   14.499  0.005    2  1 
  51677.1434   14.497  0.005    2  1 
  51677.1476   14.486  0.004    2  1 
  51677.1520   14.476  0.004    2  1 
  51677.1564   14.456  0.004    2  1 
  51677.1603   14.450  0.004    2  1 
  51677.1642   14.443  0.004    2  1 
  51677.1680   14.424  0.004    2  1 
  51677.1719   14.412  0.004    2  1 
  51677.1759   14.402  0.004    2  1 
  51677.1797   14.388  0.004    2  1 
  51677.1836   14.379  0.004    2  1 
  51677.1883   14.371  0.004    2  1 
  51677.1922   14.363  0.004    2  1 
  51677.1960   14.357  0.004    2  1 
  51677.1999   14.356  0.004    2  1 
  51677.2038   14.352  0.004    2  1 
  51677.2083   14.350  0.004    2  1 
  51677.2133   14.342  0.004    2  1 
  51677.2176   14.339  0.004    2  1 
  51677.2233   14.343  0.004    2  1 
  51677.2285   14.316  0.005    2  1 
  51677.2335   14.338  0.005    2  1 
  51677.2391   14.314  0.005    2  1 
  51677.2524   14.339  0.005    2  1 
  51677.2571   14.357  0.005    2  1 
  51677.2620   14.366  0.005    2  1 
  51677.2664   14.366  0.005    2  1 
  51677.2708   14.378  0.005    2  1 
  51691.0375   14.353  0.001    2  1 
  51691.0409   14.365  0.003    2  1 
  51691.0444   14.372  0.003    2  1 
  51691.0509   14.381  0.003    2  1 
  51691.0543   14.389  0.003    2  1 
  51691.0579   14.398  0.003    2  1 
  51691.0633   14.413  0.002    2  1 
  51691.0670   14.414  0.002    2  1 
  51691.0711   14.419  0.003    2  1 
  51691.0770   14.443  0.003    2  1 
  51691.0805   14.448  0.003    2  1 
  51691.0840   14.446  0.003    2  1 
  51691.0896   14.466  0.003    2  1 
  51691.0931   14.473  0.003    2  1 
  51691.0971   14.487  0.003    2  1 
  51691.1040   14.492  0.003    2  1 
  51691.1083   14.501  0.003    2  1 
  51691.1122   14.526  0.003    2  1 
  51691.1180   14.535  0.003    2  1 
  51691.1214   14.527  0.003    2  1 
  51691.1249   14.543  0.003    2  1 
  51691.1323   14.560  0.003    2  1 
  51691.1357   14.564  0.003    2  1 
  51691.1392   14.577  0.003    2  1 
  51691.1448   14.583  0.003    2  1 
  51691.1522   14.593  0.002    2  1 
  51691.1561   14.606  0.002    2  1 
  51693.0130   14.593  0.004    2  1 
  51693.0248   14.590  0.004    2  1 
  51693.0305   14.587  0.004    2  1 
  51693.0340   14.570  0.004    2  1 
  51693.0378   14.577  0.004    2  1 
  51694.0082   14.424  0.003    2  1 
  51694.0114   14.424  0.003    2  1 
  51694.0148   14.417  0.003    2  1 
  51694.0202   14.378  0.003    2  1 
  51694.0234   14.368  0.003    2  1 
  51694.0267   14.363  0.003    2  1 
  51694.0319   14.345  0.003    2  1 
  51694.0351   14.348  0.003    2  1 
  51694.0384   14.339  0.003    2  1 
  51694.0418   14.345  0.003    2  1 
  51694.0472   14.336  0.003    2  1 
  51694.0505   14.335  0.003    2  1 
  51694.0537   14.339  0.003    2  1 
  51694.0590   14.327  0.003    2  1 
  51694.0623   14.330  0.003    2  1 
  51694.0656   14.324  0.003    2  1 
  51694.0714   14.325  0.003    2  1 
  51694.0748   14.315  0.003    2  1 
  51694.0781   14.330  0.003    2  1 
  51694.0836   14.338  0.003    2  1 
  51694.0868   14.366  0.003    2  1 
  51694.0901   14.332  0.003    2  1 
  51694.0957   14.347  0.003    2  1 
  51694.0989   14.352  0.003    2  1 
  51694.1075   14.371  0.003    2  1 
  51694.1106   14.371  0.003    2  1 
  51694.1190   14.392  0.003    2  1 
  51694.1221   14.395  0.003    2  1 
  51694.1252   14.406  0.003    2  1 
  51694.1286   14.410  0.003    2  1 
  51695.0280   14.369  0.003    2  1 
  51695.0317   14.391  0.003    2  1 
  51697.9712   14.483  0.004    2  1 
  51697.9818   14.450  0.004    2  1 
  51765.9746   14.368  0.003    2  1 
  51765.9783   14.365  0.004    2  1 
  51765.9820   14.354  0.003    2  1 
  51766.0194   14.341  0.004    2  1 
  51766.0229   14.347  0.004    2  1 
  51216.3063   14.932  0.003    3  1 
  51216.3342   14.994  0.004    3  1 
  51216.3572   14.998  0.004    3  1 
  51216.3847   14.972  0.004    3  1 
  51217.2936   14.983  0.004    3  1 
  51217.3214   14.913  0.004    3  1 
  51217.3852   14.637  0.003    3  1 
  51218.2935   14.682  0.004    3  1 
  51218.3212   14.633  0.003    3  1 
  51218.3442   14.649  0.003    3  1 
  51218.3704   14.691  0.003    3  1 
  51219.2811   14.686  0.002    3  1 
  51219.2844   14.671  0.003    3  1 
  51219.3053   14.738  0.003    3  1 
  51219.3228   14.791  0.004    3  1 
  51219.3465   14.872  0.004    3  1 
  51219.3676   14.930  0.004    3  1 
  51219.3851   14.964  0.004    3  1 
  51220.2805   14.917  0.004    3  1 
  51220.2995   14.962  0.004    3  1 
  51220.3171   14.993  0.004    3  1 
  51220.3349   15.007  0.004    3  1 
  51220.3523   14.998  0.004    3  1 
  51220.3689   14.960  0.004    3  1 
  51220.3877   14.898  0.003    3  1 
  51221.2691   15.011  0.004    3  1 
  51221.2915   14.945  0.004    3  1 
  51221.3097   14.886  0.003    3  1 
  51221.3270   14.773  0.003    3  1 
  51221.3437   14.720  0.003    3  1 
  51221.3619   14.647  0.003    3  1 
  51221.3854   14.625  0.003    3  1 
  51283.2237   14.656  0.003    3  1 
  51283.2601   14.681  0.003    3  1 
  51283.2830   14.745  0.003    3  1 
  51283.3050   14.802  0.003    3  1 
  51283.3367   14.914  0.003    3  1 
  51283.3600   14.965  0.003    3  1 
  51284.2056   14.731  0.003    3  1 
  51284.2337   14.817  0.003    3  1 
  51284.2542   14.894  0.003    3  1 
  51284.2806   14.945  0.003    3  1 
  51284.3075   15.007  0.004    3  1 
  51284.3333   15.000  0.003    3  1 
  51285.0371   14.673  0.003    3  1 
  51285.0885   14.644  0.003    3  1 
  51285.1182   14.785  0.002    3  1 
  51285.1470   14.792  0.003    3  1 
  51285.1698   14.883  0.003    3  1 
  51285.1988   14.941  0.003    3  1 
  51285.2270   14.992  0.004    3  1 
  51285.2539   14.999  0.004    3  1 
  51285.2851   14.902  0.003    3  1 
  51285.3202   14.795  0.003    3  1 
  51286.0308   14.731  0.003    3  1 
  51286.0619   14.785  0.003    3  1 
  51286.0871   14.858  0.003    3  1 
  51286.0921   14.871  0.003    3  1 
  51286.1226   14.964  0.003    3  1 
  51286.1789   14.975  0.003    3  1 
  51286.2076   14.910  0.002    3  1 
  51286.2389   14.756  0.003    3  1 
  51286.2613   14.685  0.003    3  1 
  51286.2889   14.634  0.003    3  1 
  51286.3108   14.684  0.003    3  1 
  51286.3335   14.742  0.003    3  1 
  51286.3566   14.812  0.003    3  1 
  51304.9734   14.653  0.003    3  1 
  51305.0076   14.689  0.003    3  1 
  51305.0510   14.806  0.004    3  1 
  51305.0770   14.892  0.004    3  1 
  51305.1004   14.953  0.003    3  1 
  51305.1407   15.006  0.004    3  1 
  51305.1707   14.962  0.004    3  1 
  51305.1996   14.843  0.004    3  1 
  51305.2299   14.703  0.003    3  1 
  51305.2836   14.671  0.003    3  1 
  51305.3139   14.764  0.004    3  1 
  51305.9733   14.846  0.003    3  1 
  51306.0117   14.948  0.003    3  1 
  51306.0375   15.003  0.004    3  1 
  51306.0735   14.991  0.004    3  1 
  51306.1026   14.907  0.003    3  1 
  51306.1285   14.775  0.003    3  1 
  51306.1517   14.682  0.004    3  1 
  51306.1807   14.642  0.003    3  1 
  51306.2059   14.637  0.003    3  1 
  51306.2269   14.677  0.003    3  1 
  51306.2491   14.786  0.003    3  1 
  51306.2725   14.848  0.002    3  1 
  51306.2932   14.894  0.003    3  1 
  51308.0249   14.639  0.003    3  1 
  51308.0524   14.661  0.003    3  1 
  51308.0811   14.739  0.002    3  1 
  51308.0851   14.748  0.002    3  1 
  51308.1202   14.849  0.003    3  1 
  51310.1272   14.694  0.003    3  1 
  51310.1308   14.674  0.003    3  1 
  51314.9714   14.957  0.003    3  1 
  51315.0138   14.750  0.003    3  1 
  51315.0372   14.641  0.003    3  1 
  51315.0710   14.658  0.002    3  1 
  51315.0946   14.645  0.003    3  1 
  51315.1180   14.693  0.003    3  1 
  51316.0597   14.775  0.003    3  1 
  51316.0832   14.861  0.003    3  1 
  51316.1079   14.934  0.003    3  1 
  51317.0013   14.869  0.003    3  1 
  51317.0241   14.920  0.004    3  1 
  51317.0523   14.981  0.004    3  1 
  51317.0782   14.994  0.004    3  1 
  51317.1035   14.976  0.004    3  1 
  51317.9808   14.991  0.003    3  1 
  51318.0060   14.999  0.004    3  1 
  51318.0331   14.937  0.004    3  1 
  51318.0898   14.708  0.004    3  1 
  51318.9811   14.842  0.003    3  1 
  51319.0058   14.690  0.003    3  1 
  51319.0315   14.628  0.003    3  1 
  51319.0717   14.635  0.003    3  1 
  51319.0961   14.704  0.003    3  1 
  51320.1175   14.981  0.003    3  1 
  51321.0212   14.954  0.002    3  1 
  51321.0434   14.996  0.003    3  1 
  51321.0965   14.935  0.003    3  1 
  51321.1252   14.827  0.003    3  1 
  51333.0403   14.919  0.004    3  1 
  51333.1062   14.644  0.003    3  1 
  51334.9989   14.674  0.003    3  1 
  51335.0432   14.793  0.003    3  1 
  51335.0972   14.946  0.004    3  1 
  51335.1083   14.967  0.004    3  1 
  51336.0103   14.952  0.003    3  1 
  51336.0508   15.015  0.004    3  1 
  51336.0891   14.962  0.004    3  1 
  51338.0075   14.665  0.003    3  1 
  51338.9740   14.733  0.002    3  1 
  51339.0046   14.756  0.003    3  1 
  51339.0385   14.855  0.003    3  1 
  51339.0685   14.926  0.003    3  1 
  51339.1006   14.995  0.004    3  1 
  51339.9665   14.863  0.003    3  1 
  51339.9935   14.930  0.003    3  1 
  51340.0189   14.980  0.003    3  1 
  51340.0441   14.978  0.004    3  1 
  51340.0753   14.934  0.003    3  1 
  51340.1041   14.806  0.004    3  1 
  51345.0430   14.656  0.003    3  1 
  51345.0736   14.618  0.003    3  1 
  51345.9747   14.628  0.003    3  1 
  51346.0101   14.634  0.003    3  1 
  51346.0388   14.734  0.003    3  1 
  51346.0670   14.794  0.003    3  1 
  51347.0317   14.936  0.003    3  1 
  51347.0645   15.002  0.003    3  1 
  51347.0896   14.989  0.003    3  1 
  51347.9638   14.972  0.003    3  1 
  51348.0146   14.977  0.003    3  1 
  51348.9591   14.926  0.004    3  1 
  51349.0243   14.647  0.003    3  1 
  51349.9679   14.662  0.003    3  1 
  51364.9721   14.618  0.003    3  1 
  51380.9890   14.857  0.003    3  1 
  51381.9751   14.991  0.003    3  1 
  51382.9716   14.771  0.003    3  1 
  51383.9680   14.662  0.003    3  1 
  51384.9688   14.897  0.002    3  1 
  51385.9645   15.024  0.003    3  1 
  51386.9859   14.652  0.003    3  1 
  51388.9699   14.939  0.003    3  1 
  51389.9715   14.963  0.003    3  1 
  51390.9663   14.660  0.002    3  1 
  51672.0213   14.652  0.003    3  1 
  51674.0796   14.916  0.004    3  1 
  51674.9989   14.918  0.004    3  1 
  51675.0396   14.732  0.003    3  1 
  51693.0053   15.007  0.003    3  1 
  51694.0012   14.781  0.003    3  1 
  51765.9863   14.656  0.003    3  1 
  51766.0153   14.685  0.003    3  1 
 56468.97641   13.414  0.121   -1  1 
 56469.04707   13.240  0.101   -1  1 
 56469.10896   13.414  0.077   -1  1 
 56469.17285   13.108  0.057   -1  1 
 56471.00364   13.422  0.068   -1  1 
 56471.06640   13.140  0.062   -1  1 
 56471.12490   13.308  0.094   -1  1 
 56471.18188   13.103  0.050   -1  1 
 56471.96759   12.959  0.090   -1  1 
 56472.03374   13.277  0.069   -1  1 
 56472.09484   13.005  0.065   -1  1 
 56472.15243   13.821  0.053   -1  1 
 56468.95296   13.166  0.102   -2  1 
 56469.02441   13.241  0.082   -2  1 
 56469.08813   13.383  0.071   -2  1 
 56469.15134   13.309  0.052   -2  1 
 56471.02588   13.295  0.059   -2  1 
 56471.08671   13.385  0.039   -2  1 
 56471.14302   13.343  0.037   -2  1 
 56471.94704   13.565  0.053   -2  1 
 56472.01085   13.252  0.060   -2  1 
 56472.07480   13.358  0.053   -2  1 
 56472.13240   13.569  0.025   -2  1 
 56472.19216   13.383  0.045   -2  1 
 56469.00041   13.585  0.044   -5  1 
 56469.06767   13.725  0.045   -5  1 
 56469.13003   13.660  0.033   -5  1 
 56469.19349   13.650  0.026   -5  1 
 56470.98130   13.797  0.028   -5  1 
 56471.04693   13.681  0.040   -5  1 
 56471.10523   13.673  0.026   -5  1 
 56471.16397   13.971  0.060   -5  1 
 56471.98857   13.593  0.041   -5  1 
 56472.05430   13.916  0.055   -5  1 
 56472.11383   13.887  0.058   -5  1 
 56472.17109   13.861  0.054   -5  1 
