  51216.2987   14.564  0.004    2  1 
  51216.3275   14.619  0.005    2  1 
  51216.3519   14.659  0.004    2  1 
  51216.3771   14.696  0.004    2  1 
  51217.2851   14.672  0.004    2  1 
  51217.3152   14.715  0.005    2  1 
  51217.3378   14.713  0.004    2  1 
  51217.3598   14.709  0.004    2  1 
  51217.3804   14.668  0.004    2  1 
  51218.3013   14.732  0.004    2  1 
  51218.3254   14.661  0.004    2  1 
  51218.3504   14.593  0.004    2  1 
  51218.3753   14.509  0.004    2  1 
  51219.2775   14.606  0.004    2  1 
  51219.3014   14.514  0.004    2  1 
  51219.3186   14.489  0.004    2  1 
  51219.3397   14.463  0.004    2  1 
  51219.3635   14.476  0.004    2  1 
  51219.3810   14.502  0.004    2  1 
  51220.2867   14.464  0.004    2  1 
  51220.3036   14.481  0.004    2  1 
  51220.3219   14.505  0.004    2  1 
  51220.3564   14.587  0.004    2  1 
  51220.3729   14.636  0.004    2  1 
  51220.3920   14.680  0.004    2  1 
  51221.2619   14.525  0.004    2  1 
  51221.2873   14.585  0.004    2  1 
  51221.3052   14.630  0.004    2  1 
  51221.3230   14.675  0.004    2  1 
  51221.3396   14.704  0.004    2  1 
  51221.3577   14.736  0.004    2  1 
  51221.3762   14.740  0.004    2  1 
  51283.2102   14.459  0.004    2  1 
  51283.2288   14.518  0.004    2  1 
  51283.2338   14.509  0.004    2  1 
  51283.2391   14.526  0.004    2  1 
  51283.2642   14.585  0.004    2  1 
  51283.2680   14.590  0.004    2  1 
  51283.2868   14.643  0.004    2  1 
  51283.2902   14.647  0.004    2  1 
  51283.3138   14.706  0.004    2  1 
  51283.3170   14.706  0.004    2  1 
  51283.3408   14.739  0.004    2  1 
  51283.3447   14.738  0.004    2  1 
  51283.3642   14.743  0.004    2  1 
  51283.3673   14.747  0.004    2  1 
  51284.1955   14.586  0.004    2  1 
  51284.1993   14.601  0.004    2  1 
  51284.2266   14.657  0.004    2  1 
  51284.2298   14.664  0.004    2  1 
  51284.2475   14.694  0.004    2  1 
  51284.2506   14.693  0.004    2  1 
  51284.2679   14.717  0.004    2  1 
  51284.2711   14.717  0.004    2  1 
  51284.3004   14.713  0.004    2  1 
  51284.3036   14.712  0.004    2  1 
  51284.3257   14.664  0.004    2  1 
  51284.3289   14.665  0.004    2  1 
  51285.0607   14.541  0.003    2  1 
  51285.0814   14.547  0.003    2  1 
  51285.0847   14.543  0.003    2  1 
  51285.1052   14.570  0.003    2  1 
  51285.1084   14.577  0.003    2  1 
  51285.1396   14.633  0.004    2  1 
  51285.1427   14.633  0.003    2  1 
  51285.1624   14.659  0.004    2  1 
  51285.1654   14.668  0.004    2  1 
  51285.1891   14.711  0.004    2  1 
  51285.1924   14.736  0.003    2  1 
  51285.2195   14.700  0.004    2  1 
  51285.2227   14.690  0.004    2  1 
  51285.2468   14.669  0.004    2  1 
  51285.2498   14.674  0.004    2  1 
  51285.2738   14.602  0.004    2  1 
  51285.2775   14.591  0.004    2  1 
  51285.3077   14.560  0.003    2  1 
  51285.3112   14.541  0.004    2  1 
  51285.3425   14.531  0.003    2  1 
  51285.3456   14.524  0.003    2  1 
  51286.0177   14.580  0.003    2  1 
  51286.0241   14.585  0.003    2  1 
  51286.0574   14.613  0.003    2  1 
  51286.0794   14.638  0.003    2  1 
  51286.0832   14.644  0.003    2  1 
  51286.1105   14.661  0.003    2  1 
  51286.1136   14.671  0.004    2  1 
  51286.1441   14.666  0.004    2  1 
  51286.1472   14.667  0.004    2  1 
  51286.1708   14.643  0.003    2  1 
  51286.1740   14.646  0.004    2  1 
  51286.1969   14.597  0.004    2  1 
  51286.2002   14.594  0.004    2  1 
  51286.2322   14.540  0.003    2  1 
  51286.2352   14.540  0.003    2  1 
  51286.2544   14.538  0.003    2  1 
  51286.2573   14.532  0.004    2  1 
  51286.2785   14.540  0.004    2  1 
  51286.2816   14.541  0.004    2  1 
  51286.3149   14.570  0.003    2  1 
  51286.3179   14.570  0.003    2  1 
  51286.3375   14.583  0.004    2  1 
  51286.3409   14.589  0.004    2  1 
  51286.3604   14.612  0.004    2  1 
  51286.3635   14.611  0.004    2  1 
  51286.3665   14.617  0.004    2  1 
  51304.9667   14.747  0.003    2  1 
  51304.9697   14.734  0.003    2  1 
  51304.9956   14.691  0.003    2  1 
  51304.9985   14.694  0.003    2  1 
  51305.0393   14.579  0.003    2  1 
  51305.0423   14.557  0.003    2  1 
  51305.0812   14.490  0.004    2  1 
  51305.0852   14.483  0.004    2  1 
  51305.1040   14.479  0.003    2  1 
  51305.1077   14.482  0.003    2  1 
  51305.1328   14.517  0.004    2  1 
  51305.1357   14.506  0.003    2  1 
  51305.1582   14.562  0.004    2  1 
  51305.1616   14.561  0.004    2  1 
  51305.1919   14.624  0.004    2  1 
  51305.1953   14.638  0.004    2  1 
  51305.2170   14.678  0.004    2  1 
  51305.2202   14.698  0.004    2  1 
  51305.2493   14.711  0.004    2  1 
  51305.2523   14.718  0.004    2  1 
  51305.2764   14.718  0.004    2  1 
  51305.2796   14.707  0.004    2  1 
  51305.3025   14.680  0.004    2  1 
  51305.3054   14.684  0.004    2  1 
  51305.9643   14.570  0.003    2  1 
  51305.9672   14.567  0.003    2  1 
  51305.9970   14.477  0.003    2  1 
  51305.9997   14.498  0.003    2  1 
  51306.0313   14.497  0.003    2  1 
  51306.0340   14.495  0.003    2  1 
  51306.0638   14.525  0.003    2  1 
  51306.0674   14.535  0.003    2  1 
  51306.0960   14.529  0.003    2  1 
  51306.1183   14.627  0.003    2  1 
  51306.1209   14.624  0.003    2  1 
  51306.1434   14.683  0.004    2  1 
  51306.1474   14.698  0.004    2  1 
  51306.1743   14.701  0.003    2  1 
  51306.1770   14.709  0.003    2  1 
  51306.2025   14.722  0.003    2  1 
  51306.2235   14.688  0.003    2  1 
  51306.2458   14.633  0.003    2  1 
  51306.2665   14.563  0.003    2  1 
  51306.2691   14.559  0.003    2  1 
  51306.2895   14.522  0.003    2  1 
  51306.3068   14.510  0.003    2  1 
  51306.3101   14.508  0.003    2  1 
  51306.9828   14.532  0.004    2  1 
  51306.9870   14.550  0.003    2  1 
  51307.0161   14.601  0.003    2  1 
  51307.0270   14.602  0.004    2  1 
  51307.0388   14.627  0.004    2  1 
  51307.0824   14.673  0.004    2  1 
  51307.9862   14.674  0.003    2  1 
  51307.9901   14.682  0.003    2  1 
  51308.0178   14.699  0.003    2  1 
  51308.0443   14.682  0.003    2  1 
  51308.0713   14.735  0.002    2  1 
  51308.0779   14.646  0.002    2  1 
  51308.1072   14.535  0.003    2  1 
  51308.1114   14.525  0.003    2  1 
  51310.1342   14.715  0.003    2  1 
  51310.1371   14.719  0.003    2  1 
  51310.1402   14.717  0.003    2  1 
  51314.9621   14.512  0.004    2  1 
  51314.9650   14.491  0.003    2  1 
  51314.9679   14.490  0.004    2  1 
  51314.9914   14.509  0.003    2  1 
  51314.9943   14.503  0.003    2  1 
  51314.9972   14.506  0.003    2  1 
  51315.0171   14.530  0.003    2  1 
  51315.0197   14.543  0.003    2  1 
  51315.0224   14.551  0.003    2  1 
  51315.0409   14.585  0.003    2  1 
  51315.0436   14.586  0.003    2  1 
  51315.0462   14.600  0.003    2  1 
  51315.0650   14.635  0.003    2  1 
  51315.0677   14.641  0.003    2  1 
  51315.0860   14.677  0.003    2  1 
  51315.0887   14.680  0.003    2  1 
  51315.0913   14.689  0.003    2  1 
  51315.1094   14.700  0.003    2  1 
  51315.1121   14.708  0.003    2  1 
  51315.1148   14.710  0.003    2  1 
  51316.0303   14.684  0.003    2  1 
  51316.0330   14.686  0.003    2  1 
  51316.0511   14.694  0.003    2  1 
  51316.0538   14.690  0.003    2  1 
  51316.0565   14.698  0.003    2  1 
  51316.0746   14.683  0.003    2  1 
  51316.0773   14.683  0.003    2  1 
  51316.0800   14.684  0.003    2  1 
  51316.0992   14.643  0.003    2  1 
  51316.1020   14.656  0.003    2  1 
  51316.1046   14.641  0.003    2  1 
  51316.1228   14.607  0.003    2  1 
  51316.1255   14.589  0.003    2  1 
  51316.1281   14.592  0.003    2  1 
  51316.9815   14.713  0.003    2  1 
  51316.9843   14.691  0.003    2  1 
  51316.9869   14.710  0.003    2  1 
  51316.9978   14.673  0.004    2  1 
  51317.0147   14.653  0.004    2  1 
  51317.0176   14.657  0.004    2  1 
  51317.0205   14.646  0.004    2  1 
  51317.0420   14.605  0.004    2  1 
  51317.0450   14.601  0.004    2  1 
  51317.0483   14.591  0.004    2  1 
  51317.0689   14.551  0.004    2  1 
  51317.0718   14.552  0.004    2  1 
  51317.0747   14.557  0.004    2  1 
  51317.0946   14.530  0.003    2  1 
  51317.0974   14.537  0.003    2  1 
  51317.1000   14.526  0.003    2  1 
  51317.1199   14.528  0.004    2  1 
  51317.1228   14.530  0.003    2  1 
  51317.1257   14.528  0.003    2  1 
  51317.9715   14.594  0.004    2  1 
  51317.9744   14.600  0.003    2  1 
  51317.9772   14.584  0.003    2  1 
  51317.9970   14.570  0.003    2  1 
  51318.0025   14.538  0.003    2  1 
  51318.0227   14.530  0.004    2  1 
  51318.0260   14.527  0.004    2  1 
  51318.0292   14.531  0.004    2  1 
  51318.0510   14.525  0.004    2  1 
  51318.0542   14.531  0.004    2  1 
  51318.0575   14.532  0.004    2  1 
  51318.0795   14.544  0.004    2  1 
  51318.0827   14.553  0.004    2  1 
  51318.0859   14.551  0.004    2  1 
  51318.1079   14.575  0.004    2  1 
  51318.1111   14.581  0.004    2  1 
  51318.1144   14.579  0.004    2  1 
  51318.9846   14.541  0.003    2  1 
  51318.9874   14.548  0.003    2  1 
  51318.9902   14.544  0.003    2  1 
  51319.0093   14.570  0.003    2  1 
  51319.0122   14.565  0.004    2  1 
  51319.0151   14.576  0.004    2  1 
  51319.0351   14.606  0.004    2  1 
  51319.0380   14.610  0.004    2  1 
  51319.0411   14.613  0.004    2  1 
  51319.0623   14.646  0.004    2  1 
  51319.0928   14.678  0.003    2  1 
  51319.1137   14.692  0.003    2  1 
  51319.1164   14.690  0.003    2  1 
  51319.1190   14.685  0.003    2  1 
  51320.0909   14.647  0.003    2  1 
  51320.1531   14.476  0.003    2  1 
  51320.1557   14.474  0.003    2  1 
  51320.1584   14.469  0.003    2  1 
  51320.9810   14.734  0.004    2  1 
  51321.0292   14.618  0.003    2  1 
  51321.0466   14.553  0.003    2  1 
  51321.0491   14.544  0.003    2  1 
  51321.0517   14.579  0.003    2  1 
  51321.0689   14.477  0.003    2  1 
  51321.0714   14.472  0.003    2  1 
  51321.0740   14.464  0.003    2  1 
  51321.0997   14.433  0.003    2  1 
  51321.1023   14.432  0.003    2  1 
  51321.1049   14.445  0.003    2  1 
  51321.1074   14.438  0.003    2  1 
  51321.1100   14.440  0.003    2  1 
  51321.1285   14.459  0.003    2  1 
  51321.1311   14.470  0.003    2  1 
  51332.9607   14.707  0.005    2  1 
  51332.9651   14.707  0.006    2  1 
  51332.9797   14.744  0.005    2  1 
  51332.9834   14.743  0.005    2  1 
  51333.0005   14.756  0.005    2  1 
  51333.0039   14.753  0.005    2  1 
  51333.0156   14.751  0.004    2  1 
  51333.0192   14.737  0.005    2  1 
  51333.0445   14.697  0.004    2  1 
  51333.0479   14.691  0.004    2  1 
  51333.0636   14.635  0.005    2  1 
  51333.0681   14.613  0.005    2  1 
  51333.0834   14.552  0.004    2  1 
  51333.0869   14.538  0.004    2  1 
  51333.0981   14.501  0.004    2  1 
  51333.1018   14.488  0.004    2  1 
  51333.1258   14.447  0.004    2  1 
  51333.1294   14.448  0.004    2  1 
  51333.1410   14.440  0.005    2  1 
  51333.1452   14.439  0.004    2  1 
  51333.1492   14.438  0.004    2  1 
  51333.1642   14.453  0.004    2  1 
  51333.1679   14.456  0.004    2  1 
  51334.9778   14.463  0.003    2  1 
  51334.9806   14.456  0.003    2  1 
  51335.0115   14.453  0.003    2  1 
  51335.0145   14.453  0.003    2  1 
  51335.0237   14.462  0.004    2  1 
  51335.0269   14.464  0.003    2  1 
  51335.0365   14.481  0.003    2  1 
  51335.0396   14.494  0.004    2  1 
  51335.0624   14.551  0.004    2  1 
  51335.0658   14.548  0.004    2  1 
  51335.0766   14.577  0.004    2  1 
  51335.0800   14.590  0.004    2  1 
  51335.1009   14.649  0.004    2  1 
  51335.1041   14.663  0.004    2  1 
  51335.9585   14.489  0.004    2  1 
  51335.9619   14.492  0.004    2  1 
  51335.9661   14.499  0.004    2  1 
  51335.9693   14.503  0.004    2  1 
  51335.9855   14.539  0.004    2  1 
  51335.9915   14.560  0.003    2  1 
  51335.9966   14.563  0.003    2  1 
  51336.0139   14.603  0.004    2  1 
  51336.0172   14.614  0.004    2  1 
  51336.0275   14.640  0.004    2  1 
  51336.0306   14.642  0.004    2  1 
  51336.0439   14.674  0.004    2  1 
  51336.0470   14.674  0.004    2  1 
  51336.0662   14.707  0.004    2  1 
  51336.0696   14.716  0.004    2  1 
  51336.0728   14.716  0.004    2  1 
  51336.0954   14.728  0.004    2  1 
  51336.0989   14.731  0.004    2  1 
  51336.1119   14.717  0.004    2  1 
  51336.1153   14.714  0.004    2  1 
  51336.1297   14.693  0.005    2  1 
  51336.1557   14.608  0.005    2  1 
  51336.1600   14.607  0.005    2  1 
  51336.1647   14.591  0.005    2  1 
  51336.9567   14.653  0.002    2  1 
  51337.0022   14.679  0.004    2  1 
  51337.9827   14.630  0.005    2  1 
  51337.9868   14.620  0.004    2  1 
  51337.9997   14.596  0.005    2  1 
  51338.0033   14.588  0.004    2  1 
  51338.0231   14.538  0.004    2  1 
  51338.0265   14.540  0.004    2  1 
  51338.0304   14.515  0.004    2  1 
  51338.9791   14.504  0.004    2  1 
  51338.9849   14.502  0.003    2  1 
  51339.0116   14.533  0.004    2  1 
  51339.0151   14.531  0.004    2  1 
  51339.0441   14.569  0.004    2  1 
  51339.0477   14.573  0.004    2  1 
  51339.0513   14.582  0.004    2  1 
  51339.0774   14.616  0.004    2  1 
  51339.0807   14.620  0.004    2  1 
  51339.1053   14.647  0.004    2  1 
  51339.1093   14.654  0.004    2  1 
  51339.1327   14.668  0.004    2  1 
  51339.1363   14.674  0.004    2  1 
  51339.9588   14.563  0.003    2  1 
  51339.9627   14.570  0.003    2  1 
  51339.9835   14.600  0.004    2  1 
  51339.9874   14.606  0.004    2  1 
  51340.0115   14.645  0.004    2  1 
  51340.0146   14.645  0.004    2  1 
  51340.0349   14.672  0.004    2  1 
  51340.0380   14.674  0.004    2  1 
  51340.0659   14.686  0.004    2  1 
  51340.0696   14.684  0.004    2  1 
  51340.0938   14.672  0.004    2  1 
  51340.0983   14.666  0.004    2  1 
  51340.1334   14.621  0.004    2  1 
  51340.1366   14.619  0.004    2  1 
  51344.9654   14.640  0.003    2  1 
  51344.9786   14.664  0.003    2  1 
  51344.9829   14.666  0.004    2  1 
  51345.0052   14.711  0.004    2  1 
  51345.0092   14.709  0.004    2  1 
  51345.0132   14.736  0.003    2  1 
  51345.0170   14.738  0.004    2  1 
  51345.0353   14.740  0.004    2  1 
  51345.0390   14.748  0.003    2  1 
  51345.0645   14.721  0.004    2  1 
  51345.0690   14.721  0.004    2  1 
  51345.9658   14.719  0.005    2  1 
  51345.9696   14.713  0.005    2  1 
  51345.9999   14.704  0.005    2  1 
  51346.0043   14.693  0.005    2  1 
  51346.0310   14.622  0.004    2  1 
  51346.0343   14.616  0.004    2  1 
  51346.0571   14.553  0.004    2  1 
  51346.0604   14.542  0.004    2  1 
  51347.0221   14.489  0.004    2  1 
  51347.0274   14.490  0.002    2  1 
  51347.0562   14.484  0.003    2  1 
  51347.0597   14.489  0.004    2  1 
  51347.0815   14.525  0.003    2  1 
  51347.0850   14.523  0.003    2  1 
  51347.9550   14.497  0.003    2  1 
  51347.9581   14.494  0.003    2  1 
  51347.9877   14.509  0.004    2  1 
  51347.9914   14.525  0.004    2  1 
  51347.9948   14.516  0.004    2  1 
  51348.0181   14.556  0.004    2  1 
  51348.0211   14.560  0.004    2  1 
  51348.0849   14.658  0.005    2  1 
  51348.0897   14.670  0.005    2  1 
  51348.1054   14.687  0.005    2  1 
  51348.1088   14.697  0.005    2  1 
  51348.1122   14.690  0.005    2  1 
  51348.9528   14.601  0.003    2  1 
  51348.9557   14.602  0.004    2  1 
  51348.9795   14.627  0.003    2  1 
  51348.9824   14.645  0.004    2  1 
  51348.9941   14.655  0.004    2  1 
  51349.0152   14.679  0.004    2  1 
  51349.0189   14.688  0.004    2  1 
  51349.9596   14.675  0.003    2  1 
  51349.9627   14.679  0.004    2  1 
  51349.9911   14.653  0.004    2  1 
  51349.9944   14.652  0.004    2  1 
  51350.0097   14.620  0.004    2  1 
  51350.0128   14.612  0.004    2  1 
  51350.0228   14.583  0.004    2  1 
  51364.9643   14.540  0.003    2  1 
  51364.9677   14.543  0.003    2  1 
  51380.9714   14.561  0.003    2  1 
  51380.9769   14.574  0.003    2  1 
  51380.9801   14.581  0.003    2  1 
  51380.9845   14.579  0.003    2  1 
  51381.0066   14.609  0.003    2  1 
  51381.0096   14.626  0.003    2  1 
  51381.0136   14.635  0.003    2  1 
  51381.9638   14.667  0.003    2  1 
  51381.9679   14.667  0.004    2  1 
  51381.9716   14.666  0.004    2  1 
  51381.9917   14.676  0.004    2  1 
  51381.9946   14.677  0.004    2  1 
  51382.9605   14.704  0.004    2  1 
  51382.9652   14.696  0.004    2  1 
  51382.9682   14.698  0.004    2  1 
  51382.9887   14.663  0.004    2  1 
  51382.9916   14.659  0.004    2  1 
  51383.9595   14.549  0.003    2  1 
  51383.9621   14.617  0.003    2  1 
  51383.9648   14.534  0.003    2  1 
  51383.9826   14.508  0.003    2  1 
  51383.9853   14.494  0.003    2  1 
  51384.9657   14.474  0.003    2  1 
  51384.9853   14.465  0.003    2  1 
  51385.9557   14.559  0.003    2  1 
  51385.9615   14.575  0.003    2  1 
  51385.9788   14.635  0.003    2  1 
  51385.9814   14.640  0.003    2  1 
  51386.9731   14.740  0.004    2  1 
  51386.9769   14.744  0.004    2  1 
  51386.9807   14.748  0.004    2  1 
  51387.0101   14.730  0.004    2  1 
  51387.0139   14.730  0.004    2  1 
  51387.0177   14.718  0.004    2  1 
  51388.9571   14.508  0.004    2  1 
  51388.9622   14.508  0.004    2  1 
  51388.9659   14.510  0.004    2  1 
  51388.9899   14.501  0.004    2  1 
  51388.9932   14.508  0.004    2  1 
  51389.9629   14.581  0.003    2  1 
  51389.9656   14.592  0.003    2  1 
  51389.9683   14.588  0.003    2  1 
  51390.9578   14.618  0.003    2  1 
  51390.9604   14.683  0.003    2  1 
  51390.9631   14.696  0.004    2  1 
  51391.9583   14.527  0.003    2  1 
  51391.9609   14.694  0.002    2  1 
  51391.9634   14.701  0.002    2  1 
  51646.1374   14.532  0.003    2  1 
  51646.1447   14.520  0.004    2  1 
  51646.1486   14.511  0.004    2  1 
  51646.1532   14.511  0.004    2  1 
  51646.1570   14.506  0.004    2  1 
  51646.1609   14.505  0.004    2  1 
  51646.1649   14.496  0.004    2  1 
  51646.1687   14.501  0.004    2  1 
  51646.1727   14.489  0.004    2  1 
  51646.1764   14.487  0.004    2  1 
  51646.1801   14.485  0.004    2  1 
  51646.1837   14.494  0.004    2  1 
  51646.1871   14.499  0.004    2  1 
  51646.1907   14.500  0.004    2  1 
  51646.1944   14.502  0.004    2  1 
  51646.1983   14.501  0.004    2  1 
  51646.2025   14.502  0.004    2  1 
  51646.2065   14.509  0.004    2  1 
  51646.2100   14.511  0.004    2  1 
  51646.2138   14.512  0.004    2  1 
  51646.2172   14.518  0.004    2  1 
  51646.2206   14.526  0.004    2  1 
  51646.2245   14.532  0.004    2  1 
  51646.2283   14.536  0.004    2  1 
  51646.2320   14.542  0.004    2  1 
  51646.2362   14.550  0.004    2  1 
  51646.2394   14.559  0.003    2  1 
  51646.2426   14.568  0.003    2  1 
  51646.2457   14.576  0.003    2  1 
  51646.2489   14.581  0.003    2  1 
  51646.2523   14.592  0.003    2  1 
  51646.2557   14.596  0.004    2  1 
  51646.2591   14.604  0.004    2  1 
  51646.2626   14.609  0.004    2  1 
  51646.2660   14.622  0.004    2  1 
  51646.2694   14.618  0.004    2  1 
  51646.2730   14.625  0.004    2  1 
  51646.2769   14.619  0.004    2  1 
  51646.2811   14.616  0.004    2  1 
  51646.2852   14.644  0.005    2  1 
  51646.2895   14.665  0.005    2  1 
  51646.2939   14.654  0.004    2  1 
  51646.2986   14.659  0.005    2  1 
  51646.3027   14.662  0.005    2  1 
  51646.3070   14.690  0.005    2  1 
  51646.3111   14.696  0.005    2  1 
  51646.3151   14.711  0.004    2  1 
  51646.3189   14.721  0.004    2  1 
  51646.3225   14.720  0.004    2  1 
  51646.3260   14.723  0.004    2  1 
  51646.3296   14.714  0.004    2  1 
  51646.3330   14.724  0.004    2  1 
  51646.3377   14.729  0.004    2  1 
  51646.3414   14.725  0.004    2  1 
  51646.3451   14.722  0.004    2  1 
  51646.3496   14.721  0.004    2  1 
  51646.3530   14.709  0.004    2  1 
  51646.3568   14.718  0.004    2  1 
  51646.3602   14.674  0.004    2  1 
  51646.3637   14.687  0.004    2  1 
  51646.3679   14.696  0.004    2  1 
  51646.3713   14.687  0.004    2  1 
  51646.3746   14.657  0.004    2  1 
  51671.0353   14.629  0.004    2  1 
  51671.0475   14.601  0.004    2  1 
  51671.0585   14.627  0.003    2  1 
  51671.0649   14.572  0.004    2  1 
  51671.0721   14.547  0.004    2  1 
  51671.0771   14.543  0.004    2  1 
  51671.1013   14.509  0.004    2  1 
  51671.1053   14.509  0.004    2  1 
  51671.1107   14.510  0.004    2  1 
  51671.1151   14.509  0.004    2  1 
  51671.1292   14.527  0.004    2  1 
  51671.9878   14.566  0.003    2  1 
  51671.9920   14.558  0.003    2  1 
  51672.0277   14.493  0.004    2  1 
  51672.0316   14.491  0.003    2  1 
  51672.0822   14.539  0.003    2  1 
  51674.0685   14.735  0.005    2  1 
  51674.0726   14.724  0.005    2  1 
  51674.1052   14.713  0.005    2  1 
  51674.1117   14.703  0.005    2  1 
  51674.1260   14.667  0.004    2  1 
  51674.1296   14.658  0.004    2  1 
  51674.1332   14.645  0.004    2  1 
  51674.1368   14.636  0.004    2  1 
  51674.1405   14.626  0.004    2  1 
  51674.1444   14.607  0.004    2  1 
  51674.9689   14.711  0.004    2  1 
  51674.9724   14.723  0.004    2  1 
  51674.9867   14.743  0.005    2  1 
  51674.9911   14.739  0.005    2  1 
  51675.0041   14.743  0.005    2  1 
  51675.0121   14.737  0.005    2  1 
  51675.0159   14.738  0.005    2  1 
  51675.0253   14.742  0.004    2  1 
  51675.0289   14.732  0.004    2  1 
  51675.0351   14.729  0.004    2  1 
  51675.0465   14.705  0.004    2  1 
  51675.0521   14.683  0.004    2  1 
  51675.0558   14.678  0.004    2  1 
  51675.0622   14.654  0.004    2  1 
  51675.0661   14.641  0.004    2  1 
  51675.0719   14.618  0.004    2  1 
  51675.0756   14.606  0.004    2  1 
  51675.0814   14.581  0.004    2  1 
  51675.0858   14.570  0.004    2  1 
  51675.0927   14.539  0.004    2  1 
  51675.0970   14.527  0.004    2  1 
  51675.9751   14.716  0.003    2  1 
  51675.9802   14.702  0.004    2  1 
  51675.9906   14.663  0.004    2  1 
  51675.9939   14.664  0.004    2  1 
  51675.9971   14.640  0.004    2  1 
  51676.0005   14.630  0.003    2  1 
  51676.0036   14.624  0.003    2  1 
  51676.0067   14.607  0.004    2  1 
  51676.0112   14.588  0.004    2  1 
  51676.0240   14.546  0.004    2  1 
  51676.0301   14.528  0.004    2  1 
  51676.9616   14.534  0.005    2  1 
  51676.9713   14.518  0.004    2  1 
  51676.9757   14.508  0.004    2  1 
  51676.9867   14.486  0.004    2  1 
  51676.9919   14.486  0.005    2  1 
  51676.9969   14.479  0.005    2  1 
  51677.0090   14.475  0.004    2  1 
  51677.0126   14.466  0.004    2  1 
  51677.0180   14.468  0.005    2  1 
  51677.0226   14.466  0.005    2  1 
  51677.0271   14.477  0.005    2  1 
  51677.0318   14.477  0.005    2  1 
  51677.0362   14.482  0.005    2  1 
  51677.0410   14.490  0.005    2  1 
  51677.0453   14.498  0.005    2  1 
  51677.0499   14.502  0.005    2  1 
  51677.0580   14.521  0.005    2  1 
  51677.0628   14.528  0.005    2  1 
  51677.0672   14.536  0.005    2  1 
  51677.0713   14.548  0.005    2  1 
  51677.0751   14.555  0.005    2  1 
  51677.0793   14.566  0.005    2  1 
  51677.0835   14.575  0.005    2  1 
  51677.0877   14.588  0.005    2  1 
  51677.0918   14.597  0.005    2  1 
  51677.0956   14.608  0.005    2  1 
  51677.0996   14.609  0.005    2  1 
  51677.1044   14.626  0.005    2  1 
  51677.1082   14.617  0.005    2  1 
  51677.1121   14.638  0.005    2  1 
  51677.1160   14.649  0.005    2  1 
  51677.1199   14.653  0.005    2  1 
  51677.1238   14.668  0.005    2  1 
  51677.1276   14.670  0.005    2  1 
  51677.1315   14.678  0.005    2  1 
  51677.1353   14.685  0.005    2  1 
  51677.1396   14.689  0.005    2  1 
  51677.1434   14.695  0.005    2  1 
  51677.1476   14.709  0.005    2  1 
  51677.1520   14.714  0.005    2  1 
  51677.1564   14.716  0.005    2  1 
  51677.1603   14.724  0.005    2  1 
  51677.1642   14.725  0.005    2  1 
  51677.1680   14.725  0.005    2  1 
  51677.1719   14.727  0.005    2  1 
  51677.1759   14.731  0.005    2  1 
  51677.1797   14.729  0.005    2  1 
  51677.1836   14.711  0.005    2  1 
  51677.1883   14.713  0.005    2  1 
  51677.1922   14.723  0.005    2  1 
  51677.1960   14.715  0.005    2  1 
  51677.1999   14.705  0.005    2  1 
  51677.2038   14.706  0.005    2  1 
  51677.2083   14.696  0.005    2  1 
  51677.2133   14.683  0.005    2  1 
  51677.2176   14.656  0.005    2  1 
  51677.2233   14.649  0.005    2  1 
  51677.2285   14.615  0.005    2  1 
  51677.2335   14.628  0.006    2  1 
  51677.2391   14.607  0.006    2  1 
  51677.2465   14.583  0.005    2  1 
  51677.2524   14.581  0.005    2  1 
  51677.2571   14.558  0.005    2  1 
  51677.2620   14.547  0.005    2  1 
  51677.2664   14.534  0.005    2  1 
  51677.2708   14.527  0.005    2  1 
  51691.0375   14.697  0.002    2  1 
  51691.0409   14.694  0.003    2  1 
  51691.0444   14.693  0.004    2  1 
  51691.0509   14.693  0.003    2  1 
  51691.0543   14.685  0.004    2  1 
  51691.0579   14.692  0.004    2  1 
  51691.0633   14.681  0.003    2  1 
  51691.0670   14.685  0.002    2  1 
  51691.0711   14.679  0.003    2  1 
  51691.0770   14.662  0.003    2  1 
  51691.0805   14.654  0.004    2  1 
  51691.0840   14.654  0.003    2  1 
  51691.0896   14.640  0.003    2  1 
  51691.0931   14.633  0.003    2  1 
  51691.0971   14.621  0.003    2  1 
  51691.1040   14.609  0.003    2  1 
  51691.1083   14.597  0.003    2  1 
  51691.1122   14.611  0.003    2  1 
  51691.1180   14.560  0.003    2  1 
  51691.1214   14.574  0.003    2  1 
  51691.1249   14.560  0.003    2  1 
  51691.1323   14.545  0.003    2  1 
  51691.1357   14.539  0.003    2  1 
  51691.1392   14.527  0.003    2  1 
  51691.1448   14.537  0.003    2  1 
  51691.1522   14.548  0.002    2  1 
  51691.1561   14.534  0.002    2  1 
  51693.0130   14.462  0.004    2  1 
  51693.0248   14.473  0.004    2  1 
  51693.0305   14.469  0.003    2  1 
  51693.0340   14.481  0.004    2  1 
  51693.0378   14.478  0.003    2  1 
  51694.0082   14.576  0.003    2  1 
  51694.0114   14.584  0.003    2  1 
  51694.0148   14.617  0.003    2  1 
  51694.0202   14.604  0.003    2  1 
  51694.0234   14.646  0.003    2  1 
  51694.0267   14.612  0.003    2  1 
  51694.0319   14.639  0.003    2  1 
  51694.0351   14.644  0.004    2  1 
  51694.0384   14.651  0.004    2  1 
  51694.0472   14.668  0.004    2  1 
  51694.0505   14.677  0.004    2  1 
  51694.0537   14.688  0.004    2  1 
  51694.0590   14.693  0.004    2  1 
  51694.0623   14.701  0.004    2  1 
  51694.0714   14.718  0.004    2  1 
  51694.0748   14.723  0.004    2  1 
  51694.0781   14.730  0.004    2  1 
  51694.0836   14.727  0.004    2  1 
  51694.0868   14.716  0.004    2  1 
  51694.0901   14.747  0.004    2  1 
  51694.0957   14.771  0.004    2  1 
  51694.1075   14.752  0.003    2  1 
  51694.1190   14.752  0.004    2  1 
  51694.1221   14.754  0.004    2  1 
  51694.1252   14.760  0.004    2  1 
  51694.1286   14.756  0.004    2  1 
  51695.0280   14.757  0.004    2  1 
  51695.0317   14.720  0.003    2  1 
  51697.9712   14.496  0.004    2  1 
  51697.9818   14.501  0.004    2  1 
  51765.9746   14.715  0.004    2  1 
  51765.9783   14.706  0.004    2  1 
  51765.9820   14.717  0.004    2  1 
  51766.0194   14.630  0.004    2  1 
  51766.0229   14.618  0.004    2  1 
  51216.3063   14.920  0.003    3  1 
  51216.3342   14.956  0.003    3  1 
  51216.3572   15.063  0.004    3  1 
  51216.3847   15.051  0.004    3  1 
  51217.2936   15.032  0.003    3  1 
  51217.3214   15.064  0.004    3  1 
  51217.3432   15.168  0.002    3  1 
  51217.3852   14.989  0.003    3  1 
  51218.2935   15.078  0.004    3  1 
  51218.3212   14.994  0.003    3  1 
  51218.3442   14.918  0.003    3  1 
  51218.3704   14.829  0.003    3  1 
  51219.2811   14.889  0.001    3  1 
  51219.2844   14.870  0.003    3  1 
  51219.3053   14.793  0.003    3  1 
  51219.3228   14.780  0.003    3  1 
  51219.3465   14.765  0.003    3  1 
  51219.3676   14.759  0.003    3  1 
  51219.3851   14.854  0.003    3  1 
  51220.2805   14.768  0.003    3  1 
  51220.2995   14.789  0.003    3  1 
  51220.3171   14.805  0.003    3  1 
  51220.3523   14.914  0.003    3  1 
  51220.3689   14.955  0.003    3  1 
  51220.3877   15.014  0.004    3  1 
  51221.2691   14.861  0.003    3  1 
  51221.2915   14.925  0.003    3  1 
  51221.3097   14.948  0.002    3  1 
  51221.3270   15.003  0.003    3  1 
  51221.3437   15.087  0.004    3  1 
  51221.3619   15.098  0.003    3  1 
  51221.3854   15.109  0.004    3  1 
  51283.2237   14.827  0.002    3  1 
  51283.2601   14.906  0.003    3  1 
  51283.2830   14.967  0.003    3  1 
  51283.3050   15.069  0.003    3  1 
  51283.3367   15.143  0.003    3  1 
  51283.3600   15.103  0.003    3  1 
  51284.2056   14.943  0.003    3  1 
  51284.2337   15.026  0.003    3  1 
  51284.2542   15.063  0.003    3  1 
  51284.2806   15.101  0.004    3  1 
  51284.3075   15.107  0.004    3  1 
  51284.3333   15.045  0.004    3  1 
  51285.0371   14.846  0.002    3  1 
  51285.0646   14.843  0.002    3  1 
  51285.0885   14.843  0.003    3  1 
  51285.1182   14.894  0.003    3  1 
  51285.1470   14.976  0.003    3  1 
  51285.1988   15.011  0.003    3  1 
  51285.2270   15.062  0.003    3  1 
  51285.2539   15.003  0.003    3  1 
  51285.2851   14.913  0.003    3  1 
  51285.3202   14.881  0.003    3  1 
  51285.3496   14.851  0.003    3  1 
  51286.0308   14.896  0.002    3  1 
  51286.0619   14.918  0.003    3  1 
  51286.0921   14.933  0.002    3  1 
  51286.1226   14.985  0.003    3  1 
  51286.1512   14.966  0.002    3  1 
  51286.1789   14.977  0.003    3  1 
  51286.2076   14.910  0.002    3  1 
  51286.2389   14.896  0.002    3  1 
  51286.2613   14.877  0.002    3  1 
  51286.2889   14.859  0.003    3  1 
  51286.3108   14.903  0.003    3  1 
  51286.3335   14.938  0.003    3  1 
  51286.3566   14.978  0.003    3  1 
  51304.9734   15.019  0.002    3  1 
  51305.0076   14.966  0.003    3  1 
  51305.0510   14.842  0.003    3  1 
  51305.0770   14.821  0.003    3  1 
  51305.1004   14.771  0.003    3  1 
  51305.1407   14.830  0.004    3  1 
  51305.1707   14.906  0.003    3  1 
  51305.1996   14.990  0.004    3  1 
  51305.2299   15.071  0.004    3  1 
  51305.2561   15.067  0.003    3  1 
  51305.2836   15.097  0.004    3  1 
  51305.3139   15.028  0.004    3  1 
  51305.9733   14.829  0.002    3  1 
  51306.0117   14.881  0.001    3  1 
  51306.0157   14.840  0.002    3  1 
  51306.0375   14.816  0.002    3  1 
  51306.0735   14.862  0.003    3  1 
  51306.1026   14.900  0.001    3  1 
  51306.1285   14.960  0.002    3  1 
  51306.1517   15.055  0.004    3  1 
  51306.1807   15.096  0.004    3  1 
  51306.2059   14.953  0.001    3  1 
  51306.2269   14.961  0.002    3  1 
  51306.2491   14.914  0.002    3  1 
  51306.2725   14.888  0.002    3  1 
  51306.2932   14.887  0.003    3  1 
  51308.0524   14.999  0.003    3  1 
  51308.0811   14.932  0.002    3  1 
  51308.0851   14.929  0.002    3  1 
  51308.1202   14.847  0.003    3  1 
  51310.1272   15.062  0.003    3  1 
  51310.1308   15.066  0.003    3  1 
  51314.9714   14.764  0.003    3  1 
  51315.0138   14.838  0.003    3  1 
  51315.0372   14.895  0.003    3  1 
  51315.0710   14.976  0.003    3  1 
  51315.0946   15.063  0.004    3  1 
  51315.1180   15.081  0.003    3  1 
  51316.0363   14.943  0.002    3  1 
  51316.0597   15.030  0.003    3  1 
  51316.0832   15.037  0.003    3  1 
  51316.1079   14.956  0.003    3  1 
  51316.9780   15.062  0.003    3  1 
  51317.0013   14.999  0.003    3  1 
  51317.0241   14.986  0.005    3  1 
  51317.0523   14.914  0.004    3  1 
  51317.0782   14.837  0.004    3  1 
  51317.1035   14.824  0.003    3  1 
  51317.9808   14.877  0.003    3  1 
  51318.0060   14.826  0.004    3  1 
  51318.0331   14.795  0.005    3  1 
  51318.0898   14.883  0.005    3  1 
  51318.1183   14.940  0.008    3  1 
  51318.9811   14.839  0.002    3  1 
  51319.0058   14.861  0.003    3  1 
  51319.0315   14.925  0.004    3  1 
  51319.0717   15.020  0.004    3  1 
  51319.0961   15.053  0.003    3  1 
  51320.1175   14.918  0.002    3  1 
  51321.0212   14.957  0.002    3  1 
  51321.0434   14.897  0.002    3  1 
  51321.0658   14.857  0.002    3  1 
  51321.0965   14.778  0.002    3  1 
  51321.1252   14.779  0.003    3  1 
  51333.0403   15.084  0.004    3  1 
  51333.1062   14.785  0.003    3  1 
  51335.0432   14.798  0.003    3  1 
  51335.0972   14.995  0.004    3  1 
  51335.1083   15.045  0.004    3  1 
  51336.0103   14.925  0.003    3  1 
  51336.0508   15.029  0.004    3  1 
  51336.0891   15.108  0.004    3  1 
  51338.0075   14.898  0.004    3  1 
  51338.9740   14.850  0.002    3  1 
  51339.0046   14.820  0.003    3  1 
  51339.0385   14.899  0.003    3  1 
  51339.0685   14.949  0.003    3  1 
  51339.1006   15.008  0.004    3  1 
  51339.1280   15.067  0.004    3  1 
  51339.9665   14.898  0.002    3  1 
  51339.9935   14.937  0.002    3  1 
  51340.0189   14.985  0.003    3  1 
  51340.0441   15.047  0.004    3  1 
  51340.0753   15.040  0.003    3  1 
  51340.1041   15.058  0.005    3  1 
  51345.0430   15.123  0.003    3  1 
  51345.0736   15.069  0.003    3  1 
  51345.9747   15.109  0.004    3  1 
  51346.0101   15.033  0.004    3  1 
  51346.0388   14.940  0.003    3  1 
  51346.0670   14.868  0.003    3  1 
  51347.0317   14.787  0.003    3  1 
  51347.0645   14.798  0.003    3  1 
  51347.0896   14.854  0.002    3  1 
  51347.9638   14.811  0.003    3  1 
  51348.0146   14.881  0.003    3  1 
  51348.9591   14.940  0.004    3  1 
  51349.0243   15.035  0.003    3  1 
  51349.9679   15.009  0.003    3  1 
  51364.9721   14.900  0.003    3  1 
  51380.9890   14.920  0.003    3  1 
  51381.9751   15.029  0.003    3  1 
  51382.9716   15.101  0.004    3  1 
  51383.9680   14.856  0.002    3  1 
  51385.9645   14.939  0.002    3  1 
  51386.9859   15.151  0.004    3  1 
  51388.9699   14.797  0.004    3  1 
  51389.9715   14.932  0.002    3  1 
  51391.9664   15.092  0.001    3  1 
  51672.0213   14.782  0.003    3  1 
  51674.0796   15.160  0.005    3  1 
  51674.9989   15.149  0.005    3  1 
  51675.0396   15.025  0.002    3  1 
  51693.0053   14.789  0.002    3  1 
  51694.0012   14.869  0.003    3  1 
  51765.9863   15.118  0.004    3  1 
  51766.0153   15.067  0.005    3  1 
 56468.97641   13.215  0.086   -1  1 
 56469.04707   13.103  0.070   -1  1 
 56469.10896   13.126  0.068   -1  1 
 56469.17285   13.406  0.030   -1  1 
 56471.00364   13.286  0.044   -1  1 
 56471.06640   13.433  0.033   -1  1 
 56471.12490   13.430  0.031   -1  1 
 56471.18188   13.513  0.027   -1  1 
 56471.96759   13.048  0.048   -1  1 
 56472.03374   13.491  0.026   -1  1 
 56472.09484   13.475  0.034   -1  1 
 56472.15243   13.470  0.029   -1  1 
 56468.95296   13.345  0.082   -2  1 
 56469.02441   13.476  0.073   -2  1 
 56469.08813   13.449  0.060   -2  1 
 56469.15134   13.377  0.036   -2  1 
 56471.02588   13.295  0.062   -2  1 
 56471.08671   13.405  0.022   -2  1 
 56471.14302   13.440  0.018   -2  1 
 56471.94704   13.464  0.034   -2  1 
 56472.01085   13.458  0.045   -2  1 
 56472.07480   13.391  0.041   -2  1 
 56472.13240   13.429  0.019   -2  1 
 56472.19216   13.490  0.015   -2  1 
 56469.00041   13.672  0.040   -5  1 
 56469.06767   13.698  0.027   -5  1 
 56469.13003   13.624  0.027   -5  1 
 56469.19349   13.617  0.020   -5  1 
 56470.98130   13.679  0.018   -5  1 
 56471.04693   13.596  0.023   -5  1 
 56471.10523   13.606  0.018   -5  1 
 56471.16397   13.759  0.026   -5  1 
 56471.98857   13.641  0.026   -5  1 
 56472.05430   13.736  0.030   -5  1 
 56472.11383   13.704  0.025   -5  1 
 56472.17109   13.812  0.029   -5  1 
