  51216.3218   14.651  0.005    2  1 
  51216.3464   14.641  0.005    2  1 
  51216.3689   14.627  0.005    2  1 
  51216.3980   14.601  0.007    2  1 
  51217.3101   14.627  0.006    2  1 
  51217.3328   14.603  0.005    2  1 
  51217.3552   14.591  0.005    2  1 
  51217.3759   14.573  0.005    2  1 
  51217.3953   14.567  0.005    2  1 
  51218.2773   14.608  0.006    2  1 
  51218.3093   14.580  0.005    2  1 
  51218.3298   14.566  0.005    2  1 
  51218.3573   14.570  0.005    2  1 
  51218.3794   14.573  0.005    2  1 
  51219.2978   14.573  0.005    2  1 
  51219.3149   14.574  0.005    2  1 
  51219.3336   14.581  0.005    2  1 
  51219.3596   14.593  0.005    2  1 
  51219.3768   14.610  0.005    2  1 
  51220.2621   14.574  0.005    2  1 
  51220.2906   14.590  0.005    2  1 
  51220.3077   14.608  0.005    2  1 
  51220.3257   14.612  0.005    2  1 
  51220.3432   14.623  0.005    2  1 
  51220.3602   14.636  0.005    2  1 
  51220.3776   14.639  0.005    2  1 
  51221.2835   14.623  0.005    2  1 
  51221.3009   14.637  0.005    2  1 
  51221.3188   14.637  0.005    2  1 
  51221.3358   14.643  0.005    2  1 
  51221.3538   14.645  0.005    2  1 
  51221.3722   14.633  0.005    2  1 
  51283.2451   14.582  0.004    2  1 
  51283.2493   14.584  0.005    2  1 
  51283.2714   14.566  0.005    2  1 
  51283.2748   14.563  0.004    2  1 
  51283.2939   14.555  0.004    2  1 
  51283.2972   14.561  0.004    2  1 
  51283.3202   14.569  0.004    2  1 
  51283.3234   14.567  0.004    2  1 
  51283.3487   14.571  0.004    2  1 
  51283.3518   14.581  0.004    2  1 
  51283.3707   14.592  0.004    2  1 
  51283.3738   14.601  0.004    2  1 
  51284.2195   14.571  0.005    2  1 
  51284.2229   14.571  0.004    2  1 
  51284.2413   14.566  0.004    2  1 
  51284.2443   14.573  0.004    2  1 
  51284.2617   14.569  0.004    2  1 
  51284.2648   14.570  0.004    2  1 
  51284.2942   14.589  0.005    2  1 
  51284.2973   14.590  0.004    2  1 
  51284.3168   14.608  0.005    2  1 
  51284.3211   14.609  0.005    2  1 
  51284.3428   14.622  0.005    2  1 
  51284.3464   14.627  0.005    2  1 
  51285.0513   14.648  0.004    2  1 
  51285.0543   14.656  0.004    2  1 
  51285.0739   14.631  0.004    2  1 
  51285.0778   14.629  0.004    2  1 
  51285.0975   14.616  0.005    2  1 
  51285.1006   14.620  0.006    2  1 
  51285.1324   14.589  0.005    2  1 
  51285.1360   14.589  0.004    2  1 
  51285.1558   14.571  0.004    2  1 
  51285.1588   14.576  0.004    2  1 
  51285.1796   14.574  0.004    2  1 
  51285.1830   14.572  0.004    2  1 
  51285.2125   14.578  0.004    2  1 
  51285.2157   14.580  0.004    2  1 
  51285.2362   14.585  0.005    2  1 
  51285.2426   14.592  0.004    2  1 
  51285.2630   14.612  0.005    2  1 
  51285.2666   14.617  0.005    2  1 
  51285.2998   14.627  0.005    2  1 
  51285.3033   14.640  0.005    2  1 
  51285.3308   14.648  0.005    2  1 
  51285.3348   14.644  0.004    2  1 
  51285.3382   14.642  0.004    2  1 
  51286.0461   14.608  0.004    2  1 
  51286.0493   14.602  0.004    2  1 
  51286.0716   14.580  0.004    2  1 
  51286.0753   14.584  0.004    2  1 
  51286.1026   14.570  0.004    2  1 
  51286.1061   14.569  0.004    2  1 
  51286.1365   14.567  0.004    2  1 
  51286.1398   14.568  0.004    2  1 
  51286.1608   14.581  0.004    2  1 
  51286.1639   14.581  0.004    2  1 
  51286.1669   14.582  0.004    2  1 
  51286.1875   14.595  0.004    2  1 
  51286.1908   14.596  0.004    2  1 
  51286.2255   14.617  0.004    2  1 
  51286.2285   14.620  0.004    2  1 
  51286.2476   14.632  0.004    2  1 
  51286.2508   14.639  0.004    2  1 
  51286.2697   14.641  0.004    2  1 
  51286.2727   14.644  0.004    2  1 
  51286.3022   14.644  0.004    2  1 
  51286.3055   14.645  0.004    2  1 
  51286.3218   14.635  0.004    2  1 
  51286.3250   14.624  0.004    2  1 
  51286.3450   14.616  0.004    2  1 
  51286.3481   14.610  0.004    2  1 
  51304.9873   14.588  0.004    2  1 
  51304.9926   14.590  0.004    2  1 
  51305.0328   14.613  0.004    2  1 
  51305.0362   14.613  0.004    2  1 
  51305.0559   14.629  0.005    2  1 
  51305.0599   14.628  0.005    2  1 
  51305.0890   14.648  0.004    2  1 
  51305.0922   14.647  0.005    2  1 
  51305.1235   14.650  0.005    2  1 
  51305.1269   14.643  0.005    2  1 
  51305.1509   14.642  0.006    2  1 
  51305.1547   14.636  0.006    2  1 
  51305.1853   14.606  0.005    2  1 
  51305.1885   14.603  0.005    2  1 
  51305.2098   14.584  0.005    2  1 
  51305.2128   14.582  0.004    2  1 
  51305.2431   14.579  0.005    2  1 
  51305.2461   14.566  0.004    2  1 
  51305.2704   14.567  0.005    2  1 
  51305.2734   14.565  0.004    2  1 
  51305.2966   14.573  0.004    2  1 
  51305.2995   14.570  0.005    2  1 
  51305.9857   14.622  0.004    2  1 
  51305.9885   14.620  0.004    2  1 
  51305.9912   14.624  0.004    2  1 
  51306.0256   14.654  0.004    2  1 
  51306.0285   14.651  0.004    2  1 
  51306.0465   14.650  0.004    2  1 
  51306.0498   14.649  0.004    2  1 
  51306.0896   14.631  0.004    2  1 
  51306.0930   14.633  0.004    2  1 
  51306.1123   14.616  0.004    2  1 
  51306.1151   14.614  0.004    2  1 
  51306.1375   14.604  0.004    2  1 
  51306.1405   14.598  0.004    2  1 
  51306.1636   14.578  0.004    2  1 
  51306.1673   14.575  0.004    2  1 
  51306.1937   14.567  0.004    2  1 
  51306.1966   14.560  0.004    2  1 
  51306.2146   14.563  0.004    2  1 
  51306.2178   14.565  0.004    2  1 
  51306.2343   14.570  0.004    2  1 
  51306.2380   14.571  0.003    2  1 
  51306.2574   14.585  0.003    2  1 
  51306.2602   14.589  0.003    2  1 
  51306.2805   14.603  0.003    2  1 
  51306.2835   14.602  0.003    2  1 
  51306.3009   14.616  0.004    2  1 
  51306.3038   14.619  0.004    2  1 
  51306.3135   14.616  0.004    2  1 
  51306.3184   14.628  0.005    2  1 
  51307.0456   14.638  0.005    2  1 
  51307.0501   14.625  0.006    2  1 
  51307.0593   14.633  0.004    2  1 
  51307.0645   14.615  0.004    2  1 
  51307.0699   14.611  0.011    2  1 
  51307.0747   14.602  0.007    2  1 
  51308.0084   14.600  0.003    2  1 
  51308.0112   14.605  0.003    2  1 
  51308.0334   14.591  0.003    2  1 
  51308.0362   14.583  0.003    2  1 
  51308.0394   14.592  0.003    2  1 
  51308.0633   14.577  0.003    2  1 
  51308.0663   14.565  0.003    2  1 
  51308.0995   14.567  0.004    2  1 
  51308.1031   14.574  0.004    2  1 
  51308.1280   14.579  0.004    2  1 
  51308.1309   14.582  0.004    2  1 
  51310.0850   14.634  0.003    2  1 
  51310.0874   14.637  0.003    2  1 
  51310.0897   14.646  0.003    2  1 
  51310.0922   14.633  0.003    2  1 
  51310.1430   14.651  0.004    2  1 
  51310.1458   14.642  0.004    2  1 
  51310.1486   14.645  0.004    2  1 
  51311.0244   14.642  0.007    2  1 
  51311.0302   14.638  0.006    2  1 
  51311.0334   14.642  0.006    2  1 
  51311.0506   14.656  0.003    2  1 
  51311.0539   14.654  0.004    2  1 
  51311.0637   14.661  0.005    2  1 
  51311.0669   14.647  0.005    2  1 
  51311.0702   14.660  0.004    2  1 
  51311.0907   14.644  0.005    2  1 
  51311.0946   14.645  0.005    2  1 
  51311.0980   14.648  0.005    2  1 
  51311.1015   14.641  0.005    2  1 
  51311.1071   14.633  0.005    2  1 
  51311.1298   14.622  0.005    2  1 
  51311.1327   14.616  0.005    2  1 
  51311.1357   14.609  0.005    2  1 
  51311.1398   14.607  0.005    2  1 
  51311.1447   14.617  0.005    2  1 
  51311.9755   14.641  0.005    2  1 
  51312.0020   14.650  0.005    2  1 
  51312.0049   14.648  0.005    2  1 
  51312.0255   14.660  0.005    2  1 
  51312.0284   14.645  0.004    2  1 
  51312.0314   14.641  0.004    2  1 
  51312.0584   14.631  0.004    2  1 
  51312.0611   14.625  0.004    2  1 
  51312.0638   14.624  0.004    2  1 
  51312.0903   14.596  0.004    2  1 
  51312.0929   14.604  0.004    2  1 
  51312.0955   14.611  0.004    2  1 
  51312.1146   14.583  0.004    2  1 
  51312.1173   14.584  0.004    2  1 
  51312.1200   14.587  0.004    2  1 
  51312.9860   14.639  0.004    2  1 
  51312.9887   14.639  0.004    2  1 
  51312.9913   14.637  0.004    2  1 
  51313.0096   14.630  0.004    2  1 
  51313.0123   14.627  0.004    2  1 
  51313.0149   14.624  0.004    2  1 
  51313.0333   14.609  0.004    2  1 
  51313.0360   14.608  0.004    2  1 
  51313.0386   14.606  0.004    2  1 
  51313.0413   14.602  0.004    2  1 
  51313.0595   14.579  0.004    2  1 
  51313.0622   14.585  0.004    2  1 
  51313.0648   14.579  0.004    2  1 
  51313.0911   14.569  0.004    2  1 
  51313.0937   14.565  0.004    2  1 
  51313.0964   14.563  0.004    2  1 
  51313.1146   14.571  0.004    2  1 
  51313.1172   14.568  0.004    2  1 
  51313.1199   14.573  0.004    2  1 
  51313.1226   14.578  0.004    2  1 
  51313.9843   14.597  0.004    2  1 
  51313.9872   14.595  0.004    2  1 
  51313.9901   14.583  0.004    2  1 
  51314.0178   14.579  0.005    2  1 
  51314.0207   14.574  0.004    2  1 
  51314.0236   14.574  0.004    2  1 
  51314.0432   14.572  0.004    2  1 
  51314.0461   14.565  0.004    2  1 
  51314.0490   14.574  0.005    2  1 
  51314.0772   14.579  0.005    2  1 
  51314.0802   14.575  0.004    2  1 
  51314.0831   14.579  0.004    2  1 
  51314.1030   14.582  0.005    2  1 
  51314.1059   14.586  0.005    2  1 
  51314.1088   14.594  0.005    2  1 
  51314.1289   14.609  0.005    2  1 
  51314.1333   14.612  0.005    2  1 
  51314.1363   14.616  0.005    2  1 
  51314.9827   14.571  0.004    2  1 
  51314.9856   14.565  0.004    2  1 
  51314.9885   14.567  0.004    2  1 
  51315.0015   14.568  0.004    2  1 
  51315.0069   14.574  0.004    2  1 
  51315.0251   14.579  0.004    2  1 
  51315.0277   14.574  0.004    2  1 
  51315.0304   14.589  0.004    2  1 
  51315.0489   14.591  0.004    2  1 
  51315.0516   14.587  0.004    2  1 
  51315.0542   14.599  0.004    2  1 
  51315.0780   14.618  0.004    2  1 
  51315.0807   14.619  0.004    2  1 
  51315.0833   14.613  0.004    2  1 
  51315.1015   14.621  0.004    2  1 
  51315.1041   14.632  0.004    2  1 
  51315.1068   14.637  0.004    2  1 
  51315.1290   14.644  0.005    2  1 
  51315.1319   14.643  0.005    2  1 
  51316.0194   14.616  0.004    2  1 
  51316.0221   14.609  0.004    2  1 
  51316.0247   14.619  0.004    2  1 
  51316.0431   14.627  0.004    2  1 
  51316.0458   14.622  0.004    2  1 
  51316.0485   14.637  0.004    2  1 
  51316.0667   14.634  0.004    2  1 
  51316.0693   14.645  0.004    2  1 
  51316.0720   14.655  0.004    2  1 
  51316.0905   14.647  0.004    2  1 
  51316.0934   14.649  0.004    2  1 
  51316.0963   14.653  0.004    2  1 
  51316.1148   14.639  0.004    2  1 
  51316.1175   14.641  0.004    2  1 
  51316.1201   14.640  0.004    2  1 
  51316.9647   14.615  0.004    2  1 
  51316.9676   14.625  0.005    2  1 
  51316.9705   14.628  0.005    2  1 
  51316.9896   14.635  0.004    2  1 
  51316.9923   14.642  0.004    2  1 
  51316.9949   14.630  0.004    2  1 
  51317.0088   14.642  0.005    2  1 
  51317.0117   14.643  0.004    2  1 
  51317.0321   14.648  0.005    2  1 
  51317.0351   14.648  0.005    2  1 
  51317.0391   14.658  0.005    2  1 
  51317.0602   14.647  0.005    2  1 
  51317.0631   14.638  0.004    2  1 
  51317.0660   14.638  0.004    2  1 
  51317.0858   14.631  0.005    2  1 
  51317.0887   14.627  0.005    2  1 
  51317.0916   14.618  0.004    2  1 
  51317.1111   14.610  0.005    2  1 
  51317.1140   14.599  0.006    2  1 
  51317.1169   14.610  0.005    2  1 
  51317.9628   14.662  0.005    2  1 
  51317.9657   14.657  0.006    2  1 
  51317.9685   14.653  0.005    2  1 
  51317.9883   14.646  0.005    2  1 
  51317.9912   14.648  0.005    2  1 
  51317.9941   14.646  0.005    2  1 
  51318.0135   14.638  0.005    2  1 
  51318.0164   14.640  0.006    2  1 
  51318.0194   14.633  0.006    2  1 
  51318.0413   14.614  0.005    2  1 
  51318.0445   14.618  0.006    2  1 
  51318.0477   14.609  0.005    2  1 
  51318.0697   14.598  0.006    2  1 
  51318.0730   14.588  0.006    2  1 
  51318.0762   14.591  0.006    2  1 
  51318.0981   14.579  0.007    2  1 
  51318.1014   14.574  0.006    2  1 
  51318.1046   14.581  0.007    2  1 
  51318.1265   14.574  0.006    2  1 
  51318.1298   14.572  0.006    2  1 
  51318.9642   14.632  0.004    2  1 
  51318.9680   14.621  0.005    2  1 
  51318.9708   14.625  0.004    2  1 
  51318.9737   14.618  0.004    2  1 
  51318.9929   14.607  0.004    2  1 
  51318.9956   14.606  0.004    2  1 
  51318.9983   14.606  0.004    2  1 
  51319.0180   14.596  0.005    2  1 
  51319.0209   14.582  0.004    2  1 
  51319.0238   14.578  0.004    2  1 
  51319.0443   14.573  0.005    2  1 
  51319.0474   14.567  0.005    2  1 
  51319.0505   14.569  0.005    2  1 
  51319.0793   14.565  0.004    2  1 
  51319.0820   14.569  0.004    2  1 
  51319.0847   14.571  0.004    2  1 
  51319.1030   14.578  0.004    2  1 
  51319.1084   14.585  0.004    2  1 
  51319.1110   14.582  0.004    2  1 
  51320.1030   14.620  0.003    2  1 
  51320.1053   14.616  0.003    2  1 
  51320.1076   14.624  0.003    2  1 
  51320.1238   14.637  0.003    2  1 
  51320.1261   14.639  0.003    2  1 
  51320.1284   14.629  0.003    2  1 
  51320.1450   14.638  0.004    2  1 
  51320.1477   14.641  0.004    2  1 
  51320.1503   14.647  0.004    2  1 
  51320.9635   14.572  0.004    2  1 
  51320.9664   14.577  0.004    2  1 
  51320.9693   14.570  0.004    2  1 
  51320.9887   14.575  0.003    2  1 
  51320.9911   14.580  0.003    2  1 
  51320.9936   14.583  0.003    2  1 
  51321.0102   14.594  0.003    2  1 
  51321.0126   14.592  0.003    2  1 
  51321.0150   14.597  0.003    2  1 
  51321.0318   14.607  0.004    2  1 
  51321.0344   14.615  0.004    2  1 
  51321.0369   14.614  0.004    2  1 
  51321.0543   14.622  0.004    2  1 
  51321.0568   14.620  0.004    2  1 
  51321.0594   14.628  0.004    2  1 
  51321.0847   14.638  0.004    2  1 
  51321.0873   14.645  0.004    2  1 
  51321.0898   14.649  0.004    2  1 
  51321.1133   14.647  0.004    2  1 
  51321.1159   14.651  0.004    2  1 
  51321.1186   14.643  0.004    2  1 
  51321.1339   14.646  0.004    2  1 
  51321.1365   14.642  0.004    2  1 
  51332.9696   14.621  0.007    2  1 
  51332.9739   14.625  0.007    2  1 
  51332.9891   14.623  0.005    2  1 
  51332.9928   14.634  0.006    2  1 
  51332.9965   14.637  0.006    2  1 
  51333.0083   14.638  0.006    2  1 
  51333.0120   14.639  0.005    2  1 
  51333.0226   14.646  0.006    2  1 
  51333.0264   14.640  0.005    2  1 
  51333.0514   14.642  0.006    2  1 
  51333.0552   14.647  0.007    2  1 
  51333.0742   14.634  0.006    2  1 
  51333.0779   14.630  0.006    2  1 
  51333.0907   14.618  0.005    2  1 
  51333.0945   14.616  0.005    2  1 
  51333.1178   14.591  0.005    2  1 
  51333.1221   14.594  0.005    2  1 
  51333.1335   14.580  0.006    2  1 
  51333.1369   14.580  0.006    2  1 
  51333.1529   14.570  0.006    2  1 
  51333.1565   14.567  0.006    2  1 
  51333.1716   14.561  0.006    2  1 
  51333.1752   14.560  0.006    2  1 
  51334.9841   14.610  0.004    2  1 
  51334.9871   14.608  0.004    2  1 
  51335.0175   14.585  0.004    2  1 
  51335.0204   14.584  0.004    2  1 
  51335.0301   14.579  0.004    2  1 
  51335.0334   14.572  0.004    2  1 
  51335.0517   14.565  0.005    2  1 
  51335.0552   14.572  0.005    2  1 
  51335.0692   14.566  0.005    2  1 
  51335.0727   14.560  0.005    2  1 
  51335.0833   14.568  0.005    2  1 
  51335.0867   14.565  0.005    2  1 
  51335.1133   14.578  0.005    2  1 
  51335.1167   14.582  0.005    2  1 
  51335.9535   14.591  0.005    2  1 
  51335.9726   14.577  0.005    2  1 
  51335.9768   14.575  0.005    2  1 
  51335.9997   14.566  0.004    2  1 
  51336.0027   14.568  0.004    2  1 
  51336.0203   14.568  0.004    2  1 
  51336.0236   14.567  0.005    2  1 
  51336.0357   14.572  0.005    2  1 
  51336.0388   14.571  0.005    2  1 
  51336.0593   14.579  0.005    2  1 
  51336.0629   14.585  0.005    2  1 
  51336.0769   14.593  0.005    2  1 
  51336.0803   14.597  0.006    2  1 
  51336.1025   14.606  0.005    2  1 
  51336.1059   14.615  0.005    2  1 
  51336.1206   14.627  0.006    2  1 
  51336.1240   14.629  0.005    2  1 
  51337.0101   14.599  0.006    2  1 
  51337.9904   14.619  0.006    2  1 
  51337.9940   14.623  0.006    2  1 
  51338.0162   14.630  0.005    2  1 
  51338.0196   14.636  0.006    2  1 
  51338.0339   14.641  0.006    2  1 
  51338.0376   14.639  0.007    2  1 
  51338.9901   14.651  0.004    2  1 
  51338.9938   14.650  0.005    2  1 
  51339.0226   14.641  0.006    2  1 
  51339.0269   14.641  0.005    2  1 
  51339.0867   14.603  0.007    2  1 
  51339.0905   14.586  0.006    2  1 
  51339.1139   14.566  0.005    2  1 
  51339.1177   14.567  0.005    2  1 
  51339.1448   14.563  0.005    2  1 
  51339.1482   14.564  0.005    2  1 
  51339.9766   14.635  0.004    2  1 
  51339.9795   14.639  0.004    2  1 
  51340.0044   14.612  0.004    2  1 
  51340.0078   14.606  0.004    2  1 
  51340.0274   14.590  0.005    2  1 
  51340.0306   14.591  0.005    2  1 
  51340.0540   14.575  0.005    2  1 
  51340.0572   14.574  0.005    2  1 
  51340.0857   14.575  0.005    2  1 
  51340.0892   14.565  0.005    2  1 
  51340.1152   14.564  0.005    2  1 
  51340.1197   14.564  0.005    2  1 
  51340.1229   14.574  0.005    2  1 
  51340.1263   14.576  0.005    2  1 
  51340.1404   14.585  0.005    2  1 
  51340.1437   14.579  0.005    2  1 
  51344.9924   14.639  0.004    2  1 
  51344.9958   14.629  0.004    2  1 
  51344.9988   14.635  0.004    2  1 
  51345.0216   14.616  0.005    2  1 
  51345.0255   14.613  0.005    2  1 
  51345.0302   14.607  0.005    2  1 
  51345.0553   14.592  0.005    2  1 
  51345.0603   14.581  0.004    2  1 
  51345.9856   14.594  0.006    2  1 
  51345.9896   14.586  0.005    2  1 
  51346.0219   14.563  0.006    2  1 
  51346.0264   14.563  0.005    2  1 
  51346.0486   14.559  0.005    2  1 
  51346.0523   14.556  0.005    2  1 
  51346.0791   14.562  0.005    2  1 
  51346.0826   14.569  0.004    2  1 
  51347.0416   14.582  0.005    2  1 
  51347.0453   14.588  0.004    2  1 
  51347.0743   14.598  0.004    2  1 
  51347.0777   14.605  0.004    2  1 
  51347.0990   14.627  0.004    2  1 
  51347.1022   14.615  0.003    2  1 
  51347.9769   14.581  0.004    2  1 
  51347.9802   14.578  0.005    2  1 
  51347.9834   14.577  0.004    2  1 
  51347.9983   14.592  0.005    2  1 
  51348.0028   14.597  0.005    2  1 
  51348.0063   14.598  0.004    2  1 
  51348.0242   14.614  0.005    2  1 
  51348.0274   14.620  0.005    2  1 
  51348.0943   14.640  0.006    2  1 
  51348.0983   14.639  0.007    2  1 
  51348.1018   14.638  0.006    2  1 
  51348.9650   14.606  0.005    2  1 
  51348.9682   14.611  0.004    2  1 
  51348.9853   14.623  0.004    2  1 
  51348.9883   14.631  0.004    2  1 
  51348.9912   14.630  0.004    2  1 
  51349.0316   14.646  0.005    2  1 
  51349.0346   14.650  0.005    2  1 
  51349.9815   14.643  0.004    2  1 
  51349.9851   14.645  0.004    2  1 
  51349.9973   14.641  0.004    2  1 
  51350.0033   14.637  0.005    2  1 
  51350.0066   14.640  0.005    2  1 
  51350.0164   14.631  0.005    2  1 
  51350.0197   14.623  0.005    2  1 
  51350.0296   14.619  0.005    2  1 
  51380.9973   14.631  0.004    2  1 
  51381.0004   14.627  0.004    2  1 
  51381.0031   14.631  0.004    2  1 
  51381.0187   14.644  0.004    2  1 
  51381.0214   14.648  0.004    2  1 
  51381.0242   14.648  0.004    2  1 
  51381.9830   14.653  0.005    2  1 
  51381.9859   14.650  0.005    2  1 
  51381.9888   14.655  0.005    2  1 
  51382.0000   14.644  0.004    2  1 
  51382.0029   14.643  0.004    2  1 
  51382.9793   14.621  0.005    2  1 
  51382.9826   14.622  0.005    2  1 
  51382.9857   14.620  0.005    2  1 
  51382.9965   14.615  0.005    2  1 
  51382.9995   14.605  0.005    2  1 
  51383.9746   14.578  0.004    2  1 
  51383.9773   14.570  0.004    2  1 
  51383.9799   14.573  0.004    2  1 
  51383.9899   14.573  0.004    2  1 
  51383.9926   14.564  0.004    2  1 
  51384.9751   14.570  0.003    2  1 
  51384.9777   14.567  0.003    2  1 
  51384.9802   14.569  0.003    2  1 
  51384.9896   14.572  0.004    2  1 
  51384.9921   14.573  0.003    2  1 
  51385.9711   14.594  0.004    2  1 
  51385.9737   14.604  0.004    2  1 
  51385.9763   14.598  0.004    2  1 
  51385.9857   14.609  0.004    2  1 
  51385.9884   14.619  0.004    2  1 
  51386.9965   14.637  0.004    2  1 
  51387.0003   14.639  0.004    2  1 
  51387.0041   14.641  0.004    2  1 
  51387.0216   14.649  0.005    2  1 
  51387.0254   14.638  0.004    2  1 
  51387.0293   14.638  0.005    2  1 
  51388.9801   14.583  0.005    2  1 
  51388.9834   14.572  0.005    2  1 
  51388.9866   14.579  0.005    2  1 
  51388.9984   14.577  0.006    2  1 
  51389.0017   14.580  0.006    2  1 
  51389.9783   14.559  0.004    2  1 
  51389.9809   14.563  0.004    2  1 
  51389.9836   14.569  0.004    2  1 
  51390.9729   14.582  0.003    2  1 
  51390.9756   14.586  0.004    2  1 
  51390.9783   14.586  0.003    2  1 
  51391.9728   14.633  0.003    2  1 
  51391.9754   14.629  0.003    2  1 
  51391.9779   14.627  0.003    2  1 
  51671.0871   14.569  0.005    2  1 
  51671.0917   14.574  0.005    2  1 
  51671.0952   14.564  0.005    2  1 
  51671.1189   14.571  0.005    2  1 
  51671.1232   14.562  0.005    2  1 
  51671.9996   14.585  0.004    2  1 
  51672.0039   14.583  0.004    2  1 
  51672.0350   14.568  0.004    2  1 
  51672.0382   14.568  0.004    2  1 
  51673.0232   14.578  0.003    2  1 
  51674.0574   14.639  0.007    2  1 
  51674.0938   14.644  0.006    2  1 
  51674.0985   14.646  0.006    2  1 
  51674.1159   14.644  0.006    2  1 
  51674.1223   14.645  0.005    2  1 
  51674.9763   14.623  0.006    2  1 
  51674.9824   14.621  0.006    2  1 
  51675.0212   14.637  0.006    2  1 
  51676.0163   14.635  0.005    2  1 
  51692.9816   14.622  0.005    2  1 
  51692.9854   14.617  0.005    2  1 
  51693.9780   14.576  0.004    2  1 
  51693.9814   14.575  0.004    2  1 
  51694.9914   14.576  0.004    2  1 
  51694.9946   14.578  0.005    2  1 
  51765.9974   14.639  0.005    2  1 
  51766.0012   14.641  0.005    2  1 
  51766.0048   14.636  0.005    2  1 
  51766.0266   14.648  0.005    2  1 
  51766.0301   14.648  0.005    2  1 
  51216.3408   14.988  0.004    3  1 
  51216.3634   14.923  0.003    3  1 
  51216.3905   14.948  0.004    3  1 
  51217.3019   14.966  0.004    3  1 
  51217.3494   14.880  0.003    3  1 
  51217.3710   14.893  0.003    3  1 
  51217.3906   14.902  0.003    3  1 
  51218.2854   14.917  0.004    3  1 
  51218.3156   14.890  0.004    3  1 
  51218.3347   14.891  0.003    3  1 
  51218.3653   14.887  0.003    3  1 
  51218.3848   14.910  0.003    3  1 
  51219.2918   14.882  0.004    3  1 
  51219.3100   14.884  0.004    3  1 
  51219.3296   14.897  0.004    3  1 
  51219.3536   14.925  0.004    3  1 
  51219.3723   14.944  0.003    3  1 
  51220.2720   14.887  0.003    3  1 
  51220.2946   14.913  0.003    3  1 
  51220.3117   14.929  0.003    3  1 
  51220.3299   14.954  0.003    3  1 
  51220.3473   14.971  0.004    3  1 
  51220.3643   14.985  0.004    3  1 
  51220.3816   14.998  0.004    3  1 
  51221.2763   14.953  0.003    3  1 
  51221.2964   14.970  0.003    3  1 
  51221.3145   14.975  0.003    3  1 
  51221.3318   14.984  0.003    3  1 
  51221.3496   14.988  0.004    3  1 
  51221.3673   14.981  0.003    3  1 
  51283.2546   14.923  0.003    3  1 
  51283.2783   14.922  0.003    3  1 
  51283.3008   14.912  0.003    3  1 
  51283.3322   14.926  0.003    3  1 
  51283.3553   14.947  0.003    3  1 
  51284.2134   14.885  0.003    3  1 
  51284.2375   14.891  0.003    3  1 
  51284.2581   14.898  0.003    3  1 
  51284.2875   14.932  0.003    3  1 
  51284.3124   14.953  0.003    3  1 
  51284.3383   14.986  0.004    3  1 
  51285.0451   14.959  0.003    3  1 
  51285.0691   14.959  0.003    3  1 
  51285.0932   14.938  0.003    3  1 
  51285.1257   14.912  0.003    3  1 
  51285.1514   14.891  0.003    3  1 
  51285.1754   14.890  0.003    3  1 
  51285.2060   14.911  0.003    3  1 
  51285.2321   14.920  0.003    3  1 
  51285.2586   14.952  0.004    3  1 
  51285.2928   14.983  0.003    3  1 
  51285.3257   15.018  0.003    3  1 
  51286.0393   14.873  0.003    3  1 
  51286.0670   14.900  0.003    3  1 
  51286.0977   14.881  0.002    3  1 
  51286.1302   14.881  0.003    3  1 
  51286.1833   14.919  0.003    3  1 
  51286.2193   14.960  0.003    3  1 
  51286.2434   14.978  0.003    3  1 
  51286.2655   14.998  0.003    3  1 
  51286.2958   15.014  0.003    3  1 
  51286.3291   14.998  0.003    3  1 
  51286.3521   14.978  0.003    3  1 
  51304.9838   14.880  0.003    3  1 
  51305.0251   14.925  0.004    3  1 
  51305.0718   14.973  0.004    3  1 
  51305.0961   14.992  0.004    3  1 
  51305.1465   14.983  0.005    3  1 
  51305.1755   14.954  0.004    3  1 
  51305.2054   14.934  0.005    3  1 
  51305.2345   14.907  0.004    3  1 
  51305.2666   14.929  0.004    3  1 
  51305.2880   14.946  0.004    3  1 
  51305.9773   14.919  0.003    3  1 
  51306.0428   14.975  0.004    3  1 
  51306.0809   14.964  0.003    3  1 
  51306.1087   14.886  0.003    3  1 
  51306.1330   14.940  0.004    3  1 
  51306.1578   14.875  0.004    3  1 
  51306.1875   14.848  0.003    3  1 
  51306.2101   14.887  0.003    3  1 
  51306.2308   14.908  0.002    3  1 
  51306.2771   14.975  0.003    3  1 
  51306.2972   14.999  0.003    3  1 
  51308.0600   14.903  0.003    3  1 
  51308.0919   14.861  0.002    3  1 
  51308.0958   14.843  0.002    3  1 
  51308.1244   14.917  0.003    3  1 
  51310.1057   14.932  0.002    3  1 
  51311.9792   14.980  0.005    3  1 
  51311.9983   14.972  0.004    3  1 
  51312.0087   14.981  0.004    3  1 
  51312.0350   14.961  0.003    3  1 
  51312.0550   14.951  0.004    3  1 
  51312.0672   14.953  0.003    3  1 
  51312.0870   14.942  0.003    3  1 
  51312.0988   14.932  0.003    3  1 
  51312.9828   14.957  0.003    3  1 
  51313.0063   14.947  0.003    3  1 
  51313.0300   14.931  0.003    3  1 
  51313.0562   14.906  0.003    3  1 
  51313.1113   14.894  0.003    3  1 
  51313.9807   14.908  0.003    3  1 
  51314.0143   14.890  0.003    3  1 
  51314.0397   14.872  0.004    3  1 
  51314.1124   14.928  0.004    3  1 
  51314.9752   14.870  0.003    3  1 
  51315.0102   14.883  0.003    3  1 
  51315.0336   14.897  0.003    3  1 
  51315.0747   14.941  0.003    3  1 
  51315.0982   14.972  0.004    3  1 
  51315.1216   14.986  0.004    3  1 
  51316.0399   14.954  0.003    3  1 
  51316.0634   14.983  0.003    3  1 
  51316.0869   14.994  0.003    3  1 
  51316.9740   14.941  0.003    3  1 
  51317.0052   14.985  0.004    3  1 
  51317.0282   15.007  0.006    3  1 
  51317.0566   14.983  0.004    3  1 
  51317.0822   14.973  0.004    3  1 
  51317.1075   14.944  0.004    3  1 
  51317.9847   14.984  0.004    3  1 
  51318.0099   14.975  0.004    3  1 
  51318.0374   14.958  0.006    3  1 
  51318.1226   14.873  0.005    3  1 
  51318.9772   14.933  0.003    3  1 
  51319.0019   14.944  0.004    3  1 
  51319.0274   14.890  0.004    3  1 
  51319.0757   14.892  0.003    3  1 
  51319.0997   14.904  0.003    3  1 
  51320.1000   14.919  0.003    3  1 
  51320.1208   14.974  0.003    3  1 
  51320.1417   14.998  0.003    3  1 
  51320.9728   14.889  0.003    3  1 
  51321.0400   14.945  0.003    3  1 
  51321.0624   14.966  0.003    3  1 
  51321.0930   14.984  0.004    3  1 
  51321.1217   14.990  0.003    3  1 
  51380.9937   14.984  0.003    3  1 
  51381.9793   15.009  0.004    3  1 
  51382.9755   14.985  0.005    3  1 
  51383.9715   14.914  0.003    3  1 
  51385.9679   14.906  0.003    3  1 
  51386.9917   15.006  0.003    3  1 
  51388.9755   14.934  0.004    3  1 
  51389.9750   14.918  0.003    3  1 
  51391.9697   14.988  0.002    3  1 
  51693.9923   14.886  0.003    3  1 
  51695.0052   14.902  0.003    3  1 
 56468.97641   13.559  0.206   -1  1 
 56469.04707   13.848  0.255   -1  1 
 56469.10896   13.659  0.229   -1  1 
 56469.17285   13.683  0.066   -1  1 
 56471.00364   13.570  0.098   -1  1 
 56471.06640   13.612  0.057   -1  1 
 56471.12490   13.700  0.067   -1  1 
 56471.18188   13.795  0.071   -1  1 
 56471.96759   14.106  0.229   -1  1 
 56472.03374   13.843  0.136   -1  1 
 56472.09484   13.692  0.080   -1  1 
 56472.15243   13.759  0.070   -1  1 
 56468.95296   13.663  0.103   -2  1 
 56469.02441   13.698  0.068   -2  1 
 56469.08813   13.749  0.072   -2  1 
 56469.15134   13.548  0.037   -2  1 
 56471.02588   13.669  0.069   -2  1 
 56471.08671   13.644  0.035   -2  1 
 56471.14302   13.604  0.036   -2  1 
 56471.94704   13.550  0.035   -2  1 
 56472.01085   13.606  0.060   -2  1 
 56472.07480   13.720  0.071   -2  1 
 56472.13240   13.614  0.030   -2  1 
 56472.19216   13.686  0.027   -2  1 
 56469.00041   13.815  0.044   -5  1 
 56469.06767   13.781  0.036   -5  1 
 56469.13003   13.757  0.033   -5  1 
 56469.19349   13.786  0.032   -5  1 
 56470.98130   13.773  0.022   -5  1 
 56471.04693   13.799  0.047   -5  1 
 56471.10523   13.774  0.034   -5  1 
 56471.16397   13.798  0.021   -5  1 
 56471.98857   13.754  0.037   -5  1 
 56472.05430   13.811  0.031   -5  1 
 56472.11383   13.757  0.029   -5  1 
 56472.17109   13.865  0.021   -5  1 
