  51216.3063   14.701  0.003    3  1 
  51216.3342   14.803  0.004    3  1 
  51216.3572   14.917  0.004    3  1 
  51216.3847   14.941  0.005    3  1 
  51217.2936   14.666  0.004    3  1 
  51217.3214   14.610  0.004    3  1 
  51217.3432   14.555  0.002    3  1 
  51217.3648   14.695  0.001    3  1 
  51217.3852   14.671  0.003    3  1 
  51218.2935   15.017  0.005    3  1 
  51218.3212   14.915  0.004    3  1 
  51218.3442   14.782  0.004    3  1 
  51218.3704   14.691  0.004    3  1 
  51219.2811   14.936  0.002    3  1 
  51219.2844   14.890  0.004    3  1 
  51219.3053   15.013  0.005    3  1 
  51219.3228   15.012  0.005    3  1 
  51219.3465   14.971  0.004    3  1 
  51219.3676   14.994  0.005    3  1 
  51219.3851   14.978  0.004    3  1 
  51220.2805   14.640  0.003    3  1 
  51220.2995   14.688  0.003    3  1 
  51220.3171   14.734  0.004    3  1 
  51220.3349   14.834  0.004    3  1 
  51220.3523   14.847  0.004    3  1 
  51220.3689   14.895  0.004    3  1 
  51220.3877   14.954  0.006    3  1 
  51221.2691   14.732  0.003    3  1 
  51221.2915   14.688  0.003    3  1 
  51221.3097   14.637  0.003    3  1 
  51221.3270   14.607  0.003    3  1 
  51221.3437   14.613  0.003    3  1 
  51221.3619   14.617  0.003    3  1 
  51221.3854   14.671  0.004    3  1 
  51283.2237   14.620  0.003    3  1 
  51283.2601   14.572  0.003    3  1 
  51283.2830   14.600  0.003    3  1 
  51283.3050   14.652  0.003    3  1 
  51283.3367   14.748  0.003    3  1 
  51283.3600   14.821  0.003    3  1 
  51284.2056   14.992  0.004    3  1 
  51284.2337   14.910  0.004    3  1 
  51284.2542   14.797  0.004    3  1 
  51284.2806   14.674  0.003    3  1 
  51284.3075   14.647  0.004    3  1 
  51284.3333   14.565  0.004    3  1 
  51285.0371   14.660  0.002    3  1 
  51285.0646   14.634  0.002    3  1 
  51285.0885   14.617  0.003    3  1 
  51285.1182   14.638  0.003    3  1 
  51285.1470   14.731  0.003    3  1 
  51285.1698   14.777  0.003    3  1 
  51285.1988   14.884  0.004    3  1 
  51285.2270   15.015  0.005    3  1 
  51285.2539   15.021  0.004    3  1 
  51285.2851   15.050  0.005    3  1 
  51285.3202   14.941  0.004    3  1 
  51285.3496   14.782  0.004    3  1 
  51286.0308   14.946  0.003    3  1 
  51286.0619   14.882  0.003    3  1 
  51286.0871   14.756  0.003    3  1 
  51286.0921   14.716  0.002    3  1 
  51286.1226   14.666  0.002    3  1 
  51286.1512   14.644  0.002    3  1 
  51286.1789   14.633  0.002    3  1 
  51286.2076   14.625  0.003    3  1 
  51286.2389   14.700  0.003    3  1 
  51286.2613   14.804  0.004    3  1 
  51286.2889   14.855  0.003    3  1 
  51286.3108   14.922  0.004    3  1 
  51286.3335   14.973  0.004    3  1 
  51286.3566   14.988  0.004    3  1 
  51304.9734   15.028  0.003    3  1 
  51305.0076   14.837  0.004    3  1 
  51305.0510   14.666  0.003    3  1 
  51305.0770   14.646  0.003    3  1 
  51305.1004   14.583  0.003    3  1 
  51305.1407   14.636  0.004    3  1 
  51305.1707   14.690  0.004    3  1 
  51305.1996   14.771  0.004    3  1 
  51305.2299   14.899  0.004    3  1 
  51305.2561   14.921  0.004    3  1 
  51305.2836   15.005  0.005    3  1 
  51305.3139   14.996  0.005    3  1 
  51305.9733   14.924  0.003    3  1 
  51306.0117   15.030  0.003    3  1 
  51306.0157   15.023  0.003    3  1 
  51306.0375   14.983  0.004    3  1 
  51306.0735   14.980  0.004    3  1 
  51306.1026   14.811  0.003    3  1 
  51306.1285   14.699  0.003    3  1 
  51306.1517   14.643  0.005    3  1 
  51306.1807   14.611  0.003    3  1 
  51306.2059   14.617  0.002    3  1 
  51306.2269   14.612  0.003    3  1 
  51306.2491   14.656  0.002    3  1 
  51306.2725   14.713  0.003    3  1 
  51306.2932   14.763  0.003    3  1 
  51307.9986   14.610  0.002    3  1 
  51308.0249   14.643  0.002    3  1 
  51308.0524   14.627  0.003    3  1 
  51308.0811   14.700  0.002    3  1 
  51308.0851   14.735  0.003    3  1 
  51308.1202   14.834  0.003    3  1 
  51310.1272   14.696  0.003    3  1 
  51310.1308   14.719  0.003    3  1 
  51314.9714   14.675  0.003    3  1 
  51315.0138   14.771  0.003    3  1 
  51315.0372   14.819  0.003    3  1 
  51315.0710   14.895  0.003    3  1 
  51315.0946   15.021  0.005    3  1 
  51315.1180   15.008  0.004    3  1 
  51316.0363   14.547  0.002    3  1 
  51316.0597   14.639  0.003    3  1 
  51316.0832   14.668  0.003    3  1 
  51316.1079   14.745  0.003    3  1 
  51316.9780   14.944  0.003    3  1 
  51317.0013   14.994  0.005    3  1 
  51317.0241   14.888  0.006    3  1 
  51317.0523   14.721  0.004    3  1 
  51317.0782   14.622  0.004    3  1 
  51317.1035   14.599  0.004    3  1 
  51317.9808   14.930  0.004    3  1 
  51318.0060   15.051  0.006    3  1 
  51318.0898   14.979  0.008    3  1 
  51318.1183   14.878  0.011    3  1 
  51318.9811   14.659  0.002    3  1 
  51319.0058   14.688  0.003    3  1 
  51319.0315   14.774  0.004    3  1 
  51319.0717   14.917  0.004    3  1 
  51319.0961   14.939  0.003    3  1 
  51320.1175   14.744  0.003    3  1 
  51321.0212   14.861  0.002    3  1 
  51321.0434   14.784  0.002    3  1 
  51321.0658   14.683  0.002    3  1 
  51321.0965   14.621  0.003    3  1 
  51321.1252   14.593  0.003    3  1 
  51333.0403   14.907  0.004    3  1 
  51333.1062   14.637  0.003    3  1 
  51334.9989   14.655  0.003    3  1 
  51335.0432   14.730  0.004    3  1 
  51335.0972   14.917  0.005    3  1 
  51335.1083   14.957  0.005    3  1 
  51336.0103   14.666  0.003    3  1 
  51336.0508   14.571  0.003    3  1 
  51336.0891   14.604  0.004    3  1 
  51338.0075   14.928  0.005    3  1 
  51338.9740   14.613  0.002    3  1 
  51339.0046   14.635  0.004    3  1 
  51339.0385   14.707  0.003    3  1 
  51339.0685   14.789  0.004    3  1 
  51339.1006   14.899  0.005    3  1 
  51339.1280   14.982  0.005    3  1 
  51339.9665   14.835  0.003    3  1 
  51339.9935   14.712  0.003    3  1 
  51340.0189   14.652  0.003    3  1 
  51340.0441   14.604  0.004    3  1 
  51340.0753   14.591  0.003    3  1 
  51340.1041   14.636  0.005    3  1 
  51345.0430   14.958  0.004    3  1 
  51345.0736   14.802  0.003    3  1 
  51345.9747   14.781  0.005    3  1 
  51346.0101   14.872  0.005    3  1 
  51346.0388   14.974  0.004    3  1 
  51346.0670   14.995  0.004    3  1 
  51347.0317   14.644  0.003    3  1 
  51347.0645   14.731  0.004    3  1 
  51347.0896   14.784  0.002    3  1 
  51347.9638   14.942  0.003    3  1 
  51348.0146   14.706  0.004    3  1 
  51348.9591   15.011  0.005    3  1 
  51349.0243   14.989  0.004    3  1 
  51349.9679   14.729  0.003    3  1 
  51364.9721   14.962  0.005    3  1 
  51380.9890   14.903  0.004    3  1 
  51381.9751   14.623  0.003    3  1 
  51382.9716   14.730  0.004    3  1 
  51383.9680   14.950  0.003    3  1 
  51384.9688   14.789  0.002    3  1 
  51385.9645   14.601  0.002    3  1 
  51386.9859   14.683  0.003    3  1 
  51388.9699   14.830  0.005    3  1 
  51389.9715   14.594  0.003    3  1 
  51390.9663   14.749  0.002    3  1 
  51672.0213   15.021  0.004    3  1 
  51674.0796   14.660  0.005    3  1 
  51674.9989   15.028  0.006    3  1 
  51675.0396   14.774  0.003    3  1 
  51693.0053   14.647  0.003    3  1 
  51694.0012   14.692  0.003    3  1 
  51765.9863   15.003  0.005    3  1 
  51766.0153   15.090  0.008    3  1 
 56469.00041   13.627  0.264   -5  1 
 56469.06767   13.858  0.169   -5  1 
 56469.13003   13.646  0.235   -5  1 
 56469.19349   13.687  0.176   -5  1 
 56470.98130   13.843  0.192   -5  1 
 56471.04693   13.707  0.225   -5  1 
 56471.10523   13.620  0.115   -5  1 
 56471.16397   14.006  0.157   -5  1 
 56471.98857   13.888  0.146   -5  1 
 56472.11383   13.508  0.289   -5  1 
 56472.17109   13.710  0.171   -5  1 
