  51216.3218   14.580  0.005    2  1 
  51216.3464   14.580  0.005    2  1 
  51216.3689   14.577  0.005    2  1 
  51216.3980   14.570  0.006    2  1 
  51217.3101   14.564  0.005    2  1 
  51217.3328   14.555  0.005    2  1 
  51217.3552   14.551  0.005    2  1 
  51217.3759   14.544  0.005    2  1 
  51217.3953   14.548  0.005    2  1 
  51218.2773   14.527  0.006    2  1 
  51218.3093   14.525  0.004    2  1 
  51218.3298   14.529  0.005    2  1 
  51218.3573   14.553  0.005    2  1 
  51218.3794   14.576  0.005    2  1 
  51219.2978   14.577  0.005    2  1 
  51219.3149   14.576  0.005    2  1 
  51219.3336   14.599  0.005    2  1 
  51219.3596   14.620  0.005    2  1 
  51219.3768   14.626  0.005    2  1 
  51220.2621   14.596  0.005    2  1 
  51220.2906   14.606  0.005    2  1 
  51220.3077   14.609  0.005    2  1 
  51220.3257   14.609  0.005    2  1 
  51220.3432   14.609  0.005    2  1 
  51220.3602   14.603  0.005    2  1 
  51220.3776   14.590  0.005    2  1 
  51221.2835   14.575  0.005    2  1 
  51221.3009   14.576  0.005    2  1 
  51221.3188   14.570  0.005    2  1 
  51221.3358   14.564  0.005    2  1 
  51221.3538   14.570  0.005    2  1 
  51221.3722   14.568  0.005    2  1 
  51283.2451   14.603  0.004    2  1 
  51283.2493   14.602  0.004    2  1 
  51283.2714   14.604  0.005    2  1 
  51283.2748   14.591  0.004    2  1 
  51283.2939   14.589  0.004    2  1 
  51283.2972   14.588  0.004    2  1 
  51283.3202   14.580  0.004    2  1 
  51283.3234   14.576  0.004    2  1 
  51283.3487   14.570  0.004    2  1 
  51283.3518   14.562  0.004    2  1 
  51283.3707   14.549  0.004    2  1 
  51283.3738   14.546  0.004    2  1 
  51284.2195   14.613  0.005    2  1 
  51284.2229   14.606  0.004    2  1 
  51284.2413   14.600  0.004    2  1 
  51284.2443   14.589  0.004    2  1 
  51284.2617   14.582  0.004    2  1 
  51284.2942   14.563  0.004    2  1 
  51284.2973   14.554  0.004    2  1 
  51284.3168   14.546  0.004    2  1 
  51284.3211   14.549  0.004    2  1 
  51284.3464   14.533  0.004    2  1 
  51285.0513   14.584  0.004    2  1 
  51285.0543   14.585  0.004    2  1 
  51285.0739   14.602  0.004    2  1 
  51285.0778   14.592  0.004    2  1 
  51285.0975   14.608  0.004    2  1 
  51285.1006   14.602  0.005    2  1 
  51285.1324   14.606  0.004    2  1 
  51285.1360   14.607  0.004    2  1 
  51285.1558   14.599  0.004    2  1 
  51285.1588   14.598  0.004    2  1 
  51285.1796   14.590  0.004    2  1 
  51285.1830   14.585  0.004    2  1 
  51285.2125   14.568  0.004    2  1 
  51285.2157   14.565  0.004    2  1 
  51285.2426   14.551  0.004    2  1 
  51285.2630   14.546  0.004    2  1 
  51285.2998   14.544  0.004    2  1 
  51285.3348   14.559  0.004    2  1 
  51286.0461   14.595  0.004    2  1 
  51286.0493   14.593  0.004    2  1 
  51286.0716   14.584  0.004    2  1 
  51286.0753   14.587  0.004    2  1 
  51286.1026   14.574  0.004    2  1 
  51286.1061   14.576  0.004    2  1 
  51286.1365   14.570  0.004    2  1 
  51286.1398   14.571  0.004    2  1 
  51286.1608   14.559  0.005    2  1 
  51286.1639   14.561  0.004    2  1 
  51286.1669   14.564  0.004    2  1 
  51286.1875   14.565  0.004    2  1 
  51286.1908   14.571  0.004    2  1 
  51286.2255   14.581  0.004    2  1 
  51286.2285   14.576  0.004    2  1 
  51286.2476   14.596  0.005    2  1 
  51286.2508   14.590  0.004    2  1 
  51286.2697   14.591  0.004    2  1 
  51286.2727   14.592  0.004    2  1 
  51286.3022   14.597  0.004    2  1 
  51286.3055   14.586  0.004    2  1 
  51286.3218   14.588  0.004    2  1 
  51286.3250   14.596  0.004    2  1 
  51286.3450   14.587  0.004    2  1 
  51286.3481   14.590  0.004    2  1 
  51304.9873   14.603  0.004    2  1 
  51304.9926   14.599  0.004    2  1 
  51305.0328   14.563  0.004    2  1 
  51305.0362   14.553  0.004    2  1 
  51305.0559   14.545  0.005    2  1 
  51305.0599   14.537  0.005    2  1 
  51305.0890   14.542  0.004    2  1 
  51305.0922   14.539  0.004    2  1 
  51305.1269   14.554  0.005    2  1 
  51305.1509   14.575  0.005    2  1 
  51305.1853   14.604  0.005    2  1 
  51305.1885   14.608  0.005    2  1 
  51305.2098   14.622  0.005    2  1 
  51305.2128   14.628  0.004    2  1 
  51305.2431   14.634  0.004    2  1 
  51305.2461   14.629  0.005    2  1 
  51305.2704   14.622  0.005    2  1 
  51305.2734   14.611  0.004    2  1 
  51305.2995   14.593  0.004    2  1 
  51305.9857   14.552  0.003    2  1 
  51305.9885   14.547  0.003    2  1 
  51305.9912   14.548  0.003    2  1 
  51306.0256   14.553  0.003    2  1 
  51306.0285   14.556  0.004    2  1 
  51306.0465   14.558  0.004    2  1 
  51306.0498   14.561  0.004    2  1 
  51306.0896   14.588  0.004    2  1 
  51306.0930   14.596  0.004    2  1 
  51306.1123   14.601  0.004    2  1 
  51306.1151   14.603  0.004    2  1 
  51306.1375   14.612  0.004    2  1 
  51306.1405   14.617  0.004    2  1 
  51306.1636   14.615  0.004    2  1 
  51306.1673   14.616  0.004    2  1 
  51306.1937   14.606  0.004    2  1 
  51306.1966   14.609  0.004    2  1 
  51306.2146   14.595  0.004    2  1 
  51306.2343   14.582  0.004    2  1 
  51306.2380   14.581  0.003    2  1 
  51306.2574   14.567  0.003    2  1 
  51306.2602   14.562  0.003    2  1 
  51306.2805   14.557  0.003    2  1 
  51306.2835   14.559  0.003    2  1 
  51306.3038   14.549  0.004    2  1 
  51306.3135   14.545  0.004    2  1 
  51306.3184   14.544  0.005    2  1 
  51307.0456   14.613  0.005    2  1 
  51307.0501   14.601  0.005    2  1 
  51307.0593   14.604  0.004    2  1 
  51307.0645   14.604  0.003    2  1 
  51307.0699   14.601  0.007    2  1 
  51307.0747   14.601  0.006    2  1 
  51308.0084   14.595  0.004    2  1 
  51308.0112   14.588  0.003    2  1 
  51308.0334   14.574  0.003    2  1 
  51308.0362   14.565  0.003    2  1 
  51308.0394   14.565  0.003    2  1 
  51308.0633   14.547  0.003    2  1 
  51308.0663   14.551  0.003    2  1 
  51308.0995   14.544  0.003    2  1 
  51308.1280   14.550  0.004    2  1 
  51308.1309   14.559  0.004    2  1 
  51310.0850   14.624  0.003    2  1 
  51310.0874   14.618  0.003    2  1 
  51310.0897   14.628  0.003    2  1 
  51310.1430   14.615  0.004    2  1 
  51310.1458   14.614  0.004    2  1 
  51310.1486   14.608  0.004    2  1 
  51311.0244   14.606  0.006    2  1 
  51311.0302   14.604  0.005    2  1 
  51311.0334   14.605  0.005    2  1 
  51311.0506   14.604  0.003    2  1 
  51311.0539   14.613  0.003    2  1 
  51311.0637   14.608  0.004    2  1 
  51311.0669   14.605  0.005    2  1 
  51311.0907   14.604  0.005    2  1 
  51311.0946   14.601  0.005    2  1 
  51311.1015   14.604  0.004    2  1 
  51311.1071   14.588  0.005    2  1 
  51311.1298   14.589  0.005    2  1 
  51311.1327   14.582  0.005    2  1 
  51311.1357   14.584  0.005    2  1 
  51311.1398   14.589  0.004    2  1 
  51311.1447   14.585  0.004    2  1 
  51311.9726   14.579  0.005    2  1 
  51311.9755   14.594  0.005    2  1 
  51312.0020   14.593  0.004    2  1 
  51312.0049   14.596  0.005    2  1 
  51312.0255   14.601  0.004    2  1 
  51312.0284   14.593  0.004    2  1 
  51312.0314   14.599  0.004    2  1 
  51312.0584   14.602  0.004    2  1 
  51312.0611   14.607  0.004    2  1 
  51312.0638   14.603  0.004    2  1 
  51312.0903   14.604  0.004    2  1 
  51312.0955   14.599  0.004    2  1 
  51312.1146   14.599  0.004    2  1 
  51312.1173   14.596  0.004    2  1 
  51312.1200   14.593  0.004    2  1 
  51312.9860   14.604  0.004    2  1 
  51312.9887   14.605  0.004    2  1 
  51312.9913   14.606  0.004    2  1 
  51313.0096   14.611  0.004    2  1 
  51313.0123   14.612  0.004    2  1 
  51313.0149   14.615  0.004    2  1 
  51313.0333   14.608  0.004    2  1 
  51313.0360   14.611  0.004    2  1 
  51313.0386   14.613  0.004    2  1 
  51313.0413   14.612  0.004    2  1 
  51313.0595   14.604  0.004    2  1 
  51313.0622   14.599  0.004    2  1 
  51313.0648   14.603  0.004    2  1 
  51313.0911   14.590  0.004    2  1 
  51313.0937   14.586  0.004    2  1 
  51313.0964   14.581  0.004    2  1 
  51313.1146   14.577  0.004    2  1 
  51313.1172   14.574  0.004    2  1 
  51313.1199   14.575  0.004    2  1 
  51313.1226   14.573  0.004    2  1 
  51313.9843   14.605  0.004    2  1 
  51313.9872   14.597  0.004    2  1 
  51313.9901   14.598  0.004    2  1 
  51314.0178   14.589  0.004    2  1 
  51314.0207   14.589  0.004    2  1 
  51314.0236   14.583  0.004    2  1 
  51314.0432   14.575  0.004    2  1 
  51314.0461   14.573  0.004    2  1 
  51314.0490   14.575  0.004    2  1 
  51314.0772   14.567  0.004    2  1 
  51314.0802   14.565  0.004    2  1 
  51314.0831   14.561  0.004    2  1 
  51314.1030   14.566  0.005    2  1 
  51314.1059   14.567  0.005    2  1 
  51314.1088   14.566  0.004    2  1 
  51314.1289   14.562  0.004    2  1 
  51314.1333   14.568  0.005    2  1 
  51314.1363   14.573  0.005    2  1 
  51314.9827   14.574  0.004    2  1 
  51314.9856   14.575  0.004    2  1 
  51314.9885   14.578  0.004    2  1 
  51315.0015   14.573  0.004    2  1 
  51315.0043   14.570  0.004    2  1 
  51315.0069   14.580  0.004    2  1 
  51315.0251   14.577  0.004    2  1 
  51315.0277   14.579  0.004    2  1 
  51315.0304   14.586  0.004    2  1 
  51315.0516   14.581  0.004    2  1 
  51315.0542   14.590  0.004    2  1 
  51315.0780   14.596  0.004    2  1 
  51315.0807   14.589  0.004    2  1 
  51315.0833   14.586  0.004    2  1 
  51315.1015   14.599  0.004    2  1 
  51315.1041   14.605  0.004    2  1 
  51315.1068   14.595  0.004    2  1 
  51315.1290   14.592  0.005    2  1 
  51315.1319   14.596  0.005    2  1 
  51316.0194   14.623  0.004    2  1 
  51316.0221   14.626  0.004    2  1 
  51316.0247   14.621  0.004    2  1 
  51316.0431   14.622  0.004    2  1 
  51316.0458   14.623  0.004    2  1 
  51316.0485   14.622  0.004    2  1 
  51316.0667   14.601  0.004    2  1 
  51316.0693   14.607  0.004    2  1 
  51316.0720   14.603  0.004    2  1 
  51316.0905   14.591  0.004    2  1 
  51316.0934   14.584  0.004    2  1 
  51316.0963   14.584  0.004    2  1 
  51316.1148   14.569  0.004    2  1 
  51316.1175   14.563  0.004    2  1 
  51316.1201   14.557  0.004    2  1 
  51316.9647   14.635  0.004    2  1 
  51316.9676   14.637  0.004    2  1 
  51316.9705   14.631  0.005    2  1 
  51316.9896   14.624  0.004    2  1 
  51316.9923   14.620  0.004    2  1 
  51316.9949   14.621  0.004    2  1 
  51317.0088   14.606  0.004    2  1 
  51317.0117   14.605  0.004    2  1 
  51317.0321   14.582  0.005    2  1 
  51317.0351   14.573  0.004    2  1 
  51317.0391   14.567  0.004    2  1 
  51317.0602   14.542  0.004    2  1 
  51317.0631   14.544  0.004    2  1 
  51317.0660   14.532  0.004    2  1 
  51317.0858   14.527  0.004    2  1 
  51317.0887   14.525  0.005    2  1 
  51317.0916   14.525  0.004    2  1 
  51317.1111   14.532  0.004    2  1 
  51317.1140   14.527  0.004    2  1 
  51317.1169   14.529  0.004    2  1 
  51317.9657   14.583  0.005    2  1 
  51317.9685   14.572  0.004    2  1 
  51317.9883   14.547  0.004    2  1 
  51317.9912   14.546  0.004    2  1 
  51317.9941   14.544  0.004    2  1 
  51318.0135   14.536  0.004    2  1 
  51318.0164   14.537  0.005    2  1 
  51318.0194   14.534  0.005    2  1 
  51318.0413   14.526  0.005    2  1 
  51318.0445   14.534  0.005    2  1 
  51318.0477   14.530  0.005    2  1 
  51318.0697   14.545  0.005    2  1 
  51318.0730   14.549  0.005    2  1 
  51318.0762   14.550  0.005    2  1 
  51318.0981   14.566  0.005    2  1 
  51318.1014   14.571  0.005    2  1 
  51318.1046   14.579  0.005    2  1 
  51318.1265   14.596  0.005    2  1 
  51318.1298   14.596  0.005    2  1 
  51318.9642   14.550  0.004    2  1 
  51318.9680   14.553  0.005    2  1 
  51318.9708   14.543  0.004    2  1 
  51318.9737   14.554  0.004    2  1 
  51318.9929   14.553  0.004    2  1 
  51318.9956   14.553  0.004    2  1 
  51318.9983   14.554  0.004    2  1 
  51319.0180   14.563  0.004    2  1 
  51319.0209   14.557  0.004    2  1 
  51319.0238   14.567  0.004    2  1 
  51319.0443   14.582  0.005    2  1 
  51319.0474   14.581  0.004    2  1 
  51319.0505   14.586  0.005    2  1 
  51319.0793   14.601  0.004    2  1 
  51319.0820   14.591  0.004    2  1 
  51319.0847   14.594  0.004    2  1 
  51319.1030   14.607  0.004    2  1 
  51319.1084   14.614  0.004    2  1 
  51319.1110   14.605  0.004    2  1 
  51320.1030   14.586  0.003    2  1 
  51320.1053   14.583  0.003    2  1 
  51320.1076   14.582  0.003    2  1 
  51320.1238   14.581  0.003    2  1 
  51320.1261   14.583  0.003    2  1 
  51320.1284   14.580  0.003    2  1 
  51320.1450   14.578  0.004    2  1 
  51320.1477   14.575  0.004    2  1 
  51320.1503   14.580  0.004    2  1 
  51320.9635   14.575  0.004    2  1 
  51320.9664   14.573  0.004    2  1 
  51320.9693   14.566  0.004    2  1 
  51320.9887   14.573  0.003    2  1 
  51320.9911   14.567  0.003    2  1 
  51320.9936   14.569  0.003    2  1 
  51321.0102   14.562  0.003    2  1 
  51321.0126   14.569  0.003    2  1 
  51321.0150   14.566  0.003    2  1 
  51321.0318   14.574  0.003    2  1 
  51321.0344   14.577  0.003    2  1 
  51321.0369   14.574  0.003    2  1 
  51321.0543   14.571  0.004    2  1 
  51321.0568   14.578  0.003    2  1 
  51321.0594   14.575  0.004    2  1 
  51321.0847   14.587  0.004    2  1 
  51321.0873   14.582  0.004    2  1 
  51321.0898   14.589  0.004    2  1 
  51321.1133   14.598  0.004    2  1 
  51321.1159   14.592  0.004    2  1 
  51321.1186   14.597  0.004    2  1 
  51321.1339   14.599  0.004    2  1 
  51321.1365   14.592  0.004    2  1 
  51332.9696   14.542  0.006    2  1 
  51332.9739   14.546  0.006    2  1 
  51332.9891   14.550  0.005    2  1 
  51332.9928   14.553  0.006    2  1 
  51332.9965   14.550  0.006    2  1 
  51333.0083   14.559  0.005    2  1 
  51333.0120   14.560  0.005    2  1 
  51333.0226   14.566  0.005    2  1 
  51333.0264   14.568  0.005    2  1 
  51333.0514   14.589  0.006    2  1 
  51333.0552   14.592  0.006    2  1 
  51333.0742   14.605  0.006    2  1 
  51333.0779   14.603  0.006    2  1 
  51333.0907   14.610  0.005    2  1 
  51333.0945   14.613  0.005    2  1 
  51333.1178   14.621  0.005    2  1 
  51333.1221   14.620  0.005    2  1 
  51333.1335   14.613  0.006    2  1 
  51333.1529   14.610  0.005    2  1 
  51333.1565   14.610  0.006    2  1 
  51333.1716   14.596  0.006    2  1 
  51333.1752   14.600  0.006    2  1 
  51334.9871   14.606  0.004    2  1 
  51335.0175   14.601  0.004    2  1 
  51335.0204   14.597  0.004    2  1 
  51335.0301   14.593  0.004    2  1 
  51335.0334   14.591  0.004    2  1 
  51335.0517   14.580  0.005    2  1 
  51335.0552   14.577  0.005    2  1 
  51335.0692   14.569  0.005    2  1 
  51335.0727   14.567  0.005    2  1 
  51335.0833   14.563  0.005    2  1 
  51335.0867   14.565  0.005    2  1 
  51335.1133   14.551  0.005    2  1 
  51335.1167   14.550  0.005    2  1 
  51335.9535   14.560  0.005    2  1 
  51335.9726   14.560  0.005    2  1 
  51335.9768   14.557  0.005    2  1 
  51335.9997   14.554  0.004    2  1 
  51336.0027   14.556  0.004    2  1 
  51336.0203   14.551  0.004    2  1 
  51336.0357   14.557  0.005    2  1 
  51336.0388   14.562  0.005    2  1 
  51336.0593   14.568  0.005    2  1 
  51336.0629   14.571  0.005    2  1 
  51336.0769   14.582  0.005    2  1 
  51336.0803   14.578  0.005    2  1 
  51336.1025   14.590  0.005    2  1 
  51336.1059   14.594  0.005    2  1 
  51336.1206   14.589  0.005    2  1 
  51336.1240   14.589  0.005    2  1 
  51337.0101   14.600  0.005    2  1 
  51337.9904   14.636  0.006    2  1 
  51337.9940   14.636  0.006    2  1 
  51338.0162   14.630  0.005    2  1 
  51338.0196   14.630  0.005    2  1 
  51338.0339   14.619  0.006    2  1 
  51338.0376   14.611  0.006    2  1 
  51338.9901   14.595  0.005    2  1 
  51338.9938   14.597  0.004    2  1 
  51339.0226   14.570  0.005    2  1 
  51339.0269   14.561  0.005    2  1 
  51339.0867   14.548  0.006    2  1 
  51339.0905   14.539  0.005    2  1 
  51339.1139   14.542  0.005    2  1 
  51339.1177   14.543  0.005    2  1 
  51339.1448   14.561  0.005    2  1 
  51339.1482   14.562  0.005    2  1 
  51339.9766   14.567  0.004    2  1 
  51339.9795   14.576  0.004    2  1 
  51340.0044   14.567  0.004    2  1 
  51340.0078   14.565  0.004    2  1 
  51340.0274   14.565  0.004    2  1 
  51340.0306   14.564  0.004    2  1 
  51340.0540   14.560  0.005    2  1 
  51340.0572   14.564  0.005    2  1 
  51340.0857   14.569  0.005    2  1 
  51340.0892   14.565  0.005    2  1 
  51340.1152   14.580  0.005    2  1 
  51340.1197   14.579  0.005    2  1 
  51340.1229   14.570  0.005    2  1 
  51340.1263   14.579  0.005    2  1 
  51340.1404   14.576  0.005    2  1 
  51340.1437   14.582  0.005    2  1 
  51344.9924   14.533  0.004    2  1 
  51344.9958   14.531  0.003    2  1 
  51344.9988   14.537  0.004    2  1 
  51345.0216   14.544  0.004    2  1 
  51345.0255   14.541  0.005    2  1 
  51345.0302   14.543  0.005    2  1 
  51345.0553   14.566  0.005    2  1 
  51345.0603   14.572  0.004    2  1 
  51345.9856   14.558  0.005    2  1 
  51345.9896   14.568  0.005    2  1 
  51346.0219   14.604  0.006    2  1 
  51346.0264   14.605  0.005    2  1 
  51346.0486   14.624  0.005    2  1 
  51346.0523   14.626  0.005    2  1 
  51346.0791   14.639  0.005    2  1 
  51346.0826   14.635  0.004    2  1 
  51347.0416   14.618  0.005    2  1 
  51347.0453   14.624  0.004    2  1 
  51347.0743   14.590  0.004    2  1 
  51347.0777   14.591  0.004    2  1 
  51347.0990   14.572  0.004    2  1 
  51347.1022   14.568  0.003    2  1 
  51347.9769   14.592  0.004    2  1 
  51347.9802   14.603  0.005    2  1 
  51347.9834   14.589  0.004    2  1 
  51347.9983   14.590  0.005    2  1 
  51348.0028   14.588  0.005    2  1 
  51348.0063   14.585  0.004    2  1 
  51348.0242   14.574  0.004    2  1 
  51348.0274   14.577  0.004    2  1 
  51348.0943   14.551  0.005    2  1 
  51348.0983   14.561  0.006    2  1 
  51348.1018   14.551  0.006    2  1 
  51348.9650   14.577  0.005    2  1 
  51348.9853   14.575  0.004    2  1 
  51348.9883   14.571  0.004    2  1 
  51348.9912   14.577  0.004    2  1 
  51349.0316   14.579  0.004    2  1 
  51349.0346   14.581  0.004    2  1 
  51349.9815   14.605  0.004    2  1 
  51349.9851   14.598  0.004    2  1 
  51349.9973   14.604  0.004    2  1 
  51350.0033   14.600  0.005    2  1 
  51350.0066   14.598  0.004    2  1 
  51350.0164   14.597  0.004    2  1 
  51350.0197   14.596  0.004    2  1 
  51350.0296   14.593  0.004    2  1 
  51380.9973   14.570  0.004    2  1 
  51381.0004   14.570  0.004    2  1 
  51381.0031   14.572  0.004    2  1 
  51381.0187   14.575  0.004    2  1 
  51381.0214   14.579  0.004    2  1 
  51381.0242   14.582  0.004    2  1 
  51381.9830   14.595  0.004    2  1 
  51381.9859   14.592  0.005    2  1 
  51381.9888   14.589  0.005    2  1 
  51382.0000   14.592  0.004    2  1 
  51382.0029   14.599  0.004    2  1 
  51382.9793   14.624  0.005    2  1 
  51382.9826   14.625  0.005    2  1 
  51382.9857   14.627  0.005    2  1 
  51382.9965   14.629  0.005    2  1 
  51382.9995   14.626  0.005    2  1 
  51383.9746   14.590  0.004    2  1 
  51383.9773   14.591  0.004    2  1 
  51383.9799   14.586  0.004    2  1 
  51383.9899   14.581  0.004    2  1 
  51383.9926   14.567  0.004    2  1 
  51384.9777   14.549  0.003    2  1 
  51384.9802   14.558  0.003    2  1 
  51384.9896   14.555  0.003    2  1 
  51384.9921   14.554  0.003    2  1 
  51385.9711   14.601  0.004    2  1 
  51385.9763   14.601  0.004    2  1 
  51385.9857   14.603  0.004    2  1 
  51385.9884   14.608  0.004    2  1 
  51386.9965   14.579  0.004    2  1 
  51387.0003   14.576  0.004    2  1 
  51387.0041   14.576  0.004    2  1 
  51387.0216   14.553  0.004    2  1 
  51387.0254   14.545  0.004    2  1 
  51387.0293   14.541  0.004    2  1 
  51388.9801   14.553  0.005    2  1 
  51388.9834   14.552  0.004    2  1 
  51388.9866   14.554  0.005    2  1 
  51388.9984   14.564  0.005    2  1 
  51389.0017   14.552  0.005    2  1 
  51389.9783   14.554  0.004    2  1 
  51389.9809   14.565  0.004    2  1 
  51389.9836   14.558  0.004    2  1 
  51390.9729   14.558  0.003    2  1 
  51390.9756   14.566  0.003    2  1 
  51390.9783   14.563  0.003    2  1 
  51391.9728   14.591  0.003    2  1 
  51391.9754   14.586  0.003    2  1 
  51391.9779   14.586  0.003    2  1 
  51671.0871   14.560  0.005    2  1 
  51671.0917   14.559  0.005    2  1 
  51671.0952   14.559  0.004    2  1 
  51671.1189   14.545  0.004    2  1 
  51671.1232   14.545  0.005    2  1 
  51671.9996   14.584  0.004    2  1 
  51672.0039   14.582  0.004    2  1 
  51672.0350   14.564  0.004    2  1 
  51672.0382   14.565  0.004    2  1 
  51673.0232   14.576  0.003    2  1 
  51674.0574   14.540  0.006    2  1 
  51674.0620   14.546  0.006    2  1 
  51674.0938   14.553  0.006    2  1 
  51674.0985   14.568  0.005    2  1 
  51674.1159   14.578  0.005    2  1 
  51674.1223   14.579  0.005    2  1 
  51674.9763   14.543  0.005    2  1 
  51674.9824   14.542  0.005    2  1 
  51675.0212   14.556  0.006    2  1 
  51676.0163   14.598  0.004    2  1 
  51692.9816   14.594  0.005    2  1 
  51692.9854   14.584  0.005    2  1 
  51693.9780   14.617  0.004    2  1 
  51693.9814   14.614  0.004    2  1 
  51694.9914   14.594  0.004    2  1 
  51694.9946   14.559  0.004    2  1 
  51765.9974   14.529  0.004    2  1 
  51766.0012   14.532  0.005    2  1 
  51766.0048   14.530  0.004    2  1 
  51766.0266   14.540  0.005    2  1 
  51766.0301   14.536  0.005    2  1 
  51216.3144   14.870  0.002    3  1 
  51216.3408   14.857  0.003    3  1 
  51216.3634   14.846  0.002    3  1 
  51216.3905   14.838  0.003    3  1 
  51217.3019   14.852  0.003    3  1 
  51217.3494   14.829  0.002    3  1 
  51217.3710   14.819  0.002    3  1 
  51217.3906   14.816  0.002    3  1 
  51218.2854   14.823  0.003    3  1 
  51218.3156   14.811  0.004    3  1 
  51218.3347   14.827  0.002    3  1 
  51218.3653   14.838  0.002    3  1 
  51218.3848   14.839  0.002    3  1 
  51219.2918   14.844  0.003    3  1 
  51219.3100   14.864  0.003    3  1 
  51219.3296   14.866  0.003    3  1 
  51219.3536   14.879  0.003    3  1 
  51219.3723   14.883  0.003    3  1 
  51220.2720   14.885  0.003    3  1 
  51220.2946   14.878  0.002    3  1 
  51220.3117   14.877  0.002    3  1 
  51220.3299   14.875  0.002    3  1 
  51220.3473   14.859  0.003    3  1 
  51220.3643   14.869  0.003    3  1 
  51220.3816   14.846  0.002    3  1 
  51221.2763   14.859  0.002    3  1 
  51221.2964   14.863  0.002    3  1 
  51221.3145   14.853  0.002    3  1 
  51221.3318   14.845  0.002    3  1 
  51221.3496   14.839  0.003    3  1 
  51221.3673   14.836  0.002    3  1 
  51283.2546   14.844  0.002    3  1 
  51283.2783   14.835  0.002    3  1 
  51283.3008   14.821  0.002    3  1 
  51283.3322   14.796  0.002    3  1 
  51283.3553   14.781  0.002    3  1 
  51283.3773   14.765  0.002    3  1 
  51284.2134   14.865  0.003    3  1 
  51284.2375   14.858  0.002    3  1 
  51284.2581   14.838  0.002    3  1 
  51284.2875   14.813  0.003    3  1 
  51284.3124   14.801  0.002    3  1 
  51284.3383   14.767  0.002    3  1 
  51285.0451   14.907  0.002    3  1 
  51285.0691   14.898  0.002    3  1 
  51285.0932   14.903  0.003    3  1 
  51285.1257   14.885  0.002    3  1 
  51285.1514   14.877  0.002    3  1 
  51285.1754   14.862  0.002    3  1 
  51285.2060   14.841  0.002    3  1 
  51285.2321   14.819  0.002    3  1 
  51285.2586   14.805  0.002    3  1 
  51285.2928   14.786  0.002    3  1 
  51285.3257   14.793  0.002    3  1 
  51286.0393   14.917  0.002    3  1 
  51286.0670   14.882  0.002    3  1 
  51286.1302   14.859  0.002    3  1 
  51286.1833   14.842  0.002    3  1 
  51286.2193   14.829  0.002    3  1 
  51286.2434   14.831  0.002    3  1 
  51286.2655   14.830  0.002    3  1 
  51286.2958   14.817  0.002    3  1 
  51286.3291   14.819  0.002    3  1 
  51304.9838   14.897  0.002    3  1 
  51305.0251   14.859  0.003    3  1 
  51305.0718   14.821  0.003    3  1 
  51305.0961   14.815  0.002    3  1 
  51305.1465   14.827  0.003    3  1 
  51305.1755   14.845  0.003    3  1 
  51305.2054   14.850  0.003    3  1 
  51305.2345   14.863  0.003    3  1 
  51305.2666   14.834  0.003    3  1 
  51305.2880   14.827  0.003    3  1 
  51305.9773   14.885  0.002    3  1 
  51306.0428   14.847  0.002    3  1 
  51306.0809   14.855  0.002    3  1 
  51306.1087   14.846  0.002    3  1 
  51306.1330   14.871  0.002    3  1 
  51306.1578   14.865  0.002    3  1 
  51306.1875   14.848  0.002    3  1 
  51306.2101   14.824  0.002    3  1 
  51306.2308   14.899  0.002    3  1 
  51306.2771   14.778  0.002    3  1 
  51306.2972   14.769  0.002    3  1 
  51308.0025   14.880  0.002    3  1 
  51308.0294   14.855  0.002    3  1 
  51308.0600   14.851  0.002    3  1 
  51308.0919   14.848  0.002    3  1 
  51308.1244   14.826  0.002    3  1 
  51310.1057   14.868  0.001    3  1 
  51310.1100   14.868  0.001    3  1 
  51311.9792   14.888  0.004    3  1 
  51311.9983   14.869  0.003    3  1 
  51312.0087   14.883  0.003    3  1 
  51312.0350   14.869  0.002    3  1 
  51312.0550   14.867  0.002    3  1 
  51312.0672   14.872  0.002    3  1 
  51312.0870   14.862  0.002    3  1 
  51312.0988   14.855  0.002    3  1 
  51312.9828   14.899  0.002    3  1 
  51313.0063   14.891  0.002    3  1 
  51313.0300   14.882  0.002    3  1 
  51313.0562   14.872  0.002    3  1 
  51313.1113   14.837  0.002    3  1 
  51313.9807   14.893  0.003    3  1 
  51314.0143   14.872  0.002    3  1 
  51314.0397   14.854  0.003    3  1 
  51314.1124   14.832  0.003    3  1 
  51314.9752   14.883  0.002    3  1 
  51315.0102   14.868  0.002    3  1 
  51315.0336   14.858  0.002    3  1 
  51315.0747   14.862  0.002    3  1 
  51315.0982   14.860  0.003    3  1 
  51315.1216   14.853  0.002    3  1 
  51316.0399   14.880  0.002    3  1 
  51316.0634   14.870  0.002    3  1 
  51316.0869   14.854  0.002    3  1 
  51316.1115   14.826  0.002    3  1 
  51316.9740   14.916  0.002    3  1 
  51317.0052   14.894  0.003    3  1 
  51317.0282   14.871  0.004    3  1 
  51317.0566   14.838  0.002    3  1 
  51317.0822   14.813  0.003    3  1 
  51317.1075   14.798  0.003    3  1 
  51317.9847   14.861  0.003    3  1 
  51318.0099   14.830  0.003    3  1 
  51318.0374   14.812  0.004    3  1 
  51318.0942   14.818  0.009    3  1 
  51318.1226   14.846  0.004    3  1 
  51318.9772   14.858  0.002    3  1 
  51319.0019   14.855  0.003    3  1 
  51319.0274   14.849  0.003    3  1 
  51319.0757   14.856  0.002    3  1 
  51319.0997   14.858  0.002    3  1 
  51320.1208   14.826  0.002    3  1 
  51320.1417   14.827  0.002    3  1 
  51320.9728   14.865  0.002    3  1 
  51321.0400   14.847  0.002    3  1 
  51321.0624   14.842  0.002    3  1 
  51321.0930   14.842  0.002    3  1 
  51321.1217   14.842  0.002    3  1 
  51380.9937   14.829  0.002    3  1 
  51381.9793   14.836  0.002    3  1 
  51382.9755   14.877  0.003    3  1 
  51384.9721   14.863  0.002    3  1 
  51385.9679   14.844  0.002    3  1 
  51386.9917   14.835  0.003    3  1 
  51388.9755   14.807  0.003    3  1 
  51389.9750   14.805  0.002    3  1 
  51390.9697   14.858  0.002    3  1 
  51391.9697   14.848  0.002    3  1 
  51693.9923   14.889  0.002    3  1 
  51695.0052   14.896  0.002    3  1 
 56468.97641   13.301  0.142   -1  1 
 56469.04707   13.255  0.133   -1  1 
 56469.10896   13.327  0.133   -1  1 
 56469.17285   13.474  0.047   -1  1 
 56471.00364   13.371  0.105   -1  1 
 56471.06640   13.515  0.041   -1  1 
 56471.12490   13.509  0.070   -1  1 
 56471.18188   13.503  0.059   -1  1 
 56471.96759   13.258  0.096   -1  1 
 56472.03374   13.481  0.052   -1  1 
 56472.09484   13.642  0.066   -1  1 
 56472.15243   13.525  0.044   -1  1 
 56468.95296   13.196  0.109   -2  1 
 56469.02441   13.326  0.093   -2  1 
 56469.08813   13.394  0.074   -2  1 
 56469.15134   13.416  0.041   -2  1 
 56471.02588   13.396  0.077   -2  1 
 56471.08671   13.430  0.042   -2  1 
 56471.14302   13.577  0.032   -2  1 
 56471.94704   13.593  0.046   -2  1 
 56472.01085   13.496  0.080   -2  1 
 56472.07480   13.359  0.057   -2  1 
 56472.13240   13.555  0.025   -2  1 
 56472.19216   13.521  0.027   -2  1 
 56469.00041   13.569  0.053   -5  1 
 56469.06767   13.679  0.040   -5  1 
 56469.13003   13.639  0.040   -5  1 
 56469.19349   13.661  0.035   -5  1 
 56470.98130   13.707  0.032   -5  1 
 56471.04693   13.672  0.045   -5  1 
 56471.10523   13.685  0.032   -5  1 
 56471.16397   13.739  0.028   -5  1 
 56471.98857   13.737  0.048   -5  1 
 56472.05430   13.690  0.036   -5  1 
 56472.11383   13.630  0.029   -5  1 
 56472.17109   13.603  0.029   -5  1 
