id ra dec per something1 something2 type
3 13:25:56.15 -47:25:53.8 0.84125800 14.389 14.907 0
4 13:26:12.93 -47:24:18.8 0.62732000 14.453 14.905 0
5 13:26:18.33 -47:23:12.4 0.51527400 14.745 15.235 0
7 13:27:00.90 -47:14:00.5 0.71300000 14.590 99.999 0
8 13:27:48.45 -47:28:20.3 0.52132900 14.683 15.061 0
9 13:25:59.58 -47:26:24.0 0.52348000 14.756 15.274 0
10 13:26:06.99 -47:24:36.6 0.37497600 14.484 14.902 1
11 13:26:30.59 -47:23:01.6 0.56478900 14.534 14.914 0
12 13:26:27.21 -47:24:06.2 0.38676900 14.522 14.940 1
13 13:25:58.18 -47:25:21.6 0.66903900 14.465 14.951 0
14 13:25:59.74 -47:39:09.6 0.37711400 14.514 14.895 1
15 13:26:27.11 -47:24:38.0 0.81064200 14.397 14.927 0
16 13:27:37.69 -47:37:34.8 0.33020200 14.562 14.917 1
18 13:27:45.11 -47:24:56.6 0.62168900 14.570 14.971 0
19 13:27:30.14 -47:28:05.2 0.29955100 14.830 15.187 1
20 13:27:14.05 -47:28:06.3 0.61555900 14.579 15.009 0
21 13:26:11.17 -47:25:58.8 0.38081200 14.356 14.701 1
22 13:27:41.04 -47:34:07.6 0.39605500 14.547 14.929 1
23 13:26:46.50 -47:24:39.5 0.51087000 14.869 15.312 0
24 13:27:38.32 -47:34:14.5 0.46227800 14.478 14.884 1
25 13:26:25.52 -47:28:23.3 0.58836400 14.478 14.934 0
26 13:26:23.64 -47:26:59.4 0.78472000 14.502 15.050 0
27 13:26:26.04 -47:28:16.5 0.61568000 14.757 15.275 0
30 13:26:15.94 -47:29:56.0 0.40441000 14.483 14.827 1
32 13:27:03.32 -47:21:38.9 0.62037300 14.530 14.962 0
33 13:25:51.60 -47:29:05.8 0.60232400 14.544 14.932 0
34 13:26:07.21 -47:33:10.4 0.73396700 14.481 14.985 0
35 13:26:53.21 -47:22:34.7 0.38684100 14.563 14.898 1
36 13:27:10.11 -47:15:29.8 0.37984600 14.550 99.999 1
38 13:27:03.30 -47:36:30.2 0.77906100 14.478 15.025 0
39 13:27:59.77 -47:34:42.3 0.39337400 14.565 14.928 1
40 13:26:24.56 -47:30:46.2 0.63407200 14.519 14.975 0
41 13:27:01.41 -47:31:01.7 0.66294200 14.537 15.028 0
44 13:26:22.39 -47:34:35.3 0.56754500 14.732 15.248 0
45 13:25:30.88 -47:27:21.0 0.58911600 14.531 15.006 0
46 13:25:30.23 -47:25:51.8 0.68697100 14.501 14.985 0
47 13:25:56.46 -47:24:12.0 0.48530300 14.344 14.756 1
49 13:26:07.78 -47:37:55.5 0.60462700 14.609 15.111 0
50 13:25:53.94 -47:27:35.8 0.38617200 14.633 15.005 1
51 13:26:42.66 -47:24:21.4 0.57415200 14.564 15.006 0
52 13:26:35.19 -47:28:03.8 0.66038600 13.765 14.141 0
54 13:26:23.54 -47:18:47.7 0.77291500 14.419 14.935 0
55 13:25:45.00 -47:42:18.0 0.58172400 14.700 15.070 0
56 13:25:55.53 -47:37:44.1 0.56802300 14.762 15.229 0
57 13:27:49.38 -47:36:50.5 0.79440200 14.471 14.986 0
58 13:26:13.05 -47:24:03.0 0.36988000 14.474 14.789 1
59 13:26:18.43 -47:29:46.7 0.51850600 14.741 15.253 0
62 13:26:26.59 -47:27:55.4 0.61977000 14.474 14.894 0
63 13:25:07.96 -47:36:54.1 0.82594300 14.480 14.900 0
64 13:26:02.22 -47:36:19.2 0.34449700 14.555 14.898 1
66 13:26:33.08 -47:22:25.2 0.40726600 14.488 14.869 1
67 13:26:28.62 -47:18:46.9 0.56445100 14.681 15.118 0
68 13:26:12.80 -47:19:35.7 0.53460900 14.242 14.671 1
69 13:25:11.02 -47:37:33.5 0.63522100 14.490 14.850 0
70 13:27:27.76 -47:33:42.7 0.39068700 14.558 14.932 1
71 13:27:08.08 -47:27:51.6 0.35754400 14.532 14.902 1
72 13:27:33.11 -47:16:22.9 0.38452200 14.480 14.750 1
73 13:25:53.75 -47:16:10.8 0.57521500 14.490 14.780 0
74 13:27:07.22 -47:17:33.9 0.50320900 14.626 14.941 0
75 13:27:19.70 -47:18:46.5 0.42217400 14.476 14.848 1
76 13:26:57.23 -47:20:07.7 0.33796200 14.517 14.856 1
77 13:27:20.89 -47:22:05.6 0.42629400 14.569 14.948 1
79 13:28:24.99 -47:29:25.2 0.60827600 14.600 99.999 0
81 13:27:36.68 -47:24:48.3 0.38939200 14.608 15.062 1
82 13:27:35.61 -47:26:30.3 0.33575800 14.563 14.948 1
83 13:27:08.42 -47:21:34.1 0.35661200 14.585 14.913 1
84 13:24:47.45 -47:29:56.5 0.57987300 14.270 99.999 0
85 13:25:06.49 -47:23:34.0 0.74275800 14.470 99.999 0
86 13:27:15.19 -47:26:11.1 0.64784400 14.541 14.983 0
87 13:26:57.47 -47:25:35.4 0.39648800 14.593 15.014 1
88 13:26:55.91 -47:25:16.3 0.69021100 14.500 14.934 0
89 13:26:45.98 -47:26:01.0 0.37511000 14.635 15.004 1
90 13:26:45.76 -47:26:23.4 0.60340400 14.525 15.005 0
91 13:26:50.61 -47:26:15.6 0.89522500 14.335 14.881 0
94 13:25:57.06 -47:22:46.1 0.25393600 14.764 15.068 1
95 13:25:24.95 -47:28:53.2 0.40506700 14.558 14.933 1
96 13:26:39.31 -47:27:03.0 0.62452700 14.344 14.927 0
97 13:27:08.49 -47:25:30.9 0.69189800 14.534 14.959 0
98 13:27:05.85 -47:26:56.5 0.28056600 14.782 15.152 1
99 13:27:02.16 -47:27:48.8 0.76618100 14.244 14.714 0
100 13:27:04.04 -47:27:33.4 0.55274500 14.789 15.378 0
101 13:27:30.24 -47:29:51.0 0.34094600 14.610 14.978 1
102 13:27:22.11 -47:30:12.3 0.69139600 14.554 15.002 0
103 13:27:14.29 -47:28:36.3 0.32885200 14.538 14.865 1
104 13:28:07.76 -47:33:44.9 0.86652400 14.515 15.050 0
105 13:27:46.02 -47:32:43.9 0.33532800 14.746 15.120 1
106 13:26:59.19 -47:28:12.5 0.56990300 14.518 14.942 0
107 13:27:14.05 -47:30:57.9 0.51410200 14.864 15.232 0
108 13:27:04.71 -47:29:25.7 0.59445800 14.532 14.991 0
109 13:27:01.56 -47:29:36.6 0.74409800 14.446 14.909 0
110 13:27:02.08 -47:30:06.6 0.33210700 14.616 14.969 1
111 13:26:49.03 -47:28:40.4 0.76290500 14.393 14.900 0
112 13:26:54.28 -47:30:23.2 0.47435900 14.490 14.838 0
113 13:26:56.34 -47:31:47.6 0.57337500 14.563 15.020 0
114 13:26:50.12 -47:30:21.1 0.67530700 14.467 14.937 0
115 13:26:12.30 -47:34:17.5 0.63047400 14.535 15.025 0
116 13:26:35.50 -47:28:07.0 0.72013300 14.392 14.867 0
117 13:26:19.91 -47:29:21.0 0.42164100 14.474 14.887 1
118 13:26:40.56 -47:30:19.1 0.61161800 14.458 14.884 0
119 13:26:38.29 -47:31:18.0 0.30587600 14.686 14.992 1
120 13:26:25.52 -47:32:48.6 0.54853700 14.764 15.232 0
121 13:26:28.17 -47:31:50.5 0.30418200 14.588 14.902 1
122 13:26:30.31 -47:33:02.2 0.63492900 14.554 15.014 0
123 13:26:51.17 -47:37:13.2 0.47416900 14.452 14.886 1
124 13:26:54.49 -47:39:07.5 0.33186000 14.561 14.916 1
125 13:26:48.92 -47:41:03.7 0.59288800 14.580 99.999 0
126 13:28:08.03 -47:40:46.7 0.34189100 14.600 99.999 1
127 13:25:19.36 -47:28:37.6 0.30527400 14.630 99.999 1
128 13:26:17.75 -47:30:13.0 0.83498800 14.391 14.904 0
130 13:26:09.93 -47:13:40.0 0.49325000 14.740 99.999 0
131 13:26:30.07 -47:29:40.7 0.39225200 14.493 14.877 1
132 13:26:39.22 -47:29:09.8 0.65565600 14.452 14.886 0
134 13:25:13.42 -47:12:28.7 0.65290300 14.460 14.820 0
135 13:26:28.14 -47:29:17.6 0.63257900 14.513 14.864 0
136 13:26:31.09 -47:27:40.5 0.39194500 14.376 14.732 1
137 13:26:31.55 -47:27:04.3 0.33420500 14.557 14.907 1
139 13:26:37.76 -47:27:35.2 0.67687100 14.361 14.871 0
140 13:26:42.16 -47:30:07.1 0.61984900 14.463 14.807 0
141 13:26:40.91 -47:29:27.9 0.69736300 14.494 14.961 0
142 13:26:42.67 -47:28:42.7 0.37584800 14.587 15.079 1
143 13:26:42.64 -47:27:28.8 0.82073400 14.400 14.892 0
144 13:26:43.06 -47:28:17.9 0.83532000 14.401 14.942 0
145 13:26:51.26 -47:31:08.6 0.37321400 14.519 14.934 1
146 13:26:52.87 -47:29:27.9 0.63309200 14.480 14.997 0
147 13:27:15.86 -47:31:09.2 0.42269900 14.490 14.826 1
149 13:27:32.94 -47:13:43.6 0.68272800 14.380 14.690 0
150 13:27:40.21 -47:36:00.1 0.89930200 14.284 14.766 0
151 13:28:25.40 -47:16:00.2 0.40778400 99.999 99.999 0
153 13:26:49.69 -47:26:23.7 0.38624500 14.578 15.004 1
154 13:27:03.15 -47:30:32.6 0.32234000 14.537 14.856 1
155 13:26:53.63 -47:24:42.5 0.41392500 14.516 14.944 1
156 13:26:47.92 -47:31:52.5 0.35906700 14.522 14.929 1
157 13:26:46.49 -47:27:17.5 0.40640000 14.585 14.995 1
158 13:26:45.34 -47:30:40.2 0.36727600 14.509 14.889 1
159 13:23:24.44 -47:43:33.1 0.34310100 99.999 99.999 1
160 13:25:36.16 -47:12:32.5 0.39727600 99.999 99.999 1
163 13:25:49.42 -47:20:21.5 0.31322900 14.554 14.877 1
165 13:26:39.44 -47:26:56.1 0.50076500 14.642 15.092 0
166 13:26:46.00 -47:26:15.3 0.34017300 14.501 14.939 1
168 13:25:52.78 -47:32:02.9 0.32129900 15.134 15.494 1
169 13:27:20.47 -47:23:59.1 0.31911600 14.641 14.917 1
181 13:30:00.45 -47:48:45.6 0.58836000 99.999 99.999 0
182 13:32:13.42 -47:06:18.6 0.54539000 99.999 99.999 0
183 13:29:39.55 -47:30:18.9 0.29605000 99.999 99.999 1
184 13:27:28.50 -47:31:35.4 0.30337000 14.661 14.973 1
185 13:26:04.13 -47:21:45.0 0.33320000 14.560 99.999 1
261 13:27:15.41 -47:21:29.5 0.40251200 14.562 15.025 1
263 13:26:13.13 -47:26:09.7 1.01215800 14.304 14.882 0
264 13:26:39.66 -47:30:28.2 0.32139800 14.743 15.092 1
265 13:26:30.22 -47:28:45.2 0.42260000 14.462 14.866 1
266 13:26:39.65 -47:28:01.7 0.35230300 14.509 14.804 1
267 13:26:40.23 -47:26:35.8 0.31582200 14.486 14.837 1
268 13:26:35.16 -47:26:10.9 0.81292200 14.544 14.970 0
270 13:26:56.57 -47:30:05.7 0.31271400 14.546 14.853 1
271 13:26:47.13 -47:30:04.1 0.44320000 14.358 14.833 1
272 13:26:42.95 -47:25:56.6 0.31148200 14.665 14.986 1
273 13:26:54.34 -47:27:08.7 0.36710600 14.546 14.946 1
274 13:26:43.73 -47:22:48.2 0.31108900 14.579 99.999 1
275 13:26:49.75 -47:27:37.3 0.37760000 14.467 14.865 1
276 13:27:16.51 -47:33:17.6 0.30780700 14.593 14.897 1
277 13:26:59.97 -47:27:29.2 0.35156300 14.506 14.889 1
280 13:27:09.33 -47:23:05.7 0.28164400 14.760 15.019 1
281 13:27:06.29 -47:47:23.1 0.28500000 14.630 99.999 1
283 13:27:36.43 -47:46:40.0 0.51730000 18.100 99.999 0
285 13:25:40.20 -47:34:48.4 0.32901400 14.537 14.884 1
288 13:28:10.32 -47:23:47.8 0.29540000 14.640 99.999 1
289 13:28:03.68 -47:21:27.9 0.30809000 14.625 14.910 1
291 13:26:38.52 -47:33:28.0 0.33400000 14.503 14.880 1
339 13:26:29.67 -47:29:51.8 0.30132200 14.492 14.868 1
340 13:26:38.95 -47:27:32.5 0.30182100 14.557 99.999 1
341 13:26:54.61 -47:28:47.7 0.30613600 14.454 14.816 1
342 13:27:18.69 -47:28:22.9 0.30838900 14.598 14.935 1
343 13:26:47.79 -47:29:36.8 0.31021100 14.562 14.941 1
344 13:26:38.09 -47:24:44.7 0.31376400 14.606 14.937 1
346 13:26:46.93 -47:28:14.1 0.32762300 14.498 14.847 1
347 13:26:50.88 -47:27:46.2 0.32884900 14.480 14.853 1
349 13:26:51.80 -47:27:43.9 0.36420000 99.999 14.795 1
350 13:26:56.40 -47:30:50.2 0.37910800 14.483 14.855 1
351 13:26:42.66 -47:27:35.4 0.38555300 99.999 99.999 1
352 13:26:54.35 -47:29:11.3 0.39754400 14.179 14.470 1
353 13:26:43.79 -47:27:56.6 0.40102000 14.471 14.765 1
354 13:26:38.63 -47:25:09.9 0.41993400 14.537 14.961 1
357 13:26:17.77 -47:30:23.4 0.29777500 14.562 14.901 1
366 13:26:41.56 -47:31:42.0 0.99991000 14.145 14.623 0
399 13:26:29.53 -47:30:02.6 0.30978200 14.581 14.849 1
