1.22 13.8522495067 0.0222805317334 0.0 0.0738961638702
1.22 13.8434030287 0.019628825591 1.0 0.0679962462022
1.63 13.8036549582 0.0324433528421 0.0 0.107602427936
1.63 13.817051515 0.0267309405401 1.0 0.0925986943988
2.19 13.8014041382 0.0246745164816 0.0 0.0818361129951
2.19 13.8062789502 0.0220973288914 1.0 0.0765473926682
3.55 13.772066101 0.0349988595258 0.0 0.116078085267
3.55 13.7989617339 0.0483207606307 1.0 0.167388025357
4.493 13.7831664162 0.052677892596 0.0 0.17471280439
4.493 13.8569866981 0.064857545901 1.0 0.224673128301
