1.22 13.8537395171 0.0240673096632 0.0 0.0758792750403
1.22 13.8597666302 0.0171593466911 1.0 0.0679962462022
1.63 13.8592504182 0.0276037741353 0.0 0.110715301301
1.63 13.8743537807 0.0202928448491 1.0 0.0925986943988
2.19 13.8369515348 0.0235680863285 0.0 0.0841125171077
2.19 13.8425689849 0.0185049971896 1.0 0.0765473926682
3.55 13.6975507191 0.0250971812947 0.0 0.0909688002161
3.55 13.7483994194 0.0356180316702 1.0 0.167711070705
4.493 13.6619596755 0.0448361424514 0.0 0.181298876964
4.493 13.6874025433 0.0405540702726 1.0 0.223695020382
