1.22 13.8375387486 0.0240673096844 0.0 0.0758792750403
1.22 13.8460654088 0.017159346684 1.0 0.0679962462022
1.63 13.8420313156 0.0276037740533 0.0 0.110715301301
1.63 13.8600045285 0.0202928447942 1.0 0.0925986943988
2.19 13.8199175839 0.0235680862789 0.0 0.0841125171077
2.19 13.8284048844 0.0185049971756 1.0 0.0765473926682
3.55 13.6805167681 0.0250971814832 0.0 0.0909688002161
3.55 13.7343278949 0.0356180315155 1.0 0.167711070705
4.493 13.6443702695 0.0448361422043 0.0 0.181298876964
4.493 13.6732384428 0.0405540702417 1.0 0.223695020382
