1.22 13.8243468806 0.0133128211717 0.0 0.125871510092
1.22 13.8417000712 0.0104199941668 1.0 0.0823689563237
1.63 13.774411022 0.0184131741687 0.0 0.168786042059
1.63 13.8283199617 0.0134683882244 1.0 0.107611377311
2.19 13.764097123 0.0159932274946 0.0 0.145090256285
2.19 13.8112589203 0.012666624785 1.0 0.0896614712323
3.55 13.6850582556 0.0228676143382 0.0 0.123309961079
3.55 13.726352483 0.0304993320824 1.0 0.153413656844
4.493 13.6761046459 0.0671933598793 0.0 0.708743851912
4.493 13.6812273827 0.0302437566496 1.0 0.233408745927
