1.22 13.8522495067 0.0222805317334 0.0 0.0738961638702
1.22 13.8434030287 0.019628825591 1.0 0.0679962462022
1.63 13.8036549582 0.0324433528421 0.0 0.107602427936
1.63 13.817051515 0.0267309405401 1.0 0.0925986943988
2.19 13.8014041382 0.0246745164816 0.0 0.0818361129951
2.19 13.8062789502 0.0220973288914 1.0 0.0765473926682
3.55 13.6955797398 0.0352924843872 0.0 0.117051928866
3.55 13.7027601005 0.0484140159095 1.0 0.167711070705
4.493 13.6738689126 0.0531083365167 0.0 0.176140425233
4.493 13.6857763415 0.0645751900637 1.0 0.223695020382
