3.0 -1.54 0.05 -0.0576763892606 0.0174188595111
3.0 -1.54 0.05 -0.0367966792183 0.0183620986455
3.0 -1.54 0.05 -0.0154894690861 0.0174355957742
3.0 -1.54 0.05 -0.0776441134356 0.0394620070448
3.0 -1.54 0.05 0.0214743186644 0.03574329774
4.0 -1.74 0.05 -0.0329691710166 0.0159478316185
4.0 -1.74 0.05 0.0112382387679 0.0210436055212
4.0 -1.74 0.05 0.0234373178698 0.0198934662641
4.0 -1.74 0.05 0.0236469658671 0.0359246897458
4.0 -1.74 0.05 -0.00849094956076 0.0348389150233
5.0 -1.35 0.08 -0.0885074190877 0.0171731379388
5.0 -1.35 0.08 -0.127422254901 0.0196977156036
5.0 -1.35 0.08 -0.156098705136 0.0265910385907
5.0 -1.35 0.08 -0.13938543993 0.0428631543403
5.0 -1.35 0.08 -0.129224966923 0.0297895395511
9.0 -1.49 0.06 -0.177902588789 0.0166458202962
9.0 -1.49 0.06 -0.127824839573 0.0207846096908
9.0 -1.49 0.06 -0.134685565769 0.0162198438135
9.0 -1.49 0.06 -0.0824888199918 0.0364760195197
9.0 -1.49 0.06 -0.0836714290803 0.0389015852291
10.0 -1.66 0.1 0.0119807314372 0.0135339080338
10.0 -1.66 0.1 0.0560728596765 0.0228819433907
10.0 -1.66 0.1 0.0263715257829 0.018801595677
10.0 -1.66 0.1 -0.0351367283691 0.0366242178529
10.0 -1.66 0.1 0.0732342065228 0.0374277080962
12.0 -1.53 0.14 -0.0325520703998 0.0184390889146
12.0 -1.53 0.14 0.0358069732258 0.0280935935758
12.0 -1.53 0.14 0.0307156978204 0.0249365862406
12.0 -1.53 0.14 0.102374139697 0.0480789281633
12.0 -1.53 0.14 -0.243216319482 0.088424167134
13.0 -1.91 0.0 0.0342294573789 0.0192591969372
13.0 -1.91 0.0 0.0867899570415 0.0222298597986
13.0 -1.91 0.0 0.0347099174133 0.016618263046
13.0 -1.91 0.0 0.0720045317088 0.0323135678418
13.0 -1.91 0.0 0.094628255393 0.0309152066142
21.0 -0.9 0.11 -0.00334911302548 0.0164062996031
21.0 -0.9 0.11 0.0338366829987 0.0266520793435
21.0 -0.9 0.11 -0.00783719156004 0.0204450483003
21.0 -0.9 0.11 -0.0122581805186 0.0473233557559
21.0 -0.9 0.11 0.0234605530668 0.032267114322
30.0 -1.75 0.17 -0.010931055379 0.0212642109345
30.0 -1.75 0.17 0.0755582212643 0.0456115847857
30.0 -1.75 0.17 0.0314894832902 0.0296057426862
30.0 -1.75 0.17 0.0298522099102 0.0467100988367
30.0 -1.75 0.17 0.081383404474 0.0602550136227
40.0 -1.6 0.08 -0.0843913522331 0.0220775149568
40.0 -1.6 0.08 -0.0304722044343 0.0510220540551
40.0 -1.6 0.08 -0.00749159809559 0.0331272797958
40.0 -1.6 0.08 -0.0191327255819 0.0492273636643
40.0 -1.6 0.08 -0.409141927025 0.0560357029045
47.0 -1.58 0.31 -0.105206311238 0.0196490033674
47.0 -1.58 0.31 -0.0744542038413 0.0178535710714
47.0 -1.58 0.31 -0.0823155092152 0.0177364972115
47.0 -1.58 0.31 -0.0964733451752 0.0303411162177
47.0 -1.58 0.31 -0.136229580191 0.0262916336503
58.0 -1.37 0.18 -0.0550487953745 0.0172626765016
58.0 -1.37 0.18 -0.028046930222 0.0179118210502
58.0 -1.37 0.18 -0.0330769927549 0.0205953069088
58.0 -1.37 0.18 -0.0218662363609 0.0334003492996
58.0 -1.37 0.18 -0.0514997609229 0.0337712895815
59.0 -1.0 0.28 -0.120827171815 0.022803508502
59.0 -1.0 0.28 -0.00851457367516 0.042959283048
59.0 -1.0 0.28 -0.0465596888107 0.0331071492783
59.0 -1.0 0.28 -0.00666289411838 0.0713348909487
59.0 -1.0 0.28 -0.213680799811 0.0639986979034
94.0 -1.0 0.11 -0.0624460614454 0.0244216434063
94.0 -1.0 0.11 -0.0265358217487 0.0220944940351
94.0 -1.0 0.11 -0.0387030315885 0.027440845468
94.0 -1.0 0.11 -0.0909628927451 0.0376308827073
94.0 -1.0 0.11 -0.0973469744579 0.02889059824
97.0 -1.56 0.37 0.0554202407731 0.0104841149682
97.0 -1.56 0.37 -0.00825459563614 0.0289956893348
97.0 -1.56 0.37 0.0251120147151 0.0222523407008
97.0 -1.56 0.37 -0.00722926427054 0.0607062599737
97.0 -1.56 0.37 0.219291708882 0.0640019530952
102.0 -1.84 0.13 0.0383980424061 0.0118918739762
102.0 -1.84 0.13 0.102271373844 0.0220170388563
102.0 -1.84 0.13 0.0667796001357 0.020045780936
102.0 -1.84 0.13 -0.0267006503247 0.0492798133113
102.0 -1.84 0.13 -0.133793072349 0.0717553714598
103.0 -1.92 0.11 0.110705196821 0.0175499287748
103.0 -1.92 0.11 0.195310073121 0.0400052079943
103.0 -1.92 0.11 0.150064107917 0.0335459883344
103.0 -1.92 0.11 0.502421879534 0.0709042781972
103.0 -1.92 0.11 0.372232924195 0.0662388355373
107.0 -1.36 0.11 0.0167642300924 0.0170880074906
107.0 -1.36 0.11 0.084027097497 0.0378230529351
107.0 -1.36 0.11 0.0520023971126 0.0300430247035
107.0 -1.36 0.11 -0.285117462909 0.218683942407
107.0 -1.36 0.11 -0.137682388903 0.0764095325641
117.0 -1.68 0.25 -0.014396362518 0.0198095095009
117.0 -1.68 0.25 0.0397188296915 0.042547032799
117.0 -1.68 0.25 0.0314231701443 0.0308193662059
117.0 -1.68 0.25 0.058222255667 0.0441682389657
117.0 -1.68 0.25 0.153499561433 0.0431277173057
120.0 -1.39 0.06 0.0323312941338 0.0492417505781
120.0 -1.39 0.06 0.28890494537 0.0789134547041
120.0 -1.39 0.06 0.15346643101 0.0936825312781
120.0 -1.39 0.06 0.227489224821 0.0659153497551
120.0 -1.39 0.06 0.222670780498 0.0552720544217
121.0 -1.46 0.13 0.0734773410936 0.0158298241725
121.0 -1.46 0.13 0.0474303297521 0.0326151805146
121.0 -1.46 0.13 0.0875219224772 0.0263328059019
121.0 -1.46 0.13 0.139827699547 0.0370090079125
121.0 -1.46 0.13 0.186914911961 0.0330756708171
