#wavelength, slope, slope_err, intercept, intercept_err, mode
1.22 -2.73980520761 0.354382010336 12.9078036373 0.071479549483 0.0
1.22 -2.03988898269 0.263171729199 12.7323331937 0.119650239953 1.0
1.63 -2.77993793879 0.354829527118 12.6863369918 0.0742500214285 0.0
1.63 -2.5378867444 0.27375498863 12.3730320125 0.123928968445 1.0
2.19 -2.95358771134 0.29052929525 12.578853725 0.0595734272387 0.0
2.19 -2.40691170726 0.25422089755 12.349443147 0.112019570911 1.0
3.55 -2.41934497869 0.416894554204 12.573997148 0.0884951062169 0.0
3.55 -2.49784596835 0.468238432053 12.2475209908 0.211595628766 1.0
4.493 -2.9817456811 0.688060752397 12.4176632769 0.150854323012 0.0
4.493 -2.4388766989 0.482193045876 12.2093025187 0.220821984308 1.0
