5.0 -1.24 0.11 -0.0700406009918 0.0594894948709
5.0 -1.24 0.11 -0.106324813732 0.0682348884369
5.0 -1.24 0.11 -0.135954296995 0.0921140597303
5.0 -1.24 0.11 -0.123331082281 0.14848232218
5.0 -1.24 0.11 -0.114739233566 0.103193992073
20.0 -1.52 0.34 0.066688592531 0.0509116882454
20.0 -1.52 0.34 0.059568064559 0.123081273962
20.0 -1.52 0.34 0.0697606210254 0.0871091269615
20.0 -1.52 0.34 0.0282374697266 0.136502747225
20.0 -1.52 0.34 0.11076313653 0.101523396318
30.0 -1.62 0.28 0.00277016599979 0.0736613874428
30.0 -1.62 0.28 0.0899074733324 0.158003164525
30.0 -1.62 0.28 0.0456535837092 0.102557301057
30.0 -1.62 0.28 0.0439237344509 0.161808528823
30.0 -1.62 0.28 0.0955475049706 0.20872949001
40.0 -1.62 0.19 -0.0659245341372 0.07647875522
40.0 -1.62 0.19 -0.00937476326543 0.17674557986
40.0 -1.62 0.19 0.0126528100461 0.114756263446
40.0 -1.62 0.19 -0.00307836793297 0.170528589978
40.0 -1.62 0.19 -0.394656193668 0.194113368937
58.0 -1.91 0.31 -0.0413475739957 0.0597996655509
58.0 -1.91 0.31 -0.0136976781539 0.06204836823
58.0 -1.91 0.31 -0.018912892336 0.0713442359269
58.0 -1.91 0.31 -0.00779471182018 0.115702203955
58.0 -1.91 0.31 -0.0373356604263 0.116987178785
97.0 -1.74 0.17 0.0738870588691 0.0363180395947
97.0 -1.74 0.17 0.0128428455328 0.100444014257
97.0 -1.74 0.17 0.0452564228568 0.0770843693624
97.0 -1.74 0.17 0.00882509337841 0.210292653224
97.0 -1.74 0.17 0.233777442238 0.221709269089
102.0 -1.65 0.16 0.056864860502 0.0411946598481
102.0 -1.65 0.16 0.123368815013 0.0762692598627
102.0 -1.65 0.16 0.0869240082774 0.069440622117
102.0 -1.65 0.16 -0.0106462926758 0.170710280885
102.0 -1.65 0.16 -0.119307338992 0.248567898169
103.0 -1.78 0.27 0.1244064182 0.0607947366143
103.0 -1.78 0.27 0.209659325189 0.138582105627
103.0 -1.78 0.27 0.164228208336 0.116206712371
103.0 -1.78 0.27 0.516493404075 0.245619624623
103.0 -1.78 0.27 0.386397024692 0.229458057169
120.0 -1.15 0.16 0.0507981122298 0.17057842771
120.0 -1.15 0.16 0.310002386539 0.273364225897
120.0 -1.15 0.16 0.173610839151 0.324525807911
120.0 -1.15 0.16 0.24354358247 0.228337469549
120.0 -1.15 0.16 0.237156513854 0.191468012994
121.0 -1.83 0.4 0.0871785624724 0.0548361194834
121.0 -1.83 0.4 0.0617795818202 0.112982299499
121.0 -1.83 0.4 0.101686022896 0.0912195154558
121.0 -1.83 0.4 0.153899224088 0.128202964084
121.0 -1.83 0.4 0.201079012457 0.114577484699
169.0 -1.65 0.19 -0.0282444509496 0.0442718872424
169.0 -1.65 0.19 -0.0815702560129 0.067282984476
169.0 -1.65 0.19 -0.0760732819081 0.0872295821382
169.0 -1.65 0.19 -0.222760981354 0.172478984227
169.0 -1.65 0.19 -0.555386624821 0.400558360292
357.0 -1.64 0.99 0.158472421196 0.0937336652436
357.0 -1.64 0.99 0.266864961413 0.220115878573
357.0 -1.64 0.99 0.190282381544 0.154602716664
357.0 -1.64 0.99 0.131184804991 0.151779445249
357.0 -1.64 0.99 0.152885189916 0.140491992654
