3.0 -1.54 0.05 -0.0554103397135 0.0603406993662
3.0 -1.54 0.05 -0.032918340608 0.0636081755752
3.0 -1.54 0.05 -0.0123790117929 0.0603986754822
3.0 -1.54 0.05 -0.0786237068463 0.13670040234
3.0 -1.54 0.05 0.0183706460868 0.123818415432
4.0 -1.74 0.05 -0.0307031214695 0.0552449092677
4.0 -1.74 0.05 0.0151165773782 0.0728971878744
4.0 -1.74 0.05 0.026547775163 0.0689129886161
4.0 -1.74 0.05 0.0226673724564 0.124446775772
4.0 -1.74 0.05 -0.0115946221383 0.120685541802
5.0 -1.35 0.08 -0.0862413695406 0.0594894948709
5.0 -1.35 0.08 -0.123543916291 0.0682348884369
5.0 -1.35 0.08 -0.152988247843 0.0921140597303
5.0 -1.35 0.08 -0.14036503334 0.14848232218
5.0 -1.35 0.08 -0.1323286395 0.103193992073
9.0 -1.49 0.06 -0.175636539242 0.0576628129734
9.0 -1.49 0.06 -0.123946500962 0.072
9.0 -1.49 0.06 -0.131575108476 0.0561871871515
9.0 -1.49 0.06 -0.0834684134025 0.126356638132
9.0 -1.49 0.06 -0.0867751016579 0.134759044223
10.0 -1.66 0.1 0.0119807314721 0.0468828326789
10.0 -1.66 0.1 0.0560728595913 0.0792653770571
10.0 -1.66 0.1 0.026371525681 0.0651306379517
10.0 -1.66 0.1 -0.035136728381 0.126870012217
10.0 -1.66 0.1 0.0732342065084 0.129653384067
12.0 -1.53 0.14 -0.0325520703649 0.0638748776907
12.0 -1.53 0.14 0.0358069731406 0.0973190628808
12.0 -1.53 0.14 0.0307156977185 0.086382868672
12.0 -1.53 0.14 0.102374139685 0.166550292705
12.0 -1.53 0.14 -0.243216319496 0.306310300186
13.0 -1.91 0.0 0.036495506926 0.0667158152165
13.0 -1.91 0.0 0.0906682956518 0.0770064932327
13.0 -1.91 0.0 0.0378203747065 0.0575673518585
13.0 -1.91 0.0 0.0710249382982 0.111937482552
13.0 -1.91 0.0 0.0915245828154 0.107093417165
21.0 -0.9 0.11 -0.00334911299062 0.0568330889535
21.0 -0.9 0.11 0.0338366829134 0.0923255111007
21.0 -0.9 0.11 -0.00783719166197 0.0708237248385
21.0 -0.9 0.11 -0.0122581805305 0.163932913108
21.0 -0.9 0.11 0.0234605530525 0.111776562839
30.0 -1.75 0.17 -0.0109310553441 0.0736613874428
30.0 -1.75 0.17 0.0755582211791 0.158003164525
30.0 -1.75 0.17 0.0314894831883 0.102557301057
30.0 -1.75 0.17 0.0298522098982 0.161808528823
30.0 -1.75 0.17 0.0813834044596 0.20872949001
40.0 -1.6 0.08 -0.082125302686 0.07647875522
40.0 -1.6 0.08 -0.026593865824 0.17674557986
40.0 -1.6 0.08 -0.0043811408024 0.114756263446
40.0 -1.6 0.08 -0.0201123189926 0.170528589978
40.0 -1.6 0.08 -0.412245599602 0.194113368937
47.0 -1.58 0.31 -0.105206311203 0.068066144301
47.0 -1.58 0.31 -0.0744542039266 0.0618465843843
47.0 -1.58 0.31 -0.0823155093171 0.0614410286372
47.0 -1.58 0.31 -0.0964733451872 0.105104709695
47.0 -1.58 0.31 -0.136229580206 0.0910768905925
58.0 -1.37 0.18 -0.0550487953396 0.0597996655509
58.0 -1.37 0.18 -0.0280469303073 0.06204836823
58.0 -1.37 0.18 -0.0330769928569 0.0713442359269
58.0 -1.37 0.18 -0.0218662363728 0.115702203955
58.0 -1.37 0.18 -0.0514997609373 0.116987178785
59.0 -1.0 0.28 -0.118561122268 0.0789936706325
59.0 -1.0 0.28 -0.00463623506482 0.148815321792
59.0 -1.0 0.28 -0.0434492315175 0.114686529287
59.0 -1.0 0.28 -0.00764248752905 0.247111310951
59.0 -1.0 0.28 -0.216784472389 0.221697992774
94.0 -1.0 0.11 -0.0624460614105 0.0845990543682
94.0 -1.0 0.11 -0.026535821834 0.0765375724726
94.0 -1.0 0.11 -0.0387030316904 0.0950578771065
94.0 -1.0 0.11 -0.0909628927571 0.130357201566
94.0 -1.0 0.11 -0.0973469744722 0.100079968026
97.0 -1.56 0.37 0.0576862903203 0.0363180395947
97.0 -1.56 0.37 -0.0043762570258 0.100444014257
97.0 -1.56 0.37 0.0282224720083 0.0770843693624
97.0 -1.56 0.37 -0.0082088576812 0.210292653224
97.0 -1.56 0.37 0.216188036304 0.221709269089
102.0 -1.84 0.13 0.0406640919532 0.0411946598481
102.0 -1.84 0.13 0.106149712454 0.0762692598627
102.0 -1.84 0.13 0.0698900574289 0.069440622117
102.0 -1.84 0.13 -0.0276802437354 0.170710280885
102.0 -1.84 0.13 -0.136896744926 0.248567898169
103.0 -1.92 0.11 0.110705196856 0.0607947366143
103.0 -1.92 0.11 0.195310073035 0.138582105627
103.0 -1.92 0.11 0.150064107815 0.116206712371
103.0 -1.92 0.11 0.502421879522 0.245619624623
103.0 -1.92 0.11 0.372232924181 0.229458057169
117.0 -1.68 0.25 -0.0143963624831 0.0686221538572
117.0 -1.68 0.25 0.0397188296063 0.147387245038
117.0 -1.68 0.25 0.0314231700424 0.106761416251
117.0 -1.68 0.25 0.058222255655 0.153003267939
117.0 -1.68 0.25 0.153499561419 0.149398795176
120.0 -1.39 0.06 0.034597343681 0.17057842771
120.0 -1.39 0.06 0.29278328398 0.273364225897
120.0 -1.39 0.06 0.156576888303 0.324525807911
120.0 -1.39 0.06 0.22650963141 0.228337469549
120.0 -1.39 0.06 0.21956710792 0.191468012994
121.0 -1.46 0.13 0.0734773411284 0.0548361194834
121.0 -1.46 0.13 0.0474303296669 0.112982299499
121.0 -1.46 0.13 0.0875219223753 0.0912195154558
121.0 -1.46 0.13 0.139827699535 0.128202964084
121.0 -1.46 0.13 0.186914911946 0.114577484699
