3.0 12.9816040474 0.0636081755752 -1.0 -1.64746835443 -0.244573865286 0.0 0.841258
3.0 12.8818734013 0.0603986754822 -2.0 -1.64746835443 -0.244573865286 0.0 0.841258
3.0 13.2473573668 0.0603406993662 -5.0 -1.64746835443 -0.244573865286 0.0 0.841258
3.0 12.8408674221 0.13670040234 -3.0 -1.64746835443 -0.244573865286 0.0 0.841258
3.0 12.7077907694 0.123818415432 -4.0 -1.64746835443 -0.244573865286 0.0 0.841258
4.0 13.2189074538 0.0728971878744 -1.0 -1.64746835443 -0.244573865286 0.0 0.62732
4.0 13.1327453413 0.0689129886161 -2.0 -1.64746835443 -0.244573865286 0.0 0.62732
4.0 13.475108934 0.0552449092677 -5.0 -1.64746835443 -0.244573865286 0.0 0.62732
4.0 13.0296299499 0.124446775772 -3.0 -1.64746835443 -0.244573865286 0.0 0.62732
4.0 13.0260254837 0.120685541802 -4.0 -1.64746835443 -0.244573865286 0.0 0.62732
5.0 13.548892523 0.0682348884369 -1.0 -1.64746835443 -0.244573865286 0.0 0.515274
5.0 13.5065967215 0.0921140597303 -2.0 -1.64746835443 -0.244573865286 0.0 0.515274
5.0 13.6999254242 0.0594894948709 -5.0 -1.64746835443 -0.244573865286 0.0 0.515274
5.0 13.3871486147 0.14848232218 -3.0 -1.64746835443 -0.244573865286 0.0 0.515274
5.0 13.3400494474 0.103193992073 -4.0 -1.64746835443 -0.244573865286 0.0 0.515274
9.0 13.5339313928 0.072 -1.0 -1.64746835443 -0.244573865286 0.0 0.52348
9.0 13.469579702 0.0561871871515 -2.0 -1.64746835443 -0.244573865286 0.0 0.52348
9.0 13.7757272401 0.0576628129734 -5.0 -1.64746835443 -0.244573865286 0.0 0.52348
9.0 13.3146343909 0.126356638132 -3.0 -1.64746835443 -0.244573865286 0.0 0.52348
9.0 13.2789743718 0.134759044223 -4.0 -1.64746835443 -0.244573865286 0.0 0.52348
10.0 13.3946385787 0.0792653770571 -1.0 -1.58567567568 -0.222814194081 1.0 0.374976
10.0 13.3454315504 0.0651306379517 -2.0 -1.58567567568 -0.222814194081 1.0 0.374976
10.0 13.5787821328 0.0468828326789 -5.0 -1.58567567568 -0.222814194081 1.0 0.374976
10.0 13.3423004837 0.126870012217 -3.0 -1.58567567568 -0.222814194081 1.0 0.374976
10.0 13.1681064141 0.129653384067 -4.0 -1.58567567568 -0.222814194081 1.0 0.374976
12.0 13.3786481568 0.0973190628808 -1.0 -1.58567567568 -0.222814194081 1.0 0.386769
12.0 13.3045621063 0.086382868672 -2.0 -1.58567567568 -0.222814194081 1.0 0.386769
12.0 13.5902189499 0.0638748776907 -5.0 -1.58567567568 -0.222814194081 1.0 0.386769
12.0 13.1682374472 0.166550292705 -3.0 -1.58567567568 -0.222814194081 1.0 0.386769
12.0 13.4479778753 0.306310300186 -4.0 -1.58567567568 -0.222814194081 1.0 0.386769
13.0 13.0807481439 0.0770064932327 -1.0 -1.64746835443 -0.244573865286 0.0 0.669039
13.0 13.0578864696 0.0575673518585 -2.0 -1.64746835443 -0.244573865286 0.0 0.669039
13.0 13.3525169876 0.0667158152165 -5.0 -1.64746835443 -0.244573865286 0.0 0.669039
13.0 12.9176301873 0.111937482552 -3.0 -1.64746835443 -0.244573865286 0.0 0.669039
13.0 12.8596555542 0.107093417165 -4.0 -1.64746835443 -0.244573865286 0.0 0.669039
20.0 13.210078414 0.123081273962 -1.0 -1.64746835443 -0.244573865286 0.0 0.615559
20.0 13.1252574718 0.0871091269615 -2.0 -1.64746835443 -0.244573865286 0.0 0.615559
20.0 13.4102007157 0.0509116882454 -5.0 -1.64746835443 -0.244573865286 0.0 0.615559
20.0 13.0598012681 0.136502747225 -3.0 -1.64746835443 -0.244573865286 0.0 0.615559
20.0 12.9398495231 0.101523396318 -4.0 -1.64746835443 -0.244573865286 0.0 0.615559
21.0 13.3987922702 0.0923255111007 -1.0 -1.58567567568 -0.222814194081 1.0 0.380812
21.0 13.3614236395 0.0708237248385 -2.0 -1.58567567568 -0.222814194081 1.0 0.380812
21.0 13.5776056731 0.0568330889535 -5.0 -1.58567567568 -0.222814194081 1.0 0.380812
21.0 13.3011918933 0.163932913108 -3.0 -1.58567567568 -0.222814194081 1.0 0.380812
21.0 13.1996366107 0.111776562839 -4.0 -1.58567567568 -0.222814194081 1.0 0.380812
30.0 13.2866747729 0.158003164525 -1.0 -1.58567567568 -0.222814194081 1.0 0.40441
30.0 13.2511787804 0.102557301057 -2.0 -1.58567567568 -0.222814194081 1.0 0.40441
30.0 13.5209278027 0.0736613874428 -5.0 -1.58567567568 -0.222814194081 1.0 0.40441
30.0 13.1881110961 0.161808528823 -3.0 -1.58567567568 -0.222814194081 1.0 0.40441
30.0 13.07069113 0.20872949001 -4.0 -1.58567567568 -0.222814194081 1.0 0.40441
40.0 13.2502077968 0.17674557986 -1.0 -1.64746835443 -0.244573865286 0.0 0.634072
40.0 13.1531014266 0.114756263446 -2.0 -1.64746835443 -0.244573865286 0.0 0.634072
40.0 13.517320571 0.07647875522 -5.0 -1.64746835443 -0.244573865286 0.0 0.634072
40.0 13.0618275118 0.170528589978 -3.0 -1.64746835443 -0.244573865286 0.0 0.634072
40.0 13.4161594238 0.194113368937 -4.0 -1.64746835443 -0.244573865286 0.0 0.634072
47.0 13.2231880194 0.0618465843843 -1.0 -1.58567567568 -0.222814194081 1.0 0.485303
47.0 13.1499007725 0.0614410286372 -2.0 -1.58567567568 -0.222814194081 1.0 0.485303
47.0 13.4203137861 0.068066144301 -5.0 -1.58567567568 -0.222814194081 1.0 0.485303
47.0 13.0991952686 0.105104709695 -3.0 -1.58567567568 -0.222814194081 1.0 0.485303
47.0 13.0729043499 0.0910768905925 -4.0 -1.58567567568 -0.222814194081 1.0 0.485303
58.0 13.4947796803 0.06204836823 -1.0 -1.58567567568 -0.222814194081 1.0 0.36988
58.0 13.4210202331 0.0713442359269 -2.0 -1.58567567568 -0.222814194081 1.0 0.36988
58.0 13.6604364549 0.0597996655509 -5.0 -1.58567567568 -0.222814194081 1.0 0.36988
58.0 13.3451820411 0.115702203955 -3.0 -1.58567567568 -0.222814194081 1.0 0.36988
58.0 13.3090043162 0.116987178785 -4.0 -1.58567567568 -0.222814194081 1.0 0.36988
59.0 13.4239047093 0.148815321792 -1.0 -1.64746835443 -0.244573865286 0.0 0.518506
59.0 13.3908825282 0.114686529287 -2.0 -1.64746835443 -0.244573865286 0.0 0.518506
59.0 13.7268656582 0.0789936706325 -5.0 -1.64746835443 -0.244573865286 0.0 0.518506
59.0 13.2482454608 0.247111310951 -3.0 -1.64746835443 -0.244573865286 0.0 0.518506
59.0 13.41836269 0.221697992774 -4.0 -1.64746835443 -0.244573865286 0.0 0.518506
94.0 13.9336239771 0.0765375724726 -1.0 -1.58567567568 -0.222814194081 1.0 0.253936
94.0 13.8702684087 0.0950578771065 -2.0 -1.58567567568 -0.222814194081 1.0 0.253936
94.0 14.0698050312 0.0845990543682 -5.0 -1.58567567568 -0.222814194081 1.0 0.253936
94.0 13.8582275074 0.130357201566 -3.0 -1.58567567568 -0.222814194081 1.0 0.253936
94.0 13.7991270128 0.100079968026 -4.0 -1.58567567568 -0.222814194081 1.0 0.253936
97.0 13.1431242523 0.100444014257 -1.0 -1.64746835443 -0.244573865286 0.0 0.691898
97.0 13.0343052556 0.0770843693624 -2.0 -1.64746835443 -0.244573865286 0.0 0.691898
97.0 13.3024221452 0.0363180395947 -5.0 -1.64746835443 -0.244573865286 0.0 0.691898
97.0 12.9636556853 0.210292653224 -3.0 -1.64746835443 -0.244573865286 0.0 0.691898
97.0 12.7019880717 0.221709269089 -4.0 -1.64746835443 -0.244573865286 0.0 0.691898
102.0 13.0333040438 0.0762692598627 -1.0 -1.64746835443 -0.244573865286 0.0 0.691396
102.0 12.9933544636 0.069440622117 -2.0 -1.64746835443 -0.244573865286 0.0 0.691396
102.0 13.3200687797 0.0411946598481 -5.0 -1.64746835443 -0.244573865286 0.0 0.691396
102.0 12.9838444952 0.170710280885 -3.0 -1.64746835443 -0.244573865286 0.0 0.691396
102.0 13.0557858638 0.248567898169 -4.0 -1.64746835443 -0.244573865286 0.0 0.691396
103.0 13.4090814115 0.138582105627 -1.0 -1.58567567568 -0.222814194081 1.0 0.328852
103.0 13.3765590742 0.116206712371 -2.0 -1.58567567568 -0.222814194081 1.0 0.328852
103.0 13.6203420123 0.0607947366143 -5.0 -1.58567567568 -0.222814194081 1.0 0.328852
103.0 12.9596759877 0.245619624623 -3.0 -1.58567567568 -0.222814194081 1.0 0.328852
103.0 13.0241558143 0.229458057169 -4.0 -1.58567567568 -0.222814194081 1.0 0.328852
117.0 13.2736600869 0.147387245038 -1.0 -1.58567567568 -0.222814194081 1.0 0.421641
117.0 13.202028597 0.106761416251 -2.0 -1.58567567568 -0.222814194081 1.0 0.421641
117.0 13.4797974552 0.0686221538572 -5.0 -1.58567567568 -0.222814194081 1.0 0.421641
117.0 13.1104883119 0.153003267939 -3.0 -1.58567567568 -0.222814194081 1.0 0.421641
117.0 12.9492859927 0.149398795176 -4.0 -1.58567567568 -0.222814194081 1.0 0.421641
120.0 13.0717368472 0.273364225897 -1.0 -1.64746835443 -0.244573865286 0.0 0.548537
120.0 13.1352522404 0.324525807911 -2.0 -1.64746835443 -0.244573865286 0.0 0.548537
120.0 13.5252675015 0.17057842771 -5.0 -1.64746835443 -0.244573865286 0.0 0.548537
120.0 12.9584402696 0.228337469549 -3.0 -1.64746835443 -0.244573865286 0.0 0.548537
120.0 12.9267003674 0.191468012994 -4.0 -1.64746835443 -0.244573865286 0.0 0.548537
121.0 13.6482665233 0.112982299499 -1.0 -1.58567567568 -0.222814194081 1.0 0.304182
121.0 13.5310839676 0.0912195154558 -2.0 -1.58567567568 -0.222814194081 1.0 0.304182
121.0 13.740916497 0.0548361194834 -5.0 -1.58567567568 -0.222814194081 1.0 0.304182
121.0 13.4143206096 0.128202964084 -3.0 -1.58567567568 -0.222814194081 1.0 0.304182
121.0 13.3015920024 0.114577484699 -4.0 -1.58567567568 -0.222814194081 1.0 0.304182
169.0 13.7354989363 0.067282984476 -1.0 -1.58567567568 -0.222814194081 1.0 0.319116
169.0 13.6523095462 0.0872295821382 -2.0 -1.58567567568 -0.222814194081 1.0 0.319116
169.0 13.8051136267 0.0442718872424 -5.0 -1.58567567568 -0.222814194081 1.0 0.319116
169.0 13.7344054587 0.172478984227 -3.0 -1.58567567568 -0.222814194081 1.0 0.319116
169.0 14.0014406532 0.400558360292 -4.0 -1.58567567568 -0.222814194081 1.0 0.319116
185.0 13.545200373 0.0620241888298 -1.0 -1.58567567568 -0.222814194081 1.0 0.3332
185.0 13.5082685015 0.078555712714 -2.0 -1.58567567568 -0.222814194081 1.0 0.3332
185.0 13.700592386 0.0565420197729 -5.0 -1.58567567568 -0.222814194081 1.0 0.3332
185.0 13.4957139019 0.126277472259 -3.0 -1.58567567568 -0.222814194081 1.0 0.3332
185.0 13.478710278 0.114577484699 -4.0 -1.58567567568 -0.222814194081 1.0 0.3332
357.0 13.4681064125 0.220115878573 -1.0 -1.58567567568 -0.222814194081 1.0 0.297775
357.0 13.4675977833 0.154602716664 -2.0 -1.58567567568 -0.222814194081 1.0 0.297775
357.0 13.6923752668 0.0937336652436 -5.0 -1.58567567568 -0.222814194081 1.0 0.297775
357.0 13.4621636936 0.151779445249 -3.0 -1.58567567568 -0.222814194081 1.0 0.297775
357.0 13.3749329804 0.140491992654 -4.0 -1.58567567568 -0.222814194081 1.0 0.297775
