1.22 13.835272699 0.02219714257 0.0 0.0738961638702
1.22 13.8460654088 0.0171593466838 1.0 0.0679962462022
1.63 13.838152977 0.0264487838792 0.0 0.107602427936
1.63 13.8600045286 0.020292844795 1.0 0.0925986943988
2.19 13.8168071266 0.022348253091 0.0 0.0818361129951
2.19 13.8284048845 0.0185049971757 1.0 0.0765473926682
3.55 13.6814963615 0.0243908867816 0.0 0.117051928866
3.55 13.7343278949 0.0356180315148 1.0 0.167711070705
4.493 13.6474739421 0.0426487365662 0.0 0.176140425233
4.493 13.6732384428 0.0405540702419 1.0 0.223695020382
