1.22 13.8352726992 0.0221971425702 0.0 0.0738961638702
1.22 13.8460654088 0.017159346684 1.0 0.0679962462022
1.63 13.8381529771 0.0264487838791 0.0 0.107602427936
1.63 13.8600045285 0.0202928447945 1.0 0.0925986943988
2.19 13.8168071266 0.0223482530504 0.0 0.0818361129951
2.19 13.8284048844 0.0185049971757 1.0 0.0765473926682
3.55 13.7591497385 0.0242275965742 0.0 0.116078085267
3.55 13.8301528005 0.0354524664449 1.0 0.167388025357
4.493 13.7571497085 0.0420502792711 0.0 0.17471280439
4.493 13.8448553553 0.0421581341402 1.0 0.224673128301
