1.22 13.8684502753 0.0222805317295 0.0 0.0738961638702
1.22 13.8571042501 0.0196288254517 1.0 0.0679962462022
1.63 13.8208740607 0.0324433526697 0.0 0.107602427936
1.63 13.8314007671 0.026730940598 1.0 0.0925986943988
2.19 13.8184380891 0.0246745165284 0.0 0.0818361129951
2.19 13.8204430507 0.0220973289079 1.0 0.0765473926682
3.55 13.7126136907 0.0352924844803 0.0 0.117051928866
3.55 13.7168316252 0.048414015701 1.0 0.167711070705
4.493 13.6914583186 0.0531083363842 0.0 0.176140425233
4.493 13.699940442 0.0645751901123 1.0 0.223695020382
