1.22 13.8243468806 0.0133128211713 0.0 0.125871510092
1.22 13.8417000712 0.0104199941667 1.0 0.0823689563237
1.63 13.7742540555 0.0183427710282 0.0 0.168786042059
1.63 13.8283199618 0.0134683882245 1.0 0.107611377311
2.19 13.764097123 0.0159932275234 0.0 0.145090256285
2.19 13.8112589203 0.012666624785 1.0 0.0896614712323
3.55 13.6856722837 0.02242722192 0.0 0.132131672377
3.55 13.726352483 0.0304993320824 1.0 0.153413656844
4.493 13.6507229567 0.0256444343636 0.0 0.151410652757
4.493 13.6812273827 0.0302437566491 1.0 0.233408745927
