1.22 13.8514734677 0.0221971425486 0.0 0.0738961638702
1.22 13.8597666301 0.0171593467283 1.0 0.0679962462022
1.63 13.8553720797 0.0264487839384 0.0 0.107602427936
1.63 13.8743537807 0.0202928448495 1.0 0.0925986943988
2.19 13.8338410774 0.0223482530968 0.0 0.0818361129951
2.19 13.8425689849 0.0185049971895 1.0 0.0765473926682
3.55 13.6985303124 0.0243908868684 0.0 0.117051928866
3.55 13.7483994196 0.035618031671 1.0 0.167711070705
4.493 13.6650633481 0.042648736485 0.0 0.176140425233
4.493 13.6874025433 0.0405540702727 1.0 0.223695020382
