1.22 -2.39497753195 0.337905966092 12.9798636349 0.0759821777826 0.0
1.22 -2.0508414673 0.260052658624 12.7250591925 0.118807196622 1.0
1.63 -2.28510792004 0.527468755746 12.7440900055 0.118607627814 0.0
1.63 -2.38204554309 0.380553556976 12.4012047111 0.173859021206 1.0
2.19 -2.62184514353 0.385945836016 12.6170079102 0.0867845154576 0.0
2.19 -2.40865982597 0.310646923012 12.331615367 0.141921603447 1.0
3.55 -2.6134093129 0.564005579857 12.5454315685 0.126823364448 0.0
3.55 -2.51003165461 0.707473159284 12.2118363836 0.323214932197 1.0
4.493 -2.95609930032 0.835419612424 12.4483793233 0.187854046246 0.0
4.493 -2.68247558059 0.947267919739 12.1123512258 0.4327671491 1.0
