1.22 -2.55833714127 0.33180736838 12.9364175683 0.0695240409302 0.0
1.22 -2.03988894082 0.263171673407 12.7323332126 0.119650210984 1.0
1.63 -2.68455834625 0.348004452531 12.6995499519 0.0740949905803 0.0
1.63 -2.53788672052 0.273754996975 12.3730320226 0.123928973518 1.0
2.19 -2.83610305888 0.290408390495 12.5959985799 0.0609002865585 0.0
2.19 -2.40691171126 0.254220856358 12.3494431453 0.11201955329 1.0
3.55 -2.43951172195 0.401832053194 12.5708387145 0.0854275175366 0.0
3.55 -2.49784598049 0.468238422821 12.2475209854 0.211595627196 1.0
4.493 -3.01319281486 0.643360359517 12.4127407883 0.142301491344 0.0
4.493 -2.43887668382 0.48219300713 12.2093025259 0.220821968808 1.0
