5.0 -1.24 0.11 -0.0723066504146 0.0171731379388
5.0 -1.24 0.11 -0.110203152191 0.0196977156036
5.0 -1.24 0.11 -0.139064754328 0.0265910385907
5.0 -1.24 0.11 -0.122351488986 0.0428631543403
5.0 -1.24 0.11 -0.111635560974 0.0297895395511
20.0 -1.52 0.34 0.0644225431082 0.0146969384567
20.0 -1.52 0.34 0.0556897261007 0.035530503327
20.0 -1.52 0.34 0.0666501636919 0.0251462389501
20.0 -1.52 0.34 0.0292170630217 0.0394049489278
20.0 -1.52 0.34 0.113866809121 0.0293072800967
30.0 -1.62 0.28 0.00277016586397 0.0212642109345
30.0 -1.62 0.28 0.0899074733393 0.0456115847857
30.0 -1.62 0.28 0.0456535837259 0.0296057426862
30.0 -1.62 0.28 0.0439237345646 0.0467100988367
30.0 -1.62 0.28 0.095547504947 0.0602550136227
40.0 -1.62 0.19 -0.06819058356 0.0220775149568
40.0 -1.62 0.19 -0.0132531017237 0.0510220540551
40.0 -1.62 0.19 0.00954235271257 0.0331272797958
40.0 -1.62 0.19 -0.00209877463787 0.0492273636643
40.0 -1.62 0.19 -0.391552521076 0.0560357029045
58.0 -1.91 0.31 -0.0413475741315 0.0172626765016
58.0 -1.91 0.31 -0.0136976781471 0.0179118210502
58.0 -1.91 0.31 -0.0189128923192 0.0205953069088
58.0 -1.91 0.31 -0.00779471170644 0.0334003492996
58.0 -1.91 0.31 -0.0373356604499 0.0337712895815
97.0 -1.74 0.17 0.0716210094462 0.0104841149682
97.0 -1.74 0.17 0.00896450707453 0.0289956893348
97.0 -1.74 0.17 0.0421459655232 0.0222523407008
97.0 -1.74 0.17 0.00980468667351 0.0607062599737
97.0 -1.74 0.17 0.23688111483 0.0640019530952
102.0 -1.65 0.16 0.0545988110791 0.0118918739762
102.0 -1.65 0.16 0.119490476555 0.0220170388563
102.0 -1.65 0.16 0.0838135509439 0.020045780936
102.0 -1.65 0.16 -0.0096666993807 0.0492798133113
102.0 -1.65 0.16 -0.1162036664 0.0717553714598
103.0 -1.78 0.27 0.124406418064 0.0175499287748
103.0 -1.78 0.27 0.209659325195 0.0400052079943
103.0 -1.78 0.27 0.164228208353 0.0335459883344
103.0 -1.78 0.27 0.516493404189 0.0709042781972
103.0 -1.78 0.27 0.386397024668 0.0662388355373
120.0 -1.15 0.16 0.0485320628069 0.0492417505781
120.0 -1.15 0.16 0.306124048081 0.0789134547041
120.0 -1.15 0.16 0.170500381818 0.0936825312781
120.0 -1.15 0.16 0.244523175765 0.0659153497551
120.0 -1.15 0.16 0.240260186446 0.0552720544217
121.0 -1.83 0.4 0.0871785623365 0.0158298241725
121.0 -1.83 0.4 0.061779581827 0.0326151805146
121.0 -1.83 0.4 0.101686022913 0.0263328059019
121.0 -1.83 0.4 0.153899224201 0.0370090079125
121.0 -1.83 0.4 0.201079012434 0.0330756708171
169.0 -1.65 0.19 -0.0282444510854 0.0127801930085
169.0 -1.65 0.19 -0.0815702560061 0.0194229245996
169.0 -1.65 0.19 -0.0760732818914 0.0251810113644
169.0 -1.65 0.19 -0.22276098124 0.0497903939865
169.0 -1.65 0.19 -0.555386624845 0.11563123857
357.0 -1.64 0.99 0.15847242106 0.0270585784303
357.0 -1.64 0.99 0.26686496142 0.0635419808735
357.0 -1.64 0.99 0.190282381561 0.0446299600418
357.0 -1.64 0.99 0.131184805105 0.0438149517859
357.0 -1.64 0.99 0.152885189893 0.040556544889
