  51216.3218   14.437  0.004    2  1 
  51216.3464   14.464  0.004    2  1 
  51216.3689   14.488  0.004    2  1 
  51216.3980   14.494  0.005    2  1 
  51217.3101   14.568  0.005    2  1 
  51217.3328   14.601  0.005    2  1 
  51217.3552   14.617  0.004    2  1 
  51217.3759   14.636  0.005    2  1 
  51217.3953   14.657  0.005    2  1 
  51218.2773   14.694  0.005    2  1 
  51218.3093   14.736  0.005    2  1 
  51218.3298   14.761  0.005    2  1 
  51218.3573   14.758  0.005    2  1 
  51218.3794   14.741  0.005    2  1 
  51219.3336   14.128  0.003    2  1 
  51219.3596   14.037  0.003    2  1 
  51219.3768   14.019  0.003    2  1 
  51220.2621   14.057  0.003    2  1 
  51220.2906   14.103  0.003    2  1 
  51220.3077   14.123  0.004    2  1 
  51220.3257   14.149  0.004    2  1 
  51220.3432   14.169  0.004    2  1 
  51220.3602   14.191  0.004    2  1 
  51220.3776   14.223  0.004    2  1 
  51221.2835   14.317  0.004    2  1 
  51221.3009   14.341  0.004    2  1 
  51221.3188   14.368  0.004    2  1 
  51221.3358   14.390  0.004    2  1 
  51221.3538   14.414  0.004    2  1 
  51221.3722   14.440  0.004    2  1 
  51283.2451   14.238  0.003    2  1 
  51283.2493   14.228  0.003    2  1 
  51283.2714   14.116  0.003    2  1 
  51283.2748   14.098  0.003    2  1 
  51283.2939   14.033  0.003    2  1 
  51283.2972   14.025  0.003    2  1 
  51283.3202   14.017  0.003    2  1 
  51283.3234   14.023  0.003    2  1 
  51283.3487   14.046  0.003    2  1 
  51283.3518   14.051  0.003    2  1 
  51283.3707   14.080  0.003    2  1 
  51283.3738   14.084  0.003    2  1 
  51284.2195   14.100  0.003    2  1 
  51284.2229   14.099  0.003    2  1 
  51284.2413   14.123  0.003    2  1 
  51284.2443   14.127  0.003    2  1 
  51284.2617   14.144  0.003    2  1 
  51284.2648   14.154  0.003    2  1 
  51284.2942   14.189  0.003    2  1 
  51284.2973   14.194  0.003    2  1 
  51284.3168   14.212  0.003    2  1 
  51284.3211   14.224  0.003    2  1 
  51284.3428   14.249  0.004    2  1 
  51284.3464   14.256  0.003    2  1 
  51285.0513   14.086  0.003    2  1 
  51285.0543   14.084  0.003    2  1 
  51285.0739   14.112  0.003    2  1 
  51285.0778   14.113  0.003    2  1 
  51285.0975   14.142  0.003    2  1 
  51285.1006   14.148  0.003    2  1 
  51285.1324   14.182  0.003    2  1 
  51285.1360   14.182  0.003    2  1 
  51285.1558   14.208  0.003    2  1 
  51285.1588   14.214  0.003    2  1 
  51285.1796   14.236  0.003    2  1 
  51285.1830   14.238  0.003    2  1 
  51285.2125   14.288  0.003    2  1 
  51285.2157   14.290  0.003    2  1 
  51285.2362   14.324  0.004    2  1 
  51285.2426   14.334  0.004    2  1 
  51285.2630   14.368  0.004    2  1 
  51285.2666   14.370  0.004    2  1 
  51285.2998   14.414  0.004    2  1 
  51285.3033   14.430  0.004    2  1 
  51285.3308   14.456  0.004    2  1 
  51285.3348   14.461  0.004    2  1 
  51285.3382   14.469  0.004    2  1 
  51286.0461   14.286  0.003    2  1 
  51286.0493   14.294  0.003    2  1 
  51286.0716   14.329  0.003    2  1 
  51286.0753   14.336  0.003    2  1 
  51286.1026   14.371  0.003    2  1 
  51286.1061   14.376  0.003    2  1 
  51286.1365   14.427  0.003    2  1 
  51286.1398   14.427  0.004    2  1 
  51286.1608   14.444  0.004    2  1 
  51286.1639   14.452  0.004    2  1 
  51286.1669   14.457  0.003    2  1 
  51286.1875   14.476  0.004    2  1 
  51286.1908   14.483  0.004    2  1 
  51286.2255   14.504  0.004    2  1 
  51286.2285   14.506  0.004    2  1 
  51286.2476   14.520  0.004    2  1 
  51286.2508   14.527  0.004    2  1 
  51286.2697   14.541  0.004    2  1 
  51286.2727   14.545  0.004    2  1 
  51286.3022   14.577  0.004    2  1 
  51286.3055   14.577  0.004    2  1 
  51286.3218   14.591  0.004    2  1 
  51286.3250   14.596  0.004    2  1 
  51286.3450   14.620  0.004    2  1 
  51286.3481   14.614  0.004    2  1 
  51304.9873   14.761  0.004    2  1 
  51304.9926   14.762  0.004    2  1 
  51305.0328   14.737  0.004    2  1 
  51305.0362   14.721  0.004    2  1 
  51305.0559   14.656  0.004    2  1 
  51305.0599   14.633  0.005    2  1 
  51305.0890   14.402  0.004    2  1 
  51305.0922   14.359  0.004    2  1 
  51305.1235   14.232  0.004    2  1 
  51305.1269   14.224  0.004    2  1 
  51305.1509   14.099  0.004    2  1 
  51305.1547   14.083  0.004    2  1 
  51305.1853   14.021  0.003    2  1 
  51305.1885   14.024  0.003    2  1 
  51305.2098   14.040  0.003    2  1 
  51305.2128   14.044  0.003    2  1 
  51305.2431   14.084  0.003    2  1 
  51305.2461   14.083  0.003    2  1 
  51305.2704   14.110  0.003    2  1 
  51305.2734   14.113  0.003    2  1 
  51305.2966   14.152  0.003    2  1 
  51305.2995   14.150  0.003    2  1 
  51305.9857   14.119  0.003    2  1 
  51305.9885   14.104  0.003    2  1 
  51305.9912   14.095  0.003    2  1 
  51306.0256   14.020  0.002    2  1 
  51306.0285   14.024  0.003    2  1 
  51306.0465   14.032  0.003    2  1 
  51306.0498   14.036  0.003    2  1 
  51306.0896   14.086  0.003    2  1 
  51306.0930   14.095  0.003    2  1 
  51306.1123   14.117  0.003    2  1 
  51306.1151   14.122  0.003    2  1 
  51306.1375   14.149  0.003    2  1 
  51306.1405   14.156  0.003    2  1 
  51306.1636   14.190  0.003    2  1 
  51306.1673   14.193  0.003    2  1 
  51306.1937   14.231  0.003    2  1 
  51306.1966   14.237  0.003    2  1 
  51306.2146   14.255  0.003    2  1 
  51306.2178   14.262  0.003    2  1 
  51306.2343   14.287  0.003    2  1 
  51306.2380   14.291  0.003    2  1 
  51306.2574   14.310  0.003    2  1 
  51306.2602   14.320  0.003    2  1 
  51306.2805   14.364  0.003    2  1 
  51306.2835   14.368  0.003    2  1 
  51306.3009   14.392  0.003    2  1 
  51306.3038   14.388  0.003    2  1 
  51306.3135   14.404  0.004    2  1 
  51306.3184   14.414  0.004    2  1 
  51307.0456   14.252  0.004    2  1 
  51307.0501   14.250  0.004    2  1 
  51307.0593   14.264  0.003    2  1 
  51307.0645   14.275  0.002    2  1 
  51307.0699   14.277  0.005    2  1 
  51307.0747   14.279  0.004    2  1 
  51308.0084   14.424  0.003    2  1 
  51308.0112   14.428  0.003    2  1 
  51308.0334   14.460  0.003    2  1 
  51308.0362   14.465  0.003    2  1 
  51308.0394   14.459  0.003    2  1 
  51308.0633   14.485  0.003    2  1 
  51308.0663   14.488  0.003    2  1 
  51308.0995   14.517  0.003    2  1 
  51308.1031   14.504  0.003    2  1 
  51308.1280   14.536  0.004    2  1 
  51308.1309   14.533  0.004    2  1 
  51310.0850   14.715  0.003    2  1 
  51310.0874   14.729  0.003    2  1 
  51310.0897   14.717  0.003    2  1 
  51310.0922   14.708  0.003    2  1 
  51310.1430   14.315  0.003    2  1 
  51310.1458   14.291  0.003    2  1 
  51310.1486   14.275  0.003    2  1 
  51311.0244   14.192  0.004    2  1 
  51311.0302   14.150  0.004    2  1 
  51311.0334   14.130  0.004    2  1 
  51311.0506   14.064  0.002    2  1 
  51311.0539   14.058  0.002    2  1 
  51311.0637   14.037  0.003    2  1 
  51311.0669   14.036  0.003    2  1 
  51311.0702   14.042  0.002    2  1 
  51311.0907   14.044  0.003    2  1 
  51311.0946   14.048  0.003    2  1 
  51311.0980   14.042  0.003    2  1 
  51311.1015   14.048  0.003    2  1 
  51311.1071   14.051  0.003    2  1 
  51311.1298   14.086  0.003    2  1 
  51311.1327   14.089  0.003    2  1 
  51311.1357   14.098  0.003    2  1 
  51311.1398   14.098  0.003    2  1 
  51311.1447   14.114  0.003    2  1 
  51311.9726   14.095  0.003    2  1 
  51311.9755   14.095  0.003    2  1 
  51312.0020   14.123  0.003    2  1 
  51312.0049   14.122  0.003    2  1 
  51312.0255   14.154  0.003    2  1 
  51312.0284   14.149  0.003    2  1 
  51312.0314   14.157  0.003    2  1 
  51312.0584   14.195  0.003    2  1 
  51312.0611   14.199  0.003    2  1 
  51312.0638   14.199  0.003    2  1 
  51312.0903   14.229  0.003    2  1 
  51312.0929   14.232  0.003    2  1 
  51312.0955   14.242  0.003    2  1 
  51312.1146   14.262  0.003    2  1 
  51312.1173   14.274  0.003    2  1 
  51312.1200   14.272  0.003    2  1 
  51312.9860   14.317  0.003    2  1 
  51312.9887   14.321  0.003    2  1 
  51312.9913   14.325  0.003    2  1 
  51313.0096   14.355  0.003    2  1 
  51313.0123   14.359  0.003    2  1 
  51313.0149   14.361  0.003    2  1 
  51313.0333   14.392  0.003    2  1 
  51313.0360   14.389  0.003    2  1 
  51313.0386   14.396  0.003    2  1 
  51313.0413   14.403  0.004    2  1 
  51313.0595   14.421  0.003    2  1 
  51313.0622   14.429  0.003    2  1 
  51313.0648   14.433  0.003    2  1 
  51313.0911   14.462  0.003    2  1 
  51313.0937   14.462  0.003    2  1 
  51313.0964   14.465  0.003    2  1 
  51313.1146   14.486  0.003    2  1 
  51313.1172   14.485  0.003    2  1 
  51313.1199   14.485  0.003    2  1 
  51313.1226   14.489  0.003    2  1 
  51313.9843   14.506  0.004    2  1 
  51313.9872   14.506  0.004    2  1 
  51313.9901   14.501  0.004    2  1 
  51314.0178   14.525  0.004    2  1 
  51314.0207   14.531  0.004    2  1 
  51314.0236   14.534  0.004    2  1 
  51314.0432   14.545  0.004    2  1 
  51314.0461   14.553  0.004    2  1 
  51314.0490   14.557  0.004    2  1 
  51314.0772   14.584  0.004    2  1 
  51314.0802   14.589  0.004    2  1 
  51314.0831   14.593  0.004    2  1 
  51314.1030   14.608  0.004    2  1 
  51314.1059   14.597  0.004    2  1 
  51314.1088   14.612  0.004    2  1 
  51314.1289   14.635  0.004    2  1 
  51314.1333   14.636  0.004    2  1 
  51314.1363   14.635  0.004    2  1 
  51314.9827   14.658  0.004    2  1 
  51314.9856   14.659  0.004    2  1 
  51314.9885   14.666  0.004    2  1 
  51315.0015   14.678  0.004    2  1 
  51315.0043   14.673  0.004    2  1 
  51315.0069   14.679  0.004    2  1 
  51315.0251   14.706  0.004    2  1 
  51315.0277   14.706  0.004    2  1 
  51315.0304   14.709  0.004    2  1 
  51315.0489   14.724  0.004    2  1 
  51315.0516   14.730  0.004    2  1 
  51315.0542   14.738  0.004    2  1 
  51315.0780   14.756  0.004    2  1 
  51315.0807   14.752  0.004    2  1 
  51315.0833   14.756  0.004    2  1 
  51315.1015   14.762  0.004    2  1 
  51315.1041   14.754  0.004    2  1 
  51315.1068   14.754  0.004    2  1 
  51315.1290   14.721  0.004    2  1 
  51315.1319   14.710  0.004    2  1 
  51316.0194   14.470  0.003    2  1 
  51316.0221   14.445  0.003    2  1 
  51316.0247   14.414  0.003    2  1 
  51316.0431   14.277  0.003    2  1 
  51316.0458   14.274  0.003    2  1 
  51316.0485   14.264  0.003    2  1 
  51316.0667   14.210  0.003    2  1 
  51316.0693   14.193  0.003    2  1 
  51316.0720   14.184  0.003    2  1 
  51316.0905   14.094  0.003    2  1 
  51316.0934   14.077  0.003    2  1 
  51316.0963   14.067  0.003    2  1 
  51316.1148   14.028  0.003    2  1 
  51316.1175   14.028  0.003    2  1 
  51316.1201   14.026  0.003    2  1 
  51316.9647   14.011  0.003    2  1 
  51316.9676   14.012  0.003    2  1 
  51316.9705   14.016  0.003    2  1 
  51316.9896   14.040  0.003    2  1 
  51316.9923   14.036  0.003    2  1 
  51316.9949   14.035  0.003    2  1 
  51317.0088   14.060  0.003    2  1 
  51317.0117   14.062  0.003    2  1 
  51317.0321   14.091  0.004    2  1 
  51317.0351   14.099  0.003    2  1 
  51317.0391   14.105  0.003    2  1 
  51317.0602   14.135  0.003    2  1 
  51317.0631   14.128  0.003    2  1 
  51317.0660   14.137  0.003    2  1 
  51317.0858   14.157  0.003    2  1 
  51317.0887   14.169  0.003    2  1 
  51317.0916   14.171  0.003    2  1 
  51317.1111   14.196  0.003    2  1 
  51317.1140   14.205  0.003    2  1 
  51317.1169   14.202  0.003    2  1 
  51317.9628   14.215  0.003    2  1 
  51317.9657   14.222  0.003    2  1 
  51317.9685   14.220  0.003    2  1 
  51317.9883   14.251  0.003    2  1 
  51317.9912   14.256  0.003    2  1 
  51317.9941   14.253  0.003    2  1 
  51318.0135   14.287  0.004    2  1 
  51318.0164   14.290  0.004    2  1 
  51318.0194   14.293  0.004    2  1 
  51318.0413   14.327  0.004    2  1 
  51318.0445   14.333  0.004    2  1 
  51318.0477   14.335  0.004    2  1 
  51318.0697   14.368  0.004    2  1 
  51318.0730   14.366  0.004    2  1 
  51318.0762   14.375  0.004    2  1 
  51318.0981   14.395  0.004    2  1 
  51318.1014   14.404  0.004    2  1 
  51318.1046   14.400  0.004    2  1 
  51318.1265   14.432  0.004    2  1 
  51318.1298   14.432  0.004    2  1 
  51318.9642   14.436  0.003    2  1 
  51318.9680   14.443  0.004    2  1 
  51318.9708   14.452  0.004    2  1 
  51318.9737   14.447  0.004    2  1 
  51318.9929   14.475  0.003    2  1 
  51318.9956   14.474  0.003    2  1 
  51318.9983   14.476  0.004    2  1 
  51319.0180   14.490  0.004    2  1 
  51319.0209   14.495  0.004    2  1 
  51319.0238   14.502  0.004    2  1 
  51319.0443   14.517  0.004    2  1 
  51319.0474   14.519  0.004    2  1 
  51319.0505   14.516  0.004    2  1 
  51319.0793   14.549  0.004    2  1 
  51319.0820   14.547  0.003    2  1 
  51319.0847   14.550  0.003    2  1 
  51319.1030   14.574  0.004    2  1 
  51319.1084   14.584  0.004    2  1 
  51319.1110   14.580  0.003    2  1 
  51320.1030   14.738  0.003    2  1 
  51320.1053   14.742  0.003    2  1 
  51320.1076   14.736  0.003    2  1 
  51320.1238   14.752  0.003    2  1 
  51320.1261   14.756  0.003    2  1 
  51320.1284   14.766  0.003    2  1 
  51320.1450   14.758  0.004    2  1 
  51320.1477   14.771  0.004    2  1 
  51320.1503   14.765  0.004    2  1 
  51320.9635   14.753  0.004    2  1 
  51320.9664   14.756  0.004    2  1 
  51320.9693   14.764  0.004    2  1 
  51320.9887   14.748  0.003    2  1 
  51320.9911   14.752  0.003    2  1 
  51320.9936   14.755  0.003    2  1 
  51321.0102   14.751  0.003    2  1 
  51321.0126   14.741  0.003    2  1 
  51321.0150   14.723  0.003    2  1 
  51321.0318   14.699  0.003    2  1 
  51321.0344   14.692  0.003    2  1 
  51321.0369   14.681  0.003    2  1 
  51321.0543   14.575  0.003    2  1 
  51321.0568   14.555  0.003    2  1 
  51321.0594   14.548  0.003    2  1 
  51321.0847   14.288  0.003    2  1 
  51321.0873   14.279  0.003    2  1 
  51321.0898   14.266  0.003    2  1 
  51321.1133   14.201  0.003    2  1 
  51321.1159   14.190  0.003    2  1 
  51321.1186   14.174  0.003    2  1 
  51321.1339   14.093  0.003    2  1 
  51321.1365   14.084  0.003    2  1 
  51332.9696   14.038  0.004    2  1 
  51332.9739   14.046  0.004    2  1 
  51332.9891   14.065  0.004    2  1 
  51332.9928   14.073  0.004    2  1 
  51332.9965   14.077  0.004    2  1 
  51333.0083   14.094  0.004    2  1 
  51333.0120   14.096  0.004    2  1 
  51333.0226   14.113  0.004    2  1 
  51333.0264   14.116  0.004    2  1 
  51333.0514   14.155  0.004    2  1 
  51333.0552   14.162  0.004    2  1 
  51333.0742   14.178  0.004    2  1 
  51333.0779   14.186  0.004    2  1 
  51333.0907   14.200  0.004    2  1 
  51333.0945   14.203  0.004    2  1 
  51333.1178   14.234  0.004    2  1 
  51333.1221   14.244  0.004    2  1 
  51333.1335   14.256  0.004    2  1 
  51333.1369   14.261  0.004    2  1 
  51333.1529   14.285  0.004    2  1 
  51333.1565   14.288  0.004    2  1 
  51333.1716   14.313  0.004    2  1 
  51333.1752   14.317  0.004    2  1 
  51334.9841   14.487  0.004    2  1 
  51334.9871   14.488  0.004    2  1 
  51335.0175   14.512  0.004    2  1 
  51335.0204   14.512  0.004    2  1 
  51335.0301   14.518  0.004    2  1 
  51335.0334   14.525  0.004    2  1 
  51335.0517   14.536  0.004    2  1 
  51335.0552   14.540  0.004    2  1 
  51335.0692   14.546  0.004    2  1 
  51335.0727   14.555  0.004    2  1 
  51335.0833   14.563  0.005    2  1 
  51335.0867   14.568  0.004    2  1 
  51335.1133   14.592  0.005    2  1 
  51335.1167   14.593  0.005    2  1 
  51335.9535   14.596  0.005    2  1 
  51335.9726   14.617  0.005    2  1 
  51335.9768   14.619  0.004    2  1 
  51335.9997   14.644  0.004    2  1 
  51336.0027   14.646  0.004    2  1 
  51336.0203   14.659  0.004    2  1 
  51336.0236   14.663  0.004    2  1 
  51336.0357   14.672  0.004    2  1 
  51336.0388   14.670  0.004    2  1 
  51336.0593   14.698  0.005    2  1 
  51336.0629   14.696  0.005    2  1 
  51336.0769   14.723  0.005    2  1 
  51336.0803   14.716  0.005    2  1 
  51336.1025   14.746  0.005    2  1 
  51336.1059   14.744  0.005    2  1 
  51336.1206   14.739  0.005    2  1 
  51336.1240   14.759  0.005    2  1 
  51337.0101   14.666  0.004    2  1 
  51337.9904   14.020  0.004    2  1 
  51337.9940   14.019  0.004    2  1 
  51338.0162   14.043  0.004    2  1 
  51338.0196   14.050  0.004    2  1 
  51338.0339   14.063  0.004    2  1 
  51338.0376   14.078  0.004    2  1 
  51338.9901   14.210  0.003    2  1 
  51338.9938   14.212  0.003    2  1 
  51339.0226   14.257  0.004    2  1 
  51339.0269   14.264  0.004    2  1 
  51339.0867   14.343  0.004    2  1 
  51339.0905   14.354  0.004    2  1 
  51339.1139   14.391  0.004    2  1 
  51339.1177   14.397  0.004    2  1 
  51339.1448   14.431  0.004    2  1 
  51339.1482   14.438  0.004    2  1 
  51339.9766   14.425  0.004    2  1 
  51339.9795   14.435  0.004    2  1 
  51340.0044   14.461  0.004    2  1 
  51340.0078   14.463  0.004    2  1 
  51340.0274   14.480  0.004    2  1 
  51340.0306   14.486  0.004    2  1 
  51340.0540   14.503  0.004    2  1 
  51340.0572   14.504  0.004    2  1 
  51340.0857   14.522  0.004    2  1 
  51340.0892   14.518  0.004    2  1 
  51340.1152   14.543  0.004    2  1 
  51340.1197   14.552  0.004    2  1 
  51340.1229   14.556  0.004    2  1 
  51340.1263   14.558  0.004    2  1 
  51340.1404   14.570  0.004    2  1 
  51340.1437   14.578  0.004    2  1 
  51344.9924   14.374  0.003    2  1 
  51344.9958   14.379  0.003    2  1 
  51344.9988   14.384  0.003    2  1 
  51345.0216   14.412  0.004    2  1 
  51345.0255   14.422  0.004    2  1 
  51345.0302   14.423  0.004    2  1 
  51345.0553   14.453  0.004    2  1 
  51345.0603   14.463  0.004    2  1 
  51345.9856   14.527  0.005    2  1 
  51345.9896   14.532  0.005    2  1 
  51346.0219   14.564  0.005    2  1 
  51346.0264   14.573  0.004    2  1 
  51346.0486   14.591  0.004    2  1 
  51346.0523   14.600  0.004    2  1 
  51346.0791   14.624  0.004    2  1 
  51346.0826   14.626  0.004    2  1 
  51347.0416   14.748  0.005    2  1 
  51347.0453   14.753  0.003    2  1 
  51347.0743   14.754  0.004    2  1 
  51347.0777   14.758  0.004    2  1 
  51347.0990   14.729  0.004    2  1 
  51347.1022   14.718  0.003    2  1 
  51347.9769   14.557  0.004    2  1 
  51347.9802   14.532  0.004    2  1 
  51347.9834   14.501  0.004    2  1 
  51347.9983   14.332  0.004    2  1 
  51348.0028   14.289  0.004    2  1 
  51348.0063   14.273  0.003    2  1 
  51348.0242   14.235  0.003    2  1 
  51348.0274   14.215  0.003    2  1 
  51348.0943   14.021  0.004    2  1 
  51348.0983   14.030  0.004    2  1 
  51348.1018   14.027  0.004    2  1 
  51348.9650   14.052  0.003    2  1 
  51348.9682   14.057  0.003    2  1 
  51348.9853   14.077  0.003    2  1 
  51348.9883   14.085  0.003    2  1 
  51348.9912   14.089  0.003    2  1 
  51349.0316   14.139  0.003    2  1 
  51349.0346   14.145  0.003    2  1 
  51349.9815   14.288  0.003    2  1 
  51349.9851   14.290  0.003    2  1 
  51349.9973   14.306  0.003    2  1 
  51350.0033   14.313  0.004    2  1 
  51350.0066   14.321  0.004    2  1 
  51350.0164   14.338  0.004    2  1 
  51350.0197   14.343  0.004    2  1 
  51350.0296   14.361  0.004    2  1 
  51380.9973   14.136  0.003    2  1 
  51381.0004   14.143  0.003    2  1 
  51381.0031   14.143  0.003    2  1 
  51381.0187   14.160  0.003    2  1 
  51381.0214   14.168  0.003    2  1 
  51381.0242   14.175  0.003    2  1 
  51381.9830   14.326  0.004    2  1 
  51381.9859   14.333  0.004    2  1 
  51381.9888   14.338  0.004    2  1 
  51382.0000   14.355  0.003    2  1 
  51382.0029   14.364  0.003    2  1 
  51382.9793   14.510  0.004    2  1 
  51382.9826   14.517  0.004    2  1 
  51382.9857   14.517  0.004    2  1 
  51382.9965   14.524  0.004    2  1 
  51382.9995   14.519  0.004    2  1 
  51383.9746   14.662  0.004    2  1 
  51383.9773   14.664  0.004    2  1 
  51383.9799   14.669  0.004    2  1 
  51383.9899   14.678  0.004    2  1 
  51383.9926   14.686  0.004    2  1 
  51384.9751   14.632  0.003    2  1 
  51384.9777   14.645  0.003    2  1 
  51384.9802   14.620  0.003    2  1 
  51384.9896   14.572  0.003    2  1 
  51384.9921   14.553  0.003    2  1 
  51385.9711   14.036  0.003    2  1 
  51385.9737   14.039  0.003    2  1 
  51385.9763   14.036  0.003    2  1 
  51385.9857   14.054  0.003    2  1 
  51385.9884   14.061  0.003    2  1 
  51386.9965   14.276  0.003    2  1 
  51387.0003   14.292  0.003    2  1 
  51387.0041   14.295  0.003    2  1 
  51387.0216   14.322  0.004    2  1 
  51387.0254   14.322  0.003    2  1 
  51387.0293   14.329  0.003    2  1 
  51388.9801   14.620  0.004    2  1 
  51388.9834   14.616  0.004    2  1 
  51388.9866   14.622  0.004    2  1 
  51388.9984   14.625  0.005    2  1 
  51389.0017   14.626  0.004    2  1 
  51389.9783   14.749  0.004    2  1 
  51389.9809   14.760  0.004    2  1 
  51389.9836   14.755  0.004    2  1 
  51390.9729   14.027  0.003    2  1 
  51390.9756   14.018  0.002    2  1 
  51390.9783   14.014  0.002    2  1 
  51391.9728   14.196  0.002    2  1 
  51391.9754   14.194  0.002    2  1 
  51391.9779   14.199  0.003    2  1 
  51671.0871   14.174  0.004    2  1 
  51671.0917   14.147  0.004    2  1 
  51671.0952   14.127  0.003    2  1 
  51671.1189   14.046  0.003    2  1 
  51671.1232   14.044  0.003    2  1 
  51671.9996   14.046  0.003    2  1 
  51672.0039   14.045  0.003    2  1 
  51672.0350   14.083  0.003    2  1 
  51672.0382   14.088  0.003    2  1 
  51673.0232   14.289  0.003    2  1 
  51674.0574   14.504  0.005    2  1 
  51674.0620   14.507  0.005    2  1 
  51674.0938   14.537  0.005    2  1 
  51674.0985   14.544  0.005    2  1 
  51674.1159   14.563  0.005    2  1 
  51674.1223   14.571  0.004    2  1 
  51674.9763   14.589  0.005    2  1 
  51674.9824   14.593  0.005    2  1 
  51675.0212   14.635  0.005    2  1 
  51676.0163   14.754  0.004    2  1 
  51692.9816   14.059  0.003    2  1 
  51692.9854   14.046  0.003    2  1 
  51693.9780   14.180  0.003    2  1 
  51693.9814   14.183  0.003    2  1 
  51694.9914   14.426  0.003    2  1 
  51694.9946   14.435  0.003    2  1 
  51765.9974   14.751  0.004    2  1 
  51766.0012   14.749  0.005    2  1 
  51766.0048   14.753  0.004    2  1 
  51766.0266   14.744  0.005    2  1 
  51766.0301   14.742  0.005    2  1 
  51216.3408   15.031  0.004    3  1 
  51216.3634   15.068  0.004    3  1 
  51216.3905   15.089  0.004    3  1 
  51217.3019   15.170  0.004    3  1 
  51217.3494   15.231  0.004    3  1 
  51217.3710   15.270  0.004    3  1 
  51217.3906   15.293  0.004    3  1 
  51218.2854   15.372  0.005    3  1 
  51218.3156   15.436  0.005    3  1 
  51218.3347   15.447  0.005    3  1 
  51218.3653   15.436  0.005    3  1 
  51218.3848   15.373  0.004    3  1 
  51219.2918   14.698  0.003    3  1 
  51219.3100   14.643  0.003    3  1 
  51219.3296   14.503  0.003    3  1 
  51219.3536   14.353  0.003    3  1 
  51219.3723   14.315  0.003    3  1 
  51220.2720   14.402  0.003    3  1 
  51220.2946   14.461  0.003    3  1 
  51220.3117   14.496  0.003    3  1 
  51220.3299   14.543  0.003    3  1 
  51220.3473   14.584  0.003    3  1 
  51220.3643   14.622  0.003    3  1 
  51220.3816   14.660  0.003    3  1 
  51221.2763   14.796  0.003    3  1 
  51221.2964   14.846  0.003    3  1 
  51221.3145   14.875  0.003    3  1 
  51221.3318   14.918  0.003    3  1 
  51221.3496   14.957  0.003    3  1 
  51221.3673   14.995  0.003    3  1 
  51283.2546   14.593  0.002    3  1 
  51283.2783   14.425  0.002    3  1 
  51283.3008   14.342  0.002    3  1 
  51283.3322   14.364  0.002    3  1 
  51283.3553   14.402  0.002    3  1 
  51283.3773   14.461  0.002    3  1 
  51284.2134   14.441  0.002    3  1 
  51284.2375   14.503  0.002    3  1 
  51284.2581   14.535  0.002    3  1 
  51284.2875   14.606  0.003    3  1 
  51284.3124   14.663  0.003    3  1 
  51284.3383   14.720  0.003    3  1 
  51285.0451   14.425  0.002    3  1 
  51285.0691   14.467  0.002    3  1 
  51285.0932   14.526  0.002    3  1 
  51285.1257   14.589  0.002    3  1 
  51285.1514   14.642  0.003    3  1 
  51285.1754   14.689  0.003    3  1 
  51285.2060   14.763  0.003    3  1 
  51285.2321   14.825  0.003    3  1 
  51285.2586   14.893  0.003    3  1 
  51285.2928   14.966  0.003    3  1 
  51285.3257   15.031  0.003    3  1 
  51286.0670   14.827  0.003    3  1 
  51286.0977   14.906  0.003    3  1 
  51286.1302   14.952  0.003    3  1 
  51286.1833   15.063  0.003    3  1 
  51286.2193   15.102  0.003    3  1 
  51286.2434   15.121  0.003    3  1 
  51286.2655   15.148  0.003    3  1 
  51286.2958   15.199  0.003    3  1 
  51286.3291   15.230  0.003    3  1 
  51286.3521   15.258  0.003    3  1 
  51304.9838   15.459  0.004    3  1 
  51305.0251   15.415  0.005    3  1 
  51305.0718   15.124  0.004    3  1 
  51305.0961   14.777  0.003    3  1 
  51305.1465   14.474  0.003    3  1 
  51305.1755   14.348  0.003    3  1 
  51305.2054   14.372  0.003    3  1 
  51305.2345   14.426  0.003    3  1 
  51305.2666   14.491  0.003    3  1 
  51305.2880   14.537  0.003    3  1 
  51305.9773   14.539  0.002    3  1 
  51306.0428   14.357  0.002    3  1 
  51306.1330   14.543  0.003    3  1 
  51306.1578   14.597  0.003    3  1 
  51306.1875   14.671  0.003    3  1 
  51306.2101   14.718  0.003    3  1 
  51306.2538   14.817  0.000    3  1 
  51306.2771   14.883  0.003    3  1 
  51306.2972   14.934  0.003    3  1 
  51308.0025   14.977  0.003    3  1 
  51308.0600   15.082  0.003    3  1 
  51308.1244   15.145  0.003    3  1 
  51310.1057   15.524  0.003    3  1 
  51310.1100   15.479  0.003    3  1 
  51310.1132   15.457  0.003    3  1 
  51311.9792   14.495  0.003    3  1 
  51311.9983   14.504  0.003    3  1 
  51312.0087   14.538  0.003    3  1 
  51312.0350   14.590  0.003    3  1 
  51312.0550   14.627  0.003    3  1 
  51312.0672   14.644  0.003    3  1 
  51312.0870   14.685  0.003    3  1 
  51312.0988   14.712  0.003    3  1 
  51312.9828   14.823  0.003    3  1 
  51313.0063   14.882  0.003    3  1 
  51313.0300   14.929  0.003    3  1 
  51313.0562   14.978  0.003    3  1 
  51313.1113   15.071  0.003    3  1 
  51313.9807   15.115  0.004    3  1 
  51314.0143   15.144  0.004    3  1 
  51314.0397   15.159  0.004    3  1 
  51314.1124   15.253  0.004    3  1 
  51314.9752   15.324  0.004    3  1 
  51315.0102   15.363  0.004    3  1 
  51315.0336   15.398  0.004    3  1 
  51315.0747   15.428  0.004    3  1 
  51315.0982   15.417  0.004    3  1 
  51315.1216   15.414  0.004    3  1 
  51316.0399   14.720  0.003    3  1 
  51316.0634   14.631  0.003    3  1 
  51316.0869   14.465  0.002    3  1 
  51316.1115   14.359  0.002    3  1 
  51316.9740   14.348  0.002    3  1 
  51317.0052   14.421  0.003    3  1 
  51317.0282   14.501  0.003    3  1 
  51317.0566   14.510  0.003    3  1 
  51317.0822   14.567  0.003    3  1 
  51317.1075   14.622  0.003    3  1 
  51317.9847   14.719  0.003    3  1 
  51318.0099   14.775  0.003    3  1 
  51318.0374   14.837  0.003    3  1 
  51318.0942   14.901  0.003    3  1 
  51318.1226   14.981  0.004    3  1 
  51318.9772   15.038  0.003    3  1 
  51319.0019   15.077  0.004    3  1 
  51319.0274   15.107  0.004    3  1 
  51319.0757   15.156  0.004    3  1 
  51319.0997   15.197  0.003    3  1 
  51320.1000   15.307  0.003    3  1 
  51320.1208   15.378  0.003    3  1 
  51320.1417   15.466  0.004    3  1 
  51320.9728   15.476  0.004    3  1 
  51320.9965   15.441  0.003    3  1 
  51321.0180   15.410  0.003    3  1 
  51321.0400   15.284  0.003    3  1 
  51321.0624   15.063  0.003    3  1 
  51321.0930   14.696  0.003    3  1 
  51321.1217   14.528  0.002    3  1 
  51380.9937   14.525  0.003    3  1 
  51381.9793   14.829  0.003    3  1 
  51382.9755   15.066  0.004    3  1 
  51384.9721   15.362  0.002    3  1 
  51386.9917   14.754  0.003    3  1 
  51388.9755   15.251  0.004    3  1 
  51390.9697   14.409  0.002    3  1 
  51391.9697   14.539  0.002    3  1 
  51693.9923   14.617  0.003    3  1 
 56468.97641   12.879  0.021   -1  1 
 56469.04707   12.925  0.023   -1  1 
 56469.10896   12.778  0.029   -1  1 
 56469.17285   13.015  0.015   -1  1 
 56471.00364   12.953  0.021   -1  1 
 56471.06640   13.084  0.015   -1  1 
 56471.12490   13.047  0.015   -1  1 
 56471.18188   13.094  0.015   -1  1 
 56471.96759   12.910  0.022   -1  1 
 56472.03374   12.926  0.015   -1  1 
 56472.09484   13.196  0.011   -1  1 
 56472.15243   13.037  0.008   -1  1 
 56468.95296   12.597  0.026   -2  1 
 56469.02441   12.823  0.017   -2  1 
 56469.08813   12.755  0.015   -2  1 
 56469.15134   12.755  0.010   -2  1 
 56471.02588   12.821  0.018   -2  1 
 56471.08671   12.959  0.012   -2  1 
 56471.14302   12.964  0.008   -2  1 
 56471.94704   12.864  0.016   -2  1 
 56472.01085   13.151  0.033   -2  1 
 56472.07480   13.028  0.011   -2  1 
 56472.13240   13.022  0.006   -2  1 
 56472.19216   12.960  0.018   -2  1 
 56469.00041   12.979  0.012   -5  1 
 56469.06767   13.079  0.013   -5  1 
 56469.13003   13.200  0.016   -5  1 
 56469.19349   13.171  0.009   -5  1 
 56470.98130   13.237  0.005   -5  1 
 56471.04693   13.258  0.010   -5  1 
 56471.10523   13.330  0.012   -5  1 
 56471.16397   13.425  0.034   -5  1 
 56471.98857   13.326  0.032   -5  1 
 56472.05430   13.420  0.019   -5  1 
 56472.11383   13.417  0.009   -5  1 
 56472.17109   13.225  0.010   -5  1 
