  51216.3218   14.155  0.004    2  1 
  51216.3464   14.243  0.004    2  1 
  51216.3689   14.304  0.004    2  1 
  51216.3980   14.384  0.005    2  1 
  51217.3101   14.731  0.005    2  1 
  51217.3328   14.745  0.005    2  1 
  51217.3552   14.796  0.005    2  1 
  51217.3759   14.847  0.005    2  1 
  51217.3953   14.888  0.005    2  1 
  51218.2773   14.376  0.004    2  1 
  51218.3093   14.460  0.004    2  1 
  51218.3298   14.517  0.004    2  1 
  51218.3573   14.573  0.005    2  1 
  51218.3794   14.622  0.004    2  1 
  51219.3149   14.622  0.004    2  1 
  51219.3336   14.355  0.004    2  1 
  51219.3596   13.930  0.003    2  1 
  51219.3768   13.835  0.003    2  1 
  51220.2621   14.620  0.004    2  1 
  51220.2906   14.666  0.004    2  1 
  51220.3077   14.686  0.005    2  1 
  51220.3257   14.702  0.005    2  1 
  51220.3432   14.713  0.005    2  1 
  51220.3602   14.725  0.005    2  1 
  51220.3776   14.733  0.005    2  1 
  51221.2835   13.916  0.003    2  1 
  51221.3009   13.993  0.003    2  1 
  51221.3188   14.074  0.003    2  1 
  51221.3358   14.134  0.003    2  1 
  51221.3538   14.195  0.004    2  1 
  51221.3722   14.252  0.004    2  1 
  51283.2451   14.835  0.004    2  1 
  51283.2493   14.840  0.004    2  1 
  51283.2714   14.859  0.005    2  1 
  51283.2748   14.875  0.004    2  1 
  51283.2939   14.784  0.004    2  1 
  51283.2972   14.749  0.004    2  1 
  51283.3202   14.244  0.003    2  1 
  51283.3234   14.186  0.003    2  1 
  51283.3487   13.844  0.003    2  1 
  51283.3518   13.837  0.003    2  1 
  51283.3707   13.872  0.003    2  1 
  51283.3738   13.886  0.003    2  1 
  51284.2195   14.560  0.004    2  1 
  51284.2229   14.573  0.004    2  1 
  51284.2413   14.609  0.004    2  1 
  51284.2443   14.614  0.004    2  1 
  51284.2617   14.642  0.004    2  1 
  51284.2648   14.653  0.004    2  1 
  51284.2942   14.689  0.004    2  1 
  51284.2973   14.688  0.004    2  1 
  51284.3168   14.705  0.004    2  1 
  51284.3211   14.703  0.004    2  1 
  51284.3428   14.722  0.004    2  1 
  51284.3464   14.722  0.004    2  1 
  51285.0513   14.730  0.004    2  1 
  51285.0543   14.737  0.004    2  1 
  51285.0739   14.744  0.004    2  1 
  51285.0778   14.739  0.004    2  1 
  51285.0975   14.775  0.004    2  1 
  51285.1006   14.775  0.004    2  1 
  51285.1324   14.859  0.004    2  1 
  51285.1360   14.874  0.004    2  1 
  51285.1558   14.872  0.004    2  1 
  51285.1588   14.868  0.004    2  1 
  51285.1796   14.741  0.004    2  1 
  51285.1830   14.688  0.004    2  1 
  51285.2125   14.059  0.003    2  1 
  51285.2157   14.007  0.003    2  1 
  51285.2362   13.839  0.003    2  1 
  51285.2426   13.846  0.003    2  1 
  51285.2630   13.936  0.003    2  1 
  51285.2666   13.941  0.003    2  1 
  51285.2998   14.082  0.003    2  1 
  51285.3033   14.094  0.003    2  1 
  51285.3308   14.190  0.003    2  1 
  51285.3348   14.204  0.003    2  1 
  51285.3382   14.216  0.003    2  1 
  51286.0461   14.432  0.003    2  1 
  51286.0493   14.444  0.003    2  1 
  51286.0716   14.498  0.003    2  1 
  51286.0753   14.511  0.004    2  1 
  51286.1026   14.558  0.004    2  1 
  51286.1061   14.575  0.004    2  1 
  51286.1365   14.638  0.004    2  1 
  51286.1398   14.644  0.004    2  1 
  51286.1608   14.681  0.004    2  1 
  51286.1639   14.659  0.004    2  1 
  51286.1669   14.683  0.004    2  1 
  51286.1875   14.702  0.004    2  1 
  51286.1908   14.706  0.004    2  1 
  51286.2255   14.716  0.004    2  1 
  51286.2285   14.727  0.004    2  1 
  51286.2476   14.727  0.004    2  1 
  51286.2508   14.739  0.004    2  1 
  51286.2697   14.751  0.004    2  1 
  51286.2727   14.758  0.004    2  1 
  51286.3022   14.745  0.004    2  1 
  51286.3055   14.735  0.004    2  1 
  51286.3218   14.735  0.004    2  1 
  51286.3250   14.740  0.004    2  1 
  51286.3450   14.763  0.004    2  1 
  51286.3481   14.771  0.004    2  1 
  51304.9873   14.685  0.004    2  1 
  51304.9926   14.692  0.004    2  1 
  51305.0328   14.726  0.004    2  1 
  51305.0362   14.720  0.004    2  1 
  51305.0559   14.732  0.005    2  1 
  51305.0599   14.744  0.005    2  1 
  51305.0890   14.768  0.004    2  1 
  51305.0922   14.771  0.004    2  1 
  51305.1235   14.751  0.005    2  1 
  51305.1269   14.744  0.005    2  1 
  51305.1509   14.736  0.005    2  1 
  51305.1547   14.743  0.005    2  1 
  51305.1853   14.810  0.005    2  1 
  51305.1885   14.815  0.005    2  1 
  51305.2098   14.860  0.004    2  1 
  51305.2128   14.873  0.004    2  1 
  51305.2431   14.853  0.004    2  1 
  51305.2461   14.838  0.004    2  1 
  51305.2704   14.459  0.004    2  1 
  51305.2734   14.381  0.004    2  1 
  51305.2966   13.953  0.003    2  1 
  51305.2995   13.914  0.003    2  1 
  51305.9857   14.002  0.002    2  1 
  51305.9885   14.013  0.002    2  1 
  51305.9912   14.032  0.002    2  1 
  51306.0256   14.153  0.003    2  1 
  51306.0285   14.164  0.003    2  1 
  51306.0465   14.223  0.003    2  1 
  51306.0498   14.236  0.003    2  1 
  51306.0896   14.350  0.003    2  1 
  51306.0930   14.359  0.003    2  1 
  51306.1123   14.413  0.003    2  1 
  51306.1151   14.419  0.003    2  1 
  51306.1375   14.471  0.003    2  1 
  51306.1405   14.482  0.003    2  1 
  51306.1636   14.540  0.004    2  1 
  51306.1673   14.551  0.004    2  1 
  51306.1937   14.596  0.003    2  1 
  51306.1966   14.608  0.003    2  1 
  51306.2146   14.640  0.004    2  1 
  51306.2178   14.642  0.004    2  1 
  51306.2343   14.669  0.003    2  1 
  51306.2380   14.665  0.003    2  1 
  51306.2574   14.666  0.003    2  1 
  51306.2602   14.690  0.003    2  1 
  51306.2805   14.715  0.003    2  1 
  51306.2835   14.723  0.003    2  1 
  51306.3009   14.726  0.004    2  1 
  51306.3038   14.728  0.004    2  1 
  51306.3135   14.738  0.004    2  1 
  51306.3184   14.740  0.005    2  1 
  51307.0456   14.753  0.005    2  1 
  51307.0501   14.749  0.005    2  1 
  51307.0593   14.771  0.004    2  1 
  51307.0645   14.746  0.003    2  1 
  51307.0699   14.722  0.006    2  1 
  51307.0747   14.772  0.005    2  1 
  51308.0084   14.450  0.003    2  1 
  51308.0112   14.458  0.003    2  1 
  51308.0334   14.515  0.003    2  1 
  51308.0362   14.522  0.003    2  1 
  51308.0394   14.532  0.003    2  1 
  51308.0633   14.581  0.003    2  1 
  51308.0663   14.591  0.003    2  1 
  51308.0995   14.657  0.003    2  1 
  51308.1031   14.644  0.003    2  1 
  51308.1280   14.693  0.004    2  1 
  51308.1309   14.686  0.004    2  1 
  51310.0850   14.744  0.003    2  1 
  51310.0874   14.749  0.003    2  1 
  51310.0897   14.747  0.003    2  1 
  51310.0922   14.745  0.003    2  1 
  51310.1430   14.736  0.004    2  1 
  51310.1458   14.744  0.004    2  1 
  51310.1486   14.740  0.004    2  1 
  51311.0244   14.133  0.004    2  1 
  51311.0302   14.139  0.004    2  1 
  51311.0334   14.147  0.004    2  1 
  51311.0506   14.198  0.002    2  1 
  51311.0539   14.209  0.002    2  1 
  51311.0637   14.237  0.003    2  1 
  51311.0669   14.249  0.004    2  1 
  51311.0702   14.261  0.003    2  1 
  51311.0907   14.311  0.004    2  1 
  51311.0946   14.321  0.004    2  1 
  51311.0980   14.329  0.003    2  1 
  51311.1015   14.338  0.003    2  1 
  51311.1071   14.360  0.003    2  1 
  51311.1298   14.423  0.004    2  1 
  51311.1327   14.423  0.004    2  1 
  51311.1357   14.434  0.004    2  1 
  51311.1398   14.442  0.004    2  1 
  51311.1447   14.447  0.004    2  1 
  51311.9755   14.729  0.004    2  1 
  51312.0020   14.760  0.004    2  1 
  51312.0049   14.754  0.004    2  1 
  51312.0255   14.738  0.004    2  1 
  51312.0284   14.742  0.004    2  1 
  51312.0314   14.744  0.004    2  1 
  51312.0584   14.758  0.004    2  1 
  51312.0611   14.759  0.004    2  1 
  51312.0638   14.766  0.004    2  1 
  51312.0903   14.835  0.004    2  1 
  51312.0929   14.839  0.004    2  1 
  51312.0955   14.843  0.004    2  1 
  51312.1146   14.872  0.004    2  1 
  51312.1173   14.881  0.004    2  1 
  51312.1200   14.881  0.004    2  1 
  51312.9860   14.347  0.003    2  1 
  51312.9887   14.353  0.003    2  1 
  51312.9913   14.367  0.003    2  1 
  51313.0096   14.414  0.003    2  1 
  51313.0123   14.418  0.003    2  1 
  51313.0149   14.426  0.003    2  1 
  51313.0333   14.469  0.003    2  1 
  51313.0360   14.478  0.003    2  1 
  51313.0386   14.483  0.003    2  1 
  51313.0413   14.485  0.004    2  1 
  51313.0595   14.528  0.003    2  1 
  51313.0622   14.539  0.003    2  1 
  51313.0648   14.550  0.003    2  1 
  51313.0911   14.607  0.003    2  1 
  51313.0937   14.606  0.003    2  1 
  51313.0964   14.613  0.003    2  1 
  51313.1146   14.645  0.004    2  1 
  51313.1172   14.651  0.004    2  1 
  51313.1199   14.656  0.004    2  1 
  51313.1226   14.665  0.004    2  1 
  51313.9843   14.863  0.004    2  1 
  51313.9872   14.868  0.004    2  1 
  51313.9901   14.866  0.004    2  1 
  51314.0178   14.857  0.004    2  1 
  51314.0207   14.848  0.004    2  1 
  51314.0236   14.845  0.004    2  1 
  51314.0432   14.633  0.004    2  1 
  51314.0461   14.568  0.004    2  1 
  51314.0490   14.494  0.004    2  1 
  51314.0772   13.943  0.003    2  1 
  51314.0802   13.906  0.003    2  1 
  51314.0831   13.880  0.003    2  1 
  51314.1030   13.860  0.003    2  1 
  51314.1059   13.874  0.003    2  1 
  51314.1088   13.880  0.003    2  1 
  51314.1289   13.972  0.003    2  1 
  51314.1333   13.994  0.003    2  1 
  51314.1363   14.006  0.003    2  1 
  51314.9827   14.621  0.004    2  1 
  51314.9856   14.630  0.004    2  1 
  51314.9885   14.631  0.004    2  1 
  51315.0015   14.655  0.004    2  1 
  51315.0043   14.660  0.004    2  1 
  51315.0069   14.668  0.004    2  1 
  51315.0251   14.684  0.004    2  1 
  51315.0277   14.688  0.004    2  1 
  51315.0304   14.695  0.004    2  1 
  51315.0489   14.703  0.004    2  1 
  51315.0516   14.710  0.004    2  1 
  51315.0542   14.713  0.004    2  1 
  51315.0780   14.720  0.004    2  1 
  51315.0807   14.711  0.004    2  1 
  51315.0833   14.727  0.004    2  1 
  51315.1015   14.732  0.004    2  1 
  51315.1041   14.740  0.004    2  1 
  51315.1068   14.732  0.004    2  1 
  51315.1290   14.752  0.004    2  1 
  51315.1319   14.752  0.004    2  1 
  51316.0194   14.001  0.003    2  1 
  51316.0221   14.015  0.003    2  1 
  51316.0247   14.023  0.003    2  1 
  51316.0431   14.099  0.003    2  1 
  51316.0458   14.109  0.003    2  1 
  51316.0485   14.112  0.003    2  1 
  51316.0667   14.190  0.003    2  1 
  51316.0693   14.187  0.003    2  1 
  51316.0720   14.195  0.003    2  1 
  51316.0905   14.250  0.003    2  1 
  51316.0934   14.259  0.003    2  1 
  51316.0963   14.272  0.003    2  1 
  51316.1148   14.321  0.003    2  1 
  51316.1175   14.329  0.003    2  1 
  51316.1201   14.336  0.003    2  1 
  51316.9647   14.724  0.004    2  1 
  51316.9676   14.715  0.004    2  1 
  51316.9705   14.708  0.004    2  1 
  51316.9896   14.730  0.004    2  1 
  51316.9923   14.745  0.004    2  1 
  51316.9949   14.743  0.004    2  1 
  51317.0088   14.755  0.004    2  1 
  51317.0117   14.754  0.004    2  1 
  51317.0321   14.749  0.005    2  1 
  51317.0351   14.750  0.004    2  1 
  51317.0391   14.747  0.004    2  1 
  51317.0602   14.735  0.004    2  1 
  51317.0631   14.740  0.004    2  1 
  51317.0660   14.745  0.004    2  1 
  51317.0858   14.770  0.004    2  1 
  51317.0887   14.766  0.004    2  1 
  51317.0916   14.791  0.004    2  1 
  51317.1111   14.832  0.004    2  1 
  51317.1140   14.822  0.004    2  1 
  51317.1169   14.836  0.004    2  1 
  51317.9628   14.221  0.003    2  1 
  51317.9657   14.240  0.004    2  1 
  51317.9685   14.246  0.003    2  1 
  51317.9883   14.298  0.004    2  1 
  51317.9912   14.301  0.003    2  1 
  51317.9941   14.311  0.003    2  1 
  51318.0135   14.359  0.004    2  1 
  51318.0164   14.369  0.004    2  1 
  51318.0194   14.376  0.004    2  1 
  51318.0413   14.434  0.004    2  1 
  51318.0445   14.445  0.004    2  1 
  51318.0477   14.454  0.004    2  1 
  51318.0697   14.500  0.004    2  1 
  51318.0730   14.508  0.005    2  1 
  51318.0762   14.507  0.005    2  1 
  51318.0981   14.549  0.005    2  1 
  51318.1014   14.563  0.005    2  1 
  51318.1046   14.562  0.005    2  1 
  51318.1265   14.606  0.005    2  1 
  51318.1298   14.607  0.005    2  1 
  51318.9642   14.776  0.004    2  1 
  51318.9680   14.775  0.005    2  1 
  51318.9708   14.779  0.004    2  1 
  51318.9737   14.785  0.004    2  1 
  51318.9929   14.838  0.004    2  1 
  51318.9956   14.836  0.004    2  1 
  51318.9983   14.847  0.004    2  1 
  51319.0180   14.865  0.005    2  1 
  51319.0209   14.878  0.004    2  1 
  51319.0238   14.878  0.004    2  1 
  51319.0443   14.843  0.005    2  1 
  51319.0474   14.825  0.005    2  1 
  51319.0505   14.802  0.005    2  1 
  51319.0793   14.264  0.003    2  1 
  51319.0820   14.216  0.003    2  1 
  51319.0847   14.180  0.003    2  1 
  51319.1030   13.907  0.003    2  1 
  51319.1084   13.864  0.003    2  1 
  51319.1110   13.854  0.002    2  1 
  51320.1030   14.724  0.003    2  1 
  51320.1053   14.717  0.003    2  1 
  51320.1076   14.728  0.003    2  1 
  51320.1238   14.738  0.003    2  1 
  51320.1261   14.740  0.003    2  1 
  51320.1284   14.738  0.003    2  1 
  51320.1450   14.746  0.004    2  1 
  51320.1477   14.761  0.004    2  1 
  51320.1503   14.760  0.004    2  1 
  51320.9635   14.240  0.003    2  1 
  51320.9664   14.191  0.003    2  1 
  51320.9693   14.147  0.003    2  1 
  51320.9887   13.887  0.002    2  1 
  51320.9911   13.870  0.002    2  1 
  51320.9936   13.863  0.002    2  1 
  51321.0102   13.868  0.002    2  1 
  51321.0126   13.875  0.002    2  1 
  51321.0150   13.891  0.002    2  1 
  51321.0318   13.948  0.002    2  1 
  51321.0344   13.968  0.002    2  1 
  51321.0369   13.976  0.002    2  1 
  51321.0543   14.056  0.003    2  1 
  51321.0568   14.063  0.002    2  1 
  51321.0594   14.071  0.003    2  1 
  51321.0847   14.159  0.003    2  1 
  51321.0873   14.175  0.003    2  1 
  51321.0898   14.184  0.003    2  1 
  51321.1133   14.250  0.003    2  1 
  51321.1159   14.265  0.003    2  1 
  51321.1186   14.268  0.003    2  1 
  51321.1339   14.311  0.003    2  1 
  51321.1365   14.322  0.003    2  1 
  51332.9696   14.052  0.004    2  1 
  51332.9739   14.070  0.004    2  1 
  51332.9891   14.119  0.004    2  1 
  51332.9928   14.139  0.004    2  1 
  51332.9965   14.152  0.004    2  1 
  51333.0083   14.185  0.004    2  1 
  51333.0120   14.192  0.004    2  1 
  51333.0226   14.228  0.004    2  1 
  51333.0264   14.239  0.004    2  1 
  51333.0514   14.311  0.004    2  1 
  51333.0552   14.327  0.005    2  1 
  51333.0742   14.372  0.004    2  1 
  51333.0779   14.383  0.005    2  1 
  51333.0907   14.421  0.004    2  1 
  51333.0945   14.429  0.004    2  1 
  51333.1178   14.489  0.004    2  1 
  51333.1221   14.495  0.004    2  1 
  51333.1335   14.521  0.005    2  1 
  51333.1369   14.532  0.005    2  1 
  51333.1529   14.570  0.005    2  1 
  51333.1565   14.573  0.005    2  1 
  51333.1716   14.606  0.005    2  1 
  51333.1752   14.618  0.005    2  1 
  51334.9841   14.454  0.003    2  1 
  51334.9871   14.458  0.003    2  1 
  51335.0175   14.531  0.004    2  1 
  51335.0204   14.542  0.004    2  1 
  51335.0301   14.562  0.004    2  1 
  51335.0334   14.568  0.004    2  1 
  51335.0517   14.608  0.004    2  1 
  51335.0552   14.611  0.005    2  1 
  51335.0692   14.633  0.005    2  1 
  51335.0727   14.643  0.004    2  1 
  51335.0833   14.655  0.005    2  1 
  51335.0867   14.666  0.005    2  1 
  51335.1133   14.687  0.005    2  1 
  51335.1167   14.693  0.005    2  1 
  51335.9535   14.880  0.005    2  1 
  51335.9726   14.874  0.005    2  1 
  51335.9768   14.867  0.005    2  1 
  51335.9997   14.650  0.004    2  1 
  51336.0027   14.573  0.004    2  1 
  51336.0203   14.165  0.003    2  1 
  51336.0236   14.107  0.003    2  1 
  51336.0357   13.912  0.003    2  1 
  51336.0388   13.880  0.003    2  1 
  51336.0593   13.846  0.003    2  1 
  51336.0629   13.860  0.003    2  1 
  51336.0769   13.922  0.003    2  1 
  51336.0803   13.938  0.003    2  1 
  51336.1025   14.040  0.003    2  1 
  51336.1059   14.055  0.004    2  1 
  51336.1206   14.116  0.004    2  1 
  51336.1240   14.121  0.004    2  1 
  51337.0101   14.670  0.004    2  1 
  51337.9904   14.073  0.004    2  1 
  51337.9940   14.089  0.004    2  1 
  51338.0162   14.159  0.004    2  1 
  51338.0196   14.174  0.004    2  1 
  51338.0339   14.219  0.004    2  1 
  51338.0376   14.237  0.004    2  1 
  51338.9901   14.758  0.004    2  1 
  51338.9938   14.748  0.004    2  1 
  51339.0226   14.716  0.005    2  1 
  51339.0269   14.731  0.005    2  1 
  51339.0867   14.804  0.005    2  1 
  51339.0905   14.842  0.005    2  1 
  51339.1139   14.838  0.005    2  1 
  51339.1177   14.825  0.005    2  1 
  51339.1448   14.393  0.004    2  1 
  51339.1482   14.300  0.004    2  1 
  51339.9766   14.380  0.003    2  1 
  51339.9795   14.395  0.003    2  1 
  51340.0044   14.455  0.004    2  1 
  51340.0078   14.459  0.004    2  1 
  51340.0274   14.505  0.004    2  1 
  51340.0306   14.516  0.004    2  1 
  51340.0540   14.567  0.004    2  1 
  51340.0572   14.573  0.004    2  1 
  51340.0857   14.615  0.004    2  1 
  51340.0892   14.631  0.004    2  1 
  51340.1152   14.665  0.004    2  1 
  51340.1197   14.672  0.004    2  1 
  51340.1229   14.682  0.004    2  1 
  51340.1263   14.686  0.004    2  1 
  51340.1404   14.692  0.004    2  1 
  51340.1437   14.694  0.004    2  1 
  51344.9924   14.368  0.003    2  1 
  51344.9958   14.374  0.003    2  1 
  51344.9988   14.386  0.003    2  1 
  51345.0216   14.445  0.004    2  1 
  51345.0255   14.459  0.004    2  1 
  51345.0302   14.467  0.004    2  1 
  51345.0553   14.525  0.004    2  1 
  51345.0603   14.537  0.004    2  1 
  51345.9856   14.865  0.005    2  1 
  51345.9896   14.871  0.005    2  1 
  51346.0219   14.827  0.005    2  1 
  51346.0264   14.794  0.005    2  1 
  51346.0486   14.398  0.004    2  1 
  51346.0523   14.306  0.004    2  1 
  51346.0791   13.893  0.003    2  1 
  51346.0826   13.866  0.003    2  1 
  51347.0416   14.695  0.005    2  1 
  51347.0453   14.694  0.003    2  1 
  51347.0743   14.713  0.004    2  1 
  51347.0777   14.714  0.004    2  1 
  51347.0990   14.735  0.004    2  1 
  51347.1022   14.737  0.003    2  1 
  51347.9769   13.835  0.003    2  1 
  51347.9802   13.840  0.003    2  1 
  51347.9834   13.846  0.003    2  1 
  51347.9983   13.904  0.003    2  1 
  51348.0028   13.922  0.003    2  1 
  51348.0063   13.941  0.003    2  1 
  51348.0242   14.017  0.003    2  1 
  51348.0274   14.037  0.003    2  1 
  51348.0943   14.262  0.004    2  1 
  51348.0983   14.283  0.004    2  1 
  51348.1018   14.291  0.004    2  1 
  51348.9650   14.718  0.004    2  1 
  51348.9682   14.724  0.004    2  1 
  51348.9853   14.746  0.004    2  1 
  51348.9883   14.743  0.004    2  1 
  51348.9912   14.744  0.004    2  1 
  51349.0316   14.755  0.004    2  1 
  51349.0346   14.742  0.004    2  1 
  51349.9815   14.275  0.003    2  1 
  51349.9851   14.284  0.003    2  1 
  51349.9973   14.322  0.003    2  1 
  51350.0033   14.338  0.004    2  1 
  51350.0066   14.345  0.004    2  1 
  51350.0164   14.376  0.004    2  1 
  51350.0197   14.382  0.004    2  1 
  51350.0296   14.409  0.004    2  1 
  51380.9973   14.771  0.004    2  1 
  51381.0004   14.773  0.004    2  1 
  51381.0031   14.774  0.004    2  1 
  51381.0187   14.767  0.004    2  1 
  51381.0214   14.772  0.004    2  1 
  51381.0242   14.773  0.004    2  1 
  51381.9830   14.314  0.003    2  1 
  51381.9859   14.317  0.004    2  1 
  51381.9888   14.330  0.004    2  1 
  51382.0000   14.360  0.003    2  1 
  51382.0029   14.368  0.003    2  1 
  51382.9793   14.829  0.005    2  1 
  51382.9826   14.837  0.004    2  1 
  51382.9857   14.842  0.004    2  1 
  51382.9965   14.851  0.005    2  1 
  51382.9995   14.844  0.005    2  1 
  51383.9746   14.589  0.003    2  1 
  51383.9773   14.594  0.003    2  1 
  51383.9799   14.602  0.004    2  1 
  51383.9899   14.614  0.004    2  1 
  51383.9926   14.626  0.004    2  1 
  51384.9751   13.856  0.002    2  1 
  51384.9777   13.843  0.002    2  1 
  51384.9802   13.837  0.002    2  1 
  51384.9896   13.834  0.002    2  1 
  51384.9921   13.850  0.002    2  1 
  51385.9711   14.723  0.003    2  1 
  51385.9737   14.733  0.004    2  1 
  51385.9763   14.731  0.003    2  1 
  51385.9857   14.737  0.004    2  1 
  51385.9884   14.744  0.004    2  1 
  51386.9965   14.298  0.003    2  1 
  51387.0003   14.309  0.003    2  1 
  51387.0041   14.326  0.003    2  1 
  51387.0216   14.360  0.004    2  1 
  51387.0254   14.375  0.003    2  1 
  51387.0293   14.374  0.004    2  1 
  51388.9801   14.560  0.004    2  1 
  51388.9834   14.565  0.004    2  1 
  51388.9866   14.576  0.004    2  1 
  51388.9984   14.591  0.004    2  1 
  51389.0017   14.595  0.004    2  1 
  51389.9783   14.002  0.003    2  1 
  51389.9809   13.960  0.003    2  1 
  51389.9836   13.918  0.003    2  1 
  51390.9729   14.704  0.003    2  1 
  51390.9756   14.701  0.003    2  1 
  51390.9783   14.699  0.003    2  1 
  51391.9728   14.184  0.002    2  1 
  51391.9754   14.196  0.002    2  1 
  51391.9779   14.202  0.002    2  1 
  51671.0871   14.006  0.003    2  1 
  51671.0917   14.028  0.003    2  1 
  51671.0952   14.040  0.003    2  1 
  51671.1189   14.132  0.003    2  1 
  51671.1232   14.144  0.003    2  1 
  51671.9996   14.700  0.004    2  1 
  51672.0039   14.704  0.004    2  1 
  51672.0350   14.728  0.004    2  1 
  51672.0382   14.729  0.004    2  1 
  51673.0232   14.209  0.003    2  1 
  51674.0574   14.823  0.006    2  1 
  51674.0938   14.868  0.005    2  1 
  51674.0985   14.863  0.006    2  1 
  51674.1159   14.785  0.005    2  1 
  51674.1223   14.701  0.004    2  1 
  51674.9763   14.404  0.004    2  1 
  51674.9824   14.430  0.005    2  1 
  51675.0212   14.518  0.005    2  1 
  51676.0163   14.408  0.004    2  1 
  51692.9816   13.967  0.003    2  1 
  51692.9854   13.912  0.003    2  1 
  51693.9780   14.719  0.004    2  1 
  51693.9814   14.722  0.004    2  1 
  51694.9914   14.230  0.003    2  1 
  51694.9946   14.202  0.002    2  1 
  51765.9974   14.548  0.004    2  1 
  51766.0012   14.554  0.004    2  1 
  51766.0048   14.564  0.004    2  1 
  51766.0266   14.598  0.004    2  1 
  51766.0301   14.610  0.004    2  1 
  51216.3144   14.571  0.003    3  1 
  51216.3408   14.570  0.003    3  1 
  51216.3905   14.789  0.003    3  1 
  51217.3019   15.364  0.005    3  1 
  51217.3710   15.379  0.004    3  1 
  51217.3906   15.514  0.005    3  1 
  51218.2854   14.849  0.004    3  1 
  51218.3156   14.969  0.004    3  1 
  51218.3347   15.033  0.004    3  1 
  51218.3653   15.092  0.004    3  1 
  51218.3848   15.203  0.004    3  1 
  51219.2918   15.538  0.005    3  1 
  51219.3100   15.402  0.004    3  1 
  51219.3296   14.901  0.003    3  1 
  51219.3536   14.250  0.002    3  1 
  51219.3723   14.022  0.002    3  1 
  51220.2720   15.222  0.004    3  1 
  51220.2946   15.272  0.004    3  1 
  51220.3117   15.300  0.004    3  1 
  51220.3299   15.312  0.004    3  1 
  51220.3473   15.324  0.004    3  1 
  51220.3643   15.336  0.004    3  1 
  51220.3816   15.365  0.004    3  1 
  51221.2763   14.099  0.002    3  1 
  51221.2964   14.215  0.002    3  1 
  51221.3145   14.331  0.002    3  1 
  51221.3318   14.423  0.003    3  1 
  51221.3496   14.508  0.003    3  1 
  51221.3673   14.593  0.003    3  1 
  51283.2546   15.502  0.004    3  1 
  51283.2783   15.505  0.004    3  1 
  51283.3008   15.242  0.003    3  1 
  51283.3322   14.278  0.002    3  1 
  51283.3553   13.998  0.002    3  1 
  51284.2134   15.084  0.003    3  1 
  51284.2375   15.154  0.003    3  1 
  51284.2581   15.215  0.004    3  1 
  51284.2875   15.281  0.004    3  1 
  51284.3124   15.309  0.004    3  1 
  51284.3383   15.334  0.004    3  1 
  51285.0451   15.387  0.004    3  1 
  51285.0691   15.345  0.004    3  1 
  51285.0932   15.386  0.004    3  1 
  51285.1257   15.486  0.004    3  1 
  51285.1514   15.525  0.004    3  1 
  51285.1754   15.373  0.004    3  1 
  51285.2060   14.483  0.002    3  1 
  51285.2321   14.023  0.002    3  1 
  51285.2586   14.095  0.002    3  1 
  51285.2928   14.302  0.002    3  1 
  51285.3257   14.481  0.002    3  1 
  51286.0393   14.826  0.003    3  1 
  51286.0670   14.997  0.003    3  1 
  51286.1302   15.205  0.003    3  1 
  51286.1560   15.093  0.003    3  1 
  51286.1833   15.297  0.003    3  1 
  51286.2193   15.322  0.004    3  1 
  51286.2434   15.336  0.004    3  1 
  51286.2655   15.374  0.004    3  1 
  51286.3291   15.323  0.004    3  1 
  51286.3521   15.383  0.004    3  1 
  51304.9838   15.299  0.003    3  1 
  51305.0251   15.335  0.005    3  1 
  51305.0718   15.374  0.004    3  1 
  51305.0961   15.407  0.004    3  1 
  51305.1465   15.332  0.005    3  1 
  51305.1755   15.390  0.005    3  1 
  51305.2054   15.502  0.006    3  1 
  51305.2345   15.525  0.005    3  1 
  51305.2666   15.034  0.004    3  1 
  51305.2880   14.365  0.003    3  1 
  51306.0428   14.557  0.003    3  1 
  51306.1087   14.934  0.003    3  1 
  51306.1330   14.941  0.003    3  1 
  51306.1875   15.001  0.003    3  1 
  51306.2538   15.280  0.003    3  1 
  51306.2771   15.319  0.003    3  1 
  51306.2972   15.330  0.004    3  1 
  51308.0294   14.919  0.002    3  1 
  51308.0600   15.123  0.003    3  1 
  51308.1244   15.286  0.004    3  1 
  51310.1057   15.269  0.002    3  1 
  51310.1100   15.261  0.003    3  1 
  51311.9792   15.379  0.005    3  1 
  51311.9983   15.407  0.005    3  1 
  51312.0087   15.395  0.005    3  1 
  51312.0350   15.352  0.004    3  1 
  51312.0550   15.363  0.004    3  1 
  51312.0672   15.388  0.004    3  1 
  51312.0870   15.444  0.004    3  1 
  51312.0988   15.486  0.004    3  1 
  51312.9828   14.780  0.002    3  1 
  51313.0063   14.869  0.003    3  1 
  51313.0300   14.955  0.003    3  1 
  51313.0562   15.047  0.003    3  1 
  51313.0838   14.956  0.003    3  1 
  51313.1113   15.217  0.003    3  1 
  51313.9807   15.503  0.004    3  1 
  51314.0143   15.524  0.004    3  1 
  51314.0397   15.251  0.004    3  1 
  51314.1124   14.087  0.002    3  1 
  51314.9752   15.190  0.004    3  1 
  51315.0102   15.265  0.004    3  1 
  51315.0336   15.312  0.004    3  1 
  51315.0747   15.333  0.004    3  1 
  51315.0982   15.344  0.004    3  1 
  51315.1216   15.379  0.004    3  1 
  51316.0399   14.376  0.002    3  1 
  51316.0634   14.499  0.002    3  1 
  51316.0869   14.602  0.003    3  1 
  51316.1115   14.711  0.003    3  1 
  51316.9740   15.349  0.004    3  1 
  51317.0052   15.391  0.005    3  1 
  51317.0282   15.410  0.006    3  1 
  51317.0566   15.346  0.004    3  1 
  51317.0822   15.362  0.004    3  1 
  51317.1075   15.444  0.005    3  1 
  51317.9847   14.678  0.003    3  1 
  51318.0099   14.788  0.003    3  1 
  51318.0374   14.903  0.004    3  1 
  51318.0942   15.108  0.006    3  1 
  51318.1226   15.208  0.005    3  1 
  51318.9772   15.417  0.004    3  1 
  51319.0019   15.507  0.004    3  1 
  51319.0274   15.535  0.004    3  1 
  51319.0757   14.727  0.003    3  1 
  51319.0997   14.167  0.002    3  1 
  51320.1208   15.349  0.003    3  1 
  51320.1417   15.379  0.004    3  1 
  51320.9728   14.401  0.002    3  1 
  51321.0400   14.234  0.002    3  1 
  51321.0930   14.527  0.002    3  1 
  51321.1217   14.658  0.002    3  1 
  51380.9937   15.388  0.004    3  1 
  51381.9793   14.684  0.003    3  1 
  51382.9755   15.445  0.005    3  1 
  51384.9721   14.048  0.001    3  1 
  51386.9917   14.657  0.003    3  1 
  51388.9755   15.082  0.004    3  1 
  51389.9750   14.319  0.002    3  1 
  51391.9697   14.548  0.002    3  1 
  51693.9923   15.351  0.004    3  1 
  51695.0052   14.665  0.003    3  1 
 56468.97641   13.230  0.032   -1  1 
 56469.04707   13.012  0.029   -1  1 
 56469.10896   13.267  0.037   -1  1 
 56469.17285   13.241  0.010   -1  1 
 56471.00364   13.210  0.018   -1  1 
 56471.06640   13.197  0.007   -1  1 
 56471.12490   13.348  0.016   -1  1 
 56471.18188   13.384  0.007   -1  1 
 56471.96759   13.489  0.026   -1  1 
 56472.03374   13.211  0.019   -1  1 
 56472.09484   13.080  0.011   -1  1 
 56472.15243   13.053  0.012   -1  1 
 56468.95296   13.109  0.034   -2  1 
 56469.02441   13.082  0.019   -2  1 
 56469.08813   13.233  0.022   -2  1 
 56469.15134   13.150  0.017   -2  1 
 56471.02588   13.159  0.018   -2  1 
 56471.08671   13.166  0.010   -2  1 
 56471.14302   13.234  0.009   -2  1 
 56471.94704   13.224  0.024   -2  1 
 56472.01085   12.973  0.022   -2  1 
 56472.07480   13.183  0.017   -2  1 
 56472.13240   13.023  0.022   -2  1 
 56472.19216   13.092  0.011   -2  1 
 56469.00041   13.417  0.013   -5  1 
 56469.06767   13.479  0.011   -5  1 
 56469.13003   13.478  0.015   -5  1 
 56469.19349   13.561  0.006   -5  1 
 56470.98130   13.735  0.044   -5  1 
 56471.04693   13.502  0.009   -5  1 
 56471.10523   13.551  0.005   -5  1 
 56471.16397   13.636  0.006   -5  1 
 56471.98857   13.334  0.014   -5  1 
 56472.05430   13.303  0.009   -5  1 
 56472.11383   13.367  0.005   -5  1 
 56472.17109   13.417  0.011   -5  1 
