  51216.2987   15.090  0.005    2  1 
  51216.3275   15.074  0.006    2  1 
  51216.3519   15.074  0.005    2  1 
  51216.3771   15.066  0.005    2  1 
  51217.2851   15.045  0.005    2  1 
  51217.3152   15.086  0.005    2  1 
  51217.3378   15.092  0.005    2  1 
  51217.3598   15.077  0.005    2  1 
  51217.3804   15.073  0.005    2  1 
  51218.3013   14.974  0.005    2  1 
  51218.3254   15.037  0.005    2  1 
  51218.3504   15.086  0.005    2  1 
  51218.3753   15.074  0.005    2  1 
  51219.2775   14.768  0.004    2  1 
  51219.3014   14.849  0.004    2  1 
  51219.3186   14.901  0.005    2  1 
  51219.3397   14.962  0.005    2  1 
  51219.3635   15.022  0.005    2  1 
  51219.3810   15.059  0.005    2  1 
  51220.2867   14.660  0.004    2  1 
  51220.3036   14.718  0.004    2  1 
  51220.3219   14.775  0.004    2  1 
  51220.3391   14.825  0.005    2  1 
  51220.3564   14.884  0.005    2  1 
  51220.3729   14.939  0.005    2  1 
  51220.3920   14.987  0.005    2  1 
  51221.2619   14.348  0.003    2  1 
  51221.2873   14.482  0.004    2  1 
  51221.3052   14.564  0.004    2  1 
  51221.3230   14.633  0.004    2  1 
  51221.3396   14.695  0.004    2  1 
  51221.3577   14.755  0.004    2  1 
  51221.3762   14.811  0.004    2  1 
  51283.2102   14.065  0.003    2  1 
  51283.2288   13.886  0.003    2  1 
  51283.2338   13.903  0.003    2  1 
  51283.2391   13.941  0.003    2  1 
  51283.2642   14.119  0.003    2  1 
  51283.2680   14.130  0.003    2  1 
  51283.2868   14.256  0.003    2  1 
  51283.2902   14.283  0.003    2  1 
  51283.3138   14.420  0.003    2  1 
  51283.3170   14.434  0.003    2  1 
  51283.3408   14.547  0.003    2  1 
  51283.3447   14.564  0.003    2  1 
  51283.3642   14.645  0.004    2  1 
  51283.3673   14.651  0.004    2  1 
  51284.1955   15.160  0.005    2  1 
  51284.1993   15.159  0.005    2  1 
  51284.2266   14.968  0.004    2  1 
  51284.2298   14.889  0.004    2  1 
  51284.2475   14.254  0.003    2  1 
  51284.2506   14.147  0.003    2  1 
  51284.2679   13.898  0.003    2  1 
  51284.2711   13.909  0.003    2  1 
  51284.3004   14.059  0.003    2  1 
  51284.3036   14.089  0.003    2  1 
  51284.3257   14.230  0.003    2  1 
  51284.3289   14.248  0.003    2  1 
  51285.0269   14.956  0.004    2  1 
  51285.0299   14.971  0.004    2  1 
  51285.0577   15.039  0.004    2  1 
  51285.0607   15.048  0.004    2  1 
  51285.0814   15.078  0.004    2  1 
  51285.0847   15.091  0.004    2  1 
  51285.1052   15.096  0.004    2  1 
  51285.1084   15.094  0.004    2  1 
  51285.1396   15.076  0.005    2  1 
  51285.1427   15.072  0.004    2  1 
  51285.1624   15.070  0.004    2  1 
  51285.1654   15.071  0.004    2  1 
  51285.1891   15.066  0.004    2  1 
  51285.1924   15.048  0.004    2  1 
  51285.2195   15.084  0.004    2  1 
  51285.2227   15.099  0.005    2  1 
  51285.2468   15.146  0.005    2  1 
  51285.2498   15.143  0.005    2  1 
  51285.2738   14.839  0.004    2  1 
  51285.2775   14.714  0.004    2  1 
  51285.3077   13.893  0.003    2  1 
  51285.3112   13.884  0.003    2  1 
  51285.3425   14.073  0.003    2  1 
  51285.3456   14.087  0.003    2  1 
  51286.0177   14.806  0.004    2  1 
  51286.0241   14.826  0.004    2  1 
  51286.0542   14.920  0.004    2  1 
  51286.0574   14.923  0.004    2  1 
  51286.0794   14.988  0.004    2  1 
  51286.0832   15.006  0.004    2  1 
  51286.1105   15.068  0.004    2  1 
  51286.1136   15.072  0.004    2  1 
  51286.1441   15.087  0.004    2  1 
  51286.1472   15.093  0.004    2  1 
  51286.1708   15.080  0.004    2  1 
  51286.1740   15.079  0.004    2  1 
  51286.1969   15.072  0.004    2  1 
  51286.2002   15.075  0.004    2  1 
  51286.2322   15.069  0.004    2  1 
  51286.2352   15.049  0.004    2  1 
  51286.2544   15.070  0.004    2  1 
  51286.2573   15.078  0.005    2  1 
  51286.2785   15.149  0.005    2  1 
  51286.2816   15.157  0.005    2  1 
  51286.3149   14.884  0.004    2  1 
  51286.3179   14.794  0.004    2  1 
  51286.3375   14.110  0.003    2  1 
  51286.3409   14.017  0.003    2  1 
  51286.3604   13.911  0.003    2  1 
  51286.3635   13.924  0.003    2  1 
  51286.3665   13.941  0.003    2  1 
  51304.9667   15.070  0.003    2  1 
  51304.9697   15.070  0.004    2  1 
  51304.9956   15.071  0.004    2  1 
  51304.9985   15.056  0.004    2  1 
  51305.0393   15.118  0.004    2  1 
  51305.0423   15.132  0.004    2  1 
  51305.0812   14.935  0.005    2  1 
  51305.0852   14.822  0.005    2  1 
  51305.1040   14.145  0.003    2  1 
  51305.1077   14.051  0.003    2  1 
  51305.1328   13.875  0.003    2  1 
  51305.1357   13.941  0.003    2  1 
  51305.1582   14.075  0.003    2  1 
  51305.1616   14.107  0.003    2  1 
  51305.1919   14.300  0.004    2  1 
  51305.1953   14.324  0.004    2  1 
  51305.2170   14.445  0.004    2  1 
  51305.2202   14.459  0.004    2  1 
  51305.2493   14.589  0.004    2  1 
  51305.2523   14.602  0.004    2  1 
  51305.2764   14.695  0.004    2  1 
  51305.2796   14.690  0.005    2  1 
  51305.3025   14.800  0.004    2  1 
  51305.3054   14.783  0.004    2  1 
  51305.9643   15.086  0.004    2  1 
  51305.9672   15.082  0.004    2  1 
  51305.9940   15.073  0.004    2  1 
  51305.9970   15.080  0.004    2  1 
  51305.9997   15.077  0.004    2  1 
  51306.0313   15.082  0.004    2  1 
  51306.0340   15.071  0.004    2  1 
  51306.0638   15.070  0.004    2  1 
  51306.0674   15.080  0.004    2  1 
  51306.0960   15.158  0.004    2  1 
  51306.0990   15.145  0.004    2  1 
  51306.1183   15.044  0.004    2  1 
  51306.1209   14.992  0.004    2  1 
  51306.1434   14.239  0.003    2  1 
  51306.1474   14.113  0.003    2  1 
  51306.1743   13.926  0.002    2  1 
  51306.1770   13.945  0.002    2  1 
  51306.1996   14.098  0.002    2  1 
  51306.2025   14.117  0.002    2  1 
  51306.2207   14.251  0.003    2  1 
  51306.2235   14.270  0.002    2  1 
  51306.2407   14.355  0.003    2  1 
  51306.2432   14.374  0.003    2  1 
  51306.2458   14.388  0.003    2  1 
  51306.2665   14.501  0.003    2  1 
  51306.2691   14.496  0.003    2  1 
  51306.2862   14.585  0.003    2  1 
  51306.2895   14.591  0.003    2  1 
  51306.3068   14.656  0.003    2  1 
  51306.3101   14.664  0.004    2  1 
  51306.9828   15.104  0.006    2  1 
  51306.9870   15.103  0.004    2  1 
  51307.0161   15.104  0.004    2  1 
  51307.0270   15.083  0.005    2  1 
  51307.0388   15.087  0.005    2  1 
  51307.0824   15.083  0.006    2  1 
  51307.9862   15.029  0.004    2  1 
  51307.9901   15.035  0.004    2  1 
  51308.0178   15.085  0.003    2  1 
  51308.0212   15.080  0.003    2  1 
  51308.0443   15.088  0.004    2  1 
  51308.0713   15.066  0.003    2  1 
  51308.0749   15.071  0.003    2  1 
  51308.0779   15.082  0.003    2  1 
  51308.1072   15.073  0.004    2  1 
  51308.1114   15.085  0.005    2  1 
  51310.1342   15.094  0.004    2  1 
  51310.1371   15.094  0.004    2  1 
  51310.1402   15.090  0.004    2  1 
  51314.9621   15.167  0.006    2  1 
  51314.9650   15.145  0.005    2  1 
  51314.9679   15.145  0.005    2  1 
  51314.9914   14.796  0.004    2  1 
  51314.9943   14.677  0.003    2  1 
  51314.9972   14.565  0.003    2  1 
  51315.0171   13.969  0.002    2  1 
  51315.0197   13.938  0.002    2  1 
  51315.0224   13.917  0.002    2  1 
  51315.0409   13.973  0.002    2  1 
  51315.0436   13.979  0.002    2  1 
  51315.0462   13.985  0.002    2  1 
  51315.0650   14.111  0.003    2  1 
  51315.0677   14.141  0.003    2  1 
  51315.0860   14.263  0.003    2  1 
  51315.0887   14.275  0.003    2  1 
  51315.0913   14.286  0.003    2  1 
  51315.1094   14.383  0.003    2  1 
  51315.1121   14.405  0.003    2  1 
  51315.1148   14.413  0.003    2  1 
  51316.0277   14.970  0.004    2  1 
  51316.0303   14.900  0.004    2  1 
  51316.0330   14.820  0.003    2  1 
  51316.0511   14.175  0.003    2  1 
  51316.0538   14.091  0.003    2  1 
  51316.0565   14.027  0.002    2  1 
  51316.0746   13.906  0.002    2  1 
  51316.0773   13.916  0.002    2  1 
  51316.0800   13.938  0.002    2  1 
  51316.0992   14.057  0.003    2  1 
  51316.1020   14.075  0.002    2  1 
  51316.1046   14.096  0.002    2  1 
  51316.1228   14.210  0.003    2  1 
  51316.1255   14.222  0.003    2  1 
  51316.1281   14.254  0.003    2  1 
  51316.9815   15.072  0.004    2  1 
  51316.9843   15.072  0.004    2  1 
  51316.9869   15.063  0.004    2  1 
  51316.9978   15.052  0.005    2  1 
  51317.0147   15.074  0.005    2  1 
  51317.0176   15.083  0.005    2  1 
  51317.0205   15.098  0.005    2  1 
  51317.0420   15.168  0.006    2  1 
  51317.0450   15.162  0.006    2  1 
  51317.0483   15.160  0.005    2  1 
  51317.0689   14.993  0.004    2  1 
  51317.0718   14.940  0.005    2  1 
  51317.0747   14.866  0.004    2  1 
  51317.0946   14.152  0.003    2  1 
  51317.0974   14.071  0.003    2  1 
  51317.1000   13.995  0.003    2  1 
  51317.1199   13.904  0.003    2  1 
  51317.1228   13.912  0.003    2  1 
  51317.1257   13.937  0.003    2  1 
  51317.9715   15.085  0.005    2  1 
  51317.9744   15.073  0.004    2  1 
  51317.9772   15.075  0.004    2  1 
  51317.9970   15.055  0.004    2  1 
  51317.9998   15.069  0.004    2  1 
  51318.0025   15.076  0.004    2  1 
  51318.0227   15.084  0.005    2  1 
  51318.0260   15.083  0.006    2  1 
  51318.0292   15.081  0.008    2  1 
  51318.0510   15.057  0.005    2  1 
  51318.0542   15.063  0.006    2  1 
  51318.0575   15.076  0.006    2  1 
  51318.0795   15.147  0.006    2  1 
  51318.0827   15.161  0.006    2  1 
  51318.0859   15.159  0.006    2  1 
  51318.1079   15.057  0.007    2  1 
  51318.1111   14.995  0.006    2  1 
  51318.1144   14.894  0.008    2  1 
  51318.9846   15.096  0.004    2  1 
  51318.9874   15.091  0.004    2  1 
  51318.9902   15.096  0.004    2  1 
  51319.0093   15.088  0.004    2  1 
  51319.0122   15.089  0.005    2  1 
  51319.0151   15.088  0.005    2  1 
  51319.0351   15.073  0.005    2  1 
  51319.0380   15.083  0.005    2  1 
  51319.0411   15.067  0.005    2  1 
  51319.0623   15.076  0.005    2  1 
  51319.0653   15.082  0.005    2  1 
  51319.0682   15.077  0.005    2  1 
  51319.0874   15.046  0.004    2  1 
  51319.0902   15.050  0.004    2  1 
  51319.0928   15.048  0.004    2  1 
  51319.1137   15.119  0.004    2  1 
  51319.1164   15.130  0.004    2  1 
  51319.1190   15.137  0.004    2  1 
  51320.0869   15.076  0.004    2  1 
  51320.0909   15.071  0.004    2  1 
  51320.1531   15.104  0.004    2  1 
  51320.1557   15.114  0.004    2  1 
  51320.1584   15.116  0.004    2  1 
  51320.9810   14.903  0.004    2  1 
  51320.9838   14.913  0.003    2  1 
  51321.0292   15.040  0.004    2  1 
  51321.0466   15.081  0.004    2  1 
  51321.0491   15.080  0.004    2  1 
  51321.0517   15.075  0.004    2  1 
  51321.0689   15.094  0.004    2  1 
  51321.0714   15.090  0.004    2  1 
  51321.0740   15.097  0.004    2  1 
  51321.0997   15.079  0.004    2  1 
  51321.1023   15.079  0.004    2  1 
  51321.1049   15.075  0.004    2  1 
  51321.1074   15.079  0.004    2  1 
  51321.1100   15.068  0.004    2  1 
  51321.1285   15.070  0.004    2  1 
  51321.1311   15.076  0.004    2  1 
  51332.9607   14.867  0.006    2  1 
  51332.9651   14.885  0.007    2  1 
  51332.9797   14.939  0.005    2  1 
  51332.9834   14.955  0.005    2  1 
  51333.0005   14.999  0.005    2  1 
  51333.0039   15.014  0.006    2  1 
  51333.0156   15.033  0.005    2  1 
  51333.0192   15.051  0.006    2  1 
  51333.0445   15.090  0.005    2  1 
  51333.0479   15.083  0.005    2  1 
  51333.0636   15.095  0.007    2  1 
  51333.0681   15.093  0.007    2  1 
  51333.0834   15.088  0.005    2  1 
  51333.0869   15.080  0.006    2  1 
  51333.0981   15.073  0.005    2  1 
  51333.1018   15.080  0.005    2  1 
  51333.1258   15.081  0.006    2  1 
  51333.1294   15.079  0.006    2  1 
  51333.1410   15.076  0.006    2  1 
  51333.1452   15.072  0.006    2  1 
  51333.1492   15.069  0.006    2  1 
  51333.1642   15.046  0.006    2  1 
  51333.1679   15.055  0.005    2  1 
  51334.9778   14.652  0.003    2  1 
  51334.9806   14.647  0.003    2  1 
  51335.0115   14.765  0.004    2  1 
  51335.0145   14.779  0.004    2  1 
  51335.0237   14.809  0.004    2  1 
  51335.0269   14.817  0.004    2  1 
  51335.0365   14.839  0.004    2  1 
  51335.0396   14.863  0.004    2  1 
  51335.0624   14.927  0.005    2  1 
  51335.0658   14.934  0.005    2  1 
  51335.0766   14.972  0.005    2  1 
  51335.0800   14.976  0.005    2  1 
  51335.1009   15.037  0.005    2  1 
  51335.1041   15.042  0.005    2  1 
  51335.9585   14.370  0.004    2  1 
  51335.9619   14.387  0.004    2  1 
  51335.9661   14.414  0.004    2  1 
  51335.9693   14.436  0.003    2  1 
  51335.9855   14.509  0.003    2  1 
  51335.9915   14.529  0.003    2  1 
  51335.9966   14.555  0.003    2  1 
  51336.0139   14.628  0.004    2  1 
  51336.0172   14.633  0.004    2  1 
  51336.0275   14.674  0.004    2  1 
  51336.0306   14.682  0.004    2  1 
  51336.0439   14.736  0.004    2  1 
  51336.0470   14.742  0.004    2  1 
  51336.0662   14.809  0.005    2  1 
  51336.0696   14.816  0.004    2  1 
  51336.0728   14.830  0.004    2  1 
  51336.0954   14.896  0.005    2  1 
  51336.0989   14.905  0.005    2  1 
  51336.1119   14.951  0.005    2  1 
  51336.1153   14.955  0.005    2  1 
  51336.1297   14.995  0.006    2  1 
  51336.1557   15.070  0.011    2  1 
  51336.1600   15.067  0.008    2  1 
  51336.1647   15.084  0.009    2  1 
  51336.9567   14.053  0.002    2  1 
  51337.0022   14.324  0.004    2  1 
  51337.9827   13.952  0.004    2  1 
  51337.9868   13.959  0.003    2  1 
  51337.9997   14.074  0.004    2  1 
  51338.0033   14.110  0.003    2  1 
  51338.0231   14.226  0.004    2  1 
  51338.0265   14.255  0.004    2  1 
  51338.0304   14.272  0.004    2  1 
  51338.9791   14.531  0.003    2  1 
  51338.9849   14.325  0.003    2  1 
  51339.0116   13.881  0.003    2  1 
  51339.0151   13.903  0.003    2  1 
  51339.0441   14.097  0.003    2  1 
  51339.0477   14.125  0.003    2  1 
  51339.0513   14.145  0.003    2  1 
  51339.0774   14.302  0.004    2  1 
  51339.0807   14.326  0.004    2  1 
  51339.1053   14.457  0.004    2  1 
  51339.1093   14.475  0.004    2  1 
  51339.1327   14.588  0.004    2  1 
  51339.1363   14.603  0.004    2  1 
  51339.9588   15.089  0.004    2  1 
  51339.9627   15.102  0.004    2  1 
  51339.9835   15.163  0.005    2  1 
  51339.9874   15.159  0.005    2  1 
  51340.0115   14.907  0.004    2  1 
  51340.0146   14.803  0.004    2  1 
  51340.0349   14.086  0.003    2  1 
  51340.0380   14.008  0.003    2  1 
  51340.0659   13.956  0.003    2  1 
  51340.0696   13.974  0.003    2  1 
  51340.0938   14.118  0.004    2  1 
  51340.0983   14.158  0.004    2  1 
  51340.1334   14.385  0.004    2  1 
  51340.1366   14.402  0.004    2  1 
  51344.9654   14.933  0.003    2  1 
  51344.9786   14.962  0.004    2  1 
  51344.9829   14.973  0.005    2  1 
  51345.0052   15.037  0.005    2  1 
  51345.0092   15.050  0.005    2  1 
  51345.0132   15.052  0.004    2  1 
  51345.0170   15.063  0.005    2  1 
  51345.0353   15.088  0.004    2  1 
  51345.0390   15.087  0.004    2  1 
  51345.0645   15.090  0.005    2  1 
  51345.0690   15.085  0.004    2  1 
  51345.9658   14.783  0.006    2  1 
  51345.9696   14.790  0.006    2  1 
  51345.9999   14.902  0.005    2  1 
  51346.0043   14.905  0.005    2  1 
  51346.0310   14.986  0.005    2  1 
  51346.0343   15.004  0.005    2  1 
  51346.0571   15.047  0.005    2  1 
  51346.0604   15.068  0.005    2  1 
  51347.0221   14.826  0.005    2  1 
  51347.0274   14.860  0.003    2  1 
  51347.0562   14.936  0.004    2  1 
  51347.0597   14.945  0.004    2  1 
  51347.0815   15.016  0.004    2  1 
  51347.0850   15.016  0.004    2  1 
  51347.9550   14.433  0.003    2  1 
  51347.9581   14.423  0.003    2  1 
  51347.9877   14.557  0.004    2  1 
  51347.9914   14.574  0.004    2  1 
  51347.9948   14.591  0.004    2  1 
  51348.0181   14.673  0.004    2  1 
  51348.0211   14.688  0.004    2  1 
  51348.0849   14.885  0.007    2  1 
  51348.0897   14.909  0.006    2  1 
  51348.1054   14.953  0.006    2  1 
  51348.1088   14.964  0.006    2  1 
  51348.1122   14.977  0.006    2  1 
  51348.9528   14.143  0.003    2  1 
  51348.9557   14.144  0.003    2  1 
  51348.9795   14.304  0.003    2  1 
  51348.9824   14.321  0.003    2  1 
  51348.9941   14.377  0.003    2  1 
  51349.0152   14.493  0.004    2  1 
  51349.0189   14.503  0.004    2  1 
  51349.9596   13.915  0.002    2  1 
  51349.9627   13.925  0.002    2  1 
  51349.9911   14.097  0.003    2  1 
  51349.9944   14.130  0.003    2  1 
  51350.0097   14.223  0.003    2  1 
  51350.0128   14.239  0.003    2  1 
  51350.0228   14.300  0.003    2  1 
  51364.9643   15.045  0.004    2  1 
  51364.9677   15.046  0.004    2  1 
  51380.9714   15.024  0.004    2  1 
  51380.9769   15.040  0.004    2  1 
  51380.9801   15.040  0.004    2  1 
  51380.9845   15.056  0.004    2  1 
  51381.0066   15.074  0.004    2  1 
  51381.0096   15.088  0.004    2  1 
  51381.0136   15.084  0.004    2  1 
  51381.9638   14.865  0.004    2  1 
  51381.9679   14.887  0.004    2  1 
  51381.9716   14.899  0.005    2  1 
  51381.9917   14.957  0.005    2  1 
  51381.9946   14.966  0.005    2  1 
  51382.9605   14.725  0.004    2  1 
  51382.9652   14.734  0.004    2  1 
  51382.9682   14.714  0.005    2  1 
  51382.9887   14.809  0.004    2  1 
  51382.9916   14.816  0.004    2  1 
  51383.9595   14.564  0.003    2  1 
  51383.9621   14.570  0.003    2  1 
  51383.9648   14.577  0.003    2  1 
  51383.9826   14.656  0.003    2  1 
  51383.9853   14.632  0.004    2  1 
  51384.9606   14.356  0.003    2  1 
  51384.9631   14.371  0.003    2  1 
  51384.9657   14.389  0.003    2  1 
  51384.9827   14.468  0.003    2  1 
  51384.9853   14.494  0.003    2  1 
  51385.9557   14.062  0.002    2  1 
  51385.9589   14.081  0.002    2  1 
  51385.9615   14.101  0.002    2  1 
  51385.9788   14.199  0.002    2  1 
  51385.9814   14.222  0.003    2  1 
  51386.9731   13.907  0.003    2  1 
  51386.9769   13.922  0.002    2  1 
  51386.9807   13.945  0.002    2  1 
  51387.0101   14.129  0.003    2  1 
  51387.0139   14.162  0.003    2  1 
  51387.0177   14.175  0.003    2  1 
  51388.9571   15.070  0.007    2  1 
  51388.9622   15.073  0.006    2  1 
  51388.9659   15.105  0.006    2  1 
  51388.9899   15.169  0.006    2  1 
  51388.9932   15.169  0.006    2  1 
  51389.9629   15.079  0.004    2  1 
  51389.9656   15.078  0.004    2  1 
  51389.9683   15.074  0.004    2  1 
  51390.9578   15.070  0.004    2  1 
  51390.9604   15.081  0.004    2  1 
  51390.9631   15.080  0.005    2  1 
  51391.9583   15.079  0.004    2  1 
  51391.9609   15.084  0.004    2  1 
  51391.9634   15.085  0.004    2  1 
  51646.1374   14.286  0.003    2  1 
  51646.1447   14.301  0.005    2  1 
  51646.1486   14.358  0.004    2  1 
  51646.1532   14.381  0.004    2  1 
  51646.1570   14.334  0.005    2  1 
  51646.1609   14.373  0.005    2  1 
  51646.1649   14.411  0.005    2  1 
  51646.1687   14.453  0.004    2  1 
  51646.1727   14.482  0.004    2  1 
  51646.1764   14.503  0.004    2  1 
  51646.1801   14.518  0.004    2  1 
  51646.1837   14.532  0.004    2  1 
  51646.1871   14.528  0.004    2  1 
  51646.1907   14.550  0.005    2  1 
  51646.1944   14.565  0.005    2  1 
  51646.1983   14.599  0.004    2  1 
  51646.2025   14.614  0.004    2  1 
  51646.2065   14.622  0.004    2  1 
  51646.2100   14.643  0.004    2  1 
  51646.2138   14.660  0.004    2  1 
  51646.2172   14.675  0.004    2  1 
  51646.2206   14.691  0.004    2  1 
  51646.2245   14.703  0.004    2  1 
  51646.2283   14.719  0.004    2  1 
  51646.2320   14.724  0.004    2  1 
  51646.2362   14.734  0.004    2  1 
  51646.2394   14.750  0.003    2  1 
  51646.2426   14.762  0.003    2  1 
  51646.2457   14.773  0.003    2  1 
  51646.2489   14.783  0.004    2  1 
  51646.2523   14.790  0.004    2  1 
  51646.2557   14.803  0.004    2  1 
  51646.2591   14.811  0.004    2  1 
  51646.2626   14.813  0.005    2  1 
  51646.2660   14.829  0.004    2  1 
  51646.2694   14.823  0.006    2  1 
  51646.2730   14.833  0.007    2  1 
  51646.2769   14.804  0.009    2  1 
  51646.2811   14.834  0.010    2  1 
  51646.2852   14.876  0.007    2  1 
  51646.2895   14.907  0.006    2  1 
  51646.2939   14.910  0.007    2  1 
  51646.2986   14.922  0.008    2  1 
  51646.3027   14.936  0.008    2  1 
  51646.3070   14.963  0.006    2  1 
  51646.3111   14.972  0.006    2  1 
  51646.3151   14.984  0.005    2  1 
  51646.3189   14.991  0.005    2  1 
  51646.3225   15.010  0.004    2  1 
  51646.3260   15.014  0.005    2  1 
  51646.3296   15.034  0.005    2  1 
  51646.3330   15.034  0.005    2  1 
  51646.3377   15.050  0.005    2  1 
  51646.3414   15.052  0.005    2  1 
  51646.3451   15.062  0.005    2  1 
  51646.3496   15.066  0.005    2  1 
  51646.3530   15.075  0.005    2  1 
  51646.3568   15.080  0.005    2  1 
  51646.3602   15.085  0.007    2  1 
  51646.3637   15.099  0.006    2  1 
  51646.3679   15.095  0.006    2  1 
  51646.3713   15.098  0.006    2  1 
  51646.3746   15.108  0.008    2  1 
  51671.0353   15.149  0.004    2  1 
  51671.0475   15.078  0.004    2  1 
  51671.0585   14.810  0.004    2  1 
  51671.0649   14.566  0.004    2  1 
  51671.0721   14.297  0.003    2  1 
  51671.0771   14.099  0.004    2  1 
  51671.1013   13.922  0.003    2  1 
  51671.1053   13.934  0.003    2  1 
  51671.1107   13.961  0.003    2  1 
  51671.1151   13.998  0.003    2  1 
  51671.1292   14.091  0.003    2  1 
  51671.9878   15.070  0.004    2  1 
  51671.9920   15.082  0.004    2  1 
  51672.0277   15.044  0.004    2  1 
  51672.0316   15.049  0.004    2  1 
  51672.0822   15.129  0.004    2  1 
  51674.0685   15.075  0.006    2  1 
  51674.0726   15.073  0.007    2  1 
  51674.1052   15.050  0.005    2  1 
  51674.1117   15.054  0.006    2  1 
  51674.1260   15.071  0.005    2  1 
  51674.1296   15.087  0.005    2  1 
  51674.1332   15.101  0.005    2  1 
  51674.1368   15.115  0.005    2  1 
  51674.1405   15.129  0.005    2  1 
  51674.1444   15.142  0.005    2  1 
  51674.9689   14.925  0.005    2  1 
  51674.9724   14.946  0.005    2  1 
  51674.9867   14.986  0.005    2  1 
  51674.9911   14.997  0.005    2  1 
  51675.0041   15.038  0.006    2  1 
  51675.0121   15.048  0.006    2  1 
  51675.0159   15.062  0.007    2  1 
  51675.0253   15.076  0.005    2  1 
  51675.0289   15.072  0.004    2  1 
  51675.0351   15.089  0.005    2  1 
  51675.0465   15.096  0.005    2  1 
  51675.0521   15.098  0.006    2  1 
  51675.0558   15.098  0.005    2  1 
  51675.0622   15.095  0.005    2  1 
  51675.0661   15.085  0.005    2  1 
  51675.0719   15.087  0.005    2  1 
  51675.0756   15.083  0.006    2  1 
  51675.0814   15.075  0.005    2  1 
  51675.0858   15.074  0.005    2  1 
  51675.0927   15.065  0.005    2  1 
  51675.0970   15.071  0.005    2  1 
  51675.9751   14.821  0.004    2  1 
  51675.9802   14.823  0.004    2  1 
  51675.9906   14.860  0.004    2  1 
  51675.9939   14.871  0.004    2  1 
  51675.9971   14.884  0.004    2  1 
  51676.0005   14.897  0.004    2  1 
  51676.0036   14.900  0.004    2  1 
  51676.0067   14.918  0.004    2  1 
  51676.0112   14.926  0.004    2  1 
  51676.0240   14.959  0.005    2  1 
  51676.0301   14.986  0.005    2  1 
  51676.9616   14.593  0.005    2  1 
  51676.9713   14.647  0.005    2  1 
  51676.9757   14.657  0.005    2  1 
  51676.9867   14.692  0.006    2  1 
  51676.9919   14.674  0.008    2  1 
  51676.9969   14.717  0.007    2  1 
  51677.0090   14.765  0.006    2  1 
  51677.0126   14.786  0.005    2  1 
  51677.0180   14.801  0.006    2  1 
  51677.0226   14.819  0.006    2  1 
  51677.0271   14.829  0.006    2  1 
  51677.0318   14.844  0.006    2  1 
  51677.0362   14.859  0.006    2  1 
  51677.0410   14.876  0.007    2  1 
  51677.0453   14.890  0.007    2  1 
  51677.0499   14.909  0.007    2  1 
  51677.0580   14.924  0.007    2  1 
  51677.0628   14.947  0.007    2  1 
  51677.0672   14.960  0.007    2  1 
  51677.0713   14.973  0.006    2  1 
  51677.0751   14.985  0.006    2  1 
  51677.0793   14.998  0.006    2  1 
  51677.0835   15.008  0.006    2  1 
  51677.0877   15.018  0.006    2  1 
  51677.0918   15.031  0.006    2  1 
  51677.0956   15.042  0.006    2  1 
  51677.0996   15.045  0.008    2  1 
  51677.1044   15.059  0.007    2  1 
  51677.1082   15.073  0.009    2  1 
  51677.1121   15.065  0.007    2  1 
  51677.1160   15.073  0.007    2  1 
  51677.1199   15.086  0.008    2  1 
  51677.1238   15.083  0.007    2  1 
  51677.1276   15.082  0.007    2  1 
  51677.1315   15.090  0.007    2  1 
  51677.1353   15.096  0.007    2  1 
  51677.1396   15.098  0.007    2  1 
  51677.1434   15.102  0.007    2  1 
  51677.1476   15.094  0.007    2  1 
  51677.1520   15.093  0.007    2  1 
  51677.1564   15.088  0.007    2  1 
  51677.1603   15.085  0.006    2  1 
  51677.1642   15.083  0.006    2  1 
  51677.1680   15.082  0.006    2  1 
  51677.1719   15.075  0.006    2  1 
  51677.1759   15.071  0.006    2  1 
  51677.1797   15.070  0.006    2  1 
  51677.1836   15.075  0.007    2  1 
  51677.1883   15.070  0.007    2  1 
  51677.1922   15.075  0.006    2  1 
  51677.1960   15.069  0.006    2  1 
  51677.1999   15.070  0.007    2  1 
  51677.2038   15.072  0.006    2  1 
  51677.2083   15.086  0.007    2  1 
  51677.2133   15.083  0.007    2  1 
  51677.2176   15.088  0.009    2  1 
  51677.2233   15.079  0.008    2  1 
  51677.2285   15.072  0.014    2  1 
  51677.2335   15.051  0.009    2  1 
  51677.2391   15.049  0.010    2  1 
  51677.2465   15.054  0.011    2  1 
  51677.2524   15.076  0.008    2  1 
  51677.2571   15.087  0.007    2  1 
  51677.2620   15.101  0.007    2  1 
  51677.2664   15.126  0.007    2  1 
  51677.2708   15.135  0.007    2  1 
  51691.0375   14.620  0.002    2  1 
  51691.0409   14.642  0.003    2  1 
  51691.0444   14.644  0.003    2  1 
  51691.0509   14.673  0.003    2  1 
  51691.0543   14.681  0.004    2  1 
  51691.0579   14.687  0.004    2  1 
  51691.0633   14.713  0.003    2  1 
  51691.0670   14.722  0.002    2  1 
  51691.0711   14.735  0.003    2  1 
  51691.0770   14.766  0.003    2  1 
  51691.0805   14.758  0.004    2  1 
  51691.0840   14.784  0.004    2  1 
  51691.0896   14.794  0.004    2  1 
  51691.0931   14.817  0.003    2  1 
  51691.0971   14.819  0.003    2  1 
  51691.1040   14.836  0.004    2  1 
  51691.1083   14.857  0.004    2  1 
  51691.1122   14.873  0.004    2  1 
  51691.1180   14.888  0.004    2  1 
  51691.1214   14.906  0.004    2  1 
  51691.1249   14.915  0.004    2  1 
  51691.1323   14.933  0.004    2  1 
  51691.1357   14.958  0.003    2  1 
  51691.1392   14.957  0.004    2  1 
  51691.1448   14.973  0.004    2  1 
  51691.1522   14.991  0.003    2  1 
  51691.1561   15.002  0.002    2  1 
  51693.0130   14.010  0.003    2  1 
  51693.0165   14.017  0.003    2  1 
  51693.0248   14.102  0.003    2  1 
  51693.0305   14.130  0.003    2  1 
  51693.0340   14.142  0.003    2  1 
  51693.0378   14.187  0.003    2  1 
  51694.0082   14.354  0.003    2  1 
  51694.0114   14.264  0.003    2  1 
  51694.0148   14.155  0.003    2  1 
  51694.0202   14.030  0.003    2  1 
  51694.0234   13.977  0.002    2  1 
  51694.0267   13.945  0.002    2  1 
  51694.0319   13.918  0.002    2  1 
  51694.0351   13.906  0.003    2  1 
  51694.0384   13.916  0.003    2  1 
  51694.0418   13.934  0.002    2  1 
  51694.0472   13.955  0.003    2  1 
  51694.0505   13.977  0.003    2  1 
  51694.0537   13.998  0.003    2  1 
  51694.0590   14.038  0.003    2  1 
  51694.0623   14.061  0.003    2  1 
  51694.0656   14.081  0.003    2  1 
  51694.0714   14.122  0.003    2  1 
  51694.0748   14.140  0.003    2  1 
  51694.0781   14.161  0.003    2  1 
  51694.0836   14.196  0.003    2  1 
  51694.0868   14.219  0.003    2  1 
  51694.0901   14.241  0.003    2  1 
  51694.0957   14.287  0.003    2  1 
  51694.0989   14.305  0.003    2  1 
  51694.1021   14.321  0.003    2  1 
  51694.1075   14.347  0.003    2  1 
  51694.1106   14.357  0.003    2  1 
  51694.1138   14.448  0.003    2  1 
  51694.1190   14.410  0.003    2  1 
  51694.1221   14.427  0.003    2  1 
  51694.1252   14.447  0.003    2  1 
  51694.1286   14.462  0.003    2  1 
  51695.0280   15.064  0.004    2  1 
  51695.0317   15.003  0.004    2  1 
  51697.9712   15.080  0.005    2  1 
  51697.9818   15.080  0.005    2  1 
  51765.9746   13.893  0.003    2  1 
  51765.9783   13.890  0.003    2  1 
  51765.9820   13.916  0.003    2  1 
  51766.0194   14.118  0.004    2  1 
  51766.0229   14.146  0.003    2  1 
  51216.3063   15.646  0.005    3  1 
  51216.3342   15.627  0.005    3  1 
  51216.3572   15.619  0.005    3  1 
  51216.3847   15.574  0.005    3  1 
  51217.2936   15.633  0.005    3  1 
  51217.3214   15.668  0.005    3  1 
  51217.3432   15.570  0.004    3  1 
  51217.3852   15.617  0.005    3  1 
  51218.2935   15.477  0.005    3  1 
  51218.3212   15.580  0.005    3  1 
  51218.3442   15.648  0.005    3  1 
  51218.3704   15.664  0.005    3  1 
  51219.2811   15.241  0.002    3  1 
  51219.2844   15.246  0.004    3  1 
  51219.3053   15.335  0.004    3  1 
  51219.3228   15.410  0.005    3  1 
  51219.3465   15.523  0.005    3  1 
  51219.3676   15.572  0.005    3  1 
  51219.3851   15.636  0.005    3  1 
  51220.2805   15.051  0.003    3  1 
  51220.2995   15.127  0.004    3  1 
  51220.3171   15.213  0.004    3  1 
  51220.3349   15.296  0.004    3  1 
  51220.3523   15.368  0.004    3  1 
  51220.3689   15.446  0.005    3  1 
  51220.3877   15.508  0.006    3  1 
  51221.2691   14.676  0.003    3  1 
  51221.2915   14.833  0.003    3  1 
  51221.3097   14.925  0.003    3  1 
  51221.3270   15.092  0.003    3  1 
  51221.3437   15.133  0.004    3  1 
  51221.3619   15.228  0.004    3  1 
  51221.3854   15.338  0.004    3  1 
  51283.2237   13.999  0.002    3  1 
  51283.2601   14.282  0.002    3  1 
  51283.2830   14.464  0.002    3  1 
  51283.3050   14.659  0.003    3  1 
  51283.3367   14.878  0.003    3  1 
  51283.3600   15.055  0.003    3  1 
  51284.2056   15.690  0.005    3  1 
  51284.2337   15.166  0.004    3  1 
  51284.2542   14.242  0.002    3  1 
  51284.2806   14.070  0.002    3  1 
  51284.3075   14.302  0.002    3  1 
  51284.3333   14.517  0.003    3  1 
  51285.0371   15.533  0.004    3  1 
  51285.0646   15.612  0.004    3  1 
  51285.0885   15.653  0.005    3  1 
  51285.1182   15.635  0.005    3  1 
  51285.1470   15.613  0.004    3  1 
  51285.1698   15.617  0.004    3  1 
  51285.1988   15.563  0.004    3  1 
  51285.2270   15.660  0.005    3  1 
  51285.2539   15.679  0.005    3  1 
  51285.2851   14.719  0.003    3  1 
  51285.3202   14.112  0.002    3  1 
  51285.3496   14.328  0.002    3  1 
  51286.0308   15.375  0.003    3  1 
  51286.0619   15.460  0.004    3  1 
  51286.0871   15.559  0.004    3  1 
  51286.0921   15.553  0.004    3  1 
  51286.1226   15.656  0.004    3  1 
  51286.1512   15.653  0.004    3  1 
  51286.1789   15.621  0.004    3  1 
  51286.2076   15.606  0.004    3  1 
  51286.2389   15.583  0.004    3  1 
  51286.2613   15.603  0.004    3  1 
  51286.2889   15.708  0.004    3  1 
  51286.3108   15.492  0.004    3  1 
  51286.3335   14.472  0.002    3  1 
  51286.3566   14.065  0.002    3  1 
  51304.9734   15.607  0.004    3  1 
  51305.0076   15.566  0.005    3  1 
  51305.0510   15.695  0.005    3  1 
  51305.0770   15.517  0.005    3  1 
  51305.1004   14.506  0.003    3  1 
  51305.1407   14.162  0.003    3  1 
  51305.1707   14.382  0.003    3  1 
  51305.1996   14.602  0.003    3  1 
  51305.2299   14.831  0.003    3  1 
  51305.2561   15.039  0.004    3  1 
  51305.2836   15.152  0.004    3  1 
  51305.3139   15.334  0.005    3  1 
  51305.9733   15.640  0.004    3  1 
  51306.0117   15.611  0.004    3  1 
  51306.0157   15.595  0.003    3  1 
  51306.0375   15.600  0.004    3  1 
  51306.0735   15.626  0.005    3  1 
  51306.1026   15.710  0.004    3  1 
  51306.1285   15.228  0.004    3  1 
  51306.1517   14.142  0.003    3  1 
  51306.1807   14.190  0.002    3  1 
  51306.2269   14.627  0.002    3  1 
  51306.2491   14.718  0.003    3  1 
  51306.2725   14.860  0.003    3  1 
  51306.2932   14.991  0.003    3  1 
  51308.0249   15.641  0.004    3  1 
  51308.0524   15.654  0.004    3  1 
  51308.0811   15.592  0.003    3  1 
  51308.0851   15.601  0.003    3  1 
  51308.1202   15.633  0.005    3  1 
  51310.1272   15.668  0.004    3  1 
  51310.1308   15.662  0.004    3  1 
  51314.9714   15.645  0.005    3  1 
  51315.0138   14.209  0.002    3  1 
  51315.0372   14.072  0.002    3  1 
  51315.0710   14.358  0.002    3  1 
  51315.0946   14.521  0.003    3  1 
  51315.1180   14.708  0.003    3  1 
  51316.0363   15.351  0.004    3  1 
  51316.0597   14.126  0.002    3  1 
  51316.0832   14.079  0.002    3  1 
  51316.1079   14.314  0.002    3  1 
  51316.9780   15.546  0.004    3  1 
  51317.0013   15.569  0.005    3  1 
  51317.0241   15.641  0.007    3  1 
  51317.0523   15.677  0.005    3  1 
  51317.0782   15.099  0.004    3  1 
  51317.1035   14.055  0.002    3  1 
  51317.9808   15.610  0.004    3  1 
  51318.0060   15.614  0.006    3  1 
  51318.0331   15.599  0.009    3  1 
  51318.0898   15.718  0.008    3  1 
  51318.1183   15.109  0.009    3  1 
  51318.9811   15.664  0.004    3  1 
  51319.0058   15.639  0.005    3  1 
  51319.0315   15.601  0.005    3  1 
  51319.0717   15.603  0.005    3  1 
  51319.0961   15.582  0.004    3  1 
  51320.0968   15.701  0.004    3  1 
  51320.1175   15.602  0.004    3  1 
  51321.0212   15.569  0.004    3  1 
  51321.0434   15.622  0.004    3  1 
  51321.0658   15.645  0.004    3  1 
  51321.0965   15.617  0.004    3  1 
  51321.1252   15.592  0.005    3  1 
  51333.0403   15.657  0.005    3  1 
  51333.1062   15.629  0.005    3  1 
  51334.9989   15.147  0.003    3  1 
  51335.0432   15.356  0.004    3  1 
  51335.0972   15.591  0.005    3  1 
  51335.1083   15.625  0.006    3  1 
  51336.0103   14.992  0.003    3  1 
  51336.0508   15.198  0.004    3  1 
  51336.0891   15.367  0.005    3  1 
  51338.0075   14.307  0.003    3  1 
  51338.9740   15.128  0.003    3  1 
  51339.0046   14.028  0.002    3  1 
  51339.0385   14.240  0.003    3  1 
  51339.0685   14.498  0.003    3  1 
  51339.1006   14.724  0.003    3  1 
  51339.1280   14.913  0.004    3  1 
  51339.9665   15.635  0.004    3  1 
  51339.9935   15.652  0.004    3  1 
  51340.0189   15.024  0.003    3  1 
  51340.0441   13.986  0.003    3  1 
  51340.0753   14.166  0.003    3  1 
  51340.1041   14.353  0.003    3  1 
  51345.0430   15.654  0.005    3  1 
  51345.0736   15.652  0.004    3  1 
  51345.9747   15.281  0.005    3  1 
  51346.0101   15.447  0.005    3  1 
  51346.0388   15.564  0.005    3  1 
  51346.0670   15.646  0.005    3  1 
  51347.0317   15.351  0.004    3  1 
  51347.0645   15.491  0.004    3  1 
  51347.0896   15.597  0.004    3  1 
  51347.9638   14.750  0.003    3  1 
  51348.0146   15.048  0.004    3  1 
  51348.9591   14.360  0.003    3  1 
  51349.0243   14.860  0.003    3  1 
  51349.9679   14.131  0.002    3  1 
  51364.9721   15.582  0.005    3  1 
  51380.9890   15.626  0.005    3  1 
  51381.9751   15.412  0.004    3  1 
  51382.9716   15.185  0.004    3  1 
  51383.9680   15.003  0.003    3  1 
  51384.9688   14.789  0.002    3  1 
  51385.9645   14.316  0.002    3  1 
  51386.9859   14.170  0.002    3  1 
  51388.9699   15.655  0.006    3  1 
  51389.9715   15.621  0.004    3  1 
  51672.0213   15.582  0.004    3  1 
  51674.0796   15.645  0.007    3  1 
  51674.9989   15.583  0.006    3  1 
  51693.0053   14.145  0.002    3  1 
  51694.0012   15.025  0.003    3  1 
  51695.0214   15.607  0.004    3  1 
  51765.9863   14.095  0.002    3  1 
 56468.97641   13.260  0.020   -1  1 
 56469.04707   13.123  0.019   -1  1 
 56469.10896   13.148  0.014   -1  1 
 56469.17285   13.363  0.010   -1  1 
 56471.00364   13.144  0.015   -1  1 
 56471.06640   13.319  0.028   -1  1 
 56471.12490   13.222  0.009   -1  1 
 56471.18188   13.284  0.011   -1  1 
 56471.96759   13.534  0.017   -1  1 
 56472.03374   13.169  0.013   -1  1 
 56472.09484   13.288  0.021   -1  1 
 56472.15243   13.308  0.010   -1  1 
 56468.95296   13.079  0.016   -2  1 
 56469.02441   13.111  0.009   -2  1 
 56469.08813   13.194  0.009   -2  1 
 56469.15134   13.274  0.010   -2  1 
 56471.02588   13.281  0.010   -2  1 
 56471.08671   13.260  0.031   -2  1 
 56471.14302   13.251  0.009   -2  1 
 56471.94704   13.464  0.014   -2  1 
 56472.01085   13.261  0.012   -2  1 
 56472.07480   13.186  0.009   -2  1 
 56472.13240   13.156  0.009   -2  1 
 56472.19216   13.209  0.009   -2  1 
 56469.00041   13.448  0.009   -5  1 
 56469.06767   13.511  0.013   -5  1 
 56469.13003   13.615  0.004   -5  1 
 56469.19349   13.692  0.017   -5  1 
 56470.98130   13.351  0.040   -5  1 
 56471.04693   13.476  0.011   -5  1 
 56471.10523   13.469  0.005   -5  1 
 56471.16397   13.510  0.005   -5  1 
 56471.98857   13.776  0.007   -5  1 
 56472.05430   13.346  0.007   -5  1 
 56472.11383   13.429  0.005   -5  1 
 56472.17109   13.515  0.011   -5  1 
