  51216.3218   15.017  0.006    2  1 
  51216.3464   15.044  0.006    2  1 
  51216.3689   15.054  0.006    2  1 
  51216.3980   15.077  0.008    2  1 
  51217.3101   14.872  0.006    2  1 
  51217.3328   14.937  0.005    2  1 
  51217.3552   14.992  0.005    2  1 
  51217.3759   15.024  0.006    2  1 
  51217.3953   15.040  0.006    2  1 
  51218.2773   14.604  0.005    2  1 
  51218.3093   14.719  0.005    2  1 
  51218.3298   14.786  0.005    2  1 
  51218.3573   14.871  0.005    2  1 
  51218.3794   14.927  0.005    2  1 
  51219.3336   14.642  0.004    2  1 
  51219.3596   14.736  0.005    2  1 
  51219.3768   14.793  0.005    2  1 
  51220.2621   14.071  0.003    2  1 
  51220.2906   14.242  0.004    2  1 
  51220.3077   14.338  0.004    2  1 
  51220.3257   14.429  0.004    2  1 
  51220.3432   14.498  0.004    2  1 
  51220.3602   14.566  0.004    2  1 
  51220.3776   14.630  0.004    2  1 
  51221.2835   14.249  0.004    2  1 
  51221.3009   14.026  0.003    2  1 
  51221.3188   14.125  0.003    2  1 
  51221.3358   14.229  0.004    2  1 
  51221.3538   14.330  0.004    2  1 
  51221.3722   14.423  0.004    2  1 
  51283.2451   14.803  0.004    2  1 
  51283.2493   14.815  0.005    2  1 
  51283.2714   14.878  0.005    2  1 
  51283.2748   14.883  0.005    2  1 
  51283.2939   14.935  0.005    2  1 
  51283.2972   14.937  0.005    2  1 
  51283.3202   14.984  0.005    2  1 
  51283.3234   14.977  0.005    2  1 
  51283.3487   15.007  0.005    2  1 
  51283.3518   15.008  0.005    2  1 
  51283.3707   15.022  0.005    2  1 
  51283.3738   15.022  0.005    2  1 
  51284.2195   14.563  0.004    2  1 
  51284.2229   14.574  0.004    2  1 
  51284.2413   14.637  0.004    2  1 
  51284.2443   14.650  0.004    2  1 
  51284.2617   14.698  0.004    2  1 
  51284.2648   14.712  0.004    2  1 
  51284.2942   14.798  0.005    2  1 
  51284.2973   14.814  0.004    2  1 
  51284.3168   14.865  0.005    2  1 
  51284.3211   14.883  0.005    2  1 
  51284.3428   14.935  0.005    2  1 
  51284.3464   14.945  0.005    2  1 
  51285.0513   15.096  0.005    2  1 
  51285.0543   15.105  0.005    2  1 
  51285.0739   15.162  0.005    2  1 
  51285.0778   15.166  0.005    2  1 
  51285.0975   15.178  0.005    2  1 
  51285.1006   15.185  0.006    2  1 
  51285.1324   14.691  0.004    2  1 
  51285.1360   14.628  0.004    2  1 
  51285.1558   14.251  0.003    2  1 
  51285.1588   14.216  0.003    2  1 
  51285.1796   14.195  0.003    2  1 
  51285.1830   14.208  0.003    2  1 
  51285.2125   14.344  0.003    2  1 
  51285.2157   14.358  0.004    2  1 
  51285.2362   14.448  0.004    2  1 
  51285.2426   14.476  0.004    2  1 
  51285.2630   14.555  0.004    2  1 
  51285.2666   14.563  0.004    2  1 
  51285.2998   14.682  0.004    2  1 
  51285.3033   14.692  0.004    2  1 
  51285.3308   14.773  0.004    2  1 
  51285.3348   14.788  0.004    2  1 
  51285.3382   14.797  0.004    2  1 
  51286.0461   15.066  0.005    2  1 
  51286.0493   15.062  0.004    2  1 
  51286.0716   15.045  0.005    2  1 
  51286.0753   15.052  0.005    2  1 
  51286.1026   15.109  0.005    2  1 
  51286.1061   15.123  0.005    2  1 
  51286.1365   15.178  0.005    2  1 
  51286.1398   15.177  0.005    2  1 
  51286.1608   15.068  0.005    2  1 
  51286.1639   15.025  0.005    2  1 
  51286.1669   14.968  0.004    2  1 
  51286.1875   14.568  0.004    2  1 
  51286.1908   14.505  0.004    2  1 
  51286.2255   14.197  0.003    2  1 
  51286.2285   14.211  0.003    2  1 
  51286.2476   14.296  0.003    2  1 
  51286.2508   14.313  0.003    2  1 
  51286.2697   14.395  0.004    2  1 
  51286.2727   14.406  0.004    2  1 
  51286.3022   14.529  0.004    2  1 
  51286.3055   14.539  0.004    2  1 
  51286.3218   14.597  0.004    2  1 
  51286.3250   14.610  0.004    2  1 
  51286.3450   14.674  0.004    2  1 
  51286.3481   14.680  0.004    2  1 
  51304.9873   15.158  0.005    2  1 
  51304.9926   15.142  0.005    2  1 
  51305.0328   14.537  0.004    2  1 
  51305.0362   14.472  0.004    2  1 
  51305.0559   14.210  0.004    2  1 
  51305.0599   14.202  0.004    2  1 
  51305.0890   14.297  0.003    2  1 
  51305.0922   14.309  0.004    2  1 
  51305.1235   14.434  0.004    2  1 
  51305.1269   14.449  0.004    2  1 
  51305.1509   14.550  0.005    2  1 
  51305.1547   14.560  0.005    2  1 
  51305.1853   14.671  0.004    2  1 
  51305.1885   14.681  0.005    2  1 
  51305.2098   14.747  0.004    2  1 
  51305.2128   14.758  0.004    2  1 
  51305.2431   14.836  0.005    2  1 
  51305.2461   14.849  0.005    2  1 
  51305.2704   14.890  0.005    2  1 
  51305.2734   14.914  0.005    2  1 
  51305.2966   14.959  0.005    2  1 
  51305.2995   14.972  0.005    2  1 
  51305.9857   15.088  0.004    2  1 
  51305.9885   15.103  0.004    2  1 
  51305.9912   15.116  0.004    2  1 
  51306.0256   15.167  0.004    2  1 
  51306.0285   15.168  0.004    2  1 
  51306.0465   15.103  0.005    2  1 
  51306.0498   15.068  0.005    2  1 
  51306.0896   14.343  0.003    2  1 
  51306.0930   14.285  0.003    2  1 
  51306.1123   14.217  0.003    2  1 
  51306.1151   14.226  0.003    2  1 
  51306.1375   14.296  0.003    2  1 
  51306.1405   14.310  0.003    2  1 
  51306.1636   14.409  0.003    2  1 
  51306.1673   14.426  0.003    2  1 
  51306.1937   14.526  0.003    2  1 
  51306.1966   14.545  0.003    2  1 
  51306.2146   14.605  0.004    2  1 
  51306.2178   14.623  0.004    2  1 
  51306.2343   14.678  0.003    2  1 
  51306.2380   14.691  0.003    2  1 
  51306.2574   14.743  0.003    2  1 
  51306.2602   14.755  0.003    2  1 
  51306.2805   14.812  0.003    2  1 
  51306.2835   14.821  0.003    2  1 
  51306.3009   14.859  0.004    2  1 
  51306.3038   14.866  0.004    2  1 
  51306.3135   14.890  0.005    2  1 
  51306.3184   14.908  0.005    2  1 
  51307.0456   15.150  0.006    2  1 
  51307.0501   15.160  0.006    2  1 
  51307.0593   15.177  0.005    2  1 
  51307.0645   15.220  0.005    2  1 
  51307.0699   15.261  0.013    2  1 
  51307.0747   15.221  0.008    2  1 
  51308.0084   15.031  0.004    2  1 
  51308.0112   15.038  0.004    2  1 
  51308.0334   15.051  0.004    2  1 
  51308.0362   15.053  0.004    2  1 
  51308.0394   15.063  0.004    2  1 
  51308.0633   15.068  0.004    2  1 
  51308.0663   15.070  0.004    2  1 
  51308.0995   15.139  0.004    2  1 
  51308.1031   15.147  0.004    2  1 
  51308.1280   15.161  0.005    2  1 
  51308.1309   15.156  0.005    2  1 
  51310.0850   15.022  0.003    2  1 
  51310.0874   15.022  0.003    2  1 
  51310.0897   15.025  0.003    2  1 
  51310.0922   15.024  0.003    2  1 
  51310.1430   15.067  0.004    2  1 
  51310.1458   15.067  0.004    2  1 
  51310.1486   15.061  0.005    2  1 
  51311.0244   14.919  0.007    2  1 
  51311.0302   14.920  0.006    2  1 
  51311.0334   14.927  0.006    2  1 
  51311.0506   14.960  0.003    2  1 
  51311.0539   14.964  0.004    2  1 
  51311.0637   14.986  0.005    2  1 
  51311.0669   14.989  0.006    2  1 
  51311.0702   15.010  0.004    2  1 
  51311.0907   15.011  0.005    2  1 
  51311.0946   15.016  0.005    2  1 
  51311.0980   15.004  0.005    2  1 
  51311.1015   15.010  0.005    2  1 
  51311.1071   15.009  0.005    2  1 
  51311.1298   15.027  0.005    2  1 
  51311.1327   15.033  0.005    2  1 
  51311.1357   15.033  0.005    2  1 
  51311.1398   15.037  0.005    2  1 
  51311.1447   15.050  0.005    2  1 
  51311.9726   14.613  0.005    2  1 
  51311.9755   14.619  0.005    2  1 
  51312.0020   14.707  0.004    2  1 
  51312.0049   14.717  0.004    2  1 
  51312.0255   14.781  0.004    2  1 
  51312.0284   14.785  0.004    2  1 
  51312.0314   14.792  0.004    2  1 
  51312.0584   14.865  0.004    2  1 
  51312.0611   14.872  0.004    2  1 
  51312.0638   14.873  0.004    2  1 
  51312.0903   14.933  0.004    2  1 
  51312.0929   14.935  0.004    2  1 
  51312.0955   14.949  0.004    2  1 
  51312.1146   14.979  0.004    2  1 
  51312.1173   14.983  0.004    2  1 
  51312.1200   14.986  0.004    2  1 
  51312.9860   14.476  0.003    2  1 
  51312.9887   14.486  0.003    2  1 
  51312.9913   14.496  0.003    2  1 
  51313.0096   14.575  0.003    2  1 
  51313.0123   14.579  0.003    2  1 
  51313.0149   14.588  0.003    2  1 
  51313.0333   14.659  0.004    2  1 
  51313.0360   14.670  0.004    2  1 
  51313.0386   14.669  0.004    2  1 
  51313.0413   14.680  0.004    2  1 
  51313.0595   14.742  0.004    2  1 
  51313.0622   14.746  0.004    2  1 
  51313.0648   14.756  0.004    2  1 
  51313.0911   14.817  0.004    2  1 
  51313.0937   14.832  0.004    2  1 
  51313.0964   14.836  0.004    2  1 
  51313.1146   14.878  0.004    2  1 
  51313.1172   14.881  0.004    2  1 
  51313.1199   14.895  0.004    2  1 
  51313.1226   14.902  0.004    2  1 
  51313.9843   14.270  0.003    2  1 
  51313.9872   14.284  0.003    2  1 
  51313.9901   14.292  0.003    2  1 
  51314.0178   14.412  0.004    2  1 
  51314.0207   14.420  0.004    2  1 
  51314.0236   14.435  0.004    2  1 
  51314.0432   14.510  0.004    2  1 
  51314.0461   14.528  0.004    2  1 
  51314.0490   14.537  0.004    2  1 
  51314.0772   14.645  0.004    2  1 
  51314.0802   14.662  0.004    2  1 
  51314.0831   14.666  0.004    2  1 
  51314.1030   14.729  0.005    2  1 
  51314.1059   14.744  0.005    2  1 
  51314.1088   14.747  0.005    2  1 
  51314.1289   14.798  0.005    2  1 
  51314.1333   14.817  0.005    2  1 
  51314.1363   14.817  0.005    2  1 
  51314.9827   14.447  0.004    2  1 
  51314.9856   14.378  0.003    2  1 
  51314.9885   14.315  0.003    2  1 
  51315.0015   14.179  0.003    2  1 
  51315.0043   14.169  0.003    2  1 
  51315.0069   14.179  0.003    2  1 
  51315.0251   14.245  0.003    2  1 
  51315.0277   14.253  0.003    2  1 
  51315.0304   14.266  0.003    2  1 
  51315.0489   14.347  0.003    2  1 
  51315.0516   14.360  0.003    2  1 
  51315.0542   14.373  0.003    2  1 
  51315.0780   14.462  0.003    2  1 
  51315.0807   14.478  0.003    2  1 
  51315.0833   14.487  0.003    2  1 
  51315.1015   14.561  0.004    2  1 
  51315.1041   14.571  0.004    2  1 
  51315.1068   14.582  0.004    2  1 
  51315.1290   14.662  0.005    2  1 
  51315.1319   14.672  0.005    2  1 
  51316.0194   14.650  0.003    2  1 
  51316.0221   14.594  0.003    2  1 
  51316.0247   14.539  0.003    2  1 
  51316.0431   14.213  0.003    2  1 
  51316.0458   14.195  0.003    2  1 
  51316.0485   14.183  0.003    2  1 
  51316.0667   14.205  0.003    2  1 
  51316.0693   14.222  0.003    2  1 
  51316.0720   14.243  0.003    2  1 
  51316.0905   14.317  0.003    2  1 
  51316.0934   14.327  0.003    2  1 
  51316.0963   14.343  0.003    2  1 
  51316.1148   14.419  0.003    2  1 
  51316.1175   14.430  0.003    2  1 
  51316.1201   14.435  0.003    2  1 
  51316.9647   15.074  0.005    2  1 
  51316.9676   15.081  0.005    2  1 
  51316.9705   15.092  0.005    2  1 
  51316.9896   15.126  0.005    2  1 
  51316.9923   15.133  0.005    2  1 
  51316.9949   15.128  0.004    2  1 
  51317.0088   15.169  0.005    2  1 
  51317.0117   15.165  0.005    2  1 
  51317.0321   15.164  0.006    2  1 
  51317.0351   15.155  0.006    2  1 
  51317.0391   15.125  0.005    2  1 
  51317.0602   14.806  0.005    2  1 
  51317.0631   14.735  0.004    2  1 
  51317.0660   14.668  0.004    2  1 
  51317.0858   14.246  0.003    2  1 
  51317.0887   14.205  0.004    2  1 
  51317.0916   14.190  0.003    2  1 
  51317.1111   14.194  0.003    2  1 
  51317.1140   14.204  0.004    2  1 
  51317.1169   14.219  0.004    2  1 
  51317.9628   15.071  0.005    2  1 
  51317.9657   15.083  0.006    2  1 
  51317.9685   15.075  0.006    2  1 
  51317.9883   15.083  0.006    2  1 
  51317.9912   15.075  0.005    2  1 
  51317.9941   15.073  0.005    2  1 
  51318.0135   15.081  0.005    2  1 
  51318.0164   15.098  0.006    2  1 
  51318.0194   15.095  0.006    2  1 
  51318.0413   15.138  0.006    2  1 
  51318.0445   15.160  0.007    2  1 
  51318.0477   15.152  0.006    2  1 
  51318.0697   15.179  0.006    2  1 
  51318.0730   15.196  0.007    2  1 
  51318.0762   15.192  0.007    2  1 
  51318.0981   14.996  0.007    2  1 
  51318.1014   14.929  0.006    2  1 
  51318.1046   14.870  0.007    2  1 
  51318.1265   14.360  0.005    2  1 
  51318.1298   14.288  0.005    2  1 
  51318.9642   15.016  0.004    2  1 
  51318.9680   15.015  0.005    2  1 
  51318.9708   15.022  0.005    2  1 
  51318.9737   15.024  0.005    2  1 
  51318.9929   15.044  0.004    2  1 
  51318.9956   15.041  0.005    2  1 
  51318.9983   15.041  0.005    2  1 
  51319.0180   15.086  0.006    2  1 
  51319.0209   15.073  0.005    2  1 
  51319.0238   15.072  0.005    2  1 
  51319.0443   15.069  0.005    2  1 
  51319.0474   15.063  0.005    2  1 
  51319.0505   15.065  0.006    2  1 
  51319.0793   15.107  0.005    2  1 
  51319.0820   15.119  0.004    2  1 
  51319.0847   15.124  0.004    2  1 
  51319.1030   15.158  0.005    2  1 
  51319.1084   15.171  0.005    2  1 
  51319.1110   15.165  0.005    2  1 
  51320.1030   15.073  0.003    2  1 
  51320.1053   15.076  0.003    2  1 
  51320.1076   15.081  0.004    2  1 
  51320.1238   15.110  0.004    2  1 
  51320.1261   15.109  0.004    2  1 
  51320.1284   15.116  0.004    2  1 
  51320.1450   15.151  0.005    2  1 
  51320.1477   15.153  0.005    2  1 
  51320.1503   15.156  0.005    2  1 
  51320.9635   14.872  0.004    2  1 
  51320.9664   14.881  0.004    2  1 
  51320.9693   14.887  0.004    2  1 
  51320.9887   14.931  0.003    2  1 
  51320.9911   14.937  0.004    2  1 
  51320.9936   14.940  0.004    2  1 
  51321.0102   14.970  0.003    2  1 
  51321.0126   14.976  0.004    2  1 
  51321.0150   14.976  0.004    2  1 
  51321.0318   15.005  0.004    2  1 
  51321.0344   15.005  0.004    2  1 
  51321.0369   15.012  0.004    2  1 
  51321.0543   15.022  0.004    2  1 
  51321.0568   15.021  0.004    2  1 
  51321.0594   15.019  0.004    2  1 
  51321.0847   15.038  0.004    2  1 
  51321.0873   15.037  0.004    2  1 
  51321.0898   15.052  0.004    2  1 
  51321.1133   15.076  0.004    2  1 
  51321.1159   15.071  0.004    2  1 
  51321.1186   15.075  0.004    2  1 
  51321.1339   15.070  0.004    2  1 
  51321.1365   15.074  0.004    2  1 
  51332.9696   14.776  0.006    2  1 
  51332.9739   14.791  0.006    2  1 
  51332.9891   14.831  0.005    2  1 
  51332.9928   14.853  0.006    2  1 
  51332.9965   14.859  0.006    2  1 
  51333.0083   14.891  0.006    2  1 
  51333.0120   14.898  0.006    2  1 
  51333.0226   14.929  0.006    2  1 
  51333.0264   14.939  0.005    2  1 
  51333.0514   14.997  0.006    2  1 
  51333.0552   15.003  0.007    2  1 
  51333.0742   15.023  0.006    2  1 
  51333.0779   15.033  0.007    2  1 
  51333.0907   15.030  0.006    2  1 
  51333.0945   15.030  0.006    2  1 
  51333.1178   15.042  0.006    2  1 
  51333.1221   15.057  0.006    2  1 
  51333.1335   15.074  0.007    2  1 
  51333.1369   15.069  0.007    2  1 
  51333.1529   15.084  0.006    2  1 
  51333.1565   15.088  0.007    2  1 
  51333.1716   15.097  0.007    2  1 
  51333.1752   15.087  0.007    2  1 
  51334.9841   14.498  0.004    2  1 
  51334.9871   14.510  0.004    2  1 
  51335.0175   14.619  0.004    2  1 
  51335.0204   14.631  0.004    2  1 
  51335.0301   14.662  0.004    2  1 
  51335.0334   14.674  0.004    2  1 
  51335.0517   14.736  0.005    2  1 
  51335.0552   14.748  0.005    2  1 
  51335.0692   14.787  0.005    2  1 
  51335.0727   14.799  0.005    2  1 
  51335.0833   14.833  0.005    2  1 
  51335.0867   14.840  0.005    2  1 
  51335.1133   14.912  0.006    2  1 
  51335.1167   14.923  0.006    2  1 
  51335.9535   14.104  0.004    2  1 
  51335.9726   14.213  0.004    2  1 
  51335.9768   14.235  0.004    2  1 
  51335.9997   14.358  0.004    2  1 
  51336.0027   14.371  0.004    2  1 
  51336.0203   14.450  0.004    2  1 
  51336.0236   14.463  0.004    2  1 
  51336.0357   14.515  0.004    2  1 
  51336.0388   14.530  0.004    2  1 
  51336.0593   14.603  0.005    2  1 
  51336.0629   14.621  0.005    2  1 
  51336.0769   14.664  0.005    2  1 
  51336.0803   14.681  0.005    2  1 
  51336.1025   14.749  0.005    2  1 
  51336.1059   14.763  0.005    2  1 
  51336.1206   14.810  0.006    2  1 
  51336.1240   14.816  0.005    2  1 
  51337.0101   14.140  0.004    2  1 
  51337.9904   15.073  0.007    2  1 
  51337.9940   15.011  0.006    2  1 
  51338.0162   14.365  0.004    2  1 
  51338.0196   14.282  0.004    2  1 
  51338.0339   14.055  0.004    2  1 
  51338.0376   14.047  0.004    2  1 
  51338.9901   15.147  0.005    2  1 
  51338.9938   15.162  0.005    2  1 
  51339.0226   15.201  0.007    2  1 
  51339.0269   15.170  0.006    2  1 
  51339.0867   14.036  0.004    2  1 
  51339.0905   14.064  0.004    2  1 
  51339.1139   14.212  0.004    2  1 
  51339.1177   14.230  0.004    2  1 
  51339.1448   14.375  0.004    2  1 
  51339.1482   14.396  0.004    2  1 
  51339.9766   15.099  0.005    2  1 
  51339.9795   15.096  0.005    2  1 
  51340.0044   15.077  0.005    2  1 
  51340.0078   15.080  0.005    2  1 
  51340.0274   15.133  0.005    2  1 
  51340.0306   15.136  0.005    2  1 
  51340.0540   15.192  0.006    2  1 
  51340.0572   15.204  0.006    2  1 
  51340.0857   15.064  0.006    2  1 
  51340.0892   14.999  0.006    2  1 
  51340.1152   14.251  0.004    2  1 
  51340.1197   14.155  0.004    2  1 
  51340.1229   14.087  0.003    2  1 
  51340.1263   14.061  0.003    2  1 
  51340.1404   14.076  0.004    2  1 
  51340.1437   14.101  0.004    2  1 
  51344.9924   14.715  0.004    2  1 
  51344.9958   14.731  0.003    2  1 
  51344.9988   14.737  0.004    2  1 
  51345.0216   14.817  0.005    2  1 
  51345.0255   14.831  0.005    2  1 
  51345.0302   14.845  0.005    2  1 
  51345.0553   14.919  0.005    2  1 
  51345.0603   14.932  0.005    2  1 
  51345.9856   14.523  0.005    2  1 
  51345.9896   14.540  0.005    2  1 
  51346.0219   14.658  0.005    2  1 
  51346.0264   14.685  0.005    2  1 
  51346.0486   14.753  0.005    2  1 
  51346.0523   14.767  0.005    2  1 
  51346.0791   14.847  0.005    2  1 
  51346.0826   14.857  0.004    2  1 
  51347.0416   14.562  0.004    2  1 
  51347.0453   14.580  0.003    2  1 
  51347.0743   14.676  0.004    2  1 
  51347.0777   14.689  0.004    2  1 
  51347.0990   14.762  0.004    2  1 
  51347.1022   14.772  0.003    2  1 
  51347.9769   14.046  0.003    2  1 
  51347.9802   14.028  0.003    2  1 
  51347.9834   14.026  0.003    2  1 
  51347.9983   14.087  0.003    2  1 
  51348.0028   14.123  0.003    2  1 
  51348.0063   14.143  0.003    2  1 
  51348.0242   14.252  0.004    2  1 
  51348.0274   14.269  0.004    2  1 
  51348.0943   14.573  0.005    2  1 
  51348.0983   14.585  0.006    2  1 
  51348.1018   14.605  0.005    2  1 
  51348.9650   15.221  0.006    2  1 
  51348.9682   15.204  0.005    2  1 
  51348.9853   15.082  0.005    2  1 
  51348.9883   15.032  0.005    2  1 
  51348.9912   14.969  0.005    2  1 
  51349.0316   14.013  0.003    2  1 
  51349.0346   14.022  0.003    2  1 
  51349.9815   15.138  0.005    2  1 
  51349.9851   15.161  0.005    2  1 
  51349.9973   15.206  0.005    2  1 
  51350.0033   15.208  0.006    2  1 
  51350.0066   15.214  0.006    2  1 
  51350.0164   15.211  0.005    2  1 
  51350.0197   15.197  0.005    2  1 
  51350.0296   15.128  0.005    2  1 
  51380.9973   14.238  0.003    2  1 
  51381.0004   14.263  0.003    2  1 
  51381.0031   14.278  0.003    2  1 
  51381.0187   14.358  0.003    2  1 
  51381.0214   14.375  0.003    2  1 
  51381.0242   14.392  0.003    2  1 
  51381.9830   14.484  0.004    2  1 
  51381.9859   14.419  0.004    2  1 
  51381.9888   14.342  0.004    2  1 
  51382.0000   14.080  0.003    2  1 
  51382.0029   14.055  0.003    2  1 
  51382.9793   15.210  0.006    2  1 
  51382.9826   15.214  0.006    2  1 
  51382.9857   15.225  0.006    2  1 
  51382.9965   15.202  0.006    2  1 
  51382.9995   15.196  0.006    2  1 
  51383.9746   15.059  0.004    2  1 
  51383.9773   15.060  0.004    2  1 
  51383.9799   15.070  0.005    2  1 
  51383.9899   15.102  0.005    2  1 
  51383.9926   15.094  0.005    2  1 
  51384.9751   15.079  0.004    2  1 
  51384.9777   15.081  0.004    2  1 
  51384.9802   15.078  0.004    2  1 
  51384.9896   15.092  0.004    2  1 
  51384.9921   15.092  0.004    2  1 
  51385.9711   15.041  0.004    2  1 
  51385.9737   15.050  0.004    2  1 
  51385.9763   15.041  0.004    2  1 
  51385.9857   15.061  0.005    2  1 
  51385.9884   15.056  0.005    2  1 
  51386.9965   15.028  0.005    2  1 
  51387.0003   15.029  0.005    2  1 
  51387.0041   15.028  0.006    2  1 
  51387.0216   15.029  0.006    2  1 
  51387.0254   15.031  0.006    2  1 
  51387.0293   15.020  0.006    2  1 
  51388.9801   14.782  0.005    2  1 
  51388.9834   14.790  0.005    2  1 
  51388.9866   14.798  0.005    2  1 
  51388.9984   14.843  0.006    2  1 
  51389.0017   14.851  0.005    2  1 
  51389.9783   14.620  0.004    2  1 
  51389.9809   14.636  0.004    2  1 
  51389.9836   14.641  0.004    2  1 
  51390.9729   14.423  0.003    2  1 
  51390.9756   14.429  0.003    2  1 
  51390.9783   14.442  0.003    2  1 
  51391.9728   14.165  0.003    2  1 
  51391.9754   14.183  0.003    2  1 
  51391.9779   14.197  0.003    2  1 
  51671.0871   14.636  0.004    2  1 
  51671.0917   14.655  0.004    2  1 
  51671.0952   14.660  0.004    2  1 
  51671.1189   14.744  0.005    2  1 
  51671.1232   14.756  0.005    2  1 
  51671.9996   14.231  0.003    2  1 
  51672.0039   14.155  0.003    2  1 
  51672.0350   14.185  0.003    2  1 
  51672.0382   14.202  0.003    2  1 
  51673.0232   14.834  0.004    2  1 
  51674.0574   15.112  0.007    2  1 
  51674.0620   15.041  0.007    2  1 
  51674.0938   14.205  0.004    2  1 
  51674.0985   14.128  0.004    2  1 
  51674.1159   14.111  0.004    2  1 
  51674.1223   14.142  0.004    2  1 
  51674.9763   15.095  0.006    2  1 
  51674.9824   15.089  0.007    2  1 
  51675.0212   15.076  0.007    2  1 
  51676.0163   15.070  0.005    2  1 
  51692.9816   14.205  0.004    2  1 
  51692.9854   14.229  0.003    2  1 
  51693.9780   14.441  0.004    2  1 
  51693.9814   14.351  0.003    2  1 
  51694.9914   15.133  0.005    2  1 
  51694.9946   15.106  0.005    2  1 
  51765.9974   15.070  0.005    2  1 
  51766.0012   15.083  0.006    2  1 
  51766.0048   15.077  0.006    2  1 
  51766.0301   15.104  0.006    2  1 
  51216.3408   15.712  0.005    3  1 
  51216.3634   15.738  0.005    3  1 
  51216.3905   15.755  0.006    3  1 
  51217.3019   15.413  0.005    3  1 
  51217.3494   15.621  0.005    3  1 
  51217.3710   15.684  0.005    3  1 
  51218.2854   15.081  0.004    3  1 
  51218.3156   15.246  0.005    3  1 
  51218.3347   15.347  0.004    3  1 
  51218.3653   15.499  0.005    3  1 
  51218.3848   15.593  0.005    3  1 
  51219.2918   14.824  0.003    3  1 
  51219.3100   14.945  0.004    3  1 
  51219.3296   15.061  0.004    3  1 
  51219.3536   15.197  0.004    3  1 
  51219.3723   15.304  0.004    3  1 
  51220.2720   14.304  0.002    3  1 
  51220.2946   14.514  0.003    3  1 
  51220.3117   14.647  0.003    3  1 
  51220.3299   14.770  0.003    3  1 
  51220.3473   14.889  0.003    3  1 
  51220.3643   14.989  0.004    3  1 
  51220.3816   15.088  0.004    3  1 
  51221.2763   14.773  0.003    3  1 
  51221.2964   14.200  0.002    3  1 
  51221.3145   14.265  0.002    3  1 
  51221.3496   14.574  0.003    3  1 
  51221.3673   14.707  0.003    3  1 
  51283.2546   15.390  0.004    3  1 
  51283.2783   15.505  0.004    3  1 
  51283.3008   15.597  0.004    3  1 
  51283.3322   15.680  0.005    3  1 
  51283.3553   15.702  0.004    3  1 
  51283.3773   15.718  0.004    3  1 
  51284.2134   14.926  0.003    3  1 
  51284.2375   15.069  0.003    3  1 
  51284.2581   15.179  0.003    3  1 
  51284.2875   15.333  0.004    3  1 
  51284.3124   15.450  0.004    3  1 
  51284.3383   15.561  0.004    3  1 
  51285.0451   15.759  0.004    3  1 
  51285.0691   15.853  0.005    3  1 
  51285.0932   15.892  0.005    3  1 
  51285.1257   15.364  0.004    3  1 
  51285.1514   14.600  0.003    3  1 
  51285.1754   14.386  0.002    3  1 
  51285.2060   14.583  0.003    3  1 
  51285.2321   14.763  0.003    3  1 
  51285.2586   14.929  0.003    3  1 
  51285.2928   15.123  0.003    3  1 
  51285.3257   15.295  0.004    3  1 
  51286.0393   15.746  0.004    3  1 
  51286.0670   15.711  0.004    3  1 
  51286.1302   15.877  0.005    3  1 
  51286.1833   15.040  0.003    3  1 
  51286.2193   14.396  0.002    3  1 
  51286.2434   14.527  0.002    3  1 
  51286.2655   14.681  0.003    3  1 
  51286.2958   14.886  0.003    3  1 
  51286.3291   15.075  0.003    3  1 
  51286.3521   15.205  0.004    3  1 
  51304.9838   15.860  0.005    3  1 
  51305.0251   15.090  0.004    3  1 
  51305.0718   14.463  0.003    3  1 
  51305.0961   14.593  0.003    3  1 
  51305.1465   14.911  0.004    3  1 
  51305.1755   15.087  0.004    3  1 
  51305.2054   15.247  0.005    3  1 
  51305.2345   15.381  0.005    3  1 
  51305.2666   15.507  0.005    3  1 
  51305.2880   15.585  0.005    3  1 
  51305.9773   15.743  0.004    3  1 
  51306.0428   15.801  0.005    3  1 
  51306.0809   14.873  0.003    3  1 
  51306.1330   14.546  0.003    3  1 
  51306.1578   14.699  0.003    3  1 
  51306.1875   14.876  0.003    3  1 
  51306.2771   15.370  0.004    3  1 
  51306.2972   15.451  0.004    3  1 
  51308.0025   15.699  0.004    3  1 
  51308.0600   15.730  0.004    3  1 
  51308.0958   15.841  0.004    3  1 
  51308.1244   15.867  0.005    3  1 
  51311.9792   15.071  0.004    3  1 
  51311.9983   15.178  0.004    3  1 
  51312.0087   15.233  0.004    3  1 
  51312.0350   15.353  0.004    3  1 
  51312.0550   15.432  0.004    3  1 
  51312.0672   15.479  0.004    3  1 
  51312.0870   15.552  0.004    3  1 
  51312.0988   15.588  0.004    3  1 
  51312.9828   14.810  0.003    3  1 
  51313.0063   14.962  0.003    3  1 
  51313.0300   15.098  0.003    3  1 
  51313.0562   15.236  0.003    3  1 
  51313.1113   15.478  0.004    3  1 
  51313.9807   14.504  0.003    3  1 
  51314.0143   14.709  0.003    3  1 
  51314.0397   14.867  0.003    3  1 
  51314.1124   15.282  0.004    3  1 
  51314.9752   14.998  0.003    3  1 
  51315.0102   14.404  0.002    3  1 
  51315.0336   14.533  0.002    3  1 
  51315.0747   14.789  0.003    3  1 
  51315.0982   14.939  0.003    3  1 
  51315.1216   15.089  0.003    3  1 
  51316.0399   14.491  0.002    3  1 
  51316.0634   14.426  0.002    3  1 
  51316.0869   14.571  0.003    3  1 
  51316.1115   14.727  0.003    3  1 
  51316.9740   15.780  0.005    3  1 
  51317.0052   15.871  0.006    3  1 
  51317.0282   15.907  0.008    3  1 
  51317.0566   15.400  0.004    3  1 
  51317.0822   14.601  0.003    3  1 
  51317.1075   14.406  0.003    3  1 
  51317.9847   15.758  0.005    3  1 
  51318.0099   15.758  0.006    3  1 
  51318.0374   15.839  0.007    3  1 
  51318.0942   15.701  0.009    3  1 
  51318.1226   14.796  0.004    3  1 
  51318.9772   15.700  0.005    3  1 
  51319.0019   15.726  0.005    3  1 
  51319.0274   15.761  0.005    3  1 
  51319.0757   15.776  0.005    3  1 
  51319.0997   15.853  0.005    3  1 
  51320.1208   15.785  0.004    3  1 
  51320.1417   15.843  0.005    3  1 
  51320.9728   15.507  0.004    3  1 
  51321.0400   15.682  0.004    3  1 
  51321.0624   15.698  0.004    3  1 
  51321.0930   15.726  0.005    3  1 
  51321.1217   15.759  0.004    3  1 
  51380.9937   14.451  0.002    3  1 
  51381.9793   14.975  0.003    3  1 
  51382.9755   15.939  0.007    3  1 
  51385.9679   15.728  0.004    3  1 
  51386.9917   15.694  0.005    3  1 
  51388.9755   15.293  0.004    3  1 
  51389.9750   15.030  0.003    3  1 
  51390.9697   14.727  0.003    3  1 
  51391.9697   14.470  0.002    3  1 
  51693.9923   14.317  0.002    3  1 
  51695.0052   15.562  0.004    3  1 
 56468.97641   13.600  0.035   -1  1 
 56469.04707   13.592  0.031   -1  1 
 56469.10896   13.551  0.029   -1  1 
 56469.17285   13.587  0.013   -1  1 
 56471.00364   13.484  0.017   -1  1 
 56471.06640   13.548  0.018   -1  1 
 56471.12490   13.621  0.012   -1  1 
 56471.18188   13.492  0.013   -1  1 
 56471.96759   13.355  0.026   -1  1 
 56472.03374   13.424  0.012   -1  1 
 56472.09484   13.592  0.011   -1  1 
 56472.15243   13.596  0.011   -1  1 
 56468.95296   13.368  0.025   -2  1 
 56469.02441   13.428  0.019   -2  1 
 56469.08813   13.477  0.014   -2  1 
 56469.15134   13.441  0.009   -2  1 
 56471.02588   13.441  0.018   -2  1 
 56471.08671   13.550  0.015   -2  1 
 56471.14302   13.503  0.007   -2  1 
 56471.94704   13.395  0.013   -2  1 
 56472.01085   13.464  0.029   -2  1 
 56472.07480   13.448  0.009   -2  1 
 56472.13240   13.535  0.006   -2  1 
 56472.19216   13.608  0.013   -2  1 
 56469.00041   13.862  0.015   -5  1 
 56469.06767   13.741  0.011   -5  1 
 56469.13003   13.691  0.018   -5  1 
 56469.19349   13.639  0.010   -5  1 
 56470.98130   13.791  0.011   -5  1 
 56471.04693   13.820  0.014   -5  1 
 56471.10523   13.898  0.006   -5  1 
 56471.16397   13.734  0.032   -5  1 
 56471.98857   13.748  0.023   -5  1 
 56472.05430   13.738  0.018   -5  1 
 56472.11383   13.852  0.010   -5  1 
 56472.17109   13.824  0.015   -5  1 
