  51216.3218   14.777  0.005    2  1 
  51216.3464   14.744  0.005    2  1 
  51216.3689   14.712  0.005    2  1 
  51216.3980   14.641  0.006    2  1 
  51217.3101   14.769  0.005    2  1 
  51217.3328   14.800  0.005    2  1 
  51217.3552   14.818  0.005    2  1 
  51217.3759   14.832  0.005    2  1 
  51217.3953   14.836  0.005    2  1 
  51218.2773   14.344  0.004    2  1 
  51218.3093   14.466  0.004    2  1 
  51218.3298   14.529  0.004    2  1 
  51218.3573   14.590  0.005    2  1 
  51218.3794   14.636  0.004    2  1 
  51219.3336   14.041  0.003    2  1 
  51219.3596   14.145  0.004    2  1 
  51219.3768   14.220  0.004    2  1 
  51220.2621   14.872  0.005    2  1 
  51220.2906   14.823  0.005    2  1 
  51220.3077   14.786  0.005    2  1 
  51220.3257   14.701  0.005    2  1 
  51220.3432   14.611  0.004    2  1 
  51220.3602   14.526  0.004    2  1 
  51220.3776   14.432  0.004    2  1 
  51221.2835   14.802  0.005    2  1 
  51221.3009   14.835  0.005    2  1 
  51221.3188   14.857  0.005    2  1 
  51221.3358   14.870  0.005    2  1 
  51221.3538   14.884  0.005    2  1 
  51221.3722   14.888  0.005    2  1 
  51283.2451   14.556  0.004    2  1 
  51283.2493   14.566  0.004    2  1 
  51283.2714   14.618  0.004    2  1 
  51283.2748   14.615  0.004    2  1 
  51283.2939   14.655  0.004    2  1 
  51283.2972   14.662  0.004    2  1 
  51283.3202   14.692  0.004    2  1 
  51283.3234   14.700  0.004    2  1 
  51283.3487   14.727  0.004    2  1 
  51283.3518   14.733  0.004    2  1 
  51283.3707   14.763  0.004    2  1 
  51283.3738   14.766  0.004    2  1 
  51284.2195   14.344  0.004    2  1 
  51284.2229   14.340  0.004    2  1 
  51284.2413   14.284  0.004    2  1 
  51284.2443   14.272  0.004    2  1 
  51284.2617   14.237  0.003    2  1 
  51284.2648   14.242  0.003    2  1 
  51284.2942   14.289  0.004    2  1 
  51284.2973   14.298  0.004    2  1 
  51284.3168   14.355  0.004    2  1 
  51284.3211   14.375  0.004    2  1 
  51284.3428   14.422  0.004    2  1 
  51284.3464   14.442  0.004    2  1 
  51285.0513   14.720  0.004    2  1 
  51285.0543   14.721  0.004    2  1 
  51285.0739   14.769  0.004    2  1 
  51285.0778   14.773  0.004    2  1 
  51285.0975   14.807  0.005    2  1 
  51285.1006   14.830  0.005    2  1 
  51285.1324   14.808  0.005    2  1 
  51285.1360   14.797  0.004    2  1 
  51285.1558   14.773  0.004    2  1 
  51285.1588   14.781  0.004    2  1 
  51285.1796   14.737  0.004    2  1 
  51285.1830   14.725  0.004    2  1 
  51285.2125   14.640  0.004    2  1 
  51285.2157   14.628  0.004    2  1 
  51285.2362   14.566  0.004    2  1 
  51285.2426   14.555  0.004    2  1 
  51285.2630   14.511  0.004    2  1 
  51285.2666   14.503  0.004    2  1 
  51285.2998   14.452  0.004    2  1 
  51285.3033   14.445  0.004    2  1 
  51285.3308   14.409  0.004    2  1 
  51285.3348   14.399  0.003    2  1 
  51285.3382   14.395  0.004    2  1 
  51286.0461   14.398  0.003    2  1 
  51286.0493   14.416  0.003    2  1 
  51286.0716   14.477  0.003    2  1 
  51286.0753   14.490  0.003    2  1 
  51286.1026   14.553  0.004    2  1 
  51286.1061   14.566  0.004    2  1 
  51286.1365   14.634  0.004    2  1 
  51286.1398   14.638  0.004    2  1 
  51286.1608   14.678  0.004    2  1 
  51286.1639   14.682  0.004    2  1 
  51286.1669   14.687  0.004    2  1 
  51286.1875   14.723  0.004    2  1 
  51286.1908   14.735  0.004    2  1 
  51286.2255   14.792  0.004    2  1 
  51286.2285   14.797  0.004    2  1 
  51286.2476   14.804  0.004    2  1 
  51286.2508   14.807  0.004    2  1 
  51286.2697   14.811  0.004    2  1 
  51286.2727   14.806  0.004    2  1 
  51286.3022   14.781  0.004    2  1 
  51286.3055   14.776  0.004    2  1 
  51286.3218   14.740  0.004    2  1 
  51286.3250   14.728  0.004    2  1 
  51286.3450   14.669  0.004    2  1 
  51286.3481   14.664  0.004    2  1 
  51304.9873   14.672  0.004    2  1 
  51304.9926   14.650  0.004    2  1 
  51305.0328   14.509  0.004    2  1 
  51305.0362   14.496  0.004    2  1 
  51305.0559   14.415  0.004    2  1 
  51305.0599   14.400  0.004    2  1 
  51305.0890   14.294  0.003    2  1 
  51305.0922   14.279  0.003    2  1 
  51305.1235   14.195  0.004    2  1 
  51305.1269   14.180  0.004    2  1 
  51305.1509   14.170  0.004    2  1 
  51305.1547   14.179  0.004    2  1 
  51305.1853   14.276  0.004    2  1 
  51305.1885   14.282  0.004    2  1 
  51305.2098   14.361  0.004    2  1 
  51305.2128   14.363  0.004    2  1 
  51305.2431   14.465  0.004    2  1 
  51305.2461   14.466  0.004    2  1 
  51305.2704   14.546  0.004    2  1 
  51305.2734   14.550  0.004    2  1 
  51305.2966   14.609  0.004    2  1 
  51305.2995   14.619  0.004    2  1 
  51305.9857   14.782  0.003    2  1 
  51305.9885   14.790  0.004    2  1 
  51305.9912   14.787  0.003    2  1 
  51306.0256   14.799  0.003    2  1 
  51306.0285   14.792  0.004    2  1 
  51306.0465   14.781  0.004    2  1 
  51306.0498   14.777  0.004    2  1 
  51306.0896   14.759  0.004    2  1 
  51306.0930   14.755  0.004    2  1 
  51306.1123   14.710  0.004    2  1 
  51306.1151   14.707  0.004    2  1 
  51306.1375   14.652  0.004    2  1 
  51306.1405   14.637  0.004    2  1 
  51306.1636   14.542  0.004    2  1 
  51306.1673   14.519  0.004    2  1 
  51306.1937   14.387  0.003    2  1 
  51306.1966   14.375  0.003    2  1 
  51306.2146   14.305  0.004    2  1 
  51306.2178   14.297  0.003    2  1 
  51306.2343   14.253  0.003    2  1 
  51306.2380   14.247  0.003    2  1 
  51306.2574   14.184  0.003    2  1 
  51306.2602   14.181  0.002    2  1 
  51306.2805   14.150  0.003    2  1 
  51306.2835   14.159  0.002    2  1 
  51306.3009   14.196  0.003    2  1 
  51306.3038   14.210  0.003    2  1 
  51306.3135   14.246  0.003    2  1 
  51306.3184   14.256  0.004    2  1 
  51307.0456   14.699  0.005    2  1 
  51307.0501   14.718  0.005    2  1 
  51307.0593   14.728  0.004    2  1 
  51307.0645   14.773  0.004    2  1 
  51307.0699   14.799  0.012    2  1 
  51307.0747   14.778  0.007    2  1 
  51308.0084   14.199  0.003    2  1 
  51308.0112   14.210  0.003    2  1 
  51308.0334   14.289  0.003    2  1 
  51308.0362   14.299  0.003    2  1 
  51308.0394   14.318  0.003    2  1 
  51308.0633   14.400  0.003    2  1 
  51308.0663   14.411  0.003    2  1 
  51308.0995   14.519  0.003    2  1 
  51308.1031   14.521  0.003    2  1 
  51308.1280   14.587  0.004    2  1 
  51308.1309   14.600  0.004    2  1 
  51310.0850   14.793  0.003    2  1 
  51310.0874   14.787  0.003    2  1 
  51310.0897   14.778  0.003    2  1 
  51310.0922   14.771  0.003    2  1 
  51310.1430   14.487  0.003    2  1 
  51310.1458   14.472  0.003    2  1 
  51310.1486   14.450  0.004    2  1 
  51311.0244   14.776  0.007    2  1 
  51311.0302   14.768  0.006    2  1 
  51311.0334   14.775  0.006    2  1 
  51311.0506   14.813  0.003    2  1 
  51311.0539   14.826  0.004    2  1 
  51311.0637   14.835  0.005    2  1 
  51311.0669   14.845  0.005    2  1 
  51311.0702   14.871  0.004    2  1 
  51311.0907   14.889  0.005    2  1 
  51311.0946   14.891  0.005    2  1 
  51311.0980   14.886  0.005    2  1 
  51311.1015   14.894  0.005    2  1 
  51311.1071   14.902  0.005    2  1 
  51311.1298   14.920  0.005    2  1 
  51311.1327   14.925  0.005    2  1 
  51311.1357   14.925  0.005    2  1 
  51311.1398   14.922  0.005    2  1 
  51311.1447   14.940  0.005    2  1 
  51311.9726   14.062  0.005    2  1 
  51311.9755   14.149  0.004    2  1 
  51312.0020   14.284  0.003    2  1 
  51312.0049   14.307  0.004    2  1 
  51312.0255   14.394  0.004    2  1 
  51312.0284   14.413  0.003    2  1 
  51312.0314   14.424  0.003    2  1 
  51312.0584   14.515  0.003    2  1 
  51312.0611   14.519  0.003    2  1 
  51312.0638   14.530  0.003    2  1 
  51312.0903   14.597  0.003    2  1 
  51312.0929   14.602  0.003    2  1 
  51312.0955   14.610  0.003    2  1 
  51312.1146   14.661  0.004    2  1 
  51312.1173   14.661  0.004    2  1 
  51312.1200   14.667  0.004    2  1 
  51312.9860   14.342  0.003    2  1 
  51312.9887   14.327  0.003    2  1 
  51312.9913   14.313  0.003    2  1 
  51313.0096   14.238  0.003    2  1 
  51313.0123   14.219  0.003    2  1 
  51313.0149   14.208  0.003    2  1 
  51313.0333   14.077  0.003    2  1 
  51313.0360   14.054  0.003    2  1 
  51313.0386   14.031  0.003    2  1 
  51313.0413   14.020  0.003    2  1 
  51313.0595   13.956  0.002    2  1 
  51313.0622   13.946  0.003    2  1 
  51313.0648   13.956  0.003    2  1 
  51313.0911   14.084  0.003    2  1 
  51313.0937   14.098  0.003    2  1 
  51313.0964   14.113  0.003    2  1 
  51313.1146   14.211  0.003    2  1 
  51313.1172   14.232  0.003    2  1 
  51313.1199   14.244  0.003    2  1 
  51313.1226   14.256  0.003    2  1 
  51313.9843   14.937  0.004    2  1 
  51313.9872   14.945  0.005    2  1 
  51313.9901   14.940  0.005    2  1 
  51314.0178   14.918  0.005    2  1 
  51314.0207   14.914  0.005    2  1 
  51314.0236   14.901  0.004    2  1 
  51314.0432   14.813  0.004    2  1 
  51314.0461   14.798  0.004    2  1 
  51314.0490   14.783  0.004    2  1 
  51314.0772   14.573  0.004    2  1 
  51314.0802   14.547  0.004    2  1 
  51314.0831   14.530  0.004    2  1 
  51314.1030   14.385  0.004    2  1 
  51314.1059   14.357  0.004    2  1 
  51314.1088   14.344  0.004    2  1 
  51314.1289   14.244  0.004    2  1 
  51314.1333   14.213  0.004    2  1 
  51314.1363   14.205  0.004    2  1 
  51314.9827   14.761  0.004    2  1 
  51314.9856   14.768  0.004    2  1 
  51314.9885   14.765  0.004    2  1 
  51315.0015   14.796  0.004    2  1 
  51315.0043   14.799  0.004    2  1 
  51315.0069   14.810  0.004    2  1 
  51315.0251   14.838  0.004    2  1 
  51315.0277   14.844  0.004    2  1 
  51315.0304   14.846  0.004    2  1 
  51315.0489   14.880  0.004    2  1 
  51315.0516   14.881  0.004    2  1 
  51315.0542   14.875  0.004    2  1 
  51315.0780   14.914  0.004    2  1 
  51315.0807   14.910  0.004    2  1 
  51315.0833   14.916  0.004    2  1 
  51315.1015   14.940  0.004    2  1 
  51315.1041   14.945  0.004    2  1 
  51315.1068   14.943  0.004    2  1 
  51315.1290   14.962  0.005    2  1 
  51315.1319   14.954  0.005    2  1 
  51316.0194   14.558  0.003    2  1 
  51316.0221   14.571  0.003    2  1 
  51316.0247   14.572  0.003    2  1 
  51316.0431   14.624  0.003    2  1 
  51316.0458   14.634  0.004    2  1 
  51316.0485   14.639  0.004    2  1 
  51316.0667   14.687  0.004    2  1 
  51316.0693   14.697  0.004    2  1 
  51316.0720   14.698  0.004    2  1 
  51316.0905   14.728  0.004    2  1 
  51316.0934   14.733  0.004    2  1 
  51316.0963   14.734  0.004    2  1 
  51316.1148   14.762  0.004    2  1 
  51316.1175   14.772  0.004    2  1 
  51316.1201   14.775  0.004    2  1 
  51316.9647   14.141  0.003    2  1 
  51316.9676   14.121  0.003    2  1 
  51316.9705   14.108  0.003    2  1 
  51316.9896   14.079  0.003    2  1 
  51316.9923   14.074  0.003    2  1 
  51316.9949   14.072  0.003    2  1 
  51317.0088   14.063  0.003    2  1 
  51317.0117   14.073  0.003    2  1 
  51317.0321   14.144  0.004    2  1 
  51317.0351   14.163  0.004    2  1 
  51317.0391   14.173  0.003    2  1 
  51317.0602   14.269  0.004    2  1 
  51317.0631   14.286  0.003    2  1 
  51317.0660   14.298  0.003    2  1 
  51317.0858   14.367  0.004    2  1 
  51317.0887   14.381  0.004    2  1 
  51317.0916   14.397  0.004    2  1 
  51317.1111   14.462  0.004    2  1 
  51317.1140   14.454  0.005    2  1 
  51317.1169   14.483  0.004    2  1 
  51317.9628   14.869  0.005    2  1 
  51317.9657   14.879  0.006    2  1 
  51317.9685   14.862  0.005    2  1 
  51317.9883   14.712  0.005    2  1 
  51317.9912   14.680  0.004    2  1 
  51317.9941   14.651  0.004    2  1 
  51318.0135   14.475  0.004    2  1 
  51318.0164   14.454  0.005    2  1 
  51318.0194   14.432  0.005    2  1 
  51318.0413   14.282  0.004    2  1 
  51318.0445   14.258  0.004    2  1 
  51318.0477   14.250  0.004    2  1 
  51318.0697   14.167  0.004    2  1 
  51318.0730   14.138  0.004    2  1 
  51318.0762   14.133  0.004    2  1 
  51318.0981   14.081  0.005    2  1 
  51318.1014   14.105  0.004    2  1 
  51318.1046   14.069  0.005    2  1 
  51318.1265   14.071  0.005    2  1 
  51318.1298   14.073  0.004    2  1 
  51318.9642   14.788  0.004    2  1 
  51318.9680   14.798  0.005    2  1 
  51318.9708   14.797  0.004    2  1 
  51318.9737   14.803  0.004    2  1 
  51318.9929   14.822  0.004    2  1 
  51318.9956   14.829  0.004    2  1 
  51318.9983   14.815  0.004    2  1 
  51319.0180   14.852  0.005    2  1 
  51319.0209   14.836  0.005    2  1 
  51319.0238   14.835  0.004    2  1 
  51319.0443   14.860  0.005    2  1 
  51319.0474   14.861  0.005    2  1 
  51319.0505   14.869  0.005    2  1 
  51319.0793   14.845  0.004    2  1 
  51319.0820   14.838  0.004    2  1 
  51319.0847   14.827  0.004    2  1 
  51319.1030   14.750  0.004    2  1 
  51319.1084   14.712  0.004    2  1 
  51319.1110   14.687  0.004    2  1 
  51320.1030   14.802  0.003    2  1 
  51320.1053   14.806  0.003    2  1 
  51320.1076   14.810  0.003    2  1 
  51320.1238   14.798  0.003    2  1 
  51320.1261   14.801  0.003    2  1 
  51320.1284   14.798  0.003    2  1 
  51320.1450   14.813  0.004    2  1 
  51320.1477   14.805  0.004    2  1 
  51320.1503   14.810  0.004    2  1 
  51320.9635   14.308  0.003    2  1 
  51320.9664   14.317  0.003    2  1 
  51320.9693   14.327  0.003    2  1 
  51320.9887   14.388  0.003    2  1 
  51320.9911   14.393  0.003    2  1 
  51320.9936   14.405  0.003    2  1 
  51321.0102   14.446  0.003    2  1 
  51321.0126   14.458  0.003    2  1 
  51321.0150   14.460  0.003    2  1 
  51321.0318   14.507  0.003    2  1 
  51321.0344   14.509  0.003    2  1 
  51321.0369   14.516  0.003    2  1 
  51321.0543   14.557  0.003    2  1 
  51321.0568   14.567  0.003    2  1 
  51321.0594   14.572  0.003    2  1 
  51321.0847   14.627  0.003    2  1 
  51321.0873   14.642  0.004    2  1 
  51321.0898   14.645  0.004    2  1 
  51321.1133   14.698  0.004    2  1 
  51321.1159   14.698  0.004    2  1 
  51321.1186   14.705  0.004    2  1 
  51321.1339   14.730  0.004    2  1 
  51321.1365   14.740  0.004    2  1 
  51332.9696   14.507  0.006    2  1 
  51332.9739   14.520  0.006    2  1 
  51332.9891   14.554  0.005    2  1 
  51332.9928   14.565  0.006    2  1 
  51332.9965   14.573  0.006    2  1 
  51333.0083   14.595  0.005    2  1 
  51333.0120   14.599  0.005    2  1 
  51333.0226   14.624  0.005    2  1 
  51333.0264   14.622  0.005    2  1 
  51333.0514   14.668  0.005    2  1 
  51333.0552   14.678  0.006    2  1 
  51333.0742   14.703  0.005    2  1 
  51333.0779   14.715  0.006    2  1 
  51333.0907   14.724  0.005    2  1 
  51333.0945   14.727  0.005    2  1 
  51333.1178   14.755  0.005    2  1 
  51333.1221   14.758  0.005    2  1 
  51333.1335   14.767  0.006    2  1 
  51333.1369   14.762  0.006    2  1 
  51333.1529   14.764  0.005    2  1 
  51333.1565   14.760  0.006    2  1 
  51333.1716   14.759  0.006    2  1 
  51333.1752   14.762  0.006    2  1 
  51334.9841   14.705  0.004    2  1 
  51334.9871   14.693  0.004    2  1 
  51335.0175   14.601  0.004    2  1 
  51335.0204   14.591  0.004    2  1 
  51335.0301   14.552  0.004    2  1 
  51335.0334   14.540  0.004    2  1 
  51335.0517   14.453  0.004    2  1 
  51335.0552   14.424  0.004    2  1 
  51335.0692   14.273  0.004    2  1 
  51335.0727   14.220  0.004    2  1 
  51335.0833   14.086  0.004    2  1 
  51335.0867   14.059  0.004    2  1 
  51335.1133   14.038  0.004    2  1 
  51335.1167   14.048  0.004    2  1 
  51335.9535   14.822  0.005    2  1 
  51335.9726   14.841  0.005    2  1 
  51335.9768   14.837  0.005    2  1 
  51335.9997   14.841  0.004    2  1 
  51336.0027   14.846  0.005    2  1 
  51336.0203   14.848  0.005    2  1 
  51336.0236   14.849  0.005    2  1 
  51336.0357   14.846  0.005    2  1 
  51336.0388   14.850  0.005    2  1 
  51336.0593   14.830  0.005    2  1 
  51336.0629   14.833  0.005    2  1 
  51336.0769   14.814  0.005    2  1 
  51336.0803   14.824  0.006    2  1 
  51336.1025   14.769  0.005    2  1 
  51336.1059   14.761  0.005    2  1 
  51336.1206   14.720  0.005    2  1 
  51336.1240   14.707  0.005    2  1 
  51337.0101   14.719  0.006    2  1 
  51337.9904   14.227  0.004    2  1 
  51337.9940   14.246  0.004    2  1 
  51338.0162   14.346  0.004    2  1 
  51338.0196   14.364  0.004    2  1 
  51338.0339   14.410  0.005    2  1 
  51338.0376   14.422  0.005    2  1 
  51338.9901   14.411  0.004    2  1 
  51338.9938   14.391  0.004    2  1 
  51339.0226   14.105  0.004    2  1 
  51339.0269   14.055  0.004    2  1 
  51339.0867   14.052  0.005    2  1 
  51339.0905   14.092  0.004    2  1 
  51339.1139   14.212  0.004    2  1 
  51339.1177   14.227  0.004    2  1 
  51339.1448   14.350  0.004    2  1 
  51339.1482   14.368  0.004    2  1 
  51339.9766   14.900  0.004    2  1 
  51339.9795   14.898  0.004    2  1 
  51340.0044   14.886  0.004    2  1 
  51340.0078   14.884  0.004    2  1 
  51340.0274   14.865  0.005    2  1 
  51340.0306   14.852  0.005    2  1 
  51340.0540   14.739  0.005    2  1 
  51340.0572   14.721  0.005    2  1 
  51340.0857   14.555  0.005    2  1 
  51340.0892   14.535  0.005    2  1 
  51340.1152   14.382  0.004    2  1 
  51340.1197   14.361  0.004    2  1 
  51340.1229   14.339  0.004    2  1 
  51340.1263   14.319  0.004    2  1 
  51340.1404   14.201  0.004    2  1 
  51340.1437   14.165  0.004    2  1 
  51344.9924   14.803  0.004    2  1 
  51344.9958   14.811  0.004    2  1 
  51344.9988   14.811  0.004    2  1 
  51345.0216   14.838  0.005    2  1 
  51345.0255   14.844  0.005    2  1 
  51345.0302   14.838  0.005    2  1 
  51345.0553   14.837  0.005    2  1 
  51345.0603   14.818  0.004    2  1 
  51345.9856   14.696  0.005    2  1 
  51345.9896   14.693  0.005    2  1 
  51346.0219   14.742  0.005    2  1 
  51346.0264   14.740  0.005    2  1 
  51346.0486   14.766  0.005    2  1 
  51346.0523   14.772  0.005    2  1 
  51346.0791   14.788  0.005    2  1 
  51346.0826   14.793  0.004    2  1 
  51347.0416   14.536  0.004    2  1 
  51347.0453   14.552  0.003    2  1 
  51347.0743   14.625  0.004    2  1 
  51347.0777   14.628  0.004    2  1 
  51347.0990   14.692  0.004    2  1 
  51347.1022   14.694  0.003    2  1 
  51347.9769   14.189  0.003    2  1 
  51347.9802   14.172  0.003    2  1 
  51347.9834   14.169  0.003    2  1 
  51347.9983   14.133  0.003    2  1 
  51348.0028   14.132  0.003    2  1 
  51348.0063   14.127  0.003    2  1 
  51348.0242   14.126  0.003    2  1 
  51348.0274   14.126  0.003    2  1 
  51348.0943   14.314  0.005    2  1 
  51348.0983   14.324  0.005    2  1 
  51348.1018   14.328  0.005    2  1 
  51348.9650   14.786  0.005    2  1 
  51348.9682   14.779  0.004    2  1 
  51348.9853   14.779  0.004    2  1 
  51348.9883   14.781  0.004    2  1 
  51348.9912   14.780  0.004    2  1 
  51349.0316   14.671  0.004    2  1 
  51349.0346   14.661  0.004    2  1 
  51349.9815   14.770  0.004    2  1 
  51349.9851   14.775  0.004    2  1 
  51349.9973   14.786  0.004    2  1 
  51350.0033   14.785  0.005    2  1 
  51350.0066   14.786  0.004    2  1 
  51350.0164   14.803  0.004    2  1 
  51350.0197   14.801  0.005    2  1 
  51350.0296   14.817  0.005    2  1 
  51380.9973   14.558  0.004    2  1 
  51381.0004   14.568  0.003    2  1 
  51381.0031   14.578  0.003    2  1 
  51381.0187   14.613  0.003    2  1 
  51381.0214   14.613  0.004    2  1 
  51381.0242   14.622  0.004    2  1 
  51381.9830   13.975  0.003    2  1 
  51381.9859   13.976  0.003    2  1 
  51381.9888   13.983  0.003    2  1 
  51382.0000   14.057  0.003    2  1 
  51382.0029   14.070  0.003    2  1 
  51382.9793   14.779  0.005    2  1 
  51382.9826   14.767  0.004    2  1 
  51382.9857   14.750  0.005    2  1 
  51382.9965   14.701  0.005    2  1 
  51382.9995   14.688  0.005    2  1 
  51383.9746   14.899  0.004    2  1 
  51383.9773   14.892  0.004    2  1 
  51383.9799   14.907  0.004    2  1 
  51383.9899   14.920  0.005    2  1 
  51383.9926   14.914  0.004    2  1 
  51384.9751   14.628  0.003    2  1 
  51384.9777   14.631  0.003    2  1 
  51384.9802   14.639  0.003    2  1 
  51384.9896   14.666  0.003    2  1 
  51384.9921   14.664  0.003    2  1 
  51385.9711   14.151  0.003    2  1 
  51385.9737   14.163  0.003    2  1 
  51385.9763   14.182  0.003    2  1 
  51385.9857   14.221  0.003    2  1 
  51385.9884   14.238  0.003    2  1 
  51386.9965   14.219  0.003    2  1 
  51387.0003   14.196  0.003    2  1 
  51387.0041   14.168  0.003    2  1 
  51387.0216   14.037  0.003    2  1 
  51387.0254   13.999  0.003    2  1 
  51387.0293   13.971  0.003    2  1 
  51388.9801   14.799  0.005    2  1 
  51388.9834   14.800  0.005    2  1 
  51388.9866   14.807  0.005    2  1 
  51388.9984   14.835  0.006    2  1 
  51389.0017   14.845  0.006    2  1 
  51389.9783   14.492  0.003    2  1 
  51389.9809   14.510  0.003    2  1 
  51389.9836   14.507  0.003    2  1 
  51390.9729   14.092  0.003    2  1 
  51390.9756   14.085  0.003    2  1 
  51390.9783   14.087  0.003    2  1 
  51391.9728   14.701  0.003    2  1 
  51391.9754   14.681  0.003    2  1 
  51391.9779   14.661  0.003    2  1 
  51671.0871   14.264  0.004    2  1 
  51671.0917   14.250  0.004    2  1 
  51671.0952   14.238  0.004    2  1 
  51671.1189   14.130  0.003    2  1 
  51671.1232   14.101  0.003    2  1 
  51671.9996   14.848  0.004    2  1 
  51672.0039   14.846  0.004    2  1 
  51672.0350   14.887  0.004    2  1 
  51672.0382   14.892  0.004    2  1 
  51673.0232   14.679  0.003    2  1 
  51674.0574   14.426  0.005    2  1 
  51674.0620   14.466  0.008    2  1 
  51674.0938   14.541  0.005    2  1 
  51674.0985   14.555  0.005    2  1 
  51674.1159   14.603  0.005    2  1 
  51674.1223   14.623  0.004    2  1 
  51674.9763   14.398  0.005    2  1 
  51674.9824   14.360  0.005    2  1 
  51675.0212   14.226  0.004    2  1 
  51676.0163   14.831  0.005    2  1 
  51692.9816   14.885  0.005    2  1 
  51692.9854   14.887  0.005    2  1 
  51693.9780   14.728  0.004    2  1 
  51693.9814   14.743  0.004    2  1 
  51694.9914   14.451  0.003    2  1 
  51694.9946   14.431  0.003    2  1 
  51765.9974   14.376  0.004    2  1 
  51766.0012   14.344  0.004    2  1 
  51766.0048   14.306  0.004    2  1 
  51766.0266   14.029  0.004    2  1 
  51766.0301   14.006  0.003    2  1 
  51216.3408   15.223  0.004    3  1 
  51216.3634   15.034  0.004    3  1 
  51216.3905   15.068  0.004    3  1 
  51217.3019   15.216  0.004    3  1 
  51217.3710   15.291  0.004    3  1 
  51218.2854   14.703  0.003    3  1 
  51218.3156   14.850  0.004    3  1 
  51218.3347   14.933  0.003    3  1 
  51218.3653   14.952  0.003    3  1 
  51218.3848   15.085  0.004    3  1 
  51219.2918   14.301  0.003    3  1 
  51219.3100   14.153  0.002    3  1 
  51219.3296   14.212  0.002    3  1 
  51219.3536   14.340  0.003    3  1 
  51219.3723   14.446  0.003    3  1 
  51220.2720   15.373  0.004    3  1 
  51220.2946   15.324  0.004    3  1 
  51220.3117   15.228  0.004    3  1 
  51220.3299   15.110  0.004    3  1 
  51220.3473   14.978  0.004    3  1 
  51220.3643   14.862  0.003    3  1 
  51220.3816   14.733  0.003    3  1 
  51221.2763   15.298  0.004    3  1 
  51221.2964   15.337  0.004    3  1 
  51221.3145   15.370  0.004    3  1 
  51221.3318   15.387  0.004    3  1 
  51221.3496   15.402  0.004    3  1 
  51221.3673   15.400  0.004    3  1 
  51283.2783   15.065  0.003    3  1 
  51283.3008   15.122  0.003    3  1 
  51283.3322   15.187  0.003    3  1 
  51283.3553   15.225  0.003    3  1 
  51283.3773   15.407  0.005    3  1 
  51284.2134   14.647  0.003    3  1 
  51284.2375   14.576  0.003    3  1 
  51284.2581   14.508  0.002    3  1 
  51284.2875   14.548  0.003    3  1 
  51284.3124   14.654  0.003    3  1 
  51284.3383   14.762  0.003    3  1 
  51285.0451   15.209  0.003    3  1 
  51285.0691   15.255  0.003    3  1 
  51285.0932   15.301  0.004    3  1 
  51285.1257   15.313  0.004    3  1 
  51285.1514   15.265  0.003    3  1 
  51285.1754   15.206  0.003    3  1 
  51285.2060   15.082  0.003    3  1 
  51285.2321   14.956  0.003    3  1 
  51285.2586   14.866  0.003    3  1 
  51285.2928   14.784  0.003    3  1 
  51285.3257   14.731  0.003    3  1 
  51286.0393   14.625  0.002    3  1 
  51286.0670   14.842  0.003    3  1 
  51286.0977   15.123  0.003    3  1 
  51286.1560   14.914  0.003    3  1 
  51286.1833   15.192  0.003    3  1 
  51286.2193   15.270  0.004    3  1 
  51286.2434   15.306  0.004    3  1 
  51286.2655   15.304  0.004    3  1 
  51286.3291   15.168  0.003    3  1 
  51286.3521   15.066  0.003    3  1 
  51304.9838   15.118  0.003    3  1 
  51305.0251   14.905  0.004    3  1 
  51305.0718   14.645  0.003    3  1 
  51305.0961   14.529  0.003    3  1 
  51305.1465   14.403  0.003    3  1 
  51305.1755   14.504  0.003    3  1 
  51305.2054   14.643  0.004    3  1 
  51305.2345   14.773  0.003    3  1 
  51305.2666   14.925  0.004    3  1 
  51305.2880   15.010  0.004    3  1 
  51306.0428   15.263  0.004    3  1 
  51306.0809   15.246  0.004    3  1 
  51306.1087   15.482  0.004    3  1 
  51306.1330   15.515  0.005    3  1 
  51306.1578   15.284  0.004    3  1 
  51306.1875   15.259  0.004    3  1 
  51306.2101   14.567  0.003    3  1 
  51306.2308   15.046  0.003    3  1 
  51306.2538   14.385  0.002    3  1 
  51306.2771   14.380  0.002    3  1 
  51306.2972   14.434  0.002    3  1 
  51308.0025   14.333  0.002    3  1 
  51308.0294   14.389  0.002    3  1 
  51308.0600   14.724  0.002    3  1 
  51308.0958   14.786  0.002    3  1 
  51308.1244   15.002  0.003    3  1 
  51310.1057   15.718  0.003    3  1 
  51310.1100   14.927  0.002    3  1 
  51310.1132   14.770  0.002    3  1 
  51311.9792   14.410  0.003    3  1 
  51311.9983   14.548  0.003    3  1 
  51312.0087   14.623  0.003    3  1 
  51312.0350   14.785  0.003    3  1 
  51312.0550   14.879  0.003    3  1 
  51312.0672   14.936  0.003    3  1 
  51312.0870   15.012  0.003    3  1 
  51312.0988   15.055  0.003    3  1 
  51312.9828   14.674  0.002    3  1 
  51313.0063   14.517  0.002    3  1 
  51313.0300   14.794  0.003    3  1 
  51313.0562   14.817  0.003    3  1 
  51313.0838   14.082  0.002    3  1 
  51313.1113   14.439  0.002    3  1 
  51313.9807   15.488  0.004    3  1 
  51314.0143   15.460  0.004    3  1 
  51314.0397   15.332  0.004    3  1 
  51314.1124   14.606  0.003    3  1 
  51314.9752   15.239  0.004    3  1 
  51315.0102   15.332  0.004    3  1 
  51315.0336   15.400  0.004    3  1 
  51315.0747   15.448  0.004    3  1 
  51315.0982   15.486  0.004    3  1 
  51315.1216   15.475  0.004    3  1 
  51316.0399   15.054  0.003    3  1 
  51316.0634   15.134  0.003    3  1 
  51316.0869   15.208  0.004    3  1 
  51316.1115   15.257  0.003    3  1 
  51316.9740   14.338  0.002    3  1 
  51317.0052   14.241  0.003    3  1 
  51317.0282   14.313  0.003    3  1 
  51317.0566   14.521  0.003    3  1 
  51317.0822   14.663  0.003    3  1 
  51317.1075   14.798  0.003    3  1 
  51317.9847   15.178  0.004    3  1 
  51318.0099   14.849  0.003    3  1 
  51318.0374   14.544  0.004    3  1 
  51318.1226   14.277  0.003    3  1 
  51318.9772   15.328  0.004    3  1 
  51319.0019   15.273  0.004    3  1 
  51319.0274   15.337  0.004    3  1 
  51319.0757   15.372  0.004    3  1 
  51319.0997   15.238  0.003    3  1 
  51320.1000   15.154  0.003    3  1 
  51320.1417   15.305  0.004    3  1 
  51320.9728   14.643  0.003    3  1 
  51320.9965   14.797  0.002    3  1 
  51321.0180   14.720  0.002    3  1 
  51321.0400   14.905  0.003    3  1 
  51321.0930   15.078  0.003    3  1 
  51321.1217   15.189  0.003    3  1 
  51380.9937   14.955  0.003    3  1 
  51381.9793   14.151  0.002    3  1 
  51382.9755   15.277  0.005    3  1 
  51384.9721   15.068  0.002    3  1 
  51385.9679   14.274  0.002    3  1 
  51386.9917   14.499  0.002    3  1 
  51388.9755   15.272  0.004    3  1 
  51389.9750   14.838  0.003    3  1 
  51390.9697   14.208  0.002    3  1 
  51391.9697   15.210  0.002    3  1 
  51693.9923   15.272  0.003    3  1 
  51695.0052   14.878  0.003    3  1 
 56468.97641   13.294  0.036   -1  1 
 56469.04707   13.497  0.038   -1  1 
 56469.10896   13.315  0.043   -1  1 
 56469.17285   13.166  0.011   -1  1 
 56471.00364   13.137  0.024   -1  1 
 56471.06640   13.204  0.010   -1  1 
 56471.12490   13.434  0.018   -1  1 
 56471.18188   13.531  0.028   -1  1 
 56471.96759   13.542  0.041   -1  1 
 56472.03374   13.298  0.020   -1  1 
 56472.09484   13.154  0.013   -1  1 
 56472.15243   13.226  0.022   -1  1 
 56468.95296   13.366  0.036   -2  1 
 56469.02441   13.275  0.035   -2  1 
 56469.08813   13.377  0.031   -2  1 
 56469.15134   13.135  0.012   -2  1 
 56471.02588   13.178  0.026   -2  1 
 56471.08671   13.224  0.021   -2  1 
 56471.14302   13.276  0.008   -2  1 
 56471.94704   13.201  0.016   -2  1 
 56472.01085   12.960  0.035   -2  1 
 56472.07480   13.389  0.033   -2  1 
 56472.13240   13.131  0.007   -2  1 
 56472.19216   13.191  0.009   -2  1 
 56469.00041   13.602  0.021   -5  1 
 56469.06767   13.525  0.012   -5  1 
 56469.13003   13.432  0.011   -5  1 
 56469.19349   13.391  0.013   -5  1 
 56470.98130   13.514  0.025   -5  1 
 56471.04693   13.489  0.016   -5  1 
 56471.10523   13.587  0.015   -5  1 
 56471.16397   13.613  0.005   -5  1 
 56471.98857   13.322  0.013   -5  1 
 56472.05430   13.380  0.009   -5  1 
 56472.11383   13.446  0.011   -5  1 
 56472.17109   13.517  0.011   -5  1 
