  51216.3218   14.393  0.004    2  1 
  51216.3464   14.354  0.004    2  1 
  51216.3689   14.346  0.004    2  1 
  51216.3980   14.353  0.005    2  1 
  51217.3101   14.701  0.005    2  1 
  51217.3328   14.734  0.005    2  1 
  51217.3552   14.758  0.005    2  1 
  51217.3759   14.753  0.005    2  1 
  51217.3953   14.736  0.005    2  1 
  51218.2773   14.365  0.004    2  1 
  51218.3093   14.335  0.004    2  1 
  51218.3298   14.327  0.004    2  1 
  51218.3573   14.366  0.004    2  1 
  51218.3794   14.434  0.004    2  1 
  51219.3336   14.712  0.005    2  1 
  51219.3596   14.590  0.004    2  1 
  51219.3768   14.482  0.004    2  1 
  51220.2621   14.313  0.004    2  1 
  51220.2906   14.367  0.004    2  1 
  51220.3077   14.421  0.004    2  1 
  51220.3257   14.476  0.004    2  1 
  51220.3432   14.536  0.004    2  1 
  51220.3602   14.595  0.004    2  1 
  51220.3776   14.641  0.005    2  1 
  51221.2835   14.649  0.004    2  1 
  51221.3009   14.547  0.004    2  1 
  51221.3188   14.445  0.004    2  1 
  51221.3358   14.433  0.004    2  1 
  51221.3538   14.415  0.004    2  1 
  51221.3722   14.372  0.004    2  1 
  51283.2451   14.374  0.004    2  1 
  51283.2493   14.364  0.004    2  1 
  51283.2714   14.314  0.004    2  1 
  51283.2748   14.306  0.004    2  1 
  51283.2939   14.302  0.003    2  1 
  51283.2972   14.304  0.003    2  1 
  51283.3202   14.345  0.004    2  1 
  51283.3234   14.354  0.004    2  1 
  51283.3487   14.434  0.004    2  1 
  51283.3518   14.439  0.004    2  1 
  51283.3707   14.508  0.004    2  1 
  51283.3738   14.521  0.004    2  1 
  51284.2195   14.689  0.004    2  1 
  51284.2229   14.701  0.004    2  1 
  51284.2413   14.717  0.004    2  1 
  51284.2443   14.729  0.004    2  1 
  51284.2617   14.738  0.004    2  1 
  51284.2648   14.741  0.004    2  1 
  51284.2942   14.722  0.004    2  1 
  51284.2973   14.717  0.004    2  1 
  51284.3168   14.672  0.004    2  1 
  51284.3211   14.665  0.004    2  1 
  51284.3428   14.542  0.004    2  1 
  51284.3464   14.527  0.004    2  1 
  51285.0513   14.744  0.004    2  1 
  51285.0543   14.748  0.004    2  1 
  51285.0739   14.732  0.004    2  1 
  51285.0778   14.726  0.004    2  1 
  51285.0975   14.667  0.004    2  1 
  51285.1006   14.656  0.005    2  1 
  51285.1324   14.478  0.004    2  1 
  51285.1360   14.468  0.004    2  1 
  51285.1558   14.429  0.003    2  1 
  51285.1588   14.422  0.003    2  1 
  51285.1796   14.355  0.003    2  1 
  51285.1830   14.350  0.003    2  1 
  51285.2125   14.305  0.003    2  1 
  51285.2157   14.306  0.003    2  1 
  51285.2362   14.320  0.004    2  1 
  51285.2426   14.330  0.004    2  1 
  51285.2630   14.385  0.004    2  1 
  51285.2666   14.391  0.004    2  1 
  51285.2998   14.490  0.004    2  1 
  51285.3033   14.498  0.004    2  1 
  51285.3308   14.579  0.004    2  1 
  51285.3348   14.595  0.004    2  1 
  51285.3382   14.604  0.004    2  1 
  51286.0461   14.407  0.003    2  1 
  51286.0493   14.417  0.003    2  1 
  51286.0716   14.478  0.003    2  1 
  51286.0753   14.485  0.004    2  1 
  51286.1026   14.561  0.004    2  1 
  51286.1061   14.573  0.004    2  1 
  51286.1365   14.650  0.004    2  1 
  51286.1398   14.663  0.004    2  1 
  51286.1608   14.706  0.004    2  1 
  51286.1639   14.705  0.004    2  1 
  51286.1669   14.707  0.004    2  1 
  51286.1875   14.726  0.004    2  1 
  51286.1908   14.732  0.004    2  1 
  51286.2255   14.738  0.004    2  1 
  51286.2285   14.733  0.004    2  1 
  51286.2476   14.687  0.004    2  1 
  51286.2508   14.681  0.004    2  1 
  51286.2697   14.597  0.004    2  1 
  51286.2727   14.575  0.004    2  1 
  51286.3022   14.451  0.004    2  1 
  51286.3055   14.445  0.004    2  1 
  51286.3218   14.421  0.004    2  1 
  51286.3250   14.415  0.004    2  1 
  51286.3450   14.367  0.004    2  1 
  51286.3481   14.353  0.004    2  1 
  51304.9873   14.377  0.004    2  1 
  51304.9926   14.390  0.003    2  1 
  51305.0328   14.501  0.004    2  1 
  51305.0362   14.507  0.004    2  1 
  51305.0559   14.569  0.004    2  1 
  51305.0599   14.582  0.004    2  1 
  51305.0890   14.656  0.004    2  1 
  51305.0922   14.665  0.004    2  1 
  51305.1235   14.717  0.005    2  1 
  51305.1269   14.726  0.005    2  1 
  51305.1509   14.747  0.005    2  1 
  51305.1547   14.741  0.005    2  1 
  51305.1853   14.732  0.005    2  1 
  51305.1885   14.723  0.005    2  1 
  51305.2098   14.663  0.004    2  1 
  51305.2128   14.644  0.004    2  1 
  51305.2431   14.485  0.004    2  1 
  51305.2461   14.463  0.004    2  1 
  51305.2704   14.416  0.004    2  1 
  51305.2734   14.408  0.004    2  1 
  51305.2966   14.361  0.004    2  1 
  51305.2995   14.355  0.004    2  1 
  51305.9857   14.654  0.003    2  1 
  51305.9885   14.639  0.003    2  1 
  51305.9912   14.626  0.003    2  1 
  51306.0256   14.435  0.003    2  1 
  51306.0285   14.420  0.003    2  1 
  51306.0465   14.397  0.004    2  1 
  51306.0498   14.386  0.003    2  1 
  51306.0896   14.330  0.003    2  1 
  51306.0930   14.327  0.003    2  1 
  51306.1123   14.332  0.003    2  1 
  51306.1151   14.332  0.003    2  1 
  51306.1375   14.359  0.003    2  1 
  51306.1405   14.367  0.003    2  1 
  51306.1636   14.411  0.003    2  1 
  51306.1673   14.419  0.003    2  1 
  51306.1937   14.499  0.003    2  1 
  51306.1966   14.509  0.003    2  1 
  51306.2146   14.562  0.004    2  1 
  51306.2178   14.577  0.004    2  1 
  51306.2343   14.630  0.003    2  1 
  51306.2380   14.632  0.003    2  1 
  51306.2574   14.678  0.003    2  1 
  51306.2602   14.687  0.003    2  1 
  51306.2805   14.720  0.003    2  1 
  51306.2835   14.726  0.003    2  1 
  51306.3009   14.746  0.004    2  1 
  51306.3038   14.748  0.004    2  1 
  51306.3135   14.752  0.004    2  1 
  51306.3184   14.750  0.005    2  1 
  51307.0456   14.707  0.005    2  1 
  51307.0501   14.715  0.005    2  1 
  51307.0593   14.723  0.004    2  1 
  51307.0645   14.731  0.004    2  1 
  51307.0699   14.726  0.008    2  1 
  51307.0747   14.731  0.006    2  1 
  51308.0084   14.347  0.003    2  1 
  51308.0112   14.347  0.003    2  1 
  51308.0334   14.334  0.003    2  1 
  51308.0362   14.329  0.003    2  1 
  51308.0394   14.328  0.003    2  1 
  51308.0633   14.345  0.003    2  1 
  51308.0663   14.344  0.003    2  1 
  51308.0995   14.409  0.003    2  1 
  51308.1031   14.417  0.003    2  1 
  51308.1280   14.504  0.004    2  1 
  51308.1309   14.513  0.004    2  1 
  51310.0850   14.579  0.003    2  1 
  51310.0874   14.588  0.002    2  1 
  51310.0897   14.587  0.003    2  1 
  51310.0922   14.592  0.003    2  1 
  51310.1430   14.710  0.004    2  1 
  51310.1458   14.714  0.004    2  1 
  51310.1486   14.718  0.004    2  1 
  51311.0244   14.593  0.005    2  1 
  51311.0302   14.554  0.005    2  1 
  51311.0334   14.531  0.005    2  1 
  51311.0506   14.437  0.002    2  1 
  51311.0539   14.429  0.003    2  1 
  51311.0637   14.417  0.003    2  1 
  51311.0669   14.412  0.004    2  1 
  51311.0702   14.413  0.003    2  1 
  51311.0907   14.364  0.004    2  1 
  51311.0946   14.362  0.004    2  1 
  51311.0980   14.351  0.003    2  1 
  51311.1015   14.346  0.004    2  1 
  51311.1071   14.336  0.004    2  1 
  51311.1298   14.321  0.004    2  1 
  51311.1327   14.325  0.004    2  1 
  51311.1357   14.321  0.004    2  1 
  51311.1398   14.322  0.004    2  1 
  51311.1447   14.327  0.004    2  1 
  51311.9755   14.439  0.004    2  1 
  51312.0020   14.527  0.004    2  1 
  51312.0049   14.529  0.004    2  1 
  51312.0255   14.596  0.004    2  1 
  51312.0284   14.604  0.004    2  1 
  51312.0314   14.611  0.004    2  1 
  51312.0584   14.672  0.004    2  1 
  51312.0611   14.684  0.004    2  1 
  51312.0638   14.689  0.004    2  1 
  51312.0903   14.727  0.003    2  1 
  51312.0929   14.732  0.004    2  1 
  51312.0955   14.737  0.004    2  1 
  51312.1146   14.745  0.004    2  1 
  51312.1173   14.752  0.004    2  1 
  51312.1200   14.745  0.004    2  1 
  51312.9860   14.429  0.003    2  1 
  51312.9887   14.425  0.003    2  1 
  51312.9913   14.418  0.003    2  1 
  51313.0096   14.402  0.003    2  1 
  51313.0123   14.396  0.003    2  1 
  51313.0149   14.395  0.003    2  1 
  51313.0333   14.355  0.003    2  1 
  51313.0360   14.347  0.003    2  1 
  51313.0386   14.342  0.003    2  1 
  51313.0413   14.341  0.003    2  1 
  51313.0595   14.325  0.003    2  1 
  51313.0622   14.325  0.003    2  1 
  51313.0648   14.324  0.003    2  1 
  51313.0911   14.342  0.003    2  1 
  51313.0937   14.349  0.003    2  1 
  51313.0964   14.352  0.003    2  1 
  51313.1146   14.385  0.003    2  1 
  51313.1172   14.389  0.003    2  1 
  51313.1199   14.401  0.003    2  1 
  51313.1226   14.406  0.003    2  1 
  51313.9843   14.655  0.004    2  1 
  51313.9872   14.667  0.004    2  1 
  51313.9901   14.677  0.004    2  1 
  51314.0178   14.720  0.004    2  1 
  51314.0207   14.722  0.004    2  1 
  51314.0236   14.726  0.004    2  1 
  51314.0432   14.739  0.004    2  1 
  51314.0461   14.744  0.004    2  1 
  51314.0490   14.745  0.004    2  1 
  51314.0772   14.726  0.004    2  1 
  51314.0802   14.725  0.004    2  1 
  51314.0831   14.724  0.004    2  1 
  51314.1030   14.665  0.004    2  1 
  51314.1059   14.649  0.005    2  1 
  51314.1088   14.638  0.004    2  1 
  51314.1289   14.527  0.004    2  1 
  51314.1333   14.495  0.004    2  1 
  51314.1363   14.482  0.004    2  1 
  51314.9827   14.331  0.003    2  1 
  51314.9856   14.327  0.003    2  1 
  51314.9885   14.328  0.003    2  1 
  51315.0015   14.313  0.003    2  1 
  51315.0043   14.318  0.003    2  1 
  51315.0069   14.321  0.003    2  1 
  51315.0251   14.334  0.003    2  1 
  51315.0277   14.335  0.003    2  1 
  51315.0304   14.341  0.003    2  1 
  51315.0489   14.376  0.003    2  1 
  51315.0516   14.380  0.003    2  1 
  51315.0542   14.389  0.003    2  1 
  51315.0780   14.456  0.003    2  1 
  51315.0807   14.465  0.003    2  1 
  51315.0833   14.478  0.003    2  1 
  51315.1015   14.538  0.004    2  1 
  51315.1041   14.549  0.004    2  1 
  51315.1068   14.554  0.004    2  1 
  51315.1290   14.622  0.004    2  1 
  51315.1319   14.631  0.004    2  1 
  51316.0194   14.711  0.004    2  1 
  51316.0221   14.701  0.004    2  1 
  51316.0247   14.700  0.004    2  1 
  51316.0431   14.632  0.003    2  1 
  51316.0458   14.624  0.004    2  1 
  51316.0485   14.608  0.004    2  1 
  51316.0667   14.501  0.004    2  1 
  51316.0693   14.494  0.004    2  1 
  51316.0720   14.473  0.003    2  1 
  51316.0905   14.415  0.004    2  1 
  51316.0934   14.409  0.004    2  1 
  51316.0963   14.413  0.003    2  1 
  51316.1148   14.367  0.003    2  1 
  51316.1175   14.368  0.003    2  1 
  51316.1201   14.363  0.003    2  1 
  51316.9647   14.337  0.003    2  1 
  51316.9676   14.347  0.004    2  1 
  51316.9705   14.357  0.004    2  1 
  51316.9896   14.392  0.003    2  1 
  51316.9923   14.400  0.003    2  1 
  51316.9949   14.409  0.003    2  1 
  51317.0088   14.450  0.004    2  1 
  51317.0117   14.459  0.004    2  1 
  51317.0321   14.524  0.004    2  1 
  51317.0351   14.540  0.004    2  1 
  51317.0391   14.525  0.004    2  1 
  51317.0602   14.614  0.004    2  1 
  51317.0631   14.622  0.004    2  1 
  51317.0660   14.634  0.004    2  1 
  51317.0858   14.676  0.004    2  1 
  51317.0887   14.684  0.004    2  1 
  51317.0916   14.689  0.004    2  1 
  51317.1111   14.724  0.004    2  1 
  51317.1140   14.724  0.005    2  1 
  51317.1169   14.736  0.004    2  1 
  51317.9628   14.694  0.004    2  1 
  51317.9657   14.683  0.005    2  1 
  51317.9685   14.677  0.004    2  1 
  51317.9883   14.580  0.004    2  1 
  51317.9912   14.566  0.004    2  1 
  51317.9941   14.539  0.004    2  1 
  51318.0135   14.438  0.004    2  1 
  51318.0164   14.429  0.004    2  1 
  51318.0194   14.421  0.004    2  1 
  51318.0413   14.395  0.004    2  1 
  51318.0445   14.388  0.004    2  1 
  51318.0477   14.380  0.004    2  1 
  51318.0697   14.349  0.004    2  1 
  51318.0730   14.352  0.005    2  1 
  51318.0762   14.347  0.005    2  1 
  51318.0981   14.341  0.005    2  1 
  51318.1014   14.336  0.004    2  1 
  51318.1046   14.343  0.005    2  1 
  51318.1265   14.355  0.005    2  1 
  51318.1298   14.362  0.005    2  1 
  51318.9642   14.526  0.003    2  1 
  51318.9680   14.533  0.004    2  1 
  51318.9708   14.546  0.004    2  1 
  51318.9737   14.553  0.004    2  1 
  51318.9929   14.611  0.004    2  1 
  51318.9956   14.616  0.004    2  1 
  51318.9983   14.630  0.004    2  1 
  51319.0180   14.678  0.004    2  1 
  51319.0209   14.686  0.004    2  1 
  51319.0238   14.689  0.004    2  1 
  51319.0443   14.722  0.005    2  1 
  51319.0474   14.726  0.004    2  1 
  51319.0505   14.731  0.005    2  1 
  51319.0793   14.746  0.004    2  1 
  51319.0820   14.755  0.004    2  1 
  51319.0847   14.751  0.004    2  1 
  51319.1030   14.750  0.004    2  1 
  51319.1084   14.737  0.004    2  1 
  51319.1110   14.733  0.004    2  1 
  51320.1030   14.447  0.003    2  1 
  51320.1053   14.456  0.003    2  1 
  51320.1076   14.464  0.003    2  1 
  51320.1238   14.519  0.003    2  1 
  51320.1261   14.534  0.003    2  1 
  51320.1284   14.533  0.003    2  1 
  51320.1450   14.590  0.003    2  1 
  51320.1477   14.598  0.004    2  1 
  51320.1503   14.601  0.004    2  1 
  51320.9635   14.698  0.004    2  1 
  51320.9664   14.693  0.004    2  1 
  51320.9693   14.701  0.004    2  1 
  51320.9887   14.734  0.003    2  1 
  51320.9911   14.730  0.003    2  1 
  51320.9936   14.738  0.003    2  1 
  51321.0102   14.739  0.003    2  1 
  51321.0126   14.748  0.003    2  1 
  51321.0150   14.750  0.003    2  1 
  51321.0318   14.741  0.003    2  1 
  51321.0344   14.745  0.003    2  1 
  51321.0369   14.741  0.004    2  1 
  51321.0543   14.706  0.003    2  1 
  51321.0568   14.689  0.003    2  1 
  51321.0594   14.687  0.003    2  1 
  51321.0847   14.565  0.003    2  1 
  51321.0873   14.553  0.003    2  1 
  51321.0898   14.526  0.003    2  1 
  51321.1133   14.418  0.003    2  1 
  51321.1159   14.414  0.003    2  1 
  51321.1186   14.415  0.003    2  1 
  51321.1339   14.386  0.003    2  1 
  51321.1365   14.381  0.003    2  1 
  51332.9696   14.723  0.006    2  1 
  51332.9739   14.729  0.006    2  1 
  51332.9891   14.739  0.005    2  1 
  51332.9928   14.743  0.006    2  1 
  51332.9965   14.750  0.006    2  1 
  51333.0083   14.747  0.005    2  1 
  51333.0120   14.746  0.005    2  1 
  51333.0226   14.736  0.005    2  1 
  51333.0264   14.735  0.005    2  1 
  51333.0514   14.678  0.005    2  1 
  51333.0552   14.664  0.006    2  1 
  51333.0742   14.553  0.005    2  1 
  51333.0779   14.531  0.005    2  1 
  51333.0907   14.457  0.005    2  1 
  51333.0945   14.443  0.004    2  1 
  51333.1178   14.414  0.004    2  1 
  51333.1221   14.404  0.004    2  1 
  51333.1335   14.379  0.005    2  1 
  51333.1369   14.370  0.005    2  1 
  51333.1529   14.354  0.004    2  1 
  51333.1565   14.347  0.005    2  1 
  51333.1716   14.328  0.005    2  1 
  51333.1752   14.323  0.004    2  1 
  51334.9841   14.676  0.004    2  1 
  51334.9871   14.666  0.004    2  1 
  51335.0175   14.500  0.004    2  1 
  51335.0204   14.481  0.004    2  1 
  51335.0301   14.438  0.004    2  1 
  51335.0334   14.431  0.004    2  1 
  51335.0517   14.412  0.004    2  1 
  51335.0552   14.403  0.004    2  1 
  51335.0692   14.367  0.004    2  1 
  51335.0727   14.362  0.004    2  1 
  51335.0833   14.343  0.004    2  1 
  51335.0867   14.339  0.004    2  1 
  51335.1133   14.315  0.004    2  1 
  51335.1167   14.308  0.004    2  1 
  51335.9535   14.443  0.004    2  1 
  51335.9726   14.504  0.004    2  1 
  51335.9768   14.515  0.004    2  1 
  51335.9997   14.584  0.004    2  1 
  51336.0027   14.593  0.004    2  1 
  51336.0203   14.644  0.004    2  1 
  51336.0236   14.648  0.004    2  1 
  51336.0357   14.679  0.005    2  1 
  51336.0388   14.684  0.005    2  1 
  51336.0593   14.717  0.005    2  1 
  51336.0629   14.724  0.005    2  1 
  51336.0769   14.733  0.005    2  1 
  51336.0803   14.738  0.005    2  1 
  51336.1025   14.741  0.005    2  1 
  51336.1059   14.739  0.005    2  1 
  51336.1206   14.731  0.005    2  1 
  51336.1240   14.728  0.005    2  1 
  51337.0101   14.362  0.004    2  1 
  51337.9904   14.702  0.005    2  1 
  51337.9940   14.715  0.005    2  1 
  51338.0162   14.735  0.005    2  1 
  51338.0196   14.739  0.005    2  1 
  51338.0339   14.738  0.005    2  1 
  51338.0376   14.739  0.006    2  1 
  51338.9901   14.329  0.003    2  1 
  51338.9938   14.331  0.004    2  1 
  51339.0226   14.381  0.004    2  1 
  51339.0269   14.389  0.004    2  1 
  51339.0867   14.561  0.005    2  1 
  51339.0905   14.570  0.005    2  1 
  51339.1139   14.633  0.005    2  1 
  51339.1177   14.646  0.005    2  1 
  51339.1448   14.697  0.005    2  1 
  51339.1482   14.704  0.005    2  1 
  51339.9766   14.748  0.004    2  1 
  51339.9795   14.744  0.004    2  1 
  51340.0044   14.707  0.004    2  1 
  51340.0078   14.700  0.004    2  1 
  51340.0274   14.624  0.004    2  1 
  51340.0306   14.605  0.004    2  1 
  51340.0540   14.476  0.004    2  1 
  51340.0572   14.460  0.004    2  1 
  51340.0857   14.404  0.004    2  1 
  51340.0892   14.394  0.004    2  1 
  51340.1152   14.332  0.004    2  1 
  51340.1197   14.331  0.004    2  1 
  51340.1229   14.326  0.004    2  1 
  51340.1263   14.325  0.004    2  1 
  51340.1404   14.318  0.004    2  1 
  51340.1437   14.320  0.004    2  1 
  51344.9924   14.745  0.004    2  1 
  51344.9958   14.748  0.003    2  1 
  51344.9988   14.749  0.004    2  1 
  51345.0216   14.734  0.004    2  1 
  51345.0255   14.729  0.005    2  1 
  51345.0302   14.718  0.005    2  1 
  51345.0553   14.626  0.004    2  1 
  51345.0603   14.595  0.004    2  1 
  51345.9856   14.365  0.005    2  1 
  51345.9896   14.374  0.004    2  1 
  51346.0219   14.458  0.005    2  1 
  51346.0264   14.476  0.004    2  1 
  51346.0486   14.544  0.004    2  1 
  51346.0523   14.559  0.004    2  1 
  51346.0791   14.635  0.004    2  1 
  51346.0826   14.647  0.004    2  1 
  51347.0416   14.401  0.004    2  1 
  51347.0453   14.395  0.003    2  1 
  51347.0743   14.340  0.003    2  1 
  51347.0777   14.342  0.003    2  1 
  51347.0990   14.334  0.003    2  1 
  51347.1022   14.330  0.003    2  1 
  51347.9769   14.537  0.004    2  1 
  51347.9802   14.539  0.004    2  1 
  51347.9834   14.553  0.004    2  1 
  51347.9983   14.600  0.004    2  1 
  51348.0028   14.617  0.004    2  1 
  51348.0063   14.627  0.004    2  1 
  51348.0242   14.670  0.004    2  1 
  51348.0274   14.679  0.004    2  1 
  51348.0943   14.755  0.006    2  1 
  51348.0983   14.757  0.006    2  1 
  51348.1018   14.756  0.006    2  1 
  51348.9650   14.413  0.004    2  1 
  51348.9682   14.409  0.004    2  1 
  51348.9853   14.381  0.003    2  1 
  51348.9883   14.376  0.004    2  1 
  51348.9912   14.365  0.003    2  1 
  51349.0316   14.337  0.004    2  1 
  51349.0346   14.332  0.004    2  1 
  51349.9815   14.716  0.004    2  1 
  51349.9851   14.723  0.004    2  1 
  51349.9973   14.739  0.004    2  1 
  51350.0033   14.745  0.005    2  1 
  51350.0066   14.748  0.004    2  1 
  51350.0164   14.753  0.004    2  1 
  51350.0197   14.748  0.004    2  1 
  51350.0296   14.749  0.005    2  1 
  51380.9973   14.706  0.004    2  1 
  51381.0004   14.706  0.004    2  1 
  51381.0031   14.692  0.004    2  1 
  51381.0187   14.636  0.003    2  1 
  51381.0214   14.622  0.004    2  1 
  51381.0242   14.609  0.004    2  1 
  51381.9830   14.447  0.004    2  1 
  51381.9859   14.460  0.004    2  1 
  51381.9888   14.467  0.004    2  1 
  51382.0000   14.504  0.004    2  1 
  51382.0029   14.513  0.004    2  1 
  51382.9793   14.480  0.004    2  1 
  51382.9826   14.461  0.004    2  1 
  51382.9857   14.451  0.004    2  1 
  51382.9965   14.418  0.004    2  1 
  51382.9995   14.418  0.004    2  1 
  51383.9746   14.623  0.003    2  1 
  51383.9773   14.636  0.003    2  1 
  51383.9799   14.640  0.004    2  1 
  51383.9899   14.665  0.004    2  1 
  51383.9926   14.675  0.004    2  1 
  51384.9751   14.353  0.003    2  1 
  51384.9777   14.353  0.003    2  1 
  51384.9802   14.349  0.003    2  1 
  51384.9896   14.339  0.003    2  1 
  51384.9921   14.333  0.003    2  1 
  51385.9711   14.741  0.004    2  1 
  51385.9737   14.738  0.004    2  1 
  51385.9763   14.740  0.004    2  1 
  51385.9857   14.750  0.004    2  1 
  51385.9884   14.753  0.004    2  1 
  51386.9965   14.400  0.004    2  1 
  51387.0003   14.414  0.003    2  1 
  51387.0041   14.421  0.004    2  1 
  51387.0216   14.478  0.004    2  1 
  51387.0254   14.485  0.004    2  1 
  51387.0293   14.502  0.004    2  1 
  51388.9801   14.567  0.004    2  1 
  51388.9834   14.579  0.004    2  1 
  51388.9866   14.587  0.004    2  1 
  51388.9984   14.620  0.005    2  1 
  51389.0017   14.627  0.005    2  1 
  51389.9783   14.416  0.003    2  1 
  51389.9809   14.403  0.003    2  1 
  51389.9836   14.395  0.003    2  1 
  51390.9729   14.704  0.003    2  1 
  51390.9756   14.709  0.003    2  1 
  51390.9783   14.707  0.003    2  1 
  51391.9728   14.330  0.003    2  1 
  51391.9754   14.321  0.003    2  1 
  51391.9779   14.325  0.003    2  1 
  51671.0871   14.685  0.005    2  1 
  51671.0917   14.668  0.004    2  1 
  51671.0952   14.650  0.004    2  1 
  51671.1189   14.509  0.004    2  1 
  51671.1232   14.484  0.004    2  1 
  51671.9996   14.311  0.003    2  1 
  51672.0039   14.316  0.003    2  1 
  51672.0350   14.366  0.003    2  1 
  51672.0382   14.376  0.003    2  1 
  51673.0232   14.682  0.003    2  1 
  51674.0574   14.633  0.006    2  1 
  51674.0938   14.713  0.005    2  1 
  51674.0985   14.721  0.005    2  1 
  51674.1159   14.741  0.005    2  1 
  51674.1223   14.749  0.005    2  1 
  51674.9763   14.583  0.005    2  1 
  51674.9824   14.543  0.005    2  1 
  51675.0212   14.406  0.005    2  1 
  51676.0163   14.694  0.004    2  1 
  51692.9816   14.550  0.004    2  1 
  51692.9854   14.562  0.004    2  1 
  51693.9780   14.384  0.003    2  1 
  51693.9814   14.386  0.003    2  1 
  51694.9914   14.724  0.004    2  1 
  51694.9946   14.709  0.003    2  1 
  51765.9974   14.337  0.004    2  1 
  51766.0012   14.351  0.004    2  1 
  51766.0048   14.350  0.004    2  1 
  51766.0266   14.409  0.004    2  1 
  51766.0301   14.415  0.004    2  1 
  51216.3144   14.660  0.003    3  1 
  51216.3408   14.710  0.003    3  1 
  51216.3634   14.613  0.003    3  1 
  51216.3905   14.677  0.003    3  1 
  51217.3019   15.177  0.004    3  1 
  51217.3494   15.198  0.004    3  1 
  51217.3906   15.226  0.004    3  1 
  51218.2854   14.712  0.003    3  1 
  51218.3156   14.675  0.003    3  1 
  51218.3347   14.675  0.003    3  1 
  51218.3653   14.720  0.003    3  1 
  51219.2918   15.264  0.004    3  1 
  51219.3100   15.252  0.004    3  1 
  51219.3296   15.211  0.004    3  1 
  51219.3536   15.077  0.004    3  1 
  51219.3723   14.893  0.003    3  1 
  51220.2720   14.683  0.003    3  1 
  51220.2946   14.750  0.003    3  1 
  51220.3117   14.816  0.003    3  1 
  51220.3299   14.899  0.003    3  1 
  51220.3473   14.988  0.004    3  1 
  51220.3643   15.055  0.004    3  1 
  51220.3816   15.122  0.004    3  1 
  51221.2763   15.157  0.004    3  1 
  51221.2964   15.004  0.003    3  1 
  51221.3145   14.850  0.003    3  1 
  51221.3318   14.811  0.003    3  1 
  51221.3496   14.794  0.003    3  1 
  51221.3673   14.733  0.003    3  1 
  51283.2546   14.677  0.003    3  1 
  51283.2783   14.607  0.003    3  1 
  51283.3008   14.610  0.002    3  1 
  51283.3322   14.715  0.003    3  1 
  51283.3553   14.820  0.003    3  1 
  51283.3773   15.008  0.003    3  1 
  51284.2134   15.162  0.003    3  1 
  51284.2375   15.214  0.004    3  1 
  51284.2581   15.218  0.004    3  1 
  51284.2875   15.217  0.004    3  1 
  51284.3124   15.149  0.003    3  1 
  51284.3383   14.985  0.003    3  1 
  51285.0451   15.268  0.003    3  1 
  51285.0691   15.247  0.003    3  1 
  51285.0932   15.166  0.003    3  1 
  51285.1257   14.920  0.003    3  1 
  51285.1514   14.818  0.003    3  1 
  51285.1754   14.728  0.003    3  1 
  51285.2060   14.634  0.003    3  1 
  51285.2321   14.633  0.003    3  1 
  51285.2586   14.703  0.003    3  1 
  51285.2928   14.848  0.003    3  1 
  51285.3257   14.988  0.003    3  1 
  51286.0393   14.731  0.002    3  1 
  51286.0670   14.886  0.003    3  1 
  51286.1302   15.088  0.003    3  1 
  51286.1833   15.217  0.003    3  1 
  51286.2193   15.217  0.003    3  1 
  51286.2434   15.162  0.003    3  1 
  51286.2655   15.044  0.003    3  1 
  51286.2958   14.822  0.003    3  1 
  51286.3291   14.749  0.003    3  1 
  51286.3521   14.670  0.003    3  1 
  51304.9838   14.761  0.003    3  1 
  51305.0251   14.895  0.004    3  1 
  51305.0718   15.081  0.004    3  1 
  51305.0961   15.162  0.004    3  1 
  51305.1465   15.233  0.005    3  1 
  51305.1755   15.237  0.004    3  1 
  51305.2054   15.130  0.005    3  1 
  51305.2345   14.913  0.004    3  1 
  51305.2666   14.775  0.003    3  1 
  51305.2880   14.693  0.003    3  1 
  51305.9773   15.186  0.003    3  1 
  51306.0428   14.782  0.003    3  1 
  51306.1330   14.690  0.003    3  1 
  51306.1578   14.635  0.003    3  1 
  51306.2101   14.951  0.003    3  1 
  51306.2538   15.120  0.003    3  1 
  51306.2771   15.200  0.003    3  1 
  51306.2972   15.233  0.004    3  1 
  51308.0294   14.611  0.002    3  1 
  51308.0600   14.698  0.002    3  1 
  51308.1244   14.905  0.003    3  1 
  51311.9792   14.867  0.004    3  1 
  51311.9983   14.949  0.004    3  1 
  51312.0087   14.991  0.004    3  1 
  51312.0350   15.085  0.003    3  1 
  51312.0550   15.155  0.004    3  1 
  51312.0672   15.192  0.003    3  1 
  51312.0870   15.230  0.004    3  1 
  51312.0988   15.238  0.004    3  1 
  51312.9828   14.857  0.003    3  1 
  51313.0063   14.809  0.003    3  1 
  51313.0300   14.730  0.003    3  1 
  51313.0562   14.684  0.002    3  1 
  51313.1113   14.740  0.003    3  1 
  51313.9807   15.155  0.004    3  1 
  51314.0143   15.230  0.004    3  1 
  51314.0397   15.257  0.004    3  1 
  51314.1124   15.073  0.004    3  1 
  51314.9752   14.721  0.003    3  1 
  51315.0102   14.690  0.003    3  1 
  51315.0336   14.721  0.003    3  1 
  51315.0747   14.844  0.003    3  1 
  51315.0982   14.950  0.003    3  1 
  51315.1216   15.052  0.003    3  1 
  51316.0399   15.128  0.003    3  1 
  51316.0634   14.937  0.003    3  1 
  51316.0869   14.795  0.003    3  1 
  51316.1115   14.747  0.003    3  1 
  51316.9740   14.742  0.003    3  1 
  51317.0052   14.841  0.003    3  1 
  51317.0282   14.946  0.004    3  1 
  51317.0566   15.068  0.004    3  1 
  51317.0822   15.158  0.004    3  1 
  51317.1075   15.218  0.004    3  1 
  51317.9847   15.057  0.003    3  1 
  51318.0099   14.848  0.003    3  1 
  51318.0374   14.787  0.004    3  1 
  51318.1226   14.700  0.004    3  1 
  51318.9772   15.031  0.003    3  1 
  51319.0019   15.123  0.004    3  1 
  51319.0274   15.203  0.004    3  1 
  51319.0757   15.257  0.004    3  1 
  51319.0997   15.239  0.003    3  1 
  51320.1000   14.755  0.002    3  1 
  51320.1208   14.919  0.003    3  1 
  51320.1417   15.017  0.003    3  1 
  51320.9728   15.224  0.003    3  1 
  51321.0400   15.235  0.003    3  1 
  51321.0930   14.903  0.003    3  1 
  51321.1217   14.779  0.003    3  1 
  51380.9937   15.191  0.004    3  1 
  51381.9793   14.807  0.003    3  1 
  51382.9755   14.892  0.004    3  1 
  51383.9715   15.062  0.003    3  1 
  51384.9721   14.697  0.002    3  1 
  51388.9755   14.971  0.004    3  1 
  51389.9750   14.776  0.003    3  1 
  51391.9697   14.681  0.002    3  1 
  51693.9923   14.725  0.003    3  1 
 56468.97641   13.375  0.043   -1  1 
 56469.04707   13.312  0.045   -1  1 
 56469.10896   13.324  0.042   -1  1 
 56469.17285   13.338  0.012   -1  1 
 56471.00364   13.242  0.028   -1  1 
 56471.06640   13.284  0.009   -1  1 
 56471.12490   13.426  0.019   -1  1 
 56471.18188   13.463  0.027   -1  1 
 56471.96759   13.756  0.026   -1  1 
 56472.03374   13.465  0.021   -1  1 
 56472.09484   13.327  0.016   -1  1 
 56472.15243   13.318  0.019   -1  1 
 56468.95296   13.338  0.043   -2  1 
 56469.02441   13.244  0.026   -2  1 
 56469.08813   13.336  0.025   -2  1 
 56469.15134   13.248  0.016   -2  1 
 56471.02588   13.297  0.023   -2  1 
 56471.08671   13.253  0.013   -2  1 
 56471.14302   13.342  0.008   -2  1 
 56471.94704   13.328  0.020   -2  1 
 56472.01085   13.292  0.042   -2  1 
 56472.07480   13.503  0.029   -2  1 
 56472.13240   13.240  0.015   -2  1 
 56472.19216   13.260  0.008   -2  1 
 56469.00041   13.560  0.018   -5  1 
 56469.06767   13.502  0.013   -5  1 
 56469.13003   13.541  0.014   -5  1 
 56469.19349   13.616  0.017   -5  1 
 56470.98130   13.650  0.045   -5  1 
 56471.04693   13.502  0.012   -5  1 
 56471.10523   13.613  0.013   -5  1 
 56471.16397   13.717  0.015   -5  1 
 56471.98857   13.675  0.013   -5  1 
 56472.05430   13.640  0.009   -5  1 
 56472.11383   13.554  0.015   -5  1 
 56472.17109   13.537  0.008   -5  1 
