  51216.2987   14.644  0.004    2  1 
  51216.3275   14.620  0.004    2  1 
  51216.3519   14.660  0.004    2  1 
  51216.3771   14.747  0.004    2  1 
  51217.2851   14.782  0.004    2  1 
  51217.3152   14.909  0.005    2  1 
  51217.3378   14.990  0.005    2  1 
  51217.3598   15.026  0.005    2  1 
  51217.3804   15.053  0.005    2  1 
  51218.3013   15.068  0.005    2  1 
  51218.3254   14.984  0.005    2  1 
  51218.3504   14.783  0.004    2  1 
  51218.3753   14.681  0.004    2  1 
  51219.2775   14.671  0.004    2  1 
  51219.3014   14.603  0.004    2  1 
  51219.3186   14.604  0.004    2  1 
  51219.3397   14.641  0.004    2  1 
  51219.3635   14.718  0.004    2  1 
  51219.3810   14.790  0.004    2  1 
  51220.2867   14.832  0.004    2  1 
  51220.3036   14.905  0.004    2  1 
  51220.3219   14.969  0.005    2  1 
  51220.3391   15.013  0.005    2  1 
  51220.3564   15.051  0.005    2  1 
  51220.3729   15.063  0.005    2  1 
  51220.3920   15.051  0.005    2  1 
  51221.2619   15.058  0.005    2  1 
  51221.2873   15.066  0.005    2  1 
  51221.3052   15.045  0.005    2  1 
  51221.3230   14.976  0.005    2  1 
  51221.3396   14.834  0.004    2  1 
  51221.3577   14.699  0.004    2  1 
  51221.3762   14.646  0.004    2  1 
  51283.2102   14.894  0.004    2  1 
  51283.2288   14.998  0.005    2  1 
  51283.2338   14.977  0.004    2  1 
  51283.2391   14.995  0.004    2  1 
  51283.2642   15.033  0.004    2  1 
  51283.2680   15.029  0.004    2  1 
  51283.2868   15.052  0.004    2  1 
  51283.2902   15.042  0.004    2  1 
  51283.3138   15.029  0.004    2  1 
  51283.3170   15.016  0.004    2  1 
  51283.3408   14.865  0.004    2  1 
  51283.3447   14.826  0.004    2  1 
  51283.3642   14.684  0.004    2  1 
  51283.3673   14.681  0.003    2  1 
  51284.1955   15.054  0.004    2  1 
  51284.1993   15.059  0.004    2  1 
  51284.2266   14.976  0.004    2  1 
  51284.2298   14.955  0.004    2  1 
  51284.2475   14.794  0.004    2  1 
  51284.2506   14.763  0.004    2  1 
  51284.2679   14.674  0.004    2  1 
  51284.2711   14.660  0.004    2  1 
  51284.3004   14.634  0.004    2  1 
  51284.3036   14.627  0.004    2  1 
  51284.3257   14.644  0.004    2  1 
  51284.3289   14.651  0.004    2  1 
  51285.0269   15.010  0.004    2  1 
  51285.0299   15.010  0.004    2  1 
  51285.0577   15.055  0.004    2  1 
  51285.0607   15.057  0.004    2  1 
  51285.0814   15.070  0.004    2  1 
  51285.0847   15.087  0.004    2  1 
  51285.1052   15.064  0.004    2  1 
  51285.1084   15.056  0.004    2  1 
  51285.1396   14.872  0.004    2  1 
  51285.1427   14.846  0.004    2  1 
  51285.1624   14.683  0.003    2  1 
  51285.1654   14.674  0.004    2  1 
  51285.1891   14.646  0.003    2  1 
  51285.1924   14.660  0.003    2  1 
  51285.2195   14.663  0.003    2  1 
  51285.2227   14.649  0.004    2  1 
  51285.2468   14.695  0.004    2  1 
  51285.2498   14.708  0.004    2  1 
  51285.2738   14.778  0.004    2  1 
  51285.2775   14.782  0.004    2  1 
  51285.3077   14.911  0.004    2  1 
  51285.3112   14.922  0.004    2  1 
  51285.3425   15.021  0.004    2  1 
  51285.3456   15.034  0.004    2  1 
  51286.0177   15.032  0.004    2  1 
  51286.0241   15.007  0.004    2  1 
  51286.0542   14.737  0.003    2  1 
  51286.0574   14.713  0.003    2  1 
  51286.0794   14.648  0.003    2  1 
  51286.0832   14.641  0.003    2  1 
  51286.1105   14.635  0.003    2  1 
  51286.1136   14.624  0.003    2  1 
  51286.1441   14.676  0.004    2  1 
  51286.1472   14.679  0.003    2  1 
  51286.1708   14.751  0.004    2  1 
  51286.1740   14.764  0.004    2  1 
  51286.1969   14.859  0.004    2  1 
  51286.2002   14.866  0.004    2  1 
  51286.2322   14.980  0.004    2  1 
  51286.2352   14.983  0.004    2  1 
  51286.2544   15.026  0.004    2  1 
  51286.2573   15.020  0.004    2  1 
  51286.2785   15.054  0.004    2  1 
  51286.2816   15.054  0.004    2  1 
  51286.3149   15.027  0.004    2  1 
  51286.3179   15.020  0.004    2  1 
  51286.3375   14.875  0.004    2  1 
  51286.3409   14.853  0.004    2  1 
  51286.3604   14.710  0.004    2  1 
  51286.3635   14.686  0.004    2  1 
  51286.3665   14.682  0.004    2  1 
  51304.9667   14.635  0.003    2  1 
  51304.9697   14.648  0.003    2  1 
  51304.9956   14.651  0.003    2  1 
  51304.9985   14.655  0.003    2  1 
  51305.0393   14.741  0.004    2  1 
  51305.0423   14.765  0.004    2  1 
  51305.0812   14.906  0.004    2  1 
  51305.0852   14.923  0.005    2  1 
  51305.1040   14.988  0.004    2  1 
  51305.1077   14.995  0.004    2  1 
  51305.1328   15.029  0.005    2  1 
  51305.1357   15.042  0.004    2  1 
  51305.1582   15.059  0.005    2  1 
  51305.1616   15.063  0.005    2  1 
  51305.1919   15.008  0.005    2  1 
  51305.1953   14.987  0.005    2  1 
  51305.2170   14.795  0.004    2  1 
  51305.2202   14.780  0.004    2  1 
  51305.2493   14.681  0.004    2  1 
  51305.2523   14.663  0.004    2  1 
  51305.2764   14.626  0.004    2  1 
  51305.2796   14.623  0.004    2  1 
  51305.3025   14.647  0.004    2  1 
  51305.3054   14.647  0.004    2  1 
  51305.9643   14.858  0.004    2  1 
  51305.9672   14.871  0.004    2  1 
  51305.9940   14.970  0.003    2  1 
  51305.9970   14.973  0.003    2  1 
  51305.9997   14.981  0.004    2  1 
  51306.0313   15.042  0.004    2  1 
  51306.0340   15.040  0.004    2  1 
  51306.0638   15.071  0.004    2  1 
  51306.0674   15.061  0.004    2  1 
  51306.0960   14.992  0.004    2  1 
  51306.0990   14.960  0.004    2  1 
  51306.1183   14.796  0.003    2  1 
  51306.1209   14.767  0.003    2  1 
  51306.1434   14.692  0.004    2  1 
  51306.1474   14.704  0.004    2  1 
  51306.1743   14.597  0.003    2  1 
  51306.1770   14.597  0.003    2  1 
  51306.1996   14.622  0.003    2  1 
  51306.2025   14.627  0.003    2  1 
  51306.2207   14.688  0.003    2  1 
  51306.2235   14.697  0.003    2  1 
  51306.2407   14.748  0.003    2  1 
  51306.2432   14.781  0.003    2  1 
  51306.2458   14.774  0.003    2  1 
  51306.2665   14.864  0.003    2  1 
  51306.2691   14.878  0.003    2  1 
  51306.2862   14.949  0.004    2  1 
  51306.2895   14.968  0.004    2  1 
  51306.3068   15.020  0.004    2  1 
  51306.3101   15.016  0.004    2  1 
  51306.9828   15.022  0.005    2  1 
  51306.9870   14.985  0.004    2  1 
  51307.0161   14.779  0.003    2  1 
  51307.0270   14.708  0.004    2  1 
  51307.0388   14.680  0.004    2  1 
  51307.0824   14.621  0.004    2  1 
  51307.9862   14.612  0.003    2  1 
  51307.9901   14.626  0.003    2  1 
  51308.0178   14.681  0.003    2  1 
  51308.0212   14.683  0.003    2  1 
  51308.0443   14.768  0.003    2  1 
  51308.0713   14.883  0.003    2  1 
  51308.0749   14.896  0.003    2  1 
  51308.0779   14.911  0.003    2  1 
  51308.1072   15.017  0.004    2  1 
  51308.1114   15.028  0.004    2  1 
  51310.1342   14.760  0.003    2  1 
  51310.1371   14.774  0.003    2  1 
  51310.1402   14.784  0.003    2  1 
  51314.9621   14.905  0.004    2  1 
  51314.9650   14.911  0.004    2  1 
  51314.9679   14.917  0.004    2  1 
  51314.9914   15.004  0.004    2  1 
  51314.9943   14.999  0.004    2  1 
  51314.9972   15.006  0.004    2  1 
  51315.0171   15.041  0.004    2  1 
  51315.0197   15.039  0.004    2  1 
  51315.0224   15.037  0.004    2  1 
  51315.0409   15.055  0.004    2  1 
  51315.0436   15.053  0.004    2  1 
  51315.0462   15.056  0.004    2  1 
  51315.0650   15.036  0.004    2  1 
  51315.0677   15.037  0.004    2  1 
  51315.0860   14.951  0.004    2  1 
  51315.0887   14.933  0.004    2  1 
  51315.0913   14.913  0.004    2  1 
  51315.1094   14.732  0.003    2  1 
  51315.1121   14.720  0.003    2  1 
  51315.1148   14.701  0.003    2  1 
  51316.0277   14.677  0.003    2  1 
  51316.0303   14.678  0.003    2  1 
  51316.0330   14.674  0.003    2  1 
  51316.0511   14.635  0.003    2  1 
  51316.0538   14.618  0.003    2  1 
  51316.0565   14.619  0.003    2  1 
  51316.0746   14.613  0.003    2  1 
  51316.0773   14.621  0.003    2  1 
  51316.0800   14.619  0.003    2  1 
  51316.0992   14.663  0.003    2  1 
  51316.1020   14.675  0.003    2  1 
  51316.1046   14.668  0.003    2  1 
  51316.1228   14.736  0.003    2  1 
  51316.1255   14.753  0.003    2  1 
  51316.1281   14.762  0.003    2  1 
  51316.9815   14.646  0.003    2  1 
  51316.9843   14.642  0.003    2  1 
  51316.9869   14.652  0.003    2  1 
  51316.9978   14.665  0.004    2  1 
  51317.0147   14.708  0.004    2  1 
  51317.0176   14.713  0.004    2  1 
  51317.0205   14.729  0.004    2  1 
  51317.0420   14.813  0.004    2  1 
  51317.0450   14.829  0.005    2  1 
  51317.0483   14.841  0.004    2  1 
  51317.0689   14.933  0.004    2  1 
  51317.0718   14.940  0.004    2  1 
  51317.0747   14.955  0.004    2  1 
  51317.0946   15.014  0.004    2  1 
  51317.0974   15.023  0.004    2  1 
  51317.1000   15.023  0.004    2  1 
  51317.1199   15.047  0.004    2  1 
  51317.1228   15.057  0.004    2  1 
  51317.1257   15.059  0.004    2  1 
  51317.9715   14.964  0.004    2  1 
  51317.9744   14.973  0.004    2  1 
  51317.9772   14.979  0.004    2  1 
  51317.9970   15.035  0.004    2  1 
  51317.9998   15.046  0.004    2  1 
  51318.0025   15.026  0.004    2  1 
  51318.0227   15.051  0.005    2  1 
  51318.0260   15.053  0.005    2  1 
  51318.0292   15.050  0.005    2  1 
  51318.0510   15.057  0.005    2  1 
  51318.0542   15.061  0.005    2  1 
  51318.0575   15.043  0.005    2  1 
  51318.0795   14.961  0.005    2  1 
  51318.0827   14.942  0.005    2  1 
  51318.0859   14.899  0.005    2  1 
  51318.1079   14.712  0.005    2  1 
  51318.1111   14.693  0.005    2  1 
  51318.1144   14.692  0.005    2  1 
  51318.9846   14.927  0.004    2  1 
  51318.9874   14.912  0.004    2  1 
  51318.9902   14.883  0.004    2  1 
  51319.0093   14.695  0.004    2  1 
  51319.0122   14.690  0.004    2  1 
  51319.0151   14.679  0.004    2  1 
  51319.0351   14.657  0.004    2  1 
  51319.0380   14.652  0.004    2  1 
  51319.0411   14.630  0.004    2  1 
  51319.0623   14.611  0.004    2  1 
  51319.0653   14.613  0.004    2  1 
  51319.0682   14.622  0.003    2  1 
  51319.0874   14.650  0.003    2  1 
  51319.0902   14.665  0.003    2  1 
  51319.0928   14.670  0.003    2  1 
  51319.1137   14.721  0.003    2  1 
  51319.1164   14.725  0.003    2  1 
  51319.1190   14.737  0.003    2  1 
  51320.0869   15.020  0.004    2  1 
  51320.0909   15.020  0.004    2  1 
  51320.1531   15.035  0.004    2  1 
  51320.1557   15.028  0.004    2  1 
  51320.1584   15.028  0.004    2  1 
  51320.9810   15.022  0.004    2  1 
  51320.9838   15.012  0.004    2  1 
  51321.0292   15.048  0.004    2  1 
  51321.0466   15.051  0.004    2  1 
  51321.0491   15.057  0.004    2  1 
  51321.0517   15.041  0.004    2  1 
  51321.0689   14.991  0.004    2  1 
  51321.0714   14.978  0.004    2  1 
  51321.0740   14.960  0.004    2  1 
  51321.0997   14.742  0.003    2  1 
  51321.1023   14.710  0.004    2  1 
  51321.1049   14.695  0.003    2  1 
  51321.1074   14.686  0.003    2  1 
  51321.1100   14.671  0.003    2  1 
  51321.1285   14.656  0.003    2  1 
  51321.1311   14.653  0.003    2  1 
  51332.9607   14.967  0.006    2  1 
  51332.9651   14.981  0.007    2  1 
  51332.9797   15.020  0.005    2  1 
  51332.9834   15.020  0.005    2  1 
  51333.0005   15.044  0.005    2  1 
  51333.0039   15.038  0.005    2  1 
  51333.0156   15.057  0.005    2  1 
  51333.0192   15.056  0.005    2  1 
  51333.0445   15.026  0.005    2  1 
  51333.0479   15.016  0.005    2  1 
  51333.0636   14.917  0.006    2  1 
  51333.0681   14.875  0.006    2  1 
  51333.0834   14.738  0.004    2  1 
  51333.0869   14.705  0.005    2  1 
  51333.0981   14.678  0.004    2  1 
  51333.1018   14.673  0.004    2  1 
  51333.1258   14.606  0.004    2  1 
  51333.1294   14.600  0.005    2  1 
  51333.1410   14.604  0.005    2  1 
  51333.1452   14.606  0.005    2  1 
  51333.1492   14.613  0.005    2  1 
  51333.1642   14.639  0.005    2  1 
  51333.1679   14.649  0.004    2  1 
  51334.9778   14.687  0.003    2  1 
  51334.9806   14.693  0.003    2  1 
  51335.0115   14.818  0.004    2  1 
  51335.0145   14.832  0.004    2  1 
  51335.0237   14.868  0.004    2  1 
  51335.0269   14.886  0.004    2  1 
  51335.0365   14.926  0.004    2  1 
  51335.0396   14.938  0.004    2  1 
  51335.0624   15.011  0.005    2  1 
  51335.0658   15.019  0.005    2  1 
  51335.0766   15.046  0.005    2  1 
  51335.0800   15.057  0.005    2  1 
  51335.1009   15.060  0.005    2  1 
  51335.1041   15.068  0.005    2  1 
  51335.9585   14.999  0.005    2  1 
  51335.9619   15.013  0.005    2  1 
  51335.9661   15.026  0.005    2  1 
  51335.9693   15.034  0.005    2  1 
  51335.9855   15.069  0.004    2  1 
  51335.9915   15.068  0.004    2  1 
  51335.9966   15.075  0.004    2  1 
  51336.0139   15.078  0.004    2  1 
  51336.0172   15.075  0.005    2  1 
  51336.0275   15.065  0.005    2  1 
  51336.0306   15.053  0.005    2  1 
  51336.0439   15.007  0.004    2  1 
  51336.0470   14.988  0.004    2  1 
  51336.0662   14.835  0.004    2  1 
  51336.0696   14.806  0.004    2  1 
  51336.0728   14.771  0.004    2  1 
  51336.0954   14.667  0.004    2  1 
  51336.0989   14.661  0.004    2  1 
  51336.1119   14.643  0.004    2  1 
  51336.1153   14.631  0.004    2  1 
  51336.1297   14.616  0.005    2  1 
  51336.1557   14.665  0.006    2  1 
  51336.1600   14.657  0.006    2  1 
  51336.1647   14.677  0.006    2  1 
  51336.9567   14.909  0.003    2  1 
  51337.0022   14.674  0.004    2  1 
  51337.9827   14.720  0.005    2  1 
  51337.9868   14.731  0.005    2  1 
  51337.9997   14.773  0.005    2  1 
  51338.0033   14.800  0.005    2  1 
  51338.0231   14.867  0.005    2  1 
  51338.0265   14.888  0.005    2  1 
  51338.0304   14.894  0.005    2  1 
  51338.9791   15.035  0.004    2  1 
  51338.9849   15.038  0.004    2  1 
  51339.0116   15.036  0.005    2  1 
  51339.0151   15.040  0.005    2  1 
  51339.0441   14.955  0.005    2  1 
  51339.0477   14.940  0.005    2  1 
  51339.0513   14.914  0.005    2  1 
  51339.0774   14.713  0.004    2  1 
  51339.0807   14.702  0.004    2  1 
  51339.1093   14.633  0.004    2  1 
  51339.1327   14.602  0.004    2  1 
  51339.1363   14.610  0.004    2  1 
  51339.9588   14.856  0.004    2  1 
  51339.9627   14.816  0.004    2  1 
  51339.9835   14.687  0.004    2  1 
  51339.9874   14.678  0.004    2  1 
  51340.0115   14.636  0.004    2  1 
  51340.0146   14.625  0.003    2  1 
  51340.0349   14.629  0.004    2  1 
  51340.0380   14.628  0.004    2  1 
  51340.0659   14.660  0.004    2  1 
  51340.0696   14.669  0.004    2  1 
  51340.0938   14.754  0.005    2  1 
  51340.0983   14.770  0.005    2  1 
  51340.1334   14.940  0.005    2  1 
  51340.1366   14.942  0.004    2  1 
  51344.9654   15.062  0.004    2  1 
  51344.9786   15.067  0.004    2  1 
  51344.9829   15.063  0.005    2  1 
  51345.0052   15.069  0.004    2  1 
  51345.0092   15.059  0.004    2  1 
  51345.0132   15.059  0.004    2  1 
  51345.0170   15.054  0.005    2  1 
  51345.0353   14.979  0.004    2  1 
  51345.0390   14.963  0.004    2  1 
  51345.0645   14.718  0.004    2  1 
  51345.0690   14.689  0.004    2  1 
  51345.9658   14.714  0.005    2  1 
  51345.9696   14.687  0.005    2  1 
  51345.9999   14.624  0.005    2  1 
  51346.0043   14.609  0.004    2  1 
  51346.0310   14.624  0.004    2  1 
  51346.0343   14.641  0.004    2  1 
  51346.0571   14.682  0.004    2  1 
  51346.0604   14.689  0.004    2  1 
  51347.0221   14.928  0.005    2  1 
  51347.0274   14.960  0.003    2  1 
  51347.0562   15.039  0.004    2  1 
  51347.0597   15.023  0.005    2  1 
  51347.0815   15.053  0.004    2  1 
  51347.0850   15.044  0.004    2  1 
  51347.9581   15.030  0.004    2  1 
  51347.9877   15.041  0.004    2  1 
  51347.9914   15.042  0.005    2  1 
  51347.9948   15.049  0.005    2  1 
  51348.0181   15.011  0.004    2  1 
  51348.0211   15.003  0.004    2  1 
  51348.0849   14.683  0.005    2  1 
  51348.0897   14.673  0.005    2  1 
  51348.1054   14.630  0.005    2  1 
  51348.1088   14.631  0.004    2  1 
  51348.1122   14.631  0.004    2  1 
  51348.9528   14.778  0.004    2  1 
  51348.9557   14.764  0.004    2  1 
  51348.9795   14.677  0.004    2  1 
  51348.9824   14.672  0.004    2  1 
  51348.9941   14.653  0.004    2  1 
  51349.0152   14.626  0.004    2  1 
  51349.0189   14.627  0.004    2  1 
  51349.9596   14.676  0.003    2  1 
  51349.9627   14.692  0.003    2  1 
  51349.9911   14.802  0.004    2  1 
  51349.9944   14.819  0.004    2  1 
  51350.0097   14.891  0.004    2  1 
  51350.0128   14.909  0.004    2  1 
  51350.0228   14.941  0.004    2  1 
  51364.9643   14.807  0.004    2  1 
  51364.9677   14.827  0.004    2  1 
  51380.9714   15.035  0.004    2  1 
  51380.9769   15.013  0.004    2  1 
  51380.9801   14.988  0.004    2  1 
  51380.9845   14.957  0.004    2  1 
  51381.0066   14.764  0.003    2  1 
  51381.0096   14.748  0.003    2  1 
  51381.0136   14.724  0.003    2  1 
  51381.9638   14.615  0.003    2  1 
  51381.9679   14.623  0.003    2  1 
  51381.9716   14.629  0.004    2  1 
  51381.9917   14.648  0.004    2  1 
  51381.9946   14.667  0.004    2  1 
  51382.9605   14.904  0.004    2  1 
  51382.9652   14.924  0.004    2  1 
  51382.9682   14.920  0.004    2  1 
  51382.9887   14.998  0.004    2  1 
  51382.9916   15.000  0.004    2  1 
  51383.9595   15.041  0.004    2  1 
  51383.9621   15.029  0.004    2  1 
  51383.9648   15.031  0.004    2  1 
  51383.9826   14.949  0.004    2  1 
  51383.9853   14.921  0.004    2  1 
  51384.9606   14.608  0.003    2  1 
  51384.9631   14.618  0.003    2  1 
  51384.9657   14.615  0.003    2  1 
  51384.9827   14.639  0.003    2  1 
  51384.9853   14.642  0.003    2  1 
  51385.9557   14.899  0.004    2  1 
  51385.9589   14.913  0.004    2  1 
  51385.9615   14.922  0.003    2  1 
  51385.9788   14.979  0.004    2  1 
  51385.9814   14.993  0.004    2  1 
  51386.9731   14.981  0.005    2  1 
  51386.9769   14.964  0.005    2  1 
  51386.9807   14.929  0.004    2  1 
  51387.0101   14.677  0.004    2  1 
  51387.0139   14.670  0.004    2  1 
  51387.0177   14.658  0.004    2  1 
  51388.9571   14.923  0.005    2  1 
  51388.9622   14.935  0.005    2  1 
  51388.9659   14.949  0.005    2  1 
  51388.9899   15.013  0.005    2  1 
  51388.9932   15.019  0.005    2  1 
  51389.9629   15.005  0.004    2  1 
  51389.9656   15.009  0.004    2  1 
  51389.9683   14.980  0.004    2  1 
  51390.9578   14.621  0.003    2  1 
  51390.9604   14.635  0.003    2  1 
  51390.9631   14.644  0.004    2  1 
  51391.9583   14.966  0.004    2  1 
  51391.9609   14.962  0.003    2  1 
  51391.9634   14.965  0.003    2  1 
  51646.1374   14.693  0.004    2  1 
  51646.1447   14.670  0.005    2  1 
  51646.1486   14.658  0.004    2  1 
  51646.1532   14.649  0.004    2  1 
  51646.1570   14.650  0.005    2  1 
  51646.1609   14.645  0.005    2  1 
  51646.1649   14.639  0.005    2  1 
  51646.1687   14.637  0.004    2  1 
  51646.1727   14.623  0.004    2  1 
  51646.1764   14.623  0.004    2  1 
  51646.1801   14.623  0.004    2  1 
  51646.1837   14.635  0.004    2  1 
  51646.1871   14.640  0.004    2  1 
  51646.1907   14.649  0.005    2  1 
  51646.1944   14.651  0.005    2  1 
  51646.1983   14.653  0.004    2  1 
  51646.2025   14.662  0.004    2  1 
  51646.2065   14.672  0.004    2  1 
  51646.2100   14.681  0.004    2  1 
  51646.2138   14.691  0.004    2  1 
  51646.2172   14.696  0.004    2  1 
  51646.2206   14.714  0.004    2  1 
  51646.2245   14.725  0.004    2  1 
  51646.2283   14.738  0.004    2  1 
  51646.2320   14.752  0.004    2  1 
  51646.2362   14.767  0.004    2  1 
  51646.2394   14.787  0.003    2  1 
  51646.2426   14.802  0.003    2  1 
  51646.2457   14.816  0.004    2  1 
  51646.2489   14.830  0.004    2  1 
  51646.2523   14.847  0.004    2  1 
  51646.2557   14.863  0.004    2  1 
  51646.2591   14.871  0.004    2  1 
  51646.2626   14.884  0.005    2  1 
  51646.2660   14.907  0.004    2  1 
  51646.2694   14.906  0.005    2  1 
  51646.2730   14.921  0.005    2  1 
  51646.2769   14.923  0.005    2  1 
  51646.2811   14.933  0.006    2  1 
  51646.2852   14.963  0.006    2  1 
  51646.2895   14.989  0.005    2  1 
  51646.2939   14.984  0.005    2  1 
  51646.2986   14.997  0.006    2  1 
  51646.3027   15.005  0.006    2  1 
  51646.3070   15.024  0.006    2  1 
  51646.3111   15.041  0.005    2  1 
  51646.3151   15.045  0.005    2  1 
  51646.3189   15.050  0.005    2  1 
  51646.3225   15.056  0.004    2  1 
  51646.3260   15.061  0.005    2  1 
  51646.3296   15.055  0.005    2  1 
  51646.3330   15.068  0.005    2  1 
  51646.3377   15.075  0.005    2  1 
  51646.3414   15.082  0.005    2  1 
  51646.3451   15.073  0.005    2  1 
  51646.3496   15.081  0.005    2  1 
  51646.3530   15.066  0.005    2  1 
  51646.3568   15.072  0.005    2  1 
  51646.3602   15.041  0.005    2  1 
  51646.3637   15.055  0.005    2  1 
  51646.3679   15.056  0.005    2  1 
  51646.3713   15.037  0.005    2  1 
  51646.3746   15.018  0.005    2  1 
  51671.0353   14.611  0.003    2  1 
  51671.0475   14.626  0.003    2  1 
  51671.0585   14.651  0.004    2  1 
  51671.0649   14.658  0.004    2  1 
  51671.0721   14.676  0.004    2  1 
  51671.0771   14.695  0.005    2  1 
  51671.1013   14.777  0.004    2  1 
  51671.1053   14.796  0.004    2  1 
  51671.1107   14.813  0.004    2  1 
  51671.1151   14.841  0.004    2  1 
  51671.1292   14.900  0.004    2  1 
  51671.9878   14.738  0.003    2  1 
  51671.9920   14.768  0.003    2  1 
  51672.0277   14.899  0.004    2  1 
  51672.0316   14.914  0.004    2  1 
  51672.0822   15.037  0.004    2  1 
  51674.0685   14.681  0.005    2  1 
  51674.0726   14.697  0.005    2  1 
  51674.1052   14.812  0.005    2  1 
  51674.1117   14.841  0.005    2  1 
  51674.1260   14.905  0.004    2  1 
  51674.1296   14.924  0.005    2  1 
  51674.1332   14.941  0.005    2  1 
  51674.1368   14.956  0.005    2  1 
  51674.1405   14.972  0.005    2  1 
  51674.1444   14.973  0.004    2  1 
  51674.9689   14.682  0.004    2  1 
  51674.9724   14.695  0.004    2  1 
  51674.9867   14.739  0.004    2  1 
  51674.9911   14.757  0.005    2  1 
  51675.0041   14.817  0.005    2  1 
  51675.0121   14.852  0.005    2  1 
  51675.0159   14.863  0.005    2  1 
  51675.0253   14.909  0.004    2  1 
  51675.0289   14.918  0.004    2  1 
  51675.0351   14.953  0.004    2  1 
  51675.0465   14.983  0.005    2  1 
  51675.0521   14.993  0.005    2  1 
  51675.0558   15.006  0.005    2  1 
  51675.0622   15.024  0.005    2  1 
  51675.0661   15.029  0.005    2  1 
  51675.0719   15.036  0.005    2  1 
  51675.0756   15.039  0.005    2  1 
  51675.0814   15.056  0.005    2  1 
  51675.0858   15.052  0.005    2  1 
  51675.0927   15.050  0.005    2  1 
  51675.0970   15.071  0.005    2  1 
  51675.9751   15.049  0.004    2  1 
  51675.9802   15.045  0.005    2  1 
  51675.9906   15.054  0.004    2  1 
  51675.9939   15.061  0.004    2  1 
  51675.9971   15.061  0.004    2  1 
  51676.0005   15.072  0.004    2  1 
  51676.0036   15.059  0.004    2  1 
  51676.0067   15.062  0.004    2  1 
  51676.0112   15.062  0.004    2  1 
  51676.0240   15.043  0.005    2  1 
  51676.0301   15.034  0.005    2  1 
  51676.9616   14.776  0.005    2  1 
  51676.9713   14.714  0.005    2  1 
  51676.9757   14.697  0.005    2  1 
  51676.9867   14.697  0.005    2  1 
  51676.9919   14.706  0.006    2  1 
  51676.9969   14.675  0.006    2  1 
  51677.0090   14.649  0.005    2  1 
  51677.0126   14.633  0.004    2  1 
  51677.0180   14.621  0.005    2  1 
  51677.0226   14.614  0.005    2  1 
  51677.0271   14.615  0.005    2  1 
  51677.0318   14.611  0.005    2  1 
  51677.0362   14.625  0.005    2  1 
  51677.0410   14.626  0.005    2  1 
  51677.0453   14.631  0.005    2  1 
  51677.0499   14.636  0.005    2  1 
  51677.0580   14.658  0.005    2  1 
  51677.0628   14.667  0.005    2  1 
  51677.0672   14.682  0.005    2  1 
  51677.0713   14.697  0.005    2  1 
  51677.0751   14.712  0.005    2  1 
  51677.0793   14.731  0.005    2  1 
  51677.0835   14.742  0.005    2  1 
  51677.0877   14.764  0.005    2  1 
  51677.0918   14.778  0.005    2  1 
  51677.0956   14.793  0.005    2  1 
  51677.0996   14.817  0.006    2  1 
  51677.1044   14.835  0.005    2  1 
  51677.1082   14.853  0.006    2  1 
  51677.1121   14.867  0.005    2  1 
  51677.1160   14.881  0.006    2  1 
  51677.1199   14.889  0.006    2  1 
  51677.1238   14.912  0.006    2  1 
  51677.1276   14.924  0.006    2  1 
  51677.1315   14.937  0.006    2  1 
  51677.1353   14.951  0.006    2  1 
  51677.1396   14.959  0.006    2  1 
  51677.1434   14.979  0.006    2  1 
  51677.1476   14.991  0.006    2  1 
  51677.1520   14.989  0.006    2  1 
  51677.1564   15.002  0.006    2  1 
  51677.1603   15.008  0.006    2  1 
  51677.1642   15.017  0.006    2  1 
  51677.1680   15.025  0.006    2  1 
  51677.1719   15.025  0.006    2  1 
  51677.1759   15.033  0.006    2  1 
  51677.1797   15.035  0.006    2  1 
  51677.1836   15.031  0.006    2  1 
  51677.1883   15.040  0.006    2  1 
  51677.1922   15.047  0.006    2  1 
  51677.1960   15.043  0.006    2  1 
  51677.1999   15.047  0.006    2  1 
  51677.2038   15.045  0.006    2  1 
  51677.2083   15.043  0.006    2  1 
  51677.2133   15.043  0.006    2  1 
  51677.2176   15.016  0.006    2  1 
  51677.2233   15.003  0.006    2  1 
  51677.2285   14.974  0.007    2  1 
  51677.2335   14.976  0.007    2  1 
  51677.2391   14.947  0.007    2  1 
  51677.2465   14.893  0.007    2  1 
  51677.2524   14.859  0.006    2  1 
  51677.2571   14.818  0.006    2  1 
  51677.2620   14.771  0.006    2  1 
  51677.2664   14.728  0.005    2  1 
  51677.2708   14.703  0.005    2  1 
  51691.0375   14.810  0.002    2  1 
  51691.0409   14.769  0.003    2  1 
  51691.0444   14.757  0.004    2  1 
  51691.0509   14.702  0.003    2  1 
  51691.0543   14.697  0.004    2  1 
  51691.0579   14.688  0.004    2  1 
  51691.0633   14.682  0.003    2  1 
  51691.0670   14.682  0.002    2  1 
  51691.0711   14.663  0.003    2  1 
  51691.0770   14.641  0.003    2  1 
  51691.0805   14.632  0.003    2  1 
  51691.0840   14.621  0.003    2  1 
  51691.0896   14.610  0.003    2  1 
  51691.0931   14.609  0.003    2  1 
  51691.0971   14.601  0.003    2  1 
  51691.1040   14.615  0.003    2  1 
  51691.1083   14.628  0.003    2  1 
  51691.1122   14.623  0.003    2  1 
  51691.1180   14.643  0.003    2  1 
  51691.1214   14.652  0.003    2  1 
  51691.1249   14.652  0.003    2  1 
  51691.1323   14.672  0.003    2  1 
  51691.1357   14.672  0.003    2  1 
  51691.1392   14.680  0.003    2  1 
  51691.1448   14.695  0.003    2  1 
  51691.1522   14.714  0.002    2  1 
  51691.1561   14.728  0.002    2  1 
  51693.0130   14.965  0.005    2  1 
  51693.0248   14.998  0.004    2  1 
  51693.0305   15.007  0.004    2  1 
  51693.0340   15.037  0.004    2  1 
  51693.0378   15.020  0.004    2  1 
  51694.0082   15.013  0.004    2  1 
  51694.0114   14.990  0.004    2  1 
  51694.0202   14.929  0.004    2  1 
  51694.0234   14.912  0.004    2  1 
  51694.0267   14.884  0.004    2  1 
  51694.0319   14.832  0.004    2  1 
  51694.0351   14.812  0.004    2  1 
  51694.0384   14.778  0.004    2  1 
  51694.0418   14.748  0.004    2  1 
  51694.0472   14.713  0.004    2  1 
  51694.0505   14.687  0.004    2  1 
  51694.0537   14.672  0.003    2  1 
  51694.0590   14.660  0.003    2  1 
  51694.0623   14.657  0.003    2  1 
  51694.0656   14.652  0.003    2  1 
  51694.0714   14.639  0.003    2  1 
  51694.0748   14.632  0.003    2  1 
  51694.0781   14.630  0.003    2  1 
  51694.0836   14.611  0.003    2  1 
  51694.0868   14.616  0.003    2  1 
  51694.0901   14.618  0.003    2  1 
  51694.0957   14.610  0.003    2  1 
  51694.0989   14.628  0.003    2  1 
  51694.1021   14.615  0.003    2  1 
  51694.1075   14.620  0.003    2  1 
  51694.1106   14.627  0.003    2  1 
  51694.1190   14.640  0.003    2  1 
  51694.1221   14.646  0.003    2  1 
  51694.1252   14.638  0.003    2  1 
  51694.1286   14.650  0.003    2  1 
  51695.0280   14.656  0.003    2  1 
  51695.0317   14.658  0.003    2  1 
  51697.9712   14.636  0.004    2  1 
  51697.9818   14.606  0.004    2  1 
  51765.9746   14.612  0.004    2  1 
  51765.9783   14.606  0.004    2  1 
  51765.9820   14.605  0.004    2  1 
  51766.0194   14.660  0.004    2  1 
  51766.0229   14.662  0.004    2  1 
  51216.3063   14.933  0.003    3  1 
  51216.3342   14.879  0.003    3  1 
  51216.3847   15.176  0.004    3  1 
  51217.2936   15.172  0.004    3  1 
  51217.3214   15.363  0.005    3  1 
  51217.3432   15.379  0.004    3  1 
  51217.3852   15.505  0.005    3  1 
  51218.2935   15.530  0.005    3  1 
  51218.3212   15.465  0.005    3  1 
  51218.3442   15.170  0.004    3  1 
  51218.3704   14.998  0.004    3  1 
  51219.2811   14.964  0.002    3  1 
  51219.2844   14.937  0.004    3  1 
  51219.3053   14.859  0.004    3  1 
  51219.3228   14.876  0.004    3  1 
  51219.3465   14.944  0.004    3  1 
  51219.3676   15.042  0.004    3  1 
  51219.3851   15.160  0.004    3  1 
  51220.2805   15.144  0.004    3  1 
  51220.2995   15.276  0.004    3  1 
  51220.3171   15.379  0.005    3  1 
  51220.3349   15.467  0.005    3  1 
  51220.3523   15.513  0.005    3  1 
  51220.3689   15.531  0.005    3  1 
  51220.3877   15.482  0.005    3  1 
  51221.2691   15.514  0.005    3  1 
  51221.2915   15.525  0.005    3  1 
  51221.3097   15.452  0.004    3  1 
  51221.3270   15.345  0.004    3  1 
  51221.3437   15.133  0.004    3  1 
  51221.3619   14.963  0.004    3  1 
  51221.3854   14.895  0.004    3  1 
  51283.2237   15.351  0.003    3  1 
  51283.2601   15.457  0.004    3  1 
  51283.2830   15.474  0.004    3  1 
  51283.3050   15.502  0.004    3  1 
  51283.3367   15.307  0.004    3  1 
  51283.3600   15.017  0.003    3  1 
  51284.2056   15.503  0.004    3  1 
  51284.2337   15.326  0.004    3  1 
  51284.2542   15.047  0.003    3  1 
  51284.2806   14.964  0.003    3  1 
  51284.3075   14.916  0.003    3  1 
  51284.3333   14.942  0.003    3  1 
  51285.0371   15.436  0.003    3  1 
  51285.0646   15.491  0.003    3  1 
  51285.0885   15.548  0.004    3  1 
  51285.1182   15.455  0.004    3  1 
  51285.1988   14.875  0.003    3  1 
  51285.2270   14.937  0.003    3  1 
  51285.2539   15.006  0.003    3  1 
  51285.2851   15.170  0.003    3  1 
  51285.3202   15.368  0.004    3  1 
  51285.3496   15.475  0.004    3  1 
  51286.0308   15.349  0.003    3  1 
  51286.0619   14.980  0.003    3  1 
  51286.0871   14.934  0.003    3  1 
  51286.0921   14.927  0.003    3  1 
  51286.1512   15.075  0.003    3  1 
  51286.1789   15.149  0.003    3  1 
  51286.2076   15.279  0.003    3  1 
  51286.2389   15.402  0.003    3  1 
  51286.2613   15.471  0.004    3  1 
  51286.2889   15.493  0.004    3  1 
  51286.3108   15.473  0.004    3  1 
  51286.3335   15.314  0.004    3  1 
  51286.3566   15.047  0.003    3  1 
  51304.9734   14.915  0.003    3  1 
  51305.0076   14.952  0.004    3  1 
  51305.0510   15.123  0.004    3  1 
  51305.0770   15.288  0.004    3  1 
  51305.1004   15.406  0.004    3  1 
  51305.1407   15.500  0.005    3  1 
  51305.1707   15.528  0.005    3  1 
  51305.1996   15.369  0.005    3  1 
  51305.2299   15.011  0.004    3  1 
  51305.2561   14.963  0.004    3  1 
  51305.2836   14.878  0.004    3  1 
  51305.3139   14.994  0.004    3  1 
  51305.9733   15.275  0.003    3  1 
  51306.0117   15.417  0.003    3  1 
  51306.0157   15.461  0.004    3  1 
  51306.0375   15.501  0.004    3  1 
  51306.0735   15.507  0.004    3  1 
  51306.1026   15.323  0.003    3  1 
  51306.1285   15.016  0.003    3  1 
  51306.1517   14.974  0.004    3  1 
  51306.1807   14.875  0.003    3  1 
  51306.2269   14.966  0.003    3  1 
  51306.2491   15.140  0.003    3  1 
  51306.2725   15.292  0.003    3  1 
  51306.2932   15.391  0.003    3  1 
  51308.0249   15.066  0.003    3  1 
  51308.0524   15.147  0.003    3  1 
  51308.1202   15.482  0.004    3  1 
  51310.1272   15.069  0.003    3  1 
  51310.1308   15.088  0.003    3  1 
  51314.9714   15.351  0.004    3  1 
  51315.0138   15.475  0.004    3  1 
  51315.0372   15.510  0.004    3  1 
  51315.0710   15.467  0.004    3  1 
  51315.0946   15.249  0.004    3  1 
  51315.1180   14.981  0.003    3  1 
  51316.0597   14.877  0.003    3  1 
  51316.0832   14.903  0.003    3  1 
  51316.1079   14.972  0.003    3  1 
  51317.0013   14.967  0.003    3  1 
  51317.0241   15.063  0.004    3  1 
  51317.0523   15.240  0.004    3  1 
  51317.0782   15.394  0.005    3  1 
  51317.1035   15.482  0.005    3  1 
  51317.9808   15.414  0.004    3  1 
  51318.0060   15.484  0.005    3  1 
  51318.0331   15.505  0.006    3  1 
  51318.0898   15.241  0.005    3  1 
  51318.1183   14.999  0.004    3  1 
  51318.9811   15.365  0.004    3  1 
  51319.0058   15.022  0.004    3  1 
  51319.0315   14.947  0.004    3  1 
  51319.0717   14.889  0.003    3  1 
  51319.0961   14.937  0.003    3  1 
  51321.0434   15.498  0.004    3  1 
  51321.0658   15.420  0.004    3  1 
  51321.0965   15.080  0.003    3  1 
  51321.1252   14.971  0.003    3  1 
  51333.0403   15.500  0.005    3  1 
  51333.1062   14.981  0.004    3  1 
  51335.0432   15.380  0.004    3  1 
  51335.0972   15.540  0.005    3  1 
  51335.1083   15.545  0.005    3  1 
  51336.0103   15.559  0.004    3  1 
  51336.0508   15.382  0.004    3  1 
  51336.0891   14.969  0.004    3  1 
  51338.0075   15.175  0.004    3  1 
  51338.9740   15.455  0.003    3  1 
  51339.0046   15.510  0.005    3  1 
  51339.0385   15.420  0.004    3  1 
  51339.0685   15.118  0.004    3  1 
  51339.1006   14.975  0.004    3  1 
  51339.1280   14.878  0.004    3  1 
  51339.9665   15.125  0.003    3  1 
  51339.9935   14.984  0.003    3  1 
  51340.0189   14.924  0.003    3  1 
  51340.0441   14.916  0.004    3  1 
  51340.0753   15.005  0.004    3  1 
  51340.1041   15.149  0.005    3  1 
  51345.0430   15.316  0.004    3  1 
  51345.0736   14.958  0.003    3  1 
  51345.9747   14.952  0.004    3  1 
  51346.0101   14.873  0.004    3  1 
  51346.0388   14.922  0.004    3  1 
  51346.0670   15.018  0.004    3  1 
  51347.0317   15.393  0.004    3  1 
  51347.0645   15.492  0.005    3  1 
  51347.0896   15.498  0.003    3  1 
  51347.9638   15.499  0.004    3  1 
  51348.0146   15.477  0.004    3  1 
  51348.9591   15.052  0.004    3  1 
  51349.0243   14.915  0.003    3  1 
  51349.9679   15.044  0.003    3  1 
  51364.9721   15.205  0.004    3  1 
  51380.9890   15.313  0.004    3  1 
  51381.9751   14.900  0.003    3  1 
  51382.9716   15.352  0.004    3  1 
  51383.9680   15.458  0.004    3  1 
  51385.9645   15.348  0.003    3  1 
  51386.9859   15.271  0.004    3  1 
  51388.9699   15.386  0.004    3  1 
  51389.9715   15.351  0.004    3  1 
  51672.0213   15.250  0.004    3  1 
  51674.0796   15.033  0.004    3  1 
  51674.9989   15.150  0.004    3  1 
  51693.0053   15.359  0.004    3  1 
  51694.0012   15.472  0.004    3  1 
  51695.0214   14.853  0.003    3  1 
  51765.9863   14.874  0.004    3  1 
  51766.0153   14.961  0.004    3  1 
 56468.97641   13.731  0.025   -1  1 
 56469.04707   13.645  0.029   -1  1 
 56469.10896   13.627  0.016   -1  1 
 56469.17285   13.793  0.008   -1  1 
 56471.00364   13.677  0.016   -1  1 
 56471.06640   13.929  0.028   -1  1 
 56471.12490   13.705  0.008   -1  1 
 56471.18188   13.714  0.010   -1  1 
 56471.96759   13.604  0.018   -1  1 
 56472.03374   13.733  0.011   -1  1 
 56472.09484   13.983  0.024   -1  1 
 56472.15243   13.825  0.007   -1  1 
 56468.95296   13.555  0.029   -2  1 
 56469.02441   13.556  0.019   -2  1 
 56469.08813   13.643  0.016   -2  1 
 56469.15134   13.694  0.010   -2  1 
 56471.02588   13.646  0.018   -2  1 
 56471.08671   13.652  0.032   -2  1 
 56471.14302   13.668  0.006   -2  1 
 56471.94704   13.609  0.009   -2  1 
 56472.01085   13.579  0.017   -2  1 
 56472.07480   13.675  0.013   -2  1 
 56472.13240   13.641  0.010   -2  1 
 56472.19216   13.661  0.007   -2  1 
 56469.00041   13.779  0.017   -5  1 
 56469.06767   13.929  0.015   -5  1 
 56469.13003   13.999  0.008   -5  1 
 56469.19349   13.863  0.011   -5  1 
 56470.98130   13.963  0.015   -5  1 
 56471.04693   13.834  0.007   -5  1 
 56471.10523   13.838  0.008   -5  1 
 56471.16397   13.873  0.005   -5  1 
 56471.98857   13.826  0.011   -5  1 
 56472.05430   13.907  0.006   -5  1 
 56472.11383   13.933  0.007   -5  1 
 56472.17109   13.940  0.017   -5  1 
