  51216.2987   14.339  0.004    2  1 
  51216.3275   14.423  0.004    2  1 
  51216.3519   14.507  0.004    2  1 
  51216.3771   14.578  0.004    2  1 
  51217.2851   14.931  0.005    2  1 
  51217.3152   15.016  0.005    2  1 
  51217.3378   14.940  0.004    2  1 
  51217.3598   14.816  0.004    2  1 
  51217.3804   14.526  0.004    2  1 
  51218.3013   14.757  0.004    2  1 
  51218.3254   14.787  0.004    2  1 
  51218.3504   14.809  0.004    2  1 
  51218.3753   14.833  0.004    2  1 
  51219.2775   13.972  0.003    2  1 
  51219.3014   14.061  0.003    2  1 
  51219.3186   14.127  0.003    2  1 
  51219.3397   14.210  0.003    2  1 
  51219.3635   14.297  0.003    2  1 
  51219.3810   14.346  0.004    2  1 
  51220.2867   14.890  0.004    2  1 
  51220.3036   14.910  0.004    2  1 
  51220.3219   14.899  0.005    2  1 
  51220.3564   14.901  0.005    2  1 
  51220.3729   14.951  0.005    2  1 
  51220.3920   14.978  0.005    2  1 
  51221.2619   14.452  0.004    2  1 
  51221.2873   14.531  0.004    2  1 
  51221.3052   14.574  0.004    2  1 
  51221.3230   14.621  0.004    2  1 
  51221.3396   14.668  0.004    2  1 
  51221.3577   14.714  0.004    2  1 
  51221.3762   14.745  0.004    2  1 
  51283.2102   14.968  0.004    2  1 
  51283.2288   14.793  0.004    2  1 
  51283.2338   14.717  0.004    2  1 
  51283.2391   14.606  0.004    2  1 
  51283.2642   14.116  0.003    2  1 
  51283.2680   14.049  0.003    2  1 
  51283.2868   13.949  0.003    2  1 
  51283.2902   13.959  0.003    2  1 
  51283.3138   14.025  0.003    2  1 
  51283.3170   14.037  0.003    2  1 
  51283.3408   14.134  0.003    2  1 
  51283.3447   14.149  0.003    2  1 
  51283.3642   14.222  0.003    2  1 
  51283.3673   14.237  0.003    2  1 
  51284.1955   14.817  0.004    2  1 
  51284.1993   14.811  0.004    2  1 
  51284.2266   14.837  0.004    2  1 
  51284.2298   14.851  0.004    2  1 
  51284.2475   14.871  0.004    2  1 
  51284.2506   14.865  0.004    2  1 
  51284.2679   14.877  0.004    2  1 
  51284.2711   14.882  0.004    2  1 
  51284.3004   14.928  0.004    2  1 
  51284.3036   14.924  0.004    2  1 
  51284.3257   14.924  0.005    2  1 
  51284.3289   14.914  0.005    2  1 
  51285.0269   14.983  0.004    2  1 
  51285.0299   15.004  0.004    2  1 
  51285.0577   14.802  0.004    2  1 
  51285.0607   14.932  0.004    2  1 
  51285.0814   14.681  0.003    2  1 
  51285.0847   14.602  0.003    2  1 
  51285.1052   14.235  0.003    2  1 
  51285.1084   14.174  0.003    2  1 
  51285.1396   13.950  0.003    2  1 
  51285.1427   13.978  0.003    2  1 
  51285.1624   14.044  0.003    2  1 
  51285.1654   14.060  0.003    2  1 
  51285.1891   14.171  0.003    2  1 
  51285.1924   14.205  0.003    2  1 
  51285.2195   14.262  0.003    2  1 
  51285.2227   14.268  0.003    2  1 
  51285.2468   14.351  0.003    2  1 
  51285.2498   14.384  0.003    2  1 
  51285.2738   14.457  0.004    2  1 
  51285.2775   14.463  0.003    2  1 
  51285.3077   14.562  0.003    2  1 
  51285.3112   14.566  0.004    2  1 
  51285.3425   14.648  0.004    2  1 
  51285.3456   14.660  0.004    2  1 
  51286.0177   14.765  0.003    2  1 
  51286.0241   14.772  0.003    2  1 
  51286.0574   14.805  0.003    2  1 
  51286.0794   14.827  0.004    2  1 
  51286.0832   14.812  0.003    2  1 
  51286.1105   14.852  0.004    2  1 
  51286.1136   14.871  0.004    2  1 
  51286.1441   14.895  0.004    2  1 
  51286.1472   14.881  0.004    2  1 
  51286.1708   14.873  0.004    2  1 
  51286.1740   14.893  0.004    2  1 
  51286.1969   14.902  0.004    2  1 
  51286.2002   14.898  0.004    2  1 
  51286.2322   14.946  0.004    2  1 
  51286.2352   14.959  0.004    2  1 
  51286.2544   14.998  0.004    2  1 
  51286.2573   15.016  0.004    2  1 
  51286.2785   15.011  0.004    2  1 
  51286.2816   14.990  0.004    2  1 
  51286.3149   14.629  0.004    2  1 
  51286.3179   14.562  0.003    2  1 
  51286.3375   14.195  0.003    2  1 
  51286.3409   14.121  0.003    2  1 
  51286.3604   13.925  0.003    2  1 
  51286.3635   13.933  0.003    2  1 
  51286.3665   13.932  0.003    2  1 
  51304.9667   14.432  0.003    2  1 
  51304.9697   14.435  0.003    2  1 
  51304.9956   14.514  0.003    2  1 
  51304.9985   14.535  0.003    2  1 
  51305.0393   14.643  0.003    2  1 
  51305.0423   14.640  0.003    2  1 
  51305.0812   14.719  0.004    2  1 
  51305.0852   14.733  0.004    2  1 
  51305.1040   14.783  0.004    2  1 
  51305.1077   14.786  0.004    2  1 
  51305.1328   14.876  0.005    2  1 
  51305.1357   14.845  0.004    2  1 
  51305.1582   14.850  0.005    2  1 
  51305.1616   14.856  0.005    2  1 
  51305.1919   14.879  0.005    2  1 
  51305.1953   14.863  0.005    2  1 
  51305.2170   14.894  0.005    2  1 
  51305.2202   14.889  0.005    2  1 
  51305.2493   14.933  0.004    2  1 
  51305.2523   14.916  0.004    2  1 
  51305.2764   14.931  0.005    2  1 
  51305.2796   14.950  0.006    2  1 
  51305.3025   14.926  0.004    2  1 
  51305.3054   14.929  0.004    2  1 
  51305.9643   14.972  0.004    2  1 
  51305.9672   14.950  0.004    2  1 
  51305.9997   14.775  0.003    2  1 
  51306.0313   14.338  0.003    2  1 
  51306.0340   14.275  0.003    2  1 
  51306.0638   13.924  0.002    2  1 
  51306.0674   13.934  0.002    2  1 
  51306.0960   14.044  0.003    2  1 
  51306.0990   14.051  0.003    2  1 
  51306.1209   14.156  0.002    2  1 
  51306.1434   14.235  0.003    2  1 
  51306.1474   14.268  0.004    2  1 
  51306.1743   14.343  0.003    2  1 
  51306.1770   14.349  0.003    2  1 
  51306.1996   14.420  0.003    2  1 
  51306.2025   14.459  0.002    2  1 
  51306.2235   14.514  0.003    2  1 
  51306.2407   14.535  0.003    2  1 
  51306.2432   14.558  0.003    2  1 
  51306.2458   14.567  0.003    2  1 
  51306.2665   14.617  0.003    2  1 
  51306.2691   14.617  0.003    2  1 
  51306.2862   14.643  0.003    2  1 
  51306.2895   14.672  0.003    2  1 
  51306.3068   14.715  0.003    2  1 
  51306.3101   14.726  0.004    2  1 
  51306.9828   14.838  0.005    2  1 
  51306.9870   14.862  0.004    2  1 
  51307.0161   14.916  0.004    2  1 
  51307.0270   14.907  0.005    2  1 
  51307.0388   14.896  0.005    2  1 
  51307.0824   15.001  0.007    2  1 
  51307.9862   14.231  0.003    2  1 
  51307.9901   14.241  0.002    2  1 
  51308.0178   14.330  0.002    2  1 
  51308.0212   14.377  0.002    2  1 
  51308.0443   14.411  0.003    2  1 
  51308.0779   14.408  0.002    2  1 
  51308.1072   14.601  0.004    2  1 
  51308.1114   14.620  0.004    2  1 
  51310.1342   14.857  0.003    2  1 
  51310.1371   14.876  0.004    2  1 
  51310.1402   14.873  0.003    2  1 
  51314.9621   14.839  0.005    2  1 
  51314.9650   14.793  0.004    2  1 
  51314.9679   14.811  0.004    2  1 
  51314.9914   14.816  0.004    2  1 
  51314.9943   14.820  0.004    2  1 
  51314.9972   14.818  0.004    2  1 
  51315.0171   14.835  0.003    2  1 
  51315.0197   14.834  0.003    2  1 
  51315.0224   14.847  0.003    2  1 
  51315.0409   14.846  0.003    2  1 
  51315.0436   14.837  0.003    2  1 
  51315.0462   14.857  0.004    2  1 
  51315.0650   14.870  0.004    2  1 
  51315.0677   14.875  0.004    2  1 
  51315.0860   14.890  0.004    2  1 
  51315.0887   14.908  0.004    2  1 
  51315.0913   14.916  0.004    2  1 
  51315.1094   14.914  0.004    2  1 
  51315.1121   14.899  0.004    2  1 
  51315.1148   14.894  0.004    2  1 
  51316.0303   14.374  0.003    2  1 
  51316.0330   14.384  0.003    2  1 
  51316.0511   14.432  0.003    2  1 
  51316.0538   14.442  0.003    2  1 
  51316.0565   14.452  0.003    2  1 
  51316.0746   14.504  0.003    2  1 
  51316.0773   14.515  0.003    2  1 
  51316.0800   14.525  0.003    2  1 
  51316.1046   14.585  0.003    2  1 
  51316.1228   14.635  0.003    2  1 
  51316.1255   14.639  0.003    2  1 
  51316.1281   14.659  0.003    2  1 
  51316.9815   14.857  0.004    2  1 
  51316.9843   14.889  0.004    2  1 
  51316.9869   14.857  0.003    2  1 
  51316.9978   14.910  0.004    2  1 
  51317.0147   14.940  0.004    2  1 
  51317.0176   14.956  0.004    2  1 
  51317.0205   14.972  0.005    2  1 
  51317.0420   15.062  0.006    2  1 
  51317.0450   15.047  0.006    2  1 
  51317.0483   15.002  0.005    2  1 
  51317.0689   14.949  0.004    2  1 
  51317.0718   14.971  0.005    2  1 
  51317.0747   14.922  0.005    2  1 
  51317.0946   14.665  0.004    2  1 
  51317.0974   14.620  0.003    2  1 
  51317.1000   14.576  0.004    2  1 
  51317.1199   14.133  0.003    2  1 
  51317.1228   14.071  0.003    2  1 
  51317.1257   14.026  0.003    2  1 
  51317.9715   14.665  0.004    2  1 
  51317.9744   14.662  0.004    2  1 
  51317.9772   14.656  0.004    2  1 
  51317.9970   14.693  0.003    2  1 
  51317.9998   14.751  0.003    2  1 
  51318.0025   14.738  0.004    2  1 
  51318.0227   14.781  0.005    2  1 
  51318.0260   14.798  0.005    2  1 
  51318.0292   14.891  0.008    2  1 
  51318.0510   14.823  0.005    2  1 
  51318.0542   14.845  0.005    2  1 
  51318.0575   14.861  0.006    2  1 
  51318.0795   14.865  0.005    2  1 
  51318.0827   14.873  0.005    2  1 
  51318.0859   14.861  0.005    2  1 
  51318.1079   14.972  0.007    2  1 
  51318.1111   14.932  0.006    2  1 
  51318.1144   15.060  0.009    2  1 
  51318.9846   13.968  0.002    2  1 
  51318.9874   13.949  0.003    2  1 
  51318.9902   13.949  0.002    2  1 
  51319.0093   14.019  0.003    2  1 
  51319.0122   14.020  0.003    2  1 
  51319.0151   14.011  0.003    2  1 
  51319.0351   14.109  0.003    2  1 
  51319.0380   14.113  0.003    2  1 
  51319.0411   14.137  0.003    2  1 
  51319.0623   14.217  0.003    2  1 
  51319.0928   14.316  0.003    2  1 
  51319.1137   14.392  0.003    2  1 
  51319.1164   14.393  0.003    2  1 
  51319.1190   14.403  0.003    2  1 
  51320.0909   14.878  0.003    2  1 
  51320.1531   14.902  0.004    2  1 
  51320.1557   14.870  0.004    2  1 
  51320.1584   14.846  0.003    2  1 
  51320.9838   14.373  0.002    2  1 
  51321.0292   14.586  0.003    2  1 
  51321.0466   14.643  0.003    2  1 
  51321.0491   14.648  0.003    2  1 
  51321.0689   14.691  0.003    2  1 
  51321.0714   14.703  0.003    2  1 
  51321.0740   14.707  0.003    2  1 
  51321.0997   14.751  0.003    2  1 
  51321.1023   14.772  0.004    2  1 
  51321.1049   14.772  0.003    2  1 
  51321.1074   14.777  0.003    2  1 
  51321.1100   14.783  0.003    2  1 
  51321.1285   14.810  0.003    2  1 
  51321.1311   14.817  0.004    2  1 
  51332.9607   14.948  0.007    2  1 
  51332.9651   14.942  0.008    2  1 
  51332.9797   14.913  0.006    2  1 
  51332.9834   14.914  0.005    2  1 
  51333.0005   14.951  0.005    2  1 
  51333.0039   14.972  0.006    2  1 
  51333.0156   14.959  0.005    2  1 
  51333.0192   15.014  0.006    2  1 
  51333.0445   15.033  0.005    2  1 
  51333.0479   15.023  0.005    2  1 
  51333.0636   15.030  0.007    2  1 
  51333.0681   15.013  0.007    2  1 
  51333.0834   14.894  0.005    2  1 
  51333.0869   14.851  0.005    2  1 
  51333.0981   14.619  0.004    2  1 
  51333.1018   14.532  0.004    2  1 
  51333.1258   14.050  0.004    2  1 
  51333.1294   13.992  0.004    2  1 
  51333.1410   13.917  0.004    2  1 
  51333.1452   13.926  0.004    2  1 
  51333.1492   13.933  0.004    2  1 
  51333.1642   13.976  0.003    2  1 
  51333.1679   13.996  0.003    2  1 
  51334.9778   13.994  0.002    2  1 
  51334.9806   13.971  0.002    2  1 
  51335.0115   13.999  0.002    2  1 
  51335.0145   14.009  0.003    2  1 
  51335.0237   14.036  0.003    2  1 
  51335.0269   14.053  0.003    2  1 
  51335.0365   14.100  0.003    2  1 
  51335.0396   14.105  0.003    2  1 
  51335.0624   14.195  0.004    2  1 
  51335.0658   14.208  0.004    2  1 
  51335.0766   14.246  0.004    2  1 
  51335.0800   14.267  0.004    2  1 
  51335.1009   14.338  0.003    2  1 
  51335.1041   14.358  0.004    2  1 
  51335.9585   14.874  0.005    2  1 
  51335.9619   14.874  0.005    2  1 
  51335.9661   14.882  0.005    2  1 
  51335.9693   14.878  0.004    2  1 
  51335.9855   14.893  0.004    2  1 
  51335.9915   14.873  0.004    2  1 
  51335.9966   14.889  0.004    2  1 
  51336.0139   14.918  0.004    2  1 
  51336.0172   14.917  0.004    2  1 
  51336.0275   14.910  0.004    2  1 
  51336.0306   14.913  0.005    2  1 
  51336.0439   14.901  0.004    2  1 
  51336.0470   14.896  0.004    2  1 
  51336.0662   14.915  0.005    2  1 
  51336.0696   14.906  0.005    2  1 
  51336.0728   14.913  0.005    2  1 
  51336.0954   14.964  0.005    2  1 
  51336.0989   14.980  0.005    2  1 
  51336.1119   15.028  0.005    2  1 
  51336.1153   14.985  0.005    2  1 
  51336.1297   15.052  0.006    2  1 
  51336.1600   14.959  0.008    2  1 
  51336.1647   14.928  0.009    2  1 
  51336.9567   14.372  0.002    2  1 
  51337.0022   14.541  0.004    2  1 
  51337.9827   15.068  0.007    2  1 
  51337.9868   15.092  0.007    2  1 
  51337.9997   14.976  0.006    2  1 
  51338.0033   14.944  0.005    2  1 
  51338.0231   14.608  0.005    2  1 
  51338.0265   14.543  0.005    2  1 
  51338.0304   14.425  0.004    2  1 
  51338.9791   14.824  0.004    2  1 
  51338.9849   14.821  0.004    2  1 
  51339.0116   14.885  0.005    2  1 
  51339.0151   14.888  0.005    2  1 
  51339.0441   14.891  0.005    2  1 
  51339.0477   14.890  0.005    2  1 
  51339.0513   14.906  0.005    2  1 
  51339.0774   14.924  0.005    2  1 
  51339.0807   14.933  0.005    2  1 
  51339.1053   14.928  0.005    2  1 
  51339.1093   14.941  0.005    2  1 
  51339.1327   14.912  0.005    2  1 
  51339.1363   14.908  0.005    2  1 
  51339.9588   14.093  0.003    2  1 
  51339.9627   14.113  0.003    2  1 
  51339.9835   14.194  0.003    2  1 
  51339.9874   14.209  0.003    2  1 
  51340.0115   14.301  0.003    2  1 
  51340.0146   14.310  0.003    2  1 
  51340.0349   14.383  0.003    2  1 
  51340.0380   14.397  0.003    2  1 
  51340.0659   14.486  0.004    2  1 
  51340.0696   14.503  0.004    2  1 
  51340.0938   14.580  0.005    2  1 
  51340.0983   14.603  0.005    2  1 
  51340.1334   14.689  0.004    2  1 
  51340.1366   14.686  0.004    2  1 
  51344.9654   14.418  0.003    2  1 
  51344.9786   14.447  0.003    2  1 
  51344.9829   14.459  0.004    2  1 
  51345.0052   14.526  0.004    2  1 
  51345.0092   14.565  0.004    2  1 
  51345.0132   14.559  0.003    2  1 
  51345.0170   14.570  0.004    2  1 
  51345.0353   14.610  0.004    2  1 
  51345.0390   14.624  0.003    2  1 
  51345.0645   14.688  0.004    2  1 
  51345.0690   14.689  0.004    2  1 
  51345.9658   15.053  0.007    2  1 
  51345.9696   15.049  0.007    2  1 
  51345.9999   14.925  0.005    2  1 
  51346.0043   14.899  0.005    2  1 
  51346.0310   14.485  0.004    2  1 
  51346.0343   14.417  0.004    2  1 
  51346.0571   13.957  0.003    2  1 
  51346.0604   13.917  0.003    2  1 
  51347.0221   14.847  0.005    2  1 
  51347.0274   14.887  0.003    2  1 
  51347.0562   14.883  0.004    2  1 
  51347.0597   14.878  0.004    2  1 
  51347.0815   14.918  0.004    2  1 
  51347.0850   14.899  0.004    2  1 
  51347.9550   14.077  0.003    2  1 
  51347.9581   14.089  0.003    2  1 
  51347.9877   14.214  0.003    2  1 
  51347.9914   14.218  0.003    2  1 
  51347.9948   14.238  0.003    2  1 
  51348.0181   14.325  0.003    2  1 
  51348.0211   14.332  0.003    2  1 
  51348.0849   14.543  0.006    2  1 
  51348.0897   14.556  0.005    2  1 
  51348.1054   14.609  0.005    2  1 
  51348.1088   14.618  0.005    2  1 
  51348.1122   14.637  0.005    2  1 
  51348.9528   14.904  0.004    2  1 
  51348.9557   14.963  0.004    2  1 
  51348.9795   14.875  0.004    2  1 
  51348.9824   14.911  0.004    2  1 
  51348.9941   14.914  0.004    2  1 
  51349.0152   14.933  0.004    2  1 
  51349.0189   14.932  0.004    2  1 
  51349.9596   14.589  0.003    2  1 
  51349.9627   14.602  0.003    2  1 
  51349.9911   14.688  0.004    2  1 
  51349.9944   14.691  0.003    2  1 
  51350.0097   14.729  0.004    2  1 
  51350.0128   14.728  0.004    2  1 
  51350.0228   14.764  0.004    2  1 
  51364.9643   14.921  0.004    2  1 
  51364.9677   14.889  0.004    2  1 
  51380.9714   14.888  0.003    2  1 
  51380.9769   14.891  0.004    2  1 
  51380.9801   14.877  0.003    2  1 
  51380.9845   14.889  0.004    2  1 
  51381.0066   14.893  0.004    2  1 
  51381.0096   14.908  0.004    2  1 
  51381.0136   14.910  0.003    2  1 
  51381.9638   14.580  0.003    2  1 
  51381.9679   14.613  0.004    2  1 
  51381.9716   14.625  0.004    2  1 
  51381.9917   14.682  0.004    2  1 
  51381.9946   14.691  0.005    2  1 
  51382.9605   14.623  0.003    2  1 
  51382.9652   14.515  0.003    2  1 
  51382.9682   14.469  0.004    2  1 
  51382.9887   14.063  0.003    2  1 
  51382.9916   14.012  0.003    2  1 
  51383.9595   14.832  0.003    2  1 
  51383.9648   14.842  0.004    2  1 
  51383.9826   14.868  0.004    2  1 
  51383.9853   14.906  0.004    2  1 
  51384.9657   14.316  0.002    2  1 
  51384.9827   14.340  0.003    2  1 
  51385.9557   14.918  0.004    2  1 
  51385.9615   14.936  0.003    2  1 
  51385.9788   14.998  0.004    2  1 
  51385.9814   15.001  0.004    2  1 
  51386.9731   14.793  0.005    2  1 
  51386.9769   14.793  0.004    2  1 
  51386.9807   14.784  0.004    2  1 
  51387.0101   14.825  0.004    2  1 
  51387.0139   14.828  0.004    2  1 
  51387.0177   14.839  0.005    2  1 
  51388.9571   15.045  0.007    2  1 
  51388.9622   15.009  0.006    2  1 
  51388.9659   14.996  0.006    2  1 
  51388.9899   14.959  0.006    2  1 
  51388.9932   14.950  0.006    2  1 
  51389.9629   14.562  0.003    2  1 
  51389.9656   14.578  0.003    2  1 
  51389.9683   14.585  0.003    2  1 
  51390.9578   14.648  0.003    2  1 
  51390.9604   14.655  0.003    2  1 
  51390.9631   14.644  0.004    2  1 
  51391.9609   14.957  0.003    2  1 
  51391.9634   14.929  0.003    2  1 
  51646.1374   14.844  0.004    2  1 
  51646.1447   14.882  0.007    2  1 
  51646.1486   14.841  0.005    2  1 
  51646.1532   14.849  0.005    2  1 
  51646.1570   14.945  0.008    2  1 
  51646.1609   14.925  0.007    2  1 
  51646.1649   14.907  0.007    2  1 
  51646.1687   14.892  0.006    2  1 
  51646.1727   14.852  0.005    2  1 
  51646.1764   14.857  0.005    2  1 
  51646.1801   14.859  0.005    2  1 
  51646.1837   14.871  0.005    2  1 
  51646.1871   14.907  0.006    2  1 
  51646.1907   14.896  0.006    2  1 
  51646.1944   14.894  0.006    2  1 
  51646.1983   14.865  0.005    2  1 
  51646.2025   14.875  0.005    2  1 
  51646.2065   14.896  0.005    2  1 
  51646.2100   14.885  0.005    2  1 
  51646.2138   14.877  0.004    2  1 
  51646.2172   14.876  0.004    2  1 
  51646.2206   14.892  0.005    2  1 
  51646.2245   14.891  0.005    2  1 
  51646.2283   14.886  0.004    2  1 
  51646.2320   14.900  0.005    2  1 
  51646.2362   14.868  0.004    2  1 
  51646.2394   14.868  0.003    2  1 
  51646.2426   14.885  0.004    2  1 
  51646.2457   14.897  0.004    2  1 
  51646.2489   14.917  0.004    2  1 
  51646.2523   14.972  0.005    2  1 
  51646.2557   14.916  0.004    2  1 
  51646.2591   14.922  0.004    2  1 
  51646.2626   15.015  0.006    2  1 
  51646.2660   14.943  0.005    2  1 
  51646.2694   15.058  0.007    2  1 
  51646.2730   15.072  0.008    2  1 
  51646.2852   15.053  0.009    2  1 
  51646.2895   14.955  0.006    2  1 
  51646.2939   15.075  0.008    2  1 
  51646.2986   15.070  0.009    2  1 
  51646.3027   15.083  0.010    2  1 
  51646.3070   14.965  0.007    2  1 
  51646.3111   14.952  0.006    2  1 
  51646.3151   14.922  0.005    2  1 
  51646.3189   14.911  0.004    2  1 
  51646.3225   14.914  0.004    2  1 
  51646.3260   14.949  0.005    2  1 
  51646.3296   14.969  0.005    2  1 
  51646.3330   14.965  0.005    2  1 
  51646.3377   14.980  0.005    2  1 
  51646.3414   15.010  0.005    2  1 
  51646.3451   15.007  0.005    2  1 
  51646.3496   14.993  0.005    2  1 
  51646.3530   15.040  0.006    2  1 
  51646.3568   15.024  0.005    2  1 
  51646.3637   15.130  0.007    2  1 
  51646.3679   15.085  0.006    2  1 
  51646.3713   15.081  0.006    2  1 
  51671.0353   14.781  0.004    2  1 
  51671.0475   14.566  0.003    2  1 
  51671.0585   14.359  0.003    2  1 
  51671.0649   14.210  0.003    2  1 
  51671.0721   14.061  0.003    2  1 
  51671.0771   13.962  0.004    2  1 
  51671.1013   13.970  0.003    2  1 
  51671.1053   13.987  0.003    2  1 
  51671.1107   13.998  0.003    2  1 
  51671.1151   14.023  0.003    2  1 
  51671.1292   14.090  0.003    2  1 
  51671.9878   14.778  0.003    2  1 
  51671.9920   14.778  0.003    2  1 
  51672.0277   14.827  0.004    2  1 
  51672.0316   14.821  0.004    2  1 
  51672.0822   14.866  0.004    2  1 
  51674.0685   15.056  0.006    2  1 
  51674.0726   15.092  0.007    2  1 
  51674.1052   14.901  0.005    2  1 
  51674.1117   14.826  0.005    2  1 
  51674.1260   14.517  0.004    2  1 
  51674.1296   14.434  0.004    2  1 
  51674.1332   14.362  0.004    2  1 
  51674.1368   14.291  0.004    2  1 
  51674.1405   14.207  0.003    2  1 
  51674.1444   14.139  0.003    2  1 
  51674.9689   14.589  0.004    2  1 
  51674.9724   14.596  0.004    2  1 
  51674.9867   14.627  0.004    2  1 
  51674.9911   14.647  0.005    2  1 
  51675.0041   14.683  0.005    2  1 
  51675.0121   14.709  0.005    2  1 
  51675.0159   14.733  0.006    2  1 
  51675.0253   14.711  0.004    2  1 
  51675.0289   14.720  0.004    2  1 
  51675.0351   14.735  0.004    2  1 
  51675.0465   14.779  0.004    2  1 
  51675.0521   14.799  0.005    2  1 
  51675.0558   14.780  0.004    2  1 
  51675.0622   14.800  0.005    2  1 
  51675.0661   14.797  0.005    2  1 
  51675.0719   14.822  0.005    2  1 
  51675.0756   14.831  0.005    2  1 
  51675.0814   14.829  0.005    2  1 
  51675.0858   14.824  0.005    2  1 
  51675.0927   14.825  0.004    2  1 
  51675.0970   14.833  0.004    2  1 
  51675.9751   14.453  0.003    2  1 
  51675.9802   14.355  0.003    2  1 
  51675.9906   14.145  0.003    2  1 
  51675.9939   14.085  0.003    2  1 
  51675.9971   14.041  0.003    2  1 
  51676.0005   14.009  0.002    2  1 
  51676.0036   13.975  0.002    2  1 
  51676.0067   13.948  0.003    2  1 
  51676.0112   13.934  0.003    2  1 
  51676.0240   13.944  0.003    2  1 
  51676.0301   13.979  0.003    2  1 
  51676.9616   14.894  0.006    2  1 
  51676.9713   14.892  0.006    2  1 
  51676.9757   14.894  0.006    2  1 
  51676.9867   14.929  0.007    2  1 
  51676.9919   15.031  0.010    2  1 
  51676.9969   14.966  0.008    2  1 
  51677.0090   14.981  0.007    2  1 
  51677.0126   14.933  0.006    2  1 
  51677.0180   14.947  0.007    2  1 
  51677.0226   14.936  0.007    2  1 
  51677.0271   14.966  0.007    2  1 
  51677.0318   14.946  0.007    2  1 
  51677.0362   14.942  0.007    2  1 
  51677.0410   14.960  0.007    2  1 
  51677.0453   14.967  0.007    2  1 
  51677.0499   14.949  0.007    2  1 
  51677.0580   14.944  0.007    2  1 
  51677.0628   14.940  0.007    2  1 
  51677.0672   14.925  0.007    2  1 
  51677.0713   14.928  0.006    2  1 
  51677.0751   14.941  0.007    2  1 
  51677.0793   14.926  0.006    2  1 
  51677.0835   14.930  0.006    2  1 
  51677.0877   14.932  0.006    2  1 
  51677.0918   14.925  0.006    2  1 
  51677.0956   14.960  0.006    2  1 
  51677.0996   15.050  0.009    2  1 
  51677.1044   15.024  0.008    2  1 
  51677.1082   15.128  0.010    2  1 
  51677.1121   15.032  0.007    2  1 
  51677.1160   15.063  0.008    2  1 
  51677.1199   15.078  0.008    2  1 
  51677.1238   15.043  0.007    2  1 
  51677.1276   15.069  0.007    2  1 
  51677.1315   15.096  0.008    2  1 
  51677.1353   15.100  0.008    2  1 
  51677.1396   15.119  0.008    2  1 
  51677.1434   15.109  0.008    2  1 
  51677.1476   15.094  0.007    2  1 
  51677.1520   15.085  0.007    2  1 
  51677.1564   15.098  0.007    2  1 
  51677.1603   15.065  0.007    2  1 
  51677.1642   15.048  0.006    2  1 
  51677.1680   15.049  0.007    2  1 
  51677.1719   15.012  0.006    2  1 
  51677.1759   14.989  0.006    2  1 
  51677.1797   14.977  0.006    2  1 
  51677.1836   14.967  0.007    2  1 
  51677.1883   14.874  0.006    2  1 
  51677.1922   14.788  0.005    2  1 
  51677.1960   14.696  0.005    2  1 
  51677.1999   14.601  0.006    2  1 
  51677.2038   14.492  0.005    2  1 
  51677.2083   14.405  0.005    2  1 
  51677.2133   14.296  0.005    2  1 
  51677.2176   14.157  0.006    2  1 
  51677.2233   14.037  0.005    2  1 
  51677.2285   13.858  0.007    2  1 
  51677.2335   13.907  0.005    2  1 
  51677.2391   13.863  0.005    2  1 
  51677.2524   13.900  0.004    2  1 
  51677.2571   13.919  0.004    2  1 
  51677.2620   13.945  0.004    2  1 
  51677.2664   13.961  0.004    2  1 
  51677.2708   13.993  0.004    2  1 
  51691.0409   14.741  0.003    2  1 
  51691.0444   14.747  0.003    2  1 
  51691.0509   14.773  0.003    2  1 
  51691.0543   14.777  0.004    2  1 
  51691.0579   14.790  0.004    2  1 
  51691.0633   14.798  0.003    2  1 
  51691.0670   14.820  0.003    2  1 
  51691.0711   14.804  0.003    2  1 
  51691.0770   14.820  0.003    2  1 
  51691.0805   14.819  0.004    2  1 
  51691.0840   14.824  0.004    2  1 
  51691.0896   14.819  0.004    2  1 
  51691.0931   14.834  0.003    2  1 
  51691.0971   14.842  0.003    2  1 
  51691.1040   14.843  0.004    2  1 
  51691.1083   14.840  0.004    2  1 
  51691.1122   14.850  0.003    2  1 
  51691.1180   14.838  0.004    2  1 
  51691.1214   14.856  0.004    2  1 
  51691.1249   14.849  0.004    2  1 
  51691.1323   14.860  0.004    2  1 
  51691.1357   14.862  0.003    2  1 
  51691.1392   14.857  0.003    2  1 
  51691.1448   14.865  0.003    2  1 
  51691.1522   14.888  0.003    2  1 
  51691.1561   14.897  0.002    2  1 
  51693.0130   14.892  0.004    2  1 
  51693.0248   14.897  0.004    2  1 
  51693.0305   14.880  0.004    2  1 
  51693.0340   14.918  0.004    2  1 
  51693.0378   14.895  0.004    2  1 
  51694.0082   14.476  0.003    2  1 
  51694.0114   14.478  0.003    2  1 
  51694.0148   14.496  0.003    2  1 
  51694.0234   14.528  0.003    2  1 
  51694.0267   14.510  0.003    2  1 
  51694.0319   14.528  0.003    2  1 
  51694.0351   14.542  0.003    2  1 
  51694.0384   14.558  0.003    2  1 
  51694.0418   14.568  0.003    2  1 
  51694.0472   14.574  0.003    2  1 
  51694.0505   14.588  0.003    2  1 
  51694.0537   14.586  0.003    2  1 
  51694.0590   14.595  0.003    2  1 
  51694.0714   14.630  0.003    2  1 
  51694.0781   14.654  0.003    2  1 
  51694.0836   14.652  0.003    2  1 
  51694.0868   14.659  0.003    2  1 
  51694.1021   14.710  0.003    2  1 
  51694.1075   14.713  0.003    2  1 
  51694.1190   14.744  0.004    2  1 
  51694.1221   14.744  0.003    2  1 
  51694.1252   14.753  0.003    2  1 
  51694.1286   14.768  0.004    2  1 
  51695.0280   14.845  0.004    2  1 
  51697.9712   14.940  0.005    2  1 
  51697.9818   14.934  0.005    2  1 
  51765.9746   14.265  0.003    2  1 
  51765.9783   14.266  0.004    2  1 
  51765.9820   14.289  0.003    2  1 
  51766.0194   14.426  0.004    2  1 
  51766.0229   14.436  0.004    2  1 
  51216.3063   14.723  0.003    3  1 
  51216.3342   14.855  0.003    3  1 
  51216.3572   14.990  0.004    3  1 
  51216.3847   15.073  0.004    3  1 
  51217.2936   15.543  0.005    3  1 
  51217.3214   15.607  0.005    3  1 
  51217.3432   15.287  0.004    3  1 
  51217.3852   14.810  0.003    3  1 
  51218.2935   15.310  0.005    3  1 
  51218.3212   15.365  0.004    3  1 
  51218.3442   15.398  0.004    3  1 
  51218.3704   15.440  0.004    3  1 
  51219.2811   14.207  0.001    3  1 
  51219.2844   14.174  0.002    3  1 
  51219.3053   14.303  0.003    3  1 
  51219.3228   14.424  0.003    3  1 
  51219.3465   14.534  0.003    3  1 
  51219.3676   14.604  0.003    3  1 
  51219.3851   14.732  0.003    3  1 
  51220.2805   15.459  0.004    3  1 
  51220.2995   15.539  0.005    3  1 
  51220.3171   15.571  0.005    3  1 
  51220.3349   15.431  0.005    3  1 
  51220.3523   15.503  0.005    3  1 
  51220.3689   15.518  0.005    3  1 
  51220.3877   15.604  0.006    3  1 
  51221.2691   14.920  0.003    3  1 
  51221.2915   15.009  0.003    3  1 
  51221.3097   15.049  0.003    3  1 
  51221.3270   15.120  0.003    3  1 
  51221.3437   15.219  0.004    3  1 
  51221.3619   15.269  0.004    3  1 
  51221.3854   15.347  0.004    3  1 
  51283.2237   15.318  0.003    3  1 
  51283.2601   14.456  0.003    3  1 
  51283.2830   14.164  0.002    3  1 
  51283.3050   14.219  0.002    3  1 
  51283.3367   14.386  0.002    3  1 
  51283.3600   14.532  0.002    3  1 
  51284.2056   15.401  0.004    3  1 
  51284.2337   15.439  0.004    3  1 
  51284.2542   15.446  0.004    3  1 
  51284.2806   15.522  0.005    3  1 
  51284.3075   15.557  0.005    3  1 
  51284.3333   15.537  0.005    3  1 
  51285.0371   15.331  0.002    3  1 
  51285.0646   15.288  0.003    3  1 
  51285.0885   14.958  0.003    3  1 
  51285.1182   14.240  0.002    3  1 
  51285.1470   14.212  0.002    3  1 
  51285.1698   14.397  0.002    3  1 
  51285.1988   14.479  0.002    3  1 
  51285.2270   14.602  0.003    3  1 
  51285.2539   14.751  0.003    3  1 
  51285.2851   14.912  0.003    3  1 
  51285.3202   15.079  0.003    3  1 
  51285.3496   15.171  0.003    3  1 
  51286.0308   15.251  0.002    3  1 
  51286.0619   15.416  0.004    3  1 
  51286.0871   15.453  0.004    3  1 
  51286.1226   15.464  0.004    3  1 
  51286.1789   15.527  0.004    3  1 
  51286.2076   15.349  0.003    3  1 
  51286.2389   15.395  0.003    3  1 
  51286.2613   15.551  0.004    3  1 
  51286.2889   15.535  0.004    3  1 
  51286.3108   15.197  0.003    3  1 
  51286.3335   14.623  0.002    3  1 
  51286.3566   14.203  0.002    3  1 
  51304.9734   14.879  0.002    3  1 
  51305.0076   14.994  0.003    3  1 
  51305.0510   15.161  0.004    3  1 
  51305.0770   15.268  0.004    3  1 
  51305.1004   15.341  0.004    3  1 
  51305.1407   15.428  0.005    3  1 
  51305.1707   15.407  0.004    3  1 
  51305.1996   15.444  0.005    3  1 
  51305.2299   15.535  0.005    3  1 
  51305.2561   15.481  0.005    3  1 
  51305.2836   15.492  0.005    3  1 
  51305.3139   15.553  0.006    3  1 
  51305.9733   15.511  0.004    3  1 
  51306.0117   15.071  0.002    3  1 
  51306.0157   15.078  0.003    3  1 
  51306.0375   14.486  0.002    3  1 
  51306.0735   14.138  0.002    3  1 
  51306.1026   14.482  0.002    3  1 
  51306.1285   14.547  0.002    3  1 
  51306.1517   14.567  0.003    3  1 
  51306.1807   14.724  0.003    3  1 
  51306.2059   14.873  0.002    3  1 
  51306.2269   14.929  0.003    3  1 
  51306.2491   15.000  0.003    3  1 
  51306.2725   15.111  0.003    3  1 
  51306.2932   15.200  0.003    3  1 
  51308.0249   14.747  0.002    3  1 
  51308.0524   14.830  0.003    3  1 
  51308.0811   14.969  0.003    3  1 
  51308.0851   14.991  0.002    3  1 
  51308.1202   15.154  0.003    3  1 
  51310.1272   15.437  0.004    3  1 
  51310.1308   15.435  0.004    3  1 
  51314.9714   15.403  0.004    3  1 
  51315.0138   15.414  0.004    3  1 
  51315.0372   15.407  0.004    3  1 
  51315.0710   15.423  0.004    3  1 
  51315.0946   15.539  0.005    3  1 
  51315.1180   15.489  0.004    3  1 
  51316.0597   14.859  0.003    3  1 
  51316.0832   14.971  0.003    3  1 
  51316.1079   15.063  0.003    3  1 
  51316.9780   15.471  0.004    3  1 
  51317.0013   15.485  0.005    3  1 
  51317.0241   15.701  0.007    3  1 
  51317.0523   15.606  0.005    3  1 
  51317.0782   15.436  0.005    3  1 
  51317.1035   14.870  0.003    3  1 
  51317.9808   15.169  0.003    3  1 
  51318.0060   15.299  0.005    3  1 
  51318.0331   15.454  0.007    3  1 
  51318.0898   15.550  0.007    3  1 
  51318.9811   14.222  0.002    3  1 
  51319.0058   14.203  0.002    3  1 
  51319.0315   14.312  0.003    3  1 
  51319.0717   14.536  0.003    3  1 
  51319.0961   14.688  0.003    3  1 
  51320.1175   15.562  0.004    3  1 
  51320.9771   15.066  0.004    3  1 
  51320.9998   15.139  0.003    3  1 
  51321.0212   15.024  0.003    3  1 
  51321.0434   15.106  0.003    3  1 
  51321.0658   15.400  0.003    3  1 
  51321.0965   15.231  0.003    3  1 
  51321.1252   15.325  0.004    3  1 
  51333.0403   15.654  0.005    3  1 
  51333.1062   14.833  0.003    3  1 
  51334.9989   14.341  0.002    3  1 
  51335.0432   14.371  0.002    3  1 
  51335.0972   14.659  0.003    3  1 
  51335.1083   14.733  0.003    3  1 
  51336.0103   15.541  0.004    3  1 
  51336.0508   15.487  0.005    3  1 
  51336.0891   15.586  0.005    3  1 
  51338.0075   15.467  0.005    3  1 
  51338.9740   15.288  0.003    3  1 
  51339.0046   15.467  0.005    3  1 
  51339.0385   15.474  0.004    3  1 
  51339.0685   15.507  0.005    3  1 
  51339.1006   15.562  0.005    3  1 
  51339.1280   15.534  0.005    3  1 
  51339.9665   14.405  0.002    3  1 
  51339.9935   14.576  0.002    3  1 
  51340.0189   14.686  0.003    3  1 
  51340.0441   14.785  0.004    3  1 
  51340.0753   14.946  0.003    3  1 
  51340.1041   15.091  0.005    3  1 
  51345.0430   15.134  0.004    3  1 
  51345.0736   15.250  0.003    3  1 
  51345.9747   15.631  0.006    3  1 
  51346.0101   15.337  0.004    3  1 
  51346.0388   14.642  0.003    3  1 
  51346.0670   14.104  0.002    3  1 
  51347.0317   15.465  0.004    3  1 
  51347.0645   15.512  0.004    3  1 
  51347.0896   15.464  0.003    3  1 
  51347.9638   14.388  0.002    3  1 
  51348.0146   14.638  0.003    3  1 
  51348.9591   15.589  0.005    3  1 
  51349.0243   15.514  0.004    3  1 
  51349.9679   15.099  0.003    3  1 
  51364.9721   15.565  0.005    3  1 
  51380.9890   15.492  0.004    3  1 
  51381.9751   15.110  0.003    3  1 
  51382.9716   14.734  0.003    3  1 
  51383.9680   15.347  0.003    3  1 
  51384.9688   14.763  0.002    3  1 
  51385.9645   15.516  0.004    3  1 
  51386.9859   15.391  0.004    3  1 
  51388.9699   15.653  0.006    3  1 
  51389.9715   15.057  0.003    3  1 
  51390.9663   14.997  0.003    3  1 
  51672.0213   15.435  0.004    3  1 
  51674.0796   15.757  0.007    3  1 
  51674.9989   15.198  0.005    3  1 
  51675.0396   15.252  0.003    3  1 
  51693.0053   15.427  0.004    3  1 
  51694.0012   14.863  0.003    3  1 
  51765.9863   14.649  0.003    3  1 
  51766.0153   14.796  0.004    3  1 
 56468.97641   13.173  0.063   -1  1 
 56469.04707   13.149  0.034   -1  1 
 56469.10896   13.158  0.065   -1  1 
 56469.17285   13.236  0.020   -1  1 
 56471.00364   13.265  0.029   -1  1 
 56471.06640   13.243  0.014   -1  1 
 56471.12490   13.322  0.026   -1  1 
 56471.18188   13.331  0.023   -1  1 
 56471.96759   13.140  0.045   -1  1 
 56472.03374   13.161  0.022   -1  1 
 56472.09484   13.148  0.018   -1  1 
 56472.15243   13.218  0.018   -1  1 
 56468.95296   13.144  0.040   -2  1 
 56469.02441   13.153  0.036   -2  1 
 56469.08813   12.990  0.029   -2  1 
 56469.15134   13.107  0.024   -2  1 
 56471.02588   13.033  0.026   -2  1 
 56471.08671   13.143  0.016   -2  1 
 56471.14302   13.203  0.015   -2  1 
 56471.94704   13.402  0.016   -2  1 
 56472.01085   13.154  0.033   -2  1 
 56472.07480   13.055  0.023   -2  1 
 56472.13240   13.101  0.010   -2  1 
 56472.19216   13.071  0.012   -2  1 
 56469.00041   13.304  0.015   -5  1 
 56469.06767   13.351  0.011   -5  1 
 56469.13003   13.402  0.013   -5  1 
 56469.19349   13.483  0.017   -5  1 
 56470.98130   13.425  0.014   -5  1 
 56471.04693   13.499  0.012   -5  1 
 56471.10523   13.523  0.021   -5  1 
 56471.16397   13.628  0.009   -5  1 
 56471.98857   13.291  0.014   -5  1 
 56472.05430   13.356  0.015   -5  1 
 56472.11383   13.329  0.019   -5  1 
 56472.17109   13.382  0.012   -5  1 
