  51216.3218   14.508  0.004    2  1 
  51216.3464   14.397  0.004    2  1 
  51216.3689   14.303  0.004    2  1 
  51216.3980   14.276  0.005    2  1 
  51217.3101   14.368  0.004    2  1 
  51217.3328   14.445  0.004    2  1 
  51217.3552   14.502  0.004    2  1 
  51217.3759   14.545  0.004    2  1 
  51217.3953   14.568  0.005    2  1 
  51218.2773   14.315  0.004    2  1 
  51218.3093   14.261  0.004    2  1 
  51218.3298   14.179  0.004    2  1 
  51218.3573   14.120  0.004    2  1 
  51218.3794   14.135  0.004    2  1 
  51219.3336   14.577  0.004    2  1 
  51219.3596   14.540  0.004    2  1 
  51219.3768   14.479  0.004    2  1 
  51220.2621   14.128  0.004    2  1 
  51220.2906   14.146  0.003    2  1 
  51220.3077   14.183  0.004    2  1 
  51220.3257   14.241  0.004    2  1 
  51220.3432   14.306  0.004    2  1 
  51220.3602   14.363  0.004    2  1 
  51220.3776   14.429  0.004    2  1 
  51221.2835   14.466  0.004    2  1 
  51221.3009   14.385  0.004    2  1 
  51221.3188   14.335  0.004    2  1 
  51221.3358   14.311  0.004    2  1 
  51221.3538   14.256  0.004    2  1 
  51221.3722   14.190  0.004    2  1 
  51283.2451   14.532  0.004    2  1 
  51283.2493   14.539  0.004    2  1 
  51283.2714   14.562  0.004    2  1 
  51283.2748   14.569  0.004    2  1 
  51283.2939   14.580  0.004    2  1 
  51283.2972   14.577  0.004    2  1 
  51283.3202   14.567  0.004    2  1 
  51283.3234   14.563  0.004    2  1 
  51283.3487   14.490  0.004    2  1 
  51283.3518   14.473  0.004    2  1 
  51283.3707   14.384  0.003    2  1 
  51283.3738   14.375  0.003    2  1 
  51284.2195   14.152  0.003    2  1 
  51284.2229   14.149  0.003    2  1 
  51284.2413   14.127  0.003    2  1 
  51284.2443   14.132  0.003    2  1 
  51284.2617   14.144  0.003    2  1 
  51284.2648   14.149  0.003    2  1 
  51284.2942   14.220  0.003    2  1 
  51284.2973   14.231  0.003    2  1 
  51284.3168   14.302  0.004    2  1 
  51284.3211   14.314  0.004    2  1 
  51284.3428   14.400  0.004    2  1 
  51284.3464   14.407  0.004    2  1 
  51285.0513   14.210  0.003    2  1 
  51285.0543   14.220  0.003    2  1 
  51285.0739   14.294  0.003    2  1 
  51285.0778   14.305  0.003    2  1 
  51285.0975   14.380  0.004    2  1 
  51285.1006   14.389  0.004    2  1 
  51285.1324   14.489  0.004    2  1 
  51285.1360   14.497  0.004    2  1 
  51285.1558   14.539  0.004    2  1 
  51285.1588   14.548  0.004    2  1 
  51285.1796   14.574  0.004    2  1 
  51285.1830   14.568  0.004    2  1 
  51285.2125   14.581  0.004    2  1 
  51285.2157   14.577  0.004    2  1 
  51285.2362   14.547  0.004    2  1 
  51285.2426   14.530  0.004    2  1 
  51285.2630   14.439  0.004    2  1 
  51285.2666   14.424  0.004    2  1 
  51285.2998   14.300  0.003    2  1 
  51285.3033   14.302  0.004    2  1 
  51285.3308   14.248  0.003    2  1 
  51285.3348   14.230  0.003    2  1 
  51285.3382   14.214  0.003    2  1 
  51286.0461   14.341  0.003    2  1 
  51286.0493   14.333  0.003    2  1 
  51286.0716   14.310  0.003    2  1 
  51286.0753   14.306  0.003    2  1 
  51286.1026   14.221  0.003    2  1 
  51286.1061   14.208  0.003    2  1 
  51286.1365   14.139  0.003    2  1 
  51286.1398   14.133  0.003    2  1 
  51286.1608   14.136  0.003    2  1 
  51286.1639   14.143  0.003    2  1 
  51286.1669   14.141  0.003    2  1 
  51286.1875   14.188  0.003    2  1 
  51286.1908   14.197  0.003    2  1 
  51286.2255   14.317  0.003    2  1 
  51286.2285   14.330  0.003    2  1 
  51286.2476   14.402  0.003    2  1 
  51286.2508   14.411  0.003    2  1 
  51286.2697   14.467  0.004    2  1 
  51286.2727   14.476  0.004    2  1 
  51286.3022   14.543  0.004    2  1 
  51286.3055   14.550  0.004    2  1 
  51286.3218   14.575  0.004    2  1 
  51286.3250   14.577  0.004    2  1 
  51286.3450   14.585  0.004    2  1 
  51286.3481   14.583  0.004    2  1 
  51304.9873   14.572  0.004    2  1 
  51304.9926   14.574  0.004    2  1 
  51305.0328   14.551  0.004    2  1 
  51305.0362   14.550  0.004    2  1 
  51305.0559   14.482  0.004    2  1 
  51305.0599   14.463  0.004    2  1 
  51305.0890   14.339  0.003    2  1 
  51305.0922   14.336  0.004    2  1 
  51305.1235   14.303  0.004    2  1 
  51305.1269   14.284  0.004    2  1 
  51305.1509   14.193  0.004    2  1 
  51305.1547   14.175  0.004    2  1 
  51305.1853   14.118  0.003    2  1 
  51305.1885   14.121  0.004    2  1 
  51305.2098   14.145  0.003    2  1 
  51305.2128   14.148  0.003    2  1 
  51305.2431   14.240  0.003    2  1 
  51305.2461   14.250  0.003    2  1 
  51305.2704   14.338  0.004    2  1 
  51305.2734   14.349  0.004    2  1 
  51305.2966   14.437  0.004    2  1 
  51305.2995   14.445  0.004    2  1 
  51305.9857   14.186  0.003    2  1 
  51305.9885   14.191  0.003    2  1 
  51305.9912   14.206  0.003    2  1 
  51306.0256   14.326  0.003    2  1 
  51306.0285   14.337  0.003    2  1 
  51306.0465   14.401  0.003    2  1 
  51306.0498   14.415  0.003    2  1 
  51306.0896   14.524  0.004    2  1 
  51306.0930   14.518  0.004    2  1 
  51306.1123   14.559  0.003    2  1 
  51306.1151   14.553  0.003    2  1 
  51306.1375   14.575  0.003    2  1 
  51306.1405   14.575  0.003    2  1 
  51306.1636   14.571  0.004    2  1 
  51306.1673   14.568  0.004    2  1 
  51306.1937   14.496  0.003    2  1 
  51306.1966   14.489  0.003    2  1 
  51306.2146   14.405  0.004    2  1 
  51306.2178   14.392  0.003    2  1 
  51306.2343   14.343  0.003    2  1 
  51306.2380   14.327  0.003    2  1 
  51306.2574   14.317  0.003    2  1 
  51306.2602   14.309  0.003    2  1 
  51306.2805   14.241  0.003    2  1 
  51306.2835   14.226  0.003    2  1 
  51306.3009   14.159  0.003    2  1 
  51306.3038   14.153  0.003    2  1 
  51306.3135   14.132  0.003    2  1 
  51306.3184   14.119  0.003    2  1 
  51307.0456   14.221  0.004    2  1 
  51307.0501   14.204  0.004    2  1 
  51307.0593   14.179  0.003    2  1 
  51307.0645   14.173  0.003    2  1 
  51307.0699   14.169  0.006    2  1 
  51307.0747   14.149  0.004    2  1 
  51308.0084   14.546  0.003    2  1 
  51308.0112   14.551  0.003    2  1 
  51308.0334   14.570  0.003    2  1 
  51308.0362   14.582  0.003    2  1 
  51308.0394   14.575  0.003    2  1 
  51308.0633   14.581  0.003    2  1 
  51308.0663   14.579  0.003    2  1 
  51308.0995   14.503  0.003    2  1 
  51308.1031   14.480  0.003    2  1 
  51308.1280   14.364  0.003    2  1 
  51308.1309   14.360  0.003    2  1 
  51310.0850   14.258  0.002    2  1 
  51310.0874   14.245  0.002    2  1 
  51310.0897   14.245  0.002    2  1 
  51310.0922   14.226  0.002    2  1 
  51310.1430   14.120  0.003    2  1 
  51310.1458   14.126  0.003    2  1 
  51310.1486   14.133  0.003    2  1 
  51311.0244   14.490  0.005    2  1 
  51311.0302   14.504  0.005    2  1 
  51311.0334   14.505  0.005    2  1 
  51311.0506   14.533  0.003    2  1 
  51311.0539   14.541  0.003    2  1 
  51311.0637   14.562  0.004    2  1 
  51311.0669   14.568  0.004    2  1 
  51311.0702   14.558  0.003    2  1 
  51311.0907   14.581  0.004    2  1 
  51311.0946   14.586  0.004    2  1 
  51311.0980   14.588  0.004    2  1 
  51311.1015   14.587  0.004    2  1 
  51311.1071   14.582  0.004    2  1 
  51311.1298   14.552  0.004    2  1 
  51311.1327   14.548  0.004    2  1 
  51311.1357   14.540  0.004    2  1 
  51311.1398   14.525  0.004    2  1 
  51311.1447   14.505  0.004    2  1 
  51311.9755   14.299  0.004    2  1 
  51312.0020   14.209  0.003    2  1 
  51312.0049   14.204  0.003    2  1 
  51312.0255   14.136  0.003    2  1 
  51312.0284   14.136  0.003    2  1 
  51312.0314   14.132  0.003    2  1 
  51312.0584   14.141  0.003    2  1 
  51312.0611   14.144  0.003    2  1 
  51312.0638   14.151  0.003    2  1 
  51312.0903   14.224  0.003    2  1 
  51312.0929   14.231  0.003    2  1 
  51312.0955   14.236  0.003    2  1 
  51312.1146   14.306  0.003    2  1 
  51312.1173   14.311  0.003    2  1 
  51312.1200   14.320  0.003    2  1 
  51312.9860   14.583  0.003    2  1 
  51312.9887   14.584  0.003    2  1 
  51312.9913   14.585  0.003    2  1 
  51313.0096   14.596  0.003    2  1 
  51313.0123   14.581  0.003    2  1 
  51313.0149   14.584  0.003    2  1 
  51313.0333   14.560  0.003    2  1 
  51313.0360   14.544  0.004    2  1 
  51313.0386   14.545  0.003    2  1 
  51313.0413   14.536  0.004    2  1 
  51313.0595   14.452  0.003    2  1 
  51313.0622   14.442  0.003    2  1 
  51313.0648   14.430  0.003    2  1 
  51313.0911   14.328  0.003    2  1 
  51313.0937   14.325  0.003    2  1 
  51313.0964   14.321  0.003    2  1 
  51313.1146   14.307  0.003    2  1 
  51313.1172   14.303  0.003    2  1 
  51313.1199   14.295  0.003    2  1 
  51313.1226   14.286  0.003    2  1 
  51313.9843   14.198  0.003    2  1 
  51313.9872   14.207  0.003    2  1 
  51313.9901   14.211  0.003    2  1 
  51314.0178   14.305  0.004    2  1 
  51314.0207   14.311  0.003    2  1 
  51314.0236   14.327  0.003    2  1 
  51314.0432   14.394  0.004    2  1 
  51314.0461   14.400  0.004    2  1 
  51314.0490   14.415  0.004    2  1 
  51314.0772   14.494  0.004    2  1 
  51314.0802   14.504  0.004    2  1 
  51314.0831   14.516  0.004    2  1 
  51314.1030   14.552  0.004    2  1 
  51314.1059   14.554  0.004    2  1 
  51314.1088   14.562  0.004    2  1 
  51314.1289   14.577  0.004    2  1 
  51314.1333   14.587  0.004    2  1 
  51314.1363   14.573  0.004    2  1 
  51314.9827   14.359  0.003    2  1 
  51314.9856   14.348  0.003    2  1 
  51314.9885   14.339  0.003    2  1 
  51315.0015   14.318  0.003    2  1 
  51315.0043   14.316  0.003    2  1 
  51315.0069   14.315  0.003    2  1 
  51315.0251   14.292  0.003    2  1 
  51315.0277   14.280  0.003    2  1 
  51315.0304   14.275  0.003    2  1 
  51315.0489   14.195  0.003    2  1 
  51315.0516   14.190  0.003    2  1 
  51315.0542   14.180  0.003    2  1 
  51315.0780   14.130  0.003    2  1 
  51315.0807   14.126  0.003    2  1 
  51315.0833   14.130  0.003    2  1 
  51315.1015   14.136  0.003    2  1 
  51315.1041   14.151  0.003    2  1 
  51315.1068   14.151  0.003    2  1 
  51315.1290   14.205  0.004    2  1 
  51315.1319   14.220  0.004    2  1 
  51316.0194   14.564  0.003    2  1 
  51316.0221   14.568  0.003    2  1 
  51316.0247   14.570  0.003    2  1 
  51316.0431   14.582  0.003    2  1 
  51316.0458   14.583  0.003    2  1 
  51316.0485   14.577  0.003    2  1 
  51316.0667   14.573  0.004    2  1 
  51316.0693   14.569  0.004    2  1 
  51316.0720   14.568  0.004    2  1 
  51316.0905   14.523  0.004    2  1 
  51316.0934   14.511  0.004    2  1 
  51316.0963   14.500  0.004    2  1 
  51316.1148   14.414  0.003    2  1 
  51316.1175   14.396  0.003    2  1 
  51316.1201   14.390  0.003    2  1 
  51316.9647   14.160  0.003    2  1 
  51316.9676   14.154  0.003    2  1 
  51316.9705   14.148  0.003    2  1 
  51316.9896   14.125  0.003    2  1 
  51316.9923   14.124  0.003    2  1 
  51316.9949   14.131  0.003    2  1 
  51317.0088   14.147  0.003    2  1 
  51317.0117   14.148  0.003    2  1 
  51317.0321   14.207  0.004    2  1 
  51317.0351   14.221  0.003    2  1 
  51317.0391   14.228  0.003    2  1 
  51317.0602   14.299  0.004    2  1 
  51317.0631   14.308  0.003    2  1 
  51317.0660   14.317  0.003    2  1 
  51317.0858   14.380  0.004    2  1 
  51317.0887   14.392  0.004    2  1 
  51317.0916   14.404  0.004    2  1 
  51317.1111   14.458  0.004    2  1 
  51317.1140   14.458  0.004    2  1 
  51317.1169   14.472  0.004    2  1 
  51317.9628   14.576  0.004    2  1 
  51317.9657   14.572  0.004    2  1 
  51317.9685   14.574  0.004    2  1 
  51317.9883   14.544  0.004    2  1 
  51317.9912   14.530  0.004    2  1 
  51317.9941   14.526  0.004    2  1 
  51318.0135   14.448  0.004    2  1 
  51318.0164   14.430  0.004    2  1 
  51318.0194   14.416  0.004    2  1 
  51318.0413   14.327  0.004    2  1 
  51318.0445   14.328  0.004    2  1 
  51318.0477   14.320  0.004    2  1 
  51318.0697   14.293  0.004    2  1 
  51318.0730   14.288  0.004    2  1 
  51318.0762   14.270  0.004    2  1 
  51318.0981   14.191  0.004    2  1 
  51318.1014   14.175  0.004    2  1 
  51318.1046   14.175  0.004    2  1 
  51318.1265   14.131  0.004    2  1 
  51318.1298   14.135  0.004    2  1 
  51318.9642   14.293  0.003    2  1 
  51318.9680   14.308  0.004    2  1 
  51318.9708   14.313  0.003    2  1 
  51318.9737   14.324  0.003    2  1 
  51318.9929   14.391  0.003    2  1 
  51318.9956   14.399  0.003    2  1 
  51318.9983   14.408  0.004    2  1 
  51319.0180   14.466  0.004    2  1 
  51319.0209   14.479  0.004    2  1 
  51319.0238   14.480  0.004    2  1 
  51319.0443   14.525  0.004    2  1 
  51319.0474   14.535  0.004    2  1 
  51319.0505   14.535  0.004    2  1 
  51319.0793   14.571  0.004    2  1 
  51319.0820   14.574  0.003    2  1 
  51319.0847   14.577  0.003    2  1 
  51319.1030   14.578  0.004    2  1 
  51319.1084   14.573  0.003    2  1 
  51319.1110   14.579  0.003    2  1 
  51320.1030   14.278  0.002    2  1 
  51320.1053   14.281  0.002    2  1 
  51320.1076   14.290  0.002    2  1 
  51320.1238   14.348  0.003    2  1 
  51320.1261   14.364  0.003    2  1 
  51320.1284   14.364  0.003    2  1 
  51320.1450   14.425  0.003    2  1 
  51320.1477   14.430  0.003    2  1 
  51320.1503   14.440  0.003    2  1 
  51320.9635   14.550  0.004    2  1 
  51320.9664   14.551  0.004    2  1 
  51320.9693   14.554  0.004    2  1 
  51320.9887   14.565  0.003    2  1 
  51320.9911   14.576  0.003    2  1 
  51320.9936   14.573  0.003    2  1 
  51321.0102   14.576  0.003    2  1 
  51321.0126   14.569  0.003    2  1 
  51321.0150   14.570  0.003    2  1 
  51321.0318   14.547  0.003    2  1 
  51321.0344   14.542  0.003    2  1 
  51321.0369   14.534  0.003    2  1 
  51321.0543   14.472  0.003    2  1 
  51321.0568   14.456  0.003    2  1 
  51321.0594   14.448  0.003    2  1 
  51321.0847   14.334  0.003    2  1 
  51321.0873   14.327  0.003    2  1 
  51321.0898   14.321  0.003    2  1 
  51321.1133   14.288  0.003    2  1 
  51321.1159   14.291  0.003    2  1 
  51321.1186   14.280  0.003    2  1 
  51321.1339   14.224  0.003    2  1 
  51321.1365   14.212  0.003    2  1 
  51332.9696   14.143  0.005    2  1 
  51332.9739   14.141  0.004    2  1 
  51332.9891   14.126  0.004    2  1 
  51332.9928   14.132  0.004    2  1 
  51332.9965   14.133  0.004    2  1 
  51333.0083   14.150  0.004    2  1 
  51333.0120   14.155  0.004    2  1 
  51333.0226   14.182  0.004    2  1 
  51333.0264   14.191  0.004    2  1 
  51333.0514   14.275  0.004    2  1 
  51333.0552   14.290  0.005    2  1 
  51333.0742   14.358  0.004    2  1 
  51333.0779   14.372  0.005    2  1 
  51333.0907   14.414  0.004    2  1 
  51333.0945   14.425  0.004    2  1 
  51333.1178   14.491  0.004    2  1 
  51333.1221   14.500  0.005    2  1 
  51333.1335   14.525  0.005    2  1 
  51333.1369   14.528  0.005    2  1 
  51333.1529   14.556  0.005    2  1 
  51333.1565   14.561  0.005    2  1 
  51333.1716   14.570  0.005    2  1 
  51333.1752   14.574  0.005    2  1 
  51334.9841   14.379  0.003    2  1 
  51334.9871   14.393  0.003    2  1 
  51335.0175   14.479  0.004    2  1 
  51335.0204   14.488  0.004    2  1 
  51335.0301   14.509  0.004    2  1 
  51335.0334   14.519  0.004    2  1 
  51335.0517   14.551  0.004    2  1 
  51335.0552   14.554  0.004    2  1 
  51335.0692   14.570  0.004    2  1 
  51335.0727   14.569  0.004    2  1 
  51335.0833   14.578  0.005    2  1 
  51335.0867   14.577  0.004    2  1 
  51335.1133   14.560  0.005    2  1 
  51335.1167   14.552  0.005    2  1 
  51335.9535   14.309  0.004    2  1 
  51335.9726   14.283  0.004    2  1 
  51335.9768   14.264  0.004    2  1 
  51335.9997   14.174  0.003    2  1 
  51336.0027   14.168  0.003    2  1 
  51336.0203   14.124  0.003    2  1 
  51336.0236   14.122  0.003    2  1 
  51336.0357   14.118  0.003    2  1 
  51336.0388   14.120  0.003    2  1 
  51336.0593   14.154  0.004    2  1 
  51336.0629   14.158  0.004    2  1 
  51336.0769   14.202  0.004    2  1 
  51336.0803   14.215  0.004    2  1 
  51336.1025   14.295  0.004    2  1 
  51336.1059   14.311  0.004    2  1 
  51336.1206   14.363  0.004    2  1 
  51336.1240   14.375  0.004    2  1 
  51337.0101   14.569  0.004    2  1 
  51337.9904   14.241  0.004    2  1 
  51337.9940   14.253  0.004    2  1 
  51338.0162   14.337  0.004    2  1 
  51338.0196   14.345  0.004    2  1 
  51338.0339   14.398  0.005    2  1 
  51338.0376   14.418  0.005    2  1 
  51338.9901   14.324  0.003    2  1 
  51338.9938   14.321  0.003    2  1 
  51339.0226   14.283  0.004    2  1 
  51339.0269   14.266  0.004    2  1 
  51339.0867   14.127  0.004    2  1 
  51339.0905   14.121  0.004    2  1 
  51339.1139   14.166  0.004    2  1 
  51339.1177   14.185  0.004    2  1 
  51339.1448   14.274  0.004    2  1 
  51339.1482   14.287  0.004    2  1 
  51339.9766   14.516  0.004    2  1 
  51339.9795   14.521  0.004    2  1 
  51340.0044   14.567  0.004    2  1 
  51340.0078   14.573  0.004    2  1 
  51340.0274   14.583  0.004    2  1 
  51340.0306   14.582  0.004    2  1 
  51340.0540   14.581  0.004    2  1 
  51340.0572   14.574  0.004    2  1 
  51340.0857   14.494  0.004    2  1 
  51340.0892   14.486  0.004    2  1 
  51340.1152   14.363  0.004    2  1 
  51340.1197   14.349  0.004    2  1 
  51340.1229   14.341  0.004    2  1 
  51340.1263   14.334  0.004    2  1 
  51340.1404   14.322  0.004    2  1 
  51340.1437   14.314  0.004    2  1 
  51344.9924   14.584  0.004    2  1 
  51344.9958   14.577  0.003    2  1 
  51344.9988   14.580  0.003    2  1 
  51345.0216   14.550  0.004    2  1 
  51345.0255   14.540  0.005    2  1 
  51345.0302   14.524  0.004    2  1 
  51345.0553   14.411  0.004    2  1 
  51345.0603   14.386  0.003    2  1 
  51345.9856   14.226  0.004    2  1 
  51345.9896   14.235  0.004    2  1 
  51346.0219   14.356  0.004    2  1 
  51346.0264   14.367  0.004    2  1 
  51346.0486   14.446  0.004    2  1 
  51346.0523   14.459  0.004    2  1 
  51346.0791   14.523  0.004    2  1 
  51346.0826   14.534  0.004    2  1 
  51347.0416   14.188  0.004    2  1 
  51347.0453   14.176  0.003    2  1 
  51347.0743   14.122  0.003    2  1 
  51347.0777   14.121  0.003    2  1 
  51347.0990   14.146  0.003    2  1 
  51347.1022   14.154  0.002    2  1 
  51347.9769   14.509  0.004    2  1 
  51347.9802   14.520  0.004    2  1 
  51347.9834   14.522  0.004    2  1 
  51347.9983   14.553  0.004    2  1 
  51348.0028   14.552  0.004    2  1 
  51348.0063   14.562  0.004    2  1 
  51348.0242   14.577  0.004    2  1 
  51348.0274   14.581  0.004    2  1 
  51348.0943   14.453  0.005    2  1 
  51348.0983   14.431  0.005    2  1 
  51348.1018   14.417  0.005    2  1 
  51348.9650   14.133  0.003    2  1 
  51348.9682   14.127  0.003    2  1 
  51348.9853   14.126  0.003    2  1 
  51348.9883   14.130  0.003    2  1 
  51348.9912   14.129  0.003    2  1 
  51349.0316   14.228  0.003    2  1 
  51349.0346   14.241  0.003    2  1 
  51349.9815   14.527  0.004    2  1 
  51349.9851   14.519  0.004    2  1 
  51349.9973   14.464  0.004    2  1 
  51350.0033   14.433  0.004    2  1 
  51350.0066   14.417  0.004    2  1 
  51350.0164   14.366  0.004    2  1 
  51350.0197   14.356  0.004    2  1 
  51350.0296   14.322  0.004    2  1 
  51380.9973   14.157  0.003    2  1 
  51381.0004   14.166  0.003    2  1 
  51381.0031   14.175  0.003    2  1 
  51381.0187   14.216  0.003    2  1 
  51381.0214   14.224  0.003    2  1 
  51381.0242   14.235  0.003    2  1 
  51381.9830   14.481  0.004    2  1 
  51381.9859   14.463  0.004    2  1 
  51381.9888   14.454  0.004    2  1 
  51382.0000   14.394  0.004    2  1 
  51382.0029   14.381  0.004    2  1 
  51382.9793   14.424  0.004    2  1 
  51382.9826   14.435  0.004    2  1 
  51382.9857   14.443  0.004    2  1 
  51382.9965   14.475  0.004    2  1 
  51382.9995   14.477  0.004    2  1 
  51383.9746   14.209  0.003    2  1 
  51383.9773   14.190  0.003    2  1 
  51383.9799   14.186  0.003    2  1 
  51383.9899   14.157  0.003    2  1 
  51383.9926   14.148  0.003    2  1 
  51384.9751   14.576  0.003    2  1 
  51384.9777   14.578  0.003    2  1 
  51384.9802   14.578  0.003    2  1 
  51384.9896   14.572  0.003    2  1 
  51384.9921   14.570  0.003    2  1 
  51385.9711   14.225  0.003    2  1 
  51385.9737   14.235  0.003    2  1 
  51385.9763   14.246  0.003    2  1 
  51385.9857   14.279  0.003    2  1 
  51385.9884   14.287  0.003    2  1 
  51386.9965   14.294  0.003    2  1 
  51387.0003   14.290  0.003    2  1 
  51387.0041   14.261  0.003    2  1 
  51387.0216   14.192  0.003    2  1 
  51387.0254   14.181  0.003    2  1 
  51387.0293   14.167  0.003    2  1 
  51388.9801   14.135  0.003    2  1 
  51388.9834   14.139  0.003    2  1 
  51388.9866   14.142  0.003    2  1 
  51388.9984   14.172  0.004    2  1 
  51389.0017   14.183  0.004    2  1 
  51389.9783   14.476  0.003    2  1 
  51389.9809   14.466  0.003    2  1 
  51389.9836   14.448  0.003    2  1 
  51390.9729   14.408  0.003    2  1 
  51390.9756   14.413  0.003    2  1 
  51390.9783   14.427  0.003    2  1 
  51391.9728   14.203  0.003    2  1 
  51391.9754   14.196  0.003    2  1 
  51391.9779   14.179  0.003    2  1 
  51671.0871   14.273  0.004    2  1 
  51671.0917   14.258  0.004    2  1 
  51671.0952   14.249  0.004    2  1 
  51671.1189   14.169  0.003    2  1 
  51671.1232   14.161  0.003    2  1 
  51671.9996   14.363  0.003    2  1 
  51672.0039   14.377  0.003    2  1 
  51672.0350   14.478  0.004    2  1 
  51672.0382   14.487  0.004    2  1 
  51673.0232   14.173  0.003    2  1 
  51674.0574   14.512  0.005    2  1 
  51674.0938   14.341  0.004    2  1 
  51674.0985   14.330  0.004    2  1 
  51674.1159   14.327  0.004    2  1 
  51674.1223   14.327  0.004    2  1 
  51674.9763   14.154  0.004    2  1 
  51674.9824   14.165  0.004    2  1 
  51675.0212   14.283  0.004    2  1 
  51676.0163   14.326  0.004    2  1 
  51692.9816   14.479  0.004    2  1 
  51692.9854   14.488  0.004    2  1 
  51693.9780   14.143  0.003    2  1 
  51693.9814   14.136  0.003    2  1 
  51694.9914   14.545  0.003    2  1 
  51765.9974   14.156  0.003    2  1 
  51766.0012   14.164  0.004    2  1 
  51766.0048   14.169  0.003    2  1 
  51766.0266   14.250  0.004    2  1 
  51766.0301   14.264  0.004    2  1 
  51216.3408   14.793  0.003    3  1 
  51216.3905   14.598  0.003    3  1 
  51217.3019   14.685  0.003    3  1 
  51218.2854   14.643  0.003    3  1 
  51218.3156   14.522  0.003    3  1 
  51218.3347   14.446  0.003    3  1 
  51218.3848   14.390  0.003    3  1 
  51219.2918   15.034  0.004    3  1 
  51219.3100   15.061  0.004    3  1 
  51219.3296   15.051  0.004    3  1 
  51219.3536   15.009  0.004    3  1 
  51219.3723   14.912  0.003    3  1 
  51220.2720   14.382  0.003    3  1 
  51220.3473   14.661  0.003    3  1 
  51220.3643   14.758  0.003    3  1 
  51220.3816   14.858  0.003    3  1 
  51221.2763   14.922  0.003    3  1 
  51221.2964   14.764  0.003    3  1 
  51221.3496   14.586  0.003    3  1 
  51283.2546   15.010  0.003    3  1 
  51283.2783   15.043  0.003    3  1 
  51283.3008   15.057  0.003    3  1 
  51283.3322   14.987  0.003    3  1 
  51283.3553   14.849  0.003    3  1 
  51283.3773   14.851  0.000    3  1 
  51284.2134   14.427  0.003    3  1 
  51284.2375   14.359  0.002    3  1 
  51284.2581   14.371  0.002    3  1 
  51284.2875   14.469  0.003    3  1 
  51284.3124   14.590  0.003    3  1 
  51284.3383   14.751  0.003    3  1 
  51285.0451   14.491  0.002    3  1 
  51285.0691   14.604  0.003    3  1 
  51285.0932   14.724  0.003    3  1 
  51285.1257   14.893  0.003    3  1 
  51285.1514   14.991  0.003    3  1 
  51285.1754   15.046  0.003    3  1 
  51285.2060   15.074  0.003    3  1 
  51285.2321   15.018  0.003    3  1 
  51285.2586   14.880  0.003    3  1 
  51285.2928   14.617  0.003    3  1 
  51285.3257   14.573  0.003    3  1 
  51286.0670   14.651  0.002    3  1 
  51286.0977   14.497  0.002    3  1 
  51286.1833   14.455  0.002    3  1 
  51286.2193   14.628  0.003    3  1 
  51286.2434   14.763  0.003    3  1 
  51286.2655   14.877  0.003    3  1 
  51286.2958   14.995  0.003    3  1 
  51286.3291   15.069  0.003    3  1 
  51286.3521   15.084  0.004    3  1 
  51304.9838   15.053  0.003    3  1 
  51305.0251   15.039  0.004    3  1 
  51305.0718   14.778  0.003    3  1 
  51305.0961   14.655  0.003    3  1 
  51305.1465   14.465  0.003    3  1 
  51305.1755   14.347  0.003    3  1 
  51305.2054   14.359  0.003    3  1 
  51305.2345   14.479  0.003    3  1 
  51305.2666   14.665  0.003    3  1 
  51305.2880   14.789  0.003    3  1 
  51305.9773   14.445  0.002    3  1 
  51306.0428   14.766  0.003    3  1 
  51306.0809   14.941  0.003    3  1 
  51306.1330   15.046  0.004    3  1 
  51306.2101   14.747  0.003    3  1 
  51306.2308   14.547  0.002    3  1 
  51306.2538   14.578  0.002    3  1 
  51306.2771   14.546  0.002    3  1 
  51306.2972   14.424  0.002    3  1 
  51308.0025   14.948  0.003    3  1 
  51308.0600   15.042  0.003    3  1 
  51308.0919   14.933  0.002    3  1 
  51308.1244   14.723  0.003    3  1 
  51310.1057   14.481  0.001    3  1 
  51310.1100   14.382  0.002    3  1 
  51310.1132   14.340  0.002    3  1 
  51311.9792   14.604  0.004    3  1 
  51311.9983   14.524  0.003    3  1 
  51312.0087   14.470  0.003    3  1 
  51312.0350   14.385  0.003    3  1 
  51312.0550   14.398  0.003    3  1 
  51312.0672   14.422  0.002    3  1 
  51312.0870   14.488  0.003    3  1 
  51312.0988   14.549  0.003    3  1 
  51312.9828   15.066  0.003    3  1 
  51313.0063   15.067  0.003    3  1 
  51313.0300   15.022  0.003    3  1 
  51313.0562   14.871  0.003    3  1 
  51313.0838   14.541  0.002    3  1 
  51313.1113   14.638  0.003    3  1 
  51313.9807   14.467  0.003    3  1 
  51314.0143   14.617  0.003    3  1 
  51314.0397   14.757  0.003    3  1 
  51314.1124   15.062  0.004    3  1 
  51314.9752   14.767  0.003    3  1 
  51315.0102   14.653  0.003    3  1 
  51315.0336   14.571  0.003    3  1 
  51315.0747   14.383  0.002    3  1 
  51315.0982   14.366  0.003    3  1 
  51315.1216   14.449  0.003    3  1 
  51316.0399   15.059  0.003    3  1 
  51316.0634   15.058  0.003    3  1 
  51316.0869   14.977  0.003    3  1 
  51316.1115   14.814  0.003    3  1 
  51316.9740   14.387  0.002    3  1 
  51317.0052   14.347  0.003    3  1 
  51317.0282   14.396  0.004    3  1 
  51317.0566   14.606  0.003    3  1 
  51317.0822   14.738  0.003    3  1 
  51317.1075   14.866  0.004    3  1 
  51317.9847   15.016  0.004    3  1 
  51318.0099   14.878  0.004    3  1 
  51318.0374   14.658  0.004    3  1 
  51318.1226   14.312  0.004    3  1 
  51318.9772   14.687  0.003    3  1 
  51319.0019   14.812  0.003    3  1 
  51319.0274   14.938  0.003    3  1 
  51319.0757   15.042  0.004    3  1 
  51319.0997   15.056  0.003    3  1 
  51320.1000   14.615  0.002    3  1 
  51320.1208   14.679  0.002    3  1 
  51320.1417   14.809  0.003    3  1 
  51320.9728   15.031  0.003    3  1 
  51320.9965   15.040  0.003    3  1 
  51321.0180   14.974  0.003    3  1 
  51321.0400   14.965  0.003    3  1 
  51321.0624   14.818  0.003    3  1 
  51321.0930   14.642  0.003    3  1 
  51321.1217   14.582  0.002    3  1 
  51381.9793   14.913  0.003    3  1 
  51382.9755   14.806  0.004    3  1 
  51383.9715   14.440  0.002    3  1 
  51384.9721   15.010  0.002    3  1 
  51385.9679   14.526  0.002    3  1 
  51386.9917   14.628  0.003    3  1 
  51388.9755   14.337  0.003    3  1 
  51693.9923   14.393  0.002    3  1 
 56468.97641   13.394  0.049   -1  1 
 56469.04707   13.372  0.031   -1  1 
 56469.10896   13.362  0.049   -1  1 
 56469.17285   13.500  0.019   -1  1 
 56471.00364   13.327  0.023   -1  1 
 56471.06640   13.436  0.017   -1  1 
 56471.12490   13.486  0.014   -1  1 
 56471.18188   13.439  0.012   -1  1 
 56471.96759   13.334  0.030   -1  1 
 56472.03374   13.318  0.011   -1  1 
 56472.09484   13.440  0.011   -1  1 
 56472.15243   13.396  0.010   -1  1 
 56468.95296   13.306  0.037   -2  1 
 56469.02441   13.187  0.020   -2  1 
 56469.08813   13.310  0.019   -2  1 
 56469.15134   13.396  0.017   -2  1 
 56471.02588   13.360  0.021   -2  1 
 56471.08671   13.401  0.016   -2  1 
 56471.14302   13.431  0.007   -2  1 
 56471.94704   13.474  0.023   -2  1 
 56472.01085   13.350  0.027   -2  1 
 56472.07480   13.288  0.016   -2  1 
 56472.13240   13.386  0.009   -2  1 
 56472.19216   13.484  0.016   -2  1 
 56469.00041   13.454  0.015   -5  1 
 56469.06767   13.528  0.011   -5  1 
 56469.13003   13.666  0.021   -5  1 
 56469.19349   13.655  0.009   -5  1 
 56470.98130   13.555  0.006   -5  1 
 56471.04693   13.617  0.015   -5  1 
 56471.10523   13.692  0.011   -5  1 
 56471.16397   13.617  0.027   -5  1 
 56471.98857   13.553  0.028   -5  1 
 56472.05430   13.456  0.015   -5  1 
 56472.11383   13.546  0.011   -5  1 
 56472.17109   13.623  0.011   -5  1 
