  51216.2987   15.175  0.005    2  1 
  51216.3275   15.260  0.006    2  1 
  51216.3519   15.268  0.006    2  1 
  51216.3771   14.825  0.005    2  1 
  51217.2851   15.165  0.006    2  1 
  51217.3152   15.158  0.006    2  1 
  51217.3598   15.287  0.006    2  1 
  51217.3804   15.225  0.005    2  1 
  51218.3013   15.166  0.005    2  1 
  51218.3254   15.148  0.006    2  1 
  51218.3504   15.204  0.005    2  1 
  51218.3753   15.274  0.006    2  1 
  51219.2775   15.142  0.005    2  1 
  51219.3014   15.157  0.005    2  1 
  51219.3186   15.163  0.005    2  1 
  51219.3397   15.148  0.005    2  1 
  51219.3635   15.172  0.005    2  1 
  51219.3810   15.235  0.006    2  1 
  51220.2867   15.139  0.005    2  1 
  51220.3036   15.140  0.005    2  1 
  51220.3219   15.156  0.005    2  1 
  51220.3564   15.154  0.005    2  1 
  51220.3729   15.149  0.006    2  1 
  51220.3920   15.191  0.006    2  1 
  51221.2619   15.108  0.005    2  1 
  51221.2873   15.129  0.005    2  1 
  51221.3052   15.136  0.005    2  1 
  51221.3230   15.146  0.005    2  1 
  51221.3396   15.152  0.005    2  1 
  51221.3577   15.161  0.005    2  1 
  51221.3762   15.158  0.005    2  1 
  51283.2102   15.145  0.005    2  1 
  51283.2288   15.193  0.005    2  1 
  51283.2338   15.212  0.005    2  1 
  51283.2391   15.230  0.005    2  1 
  51283.2642   15.277  0.005    2  1 
  51283.2680   15.270  0.005    2  1 
  51283.2868   15.187  0.005    2  1 
  51283.2902   15.134  0.005    2  1 
  51283.3138   14.558  0.003    2  1 
  51283.3170   14.481  0.003    2  1 
  51283.3408   14.238  0.003    2  1 
  51283.3447   14.252  0.003    2  1 
  51283.3642   14.368  0.003    2  1 
  51283.3673   14.379  0.003    2  1 
  51284.1955   15.160  0.005    2  1 
  51284.1993   15.168  0.005    2  1 
  51284.2266   15.144  0.005    2  1 
  51284.2298   15.142  0.005    2  1 
  51284.2475   15.189  0.005    2  1 
  51284.2506   15.204  0.005    2  1 
  51284.2679   15.257  0.005    2  1 
  51284.2711   15.264  0.005    2  1 
  51284.3004   15.252  0.005    2  1 
  51284.3036   15.238  0.005    2  1 
  51284.3257   14.739  0.004    2  1 
  51284.3289   14.681  0.004    2  1 
  51285.0269   14.878  0.004    2  1 
  51285.0299   14.884  0.004    2  1 
  51285.0607   14.973  0.004    2  1 
  51285.0814   15.032  0.004    2  1 
  51285.0847   15.040  0.004    2  1 
  51285.1052   15.082  0.004    2  1 
  51285.1084   15.089  0.004    2  1 
  51285.1396   15.126  0.005    2  1 
  51285.1427   15.128  0.005    2  1 
  51285.1624   15.142  0.005    2  1 
  51285.1654   15.145  0.005    2  1 
  51285.1891   15.153  0.005    2  1 
  51285.1924   15.147  0.005    2  1 
  51285.2195   15.174  0.005    2  1 
  51285.2227   15.173  0.005    2  1 
  51285.2468   15.150  0.005    2  1 
  51285.2498   15.150  0.005    2  1 
  51285.2738   15.199  0.005    2  1 
  51285.2775   15.211  0.005    2  1 
  51285.3077   15.287  0.005    2  1 
  51285.3112   15.288  0.006    2  1 
  51285.3425   14.901  0.004    2  1 
  51285.3456   14.783  0.004    2  1 
  51286.0177   14.783  0.004    2  1 
  51286.0241   14.802  0.004    2  1 
  51286.0542   14.885  0.004    2  1 
  51286.0574   14.903  0.004    2  1 
  51286.0794   14.973  0.004    2  1 
  51286.0832   14.974  0.004    2  1 
  51286.1105   15.047  0.004    2  1 
  51286.1136   15.054  0.004    2  1 
  51286.1708   15.130  0.004    2  1 
  51286.1740   15.144  0.005    2  1 
  51286.1969   15.138  0.005    2  1 
  51286.2002   15.151  0.005    2  1 
  51286.2322   15.168  0.005    2  1 
  51286.2352   15.167  0.005    2  1 
  51286.2544   15.164  0.005    2  1 
  51286.2573   15.163  0.005    2  1 
  51286.2785   15.154  0.005    2  1 
  51286.2816   15.158  0.005    2  1 
  51286.3149   15.268  0.005    2  1 
  51286.3179   15.270  0.005    2  1 
  51286.3375   15.280  0.005    2  1 
  51286.3409   15.269  0.005    2  1 
  51286.3604   15.035  0.005    2  1 
  51286.3635   14.928  0.004    2  1 
  51286.3665   14.824  0.004    2  1 
  51304.9667   14.926  0.003    2  1 
  51304.9697   14.934  0.004    2  1 
  51304.9956   15.006  0.004    2  1 
  51304.9985   15.007  0.004    2  1 
  51305.0393   15.091  0.004    2  1 
  51305.0423   15.103  0.004    2  1 
  51305.0812   15.130  0.005    2  1 
  51305.0852   15.137  0.005    2  1 
  51305.1040   15.134  0.005    2  1 
  51305.1077   15.144  0.005    2  1 
  51305.1328   15.149  0.005    2  1 
  51305.1357   15.157  0.005    2  1 
  51305.1582   15.149  0.005    2  1 
  51305.1616   15.147  0.006    2  1 
  51305.1919   15.177  0.006    2  1 
  51305.1953   15.186  0.006    2  1 
  51305.2170   15.247  0.005    2  1 
  51305.2202   15.271  0.005    2  1 
  51305.2493   15.227  0.005    2  1 
  51305.2523   15.202  0.005    2  1 
  51305.2764   14.652  0.004    2  1 
  51305.2796   14.622  0.004    2  1 
  51305.3025   14.260  0.003    2  1 
  51305.3054   14.260  0.003    2  1 
  51305.9643   14.854  0.004    2  1 
  51305.9672   14.857  0.004    2  1 
  51306.0313   15.037  0.004    2  1 
  51306.0340   15.042  0.004    2  1 
  51306.0638   15.100  0.004    2  1 
  51306.0674   15.108  0.004    2  1 
  51306.0960   15.113  0.004    2  1 
  51306.0990   15.106  0.004    2  1 
  51306.1183   15.133  0.004    2  1 
  51306.1209   15.137  0.004    2  1 
  51306.1434   15.154  0.005    2  1 
  51306.1474   15.151  0.005    2  1 
  51306.1743   15.162  0.004    2  1 
  51306.1770   15.161  0.004    2  1 
  51306.1996   15.150  0.004    2  1 
  51306.2025   15.159  0.004    2  1 
  51306.2235   15.214  0.004    2  1 
  51306.2458   15.283  0.004    2  1 
  51306.2665   15.266  0.004    2  1 
  51306.2691   15.260  0.004    2  1 
  51306.2862   14.955  0.004    2  1 
  51306.2895   14.850  0.004    2  1 
  51306.3068   14.470  0.003    2  1 
  51306.3101   14.398  0.003    2  1 
  51306.9828   14.849  0.005    2  1 
  51306.9870   14.868  0.003    2  1 
  51307.0161   14.956  0.003    2  1 
  51307.0270   14.983  0.004    2  1 
  51307.0388   15.017  0.005    2  1 
  51307.0824   15.101  0.005    2  1 
  51307.9862   14.784  0.003    2  1 
  51307.9901   14.802  0.003    2  1 
  51308.0178   14.880  0.003    2  1 
  51308.0212   14.895  0.003    2  1 
  51308.0443   14.964  0.004    2  1 
  51308.1072   15.102  0.005    2  1 
  51308.1114   15.110  0.005    2  1 
  51310.1342   15.069  0.004    2  1 
  51310.1371   15.080  0.004    2  1 
  51310.1402   15.086  0.004    2  1 
  51314.9621   15.142  0.005    2  1 
  51314.9650   15.120  0.005    2  1 
  51314.9679   15.059  0.005    2  1 
  51314.9914   14.457  0.003    2  1 
  51314.9943   14.384  0.003    2  1 
  51314.9972   14.330  0.003    2  1 
  51315.0171   14.233  0.003    2  1 
  51315.0197   14.248  0.003    2  1 
  51315.0224   14.257  0.003    2  1 
  51315.0409   14.365  0.003    2  1 
  51315.0436   14.385  0.003    2  1 
  51315.0462   14.403  0.003    2  1 
  51315.0650   14.502  0.003    2  1 
  51315.0677   14.517  0.003    2  1 
  51315.0860   14.596  0.003    2  1 
  51315.0887   14.609  0.003    2  1 
  51315.0913   14.626  0.003    2  1 
  51315.1094   14.699  0.003    2  1 
  51315.1121   14.700  0.003    2  1 
  51315.1148   14.713  0.003    2  1 
  51316.0303   14.225  0.003    2  1 
  51316.0330   14.221  0.003    2  1 
  51316.0511   14.302  0.003    2  1 
  51316.0538   14.321  0.003    2  1 
  51316.0565   14.331  0.003    2  1 
  51316.0746   14.455  0.003    2  1 
  51316.0773   14.462  0.003    2  1 
  51316.0800   14.476  0.003    2  1 
  51316.0992   14.561  0.003    2  1 
  51316.1020   14.573  0.003    2  1 
  51316.1046   14.582  0.003    2  1 
  51316.1228   14.654  0.003    2  1 
  51316.1255   14.682  0.003    2  1 
  51316.1281   14.684  0.003    2  1 
  51316.9815   15.284  0.005    2  1 
  51316.9843   15.284  0.005    2  1 
  51316.9869   15.295  0.004    2  1 
  51316.9978   15.242  0.005    2  1 
  51317.0147   14.956  0.004    2  1 
  51317.0176   14.850  0.004    2  1 
  51317.0205   14.766  0.004    2  1 
  51317.0420   14.362  0.003    2  1 
  51317.0450   14.308  0.004    2  1 
  51317.0483   14.250  0.003    2  1 
  51317.0689   14.288  0.003    2  1 
  51317.0718   14.340  0.003    2  1 
  51317.0747   14.339  0.003    2  1 
  51317.0946   14.434  0.003    2  1 
  51317.0974   14.451  0.003    2  1 
  51317.1000   14.477  0.003    2  1 
  51317.1199   14.569  0.004    2  1 
  51317.1228   14.593  0.004    2  1 
  51317.1257   14.604  0.004    2  1 
  51317.9715   15.206  0.005    2  1 
  51317.9744   15.220  0.005    2  1 
  51317.9772   15.224  0.005    2  1 
  51317.9970   15.290  0.005    2  1 
  51317.9998   15.283  0.004    2  1 
  51318.0025   15.283  0.005    2  1 
  51318.0227   15.219  0.006    2  1 
  51318.0260   15.176  0.006    2  1 
  51318.0292   15.130  0.005    2  1 
  51318.0510   14.602  0.004    2  1 
  51318.0542   14.547  0.004    2  1 
  51318.0575   14.483  0.004    2  1 
  51318.0795   14.257  0.003    2  1 
  51318.0827   14.286  0.004    2  1 
  51318.0859   14.278  0.003    2  1 
  51318.1079   14.488  0.004    2  1 
  51318.1111   14.474  0.004    2  1 
  51318.9846   15.181  0.005    2  1 
  51318.9874   15.188  0.005    2  1 
  51318.9902   15.201  0.004    2  1 
  51319.0093   15.258  0.005    2  1 
  51319.0122   15.266  0.005    2  1 
  51319.0151   15.271  0.005    2  1 
  51319.0351   15.267  0.005    2  1 
  51319.0380   15.260  0.005    2  1 
  51319.0411   15.248  0.006    2  1 
  51319.0623   14.803  0.004    2  1 
  51319.0928   14.235  0.003    2  1 
  51319.1137   14.299  0.003    2  1 
  51319.1164   14.311  0.003    2  1 
  51319.1190   14.325  0.003    2  1 
  51320.1531   14.403  0.003    2  1 
  51320.1557   14.415  0.003    2  1 
  51320.1584   14.423  0.003    2  1 
  51320.9810   15.162  0.005    2  1 
  51321.0466   15.241  0.004    2  1 
  51321.0491   15.249  0.004    2  1 
  51321.0517   15.245  0.004    2  1 
  51321.0689   15.285  0.004    2  1 
  51321.0714   15.284  0.004    2  1 
  51321.0740   15.292  0.004    2  1 
  51321.0997   15.013  0.004    2  1 
  51321.1023   14.929  0.004    2  1 
  51321.1049   14.839  0.003    2  1 
  51321.1074   14.748  0.003    2  1 
  51321.1100   14.680  0.003    2  1 
  51321.1285   14.316  0.003    2  1 
  51321.1311   14.285  0.003    2  1 
  51332.9607   14.619  0.005    2  1 
  51332.9651   14.642  0.005    2  1 
  51332.9797   14.664  0.005    2  1 
  51332.9834   14.677  0.005    2  1 
  51333.0005   14.734  0.004    2  1 
  51333.0039   14.753  0.005    2  1 
  51333.0156   14.786  0.005    2  1 
  51333.0192   14.813  0.005    2  1 
  51333.0445   14.866  0.005    2  1 
  51333.0479   14.879  0.005    2  1 
  51333.0636   14.927  0.006    2  1 
  51333.0681   14.941  0.006    2  1 
  51333.0834   14.978  0.005    2  1 
  51333.0869   14.984  0.005    2  1 
  51333.0981   15.014  0.005    2  1 
  51333.1018   15.028  0.005    2  1 
  51333.1258   15.081  0.005    2  1 
  51333.1294   15.082  0.006    2  1 
  51333.1410   15.107  0.006    2  1 
  51333.1452   15.107  0.006    2  1 
  51333.1492   15.113  0.006    2  1 
  51333.1642   15.125  0.006    2  1 
  51333.1679   15.129  0.006    2  1 
  51334.9778   14.441  0.003    2  1 
  51334.9806   14.457  0.003    2  1 
  51335.0115   14.603  0.003    2  1 
  51335.0145   14.614  0.003    2  1 
  51335.0237   14.660  0.004    2  1 
  51335.0269   14.666  0.004    2  1 
  51335.0365   14.699  0.004    2  1 
  51335.0396   14.721  0.004    2  1 
  51335.0624   14.803  0.005    2  1 
  51335.0658   14.811  0.005    2  1 
  51335.0766   14.838  0.005    2  1 
  51335.0800   14.848  0.005    2  1 
  51335.1009   14.913  0.004    2  1 
  51335.1041   14.918  0.005    2  1 
  51335.9585   14.238  0.003    2  1 
  51335.9619   14.241  0.003    2  1 
  51335.9661   14.260  0.004    2  1 
  51335.9693   14.271  0.003    2  1 
  51335.9855   14.368  0.003    2  1 
  51335.9915   14.401  0.003    2  1 
  51335.9966   14.431  0.003    2  1 
  51336.0139   14.520  0.004    2  1 
  51336.0172   14.541  0.004    2  1 
  51336.0275   14.590  0.004    2  1 
  51336.0306   14.602  0.004    2  1 
  51336.0439   14.654  0.004    2  1 
  51336.0470   14.670  0.004    2  1 
  51336.0662   14.738  0.004    2  1 
  51336.0696   14.740  0.004    2  1 
  51336.0728   14.756  0.004    2  1 
  51336.0954   14.828  0.005    2  1 
  51336.0989   14.841  0.005    2  1 
  51336.1119   14.879  0.005    2  1 
  51336.1153   14.884  0.005    2  1 
  51336.1297   14.932  0.005    2  1 
  51336.1557   15.021  0.006    2  1 
  51336.1600   15.019  0.007    2  1 
  51336.1647   15.033  0.007    2  1 
  51336.9567   14.557  0.002    2  1 
  51337.0022   14.436  0.003    2  1 
  51337.9827   14.446  0.004    2  1 
  51337.9868   14.388  0.004    2  1 
  51337.9997   14.253  0.004    2  1 
  51338.0033   14.266  0.004    2  1 
  51338.0231   14.360  0.004    2  1 
  51338.0265   14.388  0.004    2  1 
  51338.0304   14.414  0.004    2  1 
  51338.9791   15.042  0.004    2  1 
  51338.9849   14.844  0.004    2  1 
  51339.0116   14.315  0.004    2  1 
  51339.0151   14.288  0.004    2  1 
  51339.0441   14.339  0.003    2  1 
  51339.0477   14.360  0.004    2  1 
  51339.0513   14.395  0.004    2  1 
  51339.0774   14.530  0.004    2  1 
  51339.0807   14.547  0.004    2  1 
  51339.1053   14.696  0.004    2  1 
  51339.1093   14.668  0.004    2  1 
  51339.1327   14.740  0.004    2  1 
  51339.1363   14.753  0.004    2  1 
  51339.9588   15.272  0.005    2  1 
  51339.9627   15.273  0.005    2  1 
  51339.9835   15.266  0.005    2  1 
  51339.9874   15.236  0.005    2  1 
  51340.0115   14.694  0.004    2  1 
  51340.0146   14.645  0.004    2  1 
  51340.0349   14.279  0.003    2  1 
  51340.0380   14.264  0.003    2  1 
  51340.0659   14.350  0.003    2  1 
  51340.0696   14.375  0.003    2  1 
  51340.0938   14.533  0.004    2  1 
  51340.0983   14.564  0.004    2  1 
  51340.1334   14.684  0.004    2  1 
  51340.1366   14.690  0.004    2  1 
  51344.9654   15.157  0.004    2  1 
  51344.9786   15.158  0.004    2  1 
  51344.9829   15.164  0.005    2  1 
  51345.0052   15.156  0.005    2  1 
  51345.0092   15.143  0.004    2  1 
  51345.0132   15.144  0.004    2  1 
  51345.0170   15.146  0.005    2  1 
  51345.0353   15.169  0.005    2  1 
  51345.0390   15.183  0.004    2  1 
  51345.0645   15.261  0.005    2  1 
  51345.0690   15.274  0.005    2  1 
  51345.9658   15.130  0.006    2  1 
  51345.9696   15.129  0.006    2  1 
  51345.9999   15.152  0.006    2  1 
  51346.0043   15.156  0.006    2  1 
  51346.0310   15.152  0.005    2  1 
  51346.0343   15.140  0.005    2  1 
  51346.0571   15.173  0.005    2  1 
  51346.0604   15.169  0.005    2  1 
  51347.0221   15.158  0.006    2  1 
  51347.0274   15.174  0.003    2  1 
  51347.0562   15.149  0.005    2  1 
  51347.0597   15.145  0.005    2  1 
  51347.0815   15.182  0.004    2  1 
  51347.0850   15.194  0.005    2  1 
  51347.9581   15.105  0.005    2  1 
  51347.9877   15.128  0.005    2  1 
  51347.9914   15.126  0.005    2  1 
  51347.9948   15.138  0.005    2  1 
  51348.0181   15.138  0.005    2  1 
  51348.0211   15.143  0.005    2  1 
  51348.0849   15.137  0.006    2  1 
  51348.0897   15.137  0.006    2  1 
  51348.1054   15.175  0.006    2  1 
  51348.1088   15.195  0.006    2  1 
  51348.1122   15.191  0.006    2  1 
  51348.9528   15.056  0.004    2  1 
  51348.9557   15.067  0.004    2  1 
  51348.9795   15.103  0.004    2  1 
  51348.9824   15.107  0.004    2  1 
  51348.9941   15.125  0.005    2  1 
  51349.0152   15.131  0.005    2  1 
  51349.0189   15.142  0.005    2  1 
  51349.9596   15.009  0.004    2  1 
  51349.9627   15.020  0.004    2  1 
  51349.9911   15.086  0.004    2  1 
  51349.9944   15.094  0.004    2  1 
  51350.0097   15.112  0.005    2  1 
  51350.0128   15.114  0.005    2  1 
  51350.0228   15.125  0.005    2  1 
  51364.9643   15.187  0.005    2  1 
  51380.9714   14.518  0.003    2  1 
  51380.9769   14.547  0.003    2  1 
  51380.9801   14.560  0.003    2  1 
  51380.9845   14.585  0.003    2  1 
  51381.0066   14.669  0.003    2  1 
  51381.0096   14.684  0.003    2  1 
  51381.0136   14.694  0.003    2  1 
  51381.9638   14.367  0.003    2  1 
  51381.9679   14.416  0.003    2  1 
  51381.9716   14.469  0.004    2  1 
  51381.9917   14.561  0.004    2  1 
  51381.9946   14.578  0.004    2  1 
  51382.9605   14.242  0.003    2  1 
  51382.9652   14.256  0.003    2  1 
  51382.9682   14.350  0.003    2  1 
  51382.9887   14.402  0.003    2  1 
  51382.9916   14.426  0.003    2  1 
  51383.9595   14.441  0.003    2  1 
  51383.9648   14.331  0.003    2  1 
  51383.9826   14.245  0.003    2  1 
  51383.9853   14.299  0.003    2  1 
  51384.9606   14.976  0.003    2  1 
  51384.9657   14.665  0.003    2  1 
  51385.9557   15.282  0.005    2  1 
  51385.9615   15.266  0.004    2  1 
  51385.9788   15.040  0.004    2  1 
  51385.9814   14.974  0.004    2  1 
  51386.9731   15.286  0.006    2  1 
  51386.9769   15.283  0.006    2  1 
  51386.9807   15.275  0.005    2  1 
  51387.0101   14.719  0.004    2  1 
  51387.0139   14.651  0.004    2  1 
  51387.0177   14.602  0.004    2  1 
  51388.9571   15.131  0.005    2  1 
  51388.9622   15.133  0.006    2  1 
  51388.9659   15.148  0.005    2  1 
  51388.9899   15.226  0.006    2  1 
  51388.9932   15.232  0.006    2  1 
  51389.9629   15.160  0.004    2  1 
  51389.9656   15.148  0.004    2  1 
  51389.9683   15.145  0.004    2  1 
  51390.9578   15.148  0.004    2  1 
  51390.9631   15.141  0.005    2  1 
  51646.1374   14.655  0.004    2  1 
  51646.1447   14.724  0.005    2  1 
  51646.1486   14.686  0.005    2  1 
  51646.1532   14.709  0.005    2  1 
  51646.1570   14.794  0.005    2  1 
  51646.1609   14.776  0.005    2  1 
  51646.1649   14.775  0.005    2  1 
  51646.1687   14.771  0.005    2  1 
  51646.1727   14.764  0.005    2  1 
  51646.1764   14.775  0.005    2  1 
  51646.1801   14.788  0.005    2  1 
  51646.1837   14.800  0.004    2  1 
  51646.1871   14.836  0.004    2  1 
  51646.1907   14.841  0.005    2  1 
  51646.1944   14.850  0.005    2  1 
  51646.1983   14.845  0.005    2  1 
  51646.2025   14.857  0.005    2  1 
  51646.2065   14.876  0.004    2  1 
  51646.2100   14.881  0.004    2  1 
  51646.2138   14.887  0.004    2  1 
  51646.2172   14.894  0.004    2  1 
  51646.2206   14.906  0.004    2  1 
  51646.2245   14.918  0.004    2  1 
  51646.2283   14.930  0.004    2  1 
  51646.2320   14.941  0.004    2  1 
  51646.2362   14.950  0.004    2  1 
  51646.2394   14.956  0.004    2  1 
  51646.2426   14.963  0.004    2  1 
  51646.2457   14.975  0.004    2  1 
  51646.2489   14.980  0.004    2  1 
  51646.2523   14.998  0.004    2  1 
  51646.2557   15.001  0.005    2  1 
  51646.2591   15.011  0.005    2  1 
  51646.2626   15.030  0.005    2  1 
  51646.2660   15.027  0.005    2  1 
  51646.2694   15.044  0.005    2  1 
  51646.2730   15.048  0.005    2  1 
  51646.2769   15.062  0.005    2  1 
  51646.2811   15.069  0.005    2  1 
  51646.2852   15.071  0.006    2  1 
  51646.2895   15.085  0.006    2  1 
  51646.2939   15.088  0.005    2  1 
  51646.2986   15.088  0.005    2  1 
  51646.3027   15.092  0.006    2  1 
  51646.3070   15.105  0.006    2  1 
  51646.3111   15.109  0.006    2  1 
  51646.3151   15.110  0.006    2  1 
  51646.3189   15.121  0.005    2  1 
  51646.3225   15.122  0.005    2  1 
  51646.3260   15.125  0.005    2  1 
  51646.3296   15.123  0.005    2  1 
  51646.3330   15.130  0.005    2  1 
  51646.3377   15.129  0.005    2  1 
  51646.3414   15.130  0.005    2  1 
  51646.3451   15.135  0.005    2  1 
  51646.3496   15.130  0.005    2  1 
  51646.3530   15.131  0.005    2  1 
  51646.3568   15.134  0.005    2  1 
  51646.3602   15.116  0.005    2  1 
  51646.3637   15.128  0.005    2  1 
  51646.3679   15.127  0.005    2  1 
  51646.3713   15.145  0.005    2  1 
  51646.3746   15.125  0.005    2  1 
  51671.0353   15.197  0.005    2  1 
  51671.0475   14.943  0.004    2  1 
  51671.0585   14.640  0.004    2  1 
  51671.0649   14.534  0.004    2  1 
  51671.0721   14.367  0.003    2  1 
  51671.0771   14.341  0.004    2  1 
  51671.1013   14.285  0.003    2  1 
  51671.1053   14.308  0.003    2  1 
  51671.1107   14.341  0.003    2  1 
  51671.1151   14.367  0.003    2  1 
  51671.1292   14.441  0.004    2  1 
  51671.9878   15.161  0.004    2  1 
  51671.9920   15.174  0.004    2  1 
  51672.0277   15.278  0.005    2  1 
  51672.0316   15.277  0.005    2  1 
  51672.0822   14.614  0.004    2  1 
  51674.0685   15.262  0.006    2  1 
  51674.0726   15.256  0.006    2  1 
  51674.1052   15.133  0.006    2  1 
  51674.1117   14.987  0.005    2  1 
  51674.1260   14.616  0.004    2  1 
  51674.1296   14.551  0.004    2  1 
  51674.1332   14.457  0.004    2  1 
  51674.1368   14.381  0.004    2  1 
  51674.1405   14.322  0.003    2  1 
  51674.1444   14.262  0.003    2  1 
  51674.9689   15.139  0.005    2  1 
  51674.9724   15.147  0.005    2  1 
  51674.9867   15.148  0.006    2  1 
  51674.9911   15.150  0.006    2  1 
  51675.0041   15.152  0.006    2  1 
  51675.0121   15.159  0.006    2  1 
  51675.0159   15.154  0.006    2  1 
  51675.0253   15.155  0.005    2  1 
  51675.0289   15.156  0.005    2  1 
  51675.0351   15.150  0.005    2  1 
  51675.0465   15.143  0.005    2  1 
  51675.0521   15.145  0.005    2  1 
  51675.0558   15.163  0.005    2  1 
  51675.0622   15.182  0.006    2  1 
  51675.0661   15.192  0.006    2  1 
  51675.0719   15.212  0.006    2  1 
  51675.0756   15.225  0.006    2  1 
  51675.0814   15.242  0.006    2  1 
  51675.0858   15.256  0.006    2  1 
  51675.0927   15.270  0.006    2  1 
  51675.0970   15.281  0.005    2  1 
  51675.9751   15.136  0.004    2  1 
  51675.9802   15.140  0.005    2  1 
  51675.9906   15.142  0.005    2  1 
  51675.9939   15.146  0.005    2  1 
  51675.9971   15.146  0.005    2  1 
  51676.0005   15.145  0.004    2  1 
  51676.0036   15.143  0.004    2  1 
  51676.0067   15.150  0.005    2  1 
  51676.0112   15.149  0.005    2  1 
  51676.0240   15.153  0.006    2  1 
  51676.0301   15.161  0.005    2  1 
  51676.9616   15.107  0.006    2  1 
  51676.9713   15.117  0.006    2  1 
  51676.9757   15.125  0.006    2  1 
  51676.9867   15.124  0.006    2  1 
  51676.9919   15.123  0.006    2  1 
  51676.9969   15.128  0.007    2  1 
  51677.0090   15.132  0.006    2  1 
  51677.0126   15.138  0.006    2  1 
  51677.0180   15.136  0.007    2  1 
  51677.0226   15.138  0.007    2  1 
  51677.0271   15.139  0.007    2  1 
  51677.0318   15.139  0.007    2  1 
  51677.0362   15.141  0.007    2  1 
  51677.0410   15.148  0.007    2  1 
  51677.0453   15.150  0.007    2  1 
  51677.0499   15.154  0.007    2  1 
  51677.0580   15.151  0.007    2  1 
  51677.0628   15.148  0.007    2  1 
  51677.0672   15.155  0.007    2  1 
  51677.0713   15.151  0.006    2  1 
  51677.0751   15.139  0.006    2  1 
  51677.0793   15.144  0.006    2  1 
  51677.0835   15.143  0.006    2  1 
  51677.0877   15.142  0.006    2  1 
  51677.0918   15.144  0.006    2  1 
  51677.0956   15.154  0.006    2  1 
  51677.0996   15.150  0.006    2  1 
  51677.1044   15.170  0.006    2  1 
  51677.1082   15.169  0.006    2  1 
  51677.1121   15.199  0.006    2  1 
  51677.1160   15.200  0.006    2  1 
  51677.1199   15.207  0.006    2  1 
  51677.1238   15.229  0.006    2  1 
  51677.1276   15.229  0.006    2  1 
  51677.1315   15.236  0.006    2  1 
  51677.1353   15.249  0.006    2  1 
  51677.1396   15.256  0.006    2  1 
  51677.1434   15.262  0.006    2  1 
  51677.1476   15.268  0.006    2  1 
  51677.1520   15.260  0.006    2  1 
  51677.1564   15.246  0.006    2  1 
  51677.1603   15.238  0.006    2  1 
  51677.1642   15.212  0.006    2  1 
  51677.1680   15.166  0.006    2  1 
  51677.1719   15.106  0.006    2  1 
  51677.1759   15.021  0.006    2  1 
  51677.1797   14.901  0.005    2  1 
  51677.1836   14.797  0.005    2  1 
  51677.1883   14.690  0.005    2  1 
  51677.1922   14.622  0.005    2  1 
  51677.1960   14.546  0.004    2  1 
  51677.1999   14.474  0.004    2  1 
  51677.2038   14.359  0.004    2  1 
  51677.2083   14.330  0.004    2  1 
  51677.2133   14.306  0.004    2  1 
  51677.2176   14.412  0.004    2  1 
  51677.2233   14.396  0.004    2  1 
  51677.2335   14.420  0.005    2  1 
  51677.2524   14.486  0.005    2  1 
  51677.2571   14.491  0.005    2  1 
  51677.2620   14.509  0.005    2  1 
  51677.2664   14.527  0.005    2  1 
  51677.2708   14.529  0.005    2  1 
  51691.0409   14.366  0.003    2  1 
  51691.0444   14.386  0.003    2  1 
  51691.0509   14.431  0.003    2  1 
  51691.0543   14.451  0.003    2  1 
  51691.0579   14.476  0.003    2  1 
  51691.0633   14.498  0.002    2  1 
  51691.0670   14.528  0.002    2  1 
  51691.0711   14.538  0.003    2  1 
  51691.0770   14.565  0.003    2  1 
  51691.0805   14.579  0.004    2  1 
  51691.0840   14.592  0.003    2  1 
  51691.0896   14.611  0.003    2  1 
  51691.0931   14.627  0.003    2  1 
  51691.0971   14.643  0.003    2  1 
  51691.1040   14.676  0.004    2  1 
  51691.1083   14.688  0.004    2  1 
  51691.1122   14.703  0.003    2  1 
  51691.1180   14.723  0.004    2  1 
  51691.1214   14.731  0.004    2  1 
  51691.1249   14.739  0.004    2  1 
  51691.1323   14.769  0.004    2  1 
  51691.1357   14.791  0.003    2  1 
  51691.1392   14.794  0.003    2  1 
  51691.1448   14.815  0.003    2  1 
  51691.1522   14.823  0.003    2  1 
  51691.1561   14.847  0.002    2  1 
  51693.0130   15.019  0.005    2  1 
  51693.0248   14.653  0.004    2  1 
  51693.0305   14.568  0.004    2  1 
  51693.0340   14.493  0.004    2  1 
  51693.0378   14.391  0.003    2  1 
  51694.0082   15.294  0.005    2  1 
  51694.0114   15.283  0.005    2  1 
  51694.0148   15.274  0.005    2  1 
  51694.0202   15.242  0.005    2  1 
  51694.0234   15.213  0.005    2  1 
  51694.0267   15.176  0.005    2  1 
  51694.0319   15.094  0.004    2  1 
  51694.0351   14.999  0.004    2  1 
  51694.0384   14.888  0.004    2  1 
  51694.0418   14.763  0.004    2  1 
  51694.0472   14.643  0.004    2  1 
  51694.0505   14.599  0.004    2  1 
  51694.0537   14.535  0.003    2  1 
  51694.0590   14.404  0.003    2  1 
  51694.0623   14.326  0.003    2  1 
  51694.0656   14.275  0.003    2  1 
  51694.0714   14.227  0.003    2  1 
  51694.0748   14.221  0.003    2  1 
  51694.0781   14.220  0.003    2  1 
  51694.0836   14.232  0.003    2  1 
  51694.0868   14.263  0.003    2  1 
  51694.0901   14.272  0.003    2  1 
  51694.0957   14.310  0.003    2  1 
  51694.0989   14.323  0.003    2  1 
  51694.1075   14.377  0.003    2  1 
  51694.1190   14.448  0.003    2  1 
  51694.1221   14.461  0.003    2  1 
  51694.1252   14.476  0.003    2  1 
  51694.1286   14.495  0.003    2  1 
  51695.0280   15.293  0.005    2  1 
  51697.9712   15.147  0.005    2  1 
  51697.9818   15.147  0.005    2  1 
  51765.9746   15.152  0.005    2  1 
  51765.9783   15.154  0.005    2  1 
  51765.9820   15.150  0.005    2  1 
  51766.0194   15.232  0.005    2  1 
  51766.0229   15.246  0.005    2  1 
  51216.3063   15.794  0.006    3  1 
  51216.3342   15.889  0.006    3  1 
  51216.3572   15.827  0.006    3  1 
  51216.3847   14.988  0.004    3  1 
  51217.2936   15.721  0.006    3  1 
  51217.3214   15.746  0.006    3  1 
  51217.3852   15.737  0.005    3  1 
  51218.2935   15.762  0.006    3  1 
  51218.3212   15.721  0.006    3  1 
  51218.3442   15.739  0.006    3  1 
  51218.3704   15.864  0.006    3  1 
  51219.2811   15.744  0.003    3  1 
  51219.2844   15.735  0.006    3  1 
  51219.3053   15.750  0.006    3  1 
  51219.3228   15.751  0.006    3  1 
  51219.3465   15.714  0.005    3  1 
  51219.3676   15.765  0.006    3  1 
  51219.3851   15.842  0.006    3  1 
  51220.2805   15.724  0.005    3  1 
  51220.2995   15.737  0.005    3  1 
  51220.3171   15.741  0.006    3  1 
  51220.3523   15.751  0.006    3  1 
  51220.3689   15.723  0.006    3  1 
  51220.3877   15.781  0.007    3  1 
  51221.2691   15.710  0.005    3  1 
  51221.2915   15.730  0.005    3  1 
  51221.3097   15.730  0.005    3  1 
  51221.3270   15.730  0.005    3  1 
  51221.3437   15.750  0.005    3  1 
  51221.3619   15.757  0.006    3  1 
  51221.3854   15.719  0.005    3  1 
  51283.2237   15.765  0.005    3  1 
  51283.2601   15.905  0.005    3  1 
  51283.2830   15.806  0.005    3  1 
  51283.3050   15.077  0.003    3  1 
  51283.3367   14.438  0.002    3  1 
  51283.3600   14.595  0.003    3  1 
  51284.2056   15.775  0.005    3  1 
  51284.2337   15.725  0.005    3  1 
  51284.2542   15.795  0.005    3  1 
  51284.2806   15.907  0.006    3  1 
  51284.3075   15.774  0.005    3  1 
  51284.3333   14.926  0.003    3  1 
  51285.0371   15.404  0.004    3  1 
  51285.0646   15.520  0.004    3  1 
  51285.0885   15.613  0.005    3  1 
  51285.1182   15.683  0.005    3  1 
  51285.1470   15.719  0.005    3  1 
  51285.1698   15.726  0.005    3  1 
  51285.1988   15.734  0.005    3  1 
  51285.2270   15.766  0.005    3  1 
  51285.2539   15.721  0.005    3  1 
  51285.2851   15.830  0.005    3  1 
  51285.3202   15.861  0.005    3  1 
  51285.3496   15.056  0.003    3  1 
  51286.0308   15.275  0.003    3  1 
  51286.0619   15.415  0.004    3  1 
  51286.0871   15.525  0.004    3  1 
  51286.0921   15.532  0.004    3  1 
  51286.1226   15.652  0.004    3  1 
  51286.1512   15.712  0.004    3  1 
  51286.1789   15.732  0.005    3  1 
  51286.2076   15.738  0.005    3  1 
  51286.2389   15.762  0.005    3  1 
  51286.2613   15.750  0.005    3  1 
  51286.2889   15.777  0.005    3  1 
  51286.3108   15.874  0.005    3  1 
  51286.3335   15.912  0.005    3  1 
  51286.3566   15.670  0.005    3  1 
  51304.9734   15.461  0.004    3  1 
  51305.0076   15.598  0.005    3  1 
  51305.0510   15.700  0.005    3  1 
  51305.0770   15.710  0.005    3  1 
  51305.1004   15.733  0.005    3  1 
  51305.1407   15.761  0.006    3  1 
  51305.1707   15.712  0.006    3  1 
  51305.1996   15.811  0.006    3  1 
  51305.2299   15.899  0.006    3  1 
  51305.2561   15.737  0.006    3  1 
  51305.2836   14.806  0.004    3  1 
  51305.3139   14.493  0.003    3  1 
  51305.9733   15.366  0.004    3  1 
  51306.0117   15.523  0.004    3  1 
  51306.0157   15.538  0.004    3  1 
  51306.0375   15.621  0.005    3  1 
  51306.0735   15.702  0.005    3  1 
  51306.1026   15.733  0.005    3  1 
  51306.1285   15.739  0.005    3  1 
  51306.1517   15.763  0.007    3  1 
  51306.1807   15.744  0.005    3  1 
  51306.2059   15.729  0.004    3  1 
  51306.2269   15.836  0.005    3  1 
  51306.2491   15.912  0.005    3  1 
  51306.2725   15.820  0.005    3  1 
  51306.2932   15.159  0.003    3  1 
  51308.0249   15.397  0.004    3  1 
  51308.0524   15.513  0.004    3  1 
  51308.0811   15.626  0.004    3  1 
  51308.0851   15.639  0.004    3  1 
  51308.1202   15.721  0.005    3  1 
  51310.1272   15.636  0.004    3  1 
  51310.1308   15.646  0.004    3  1 
  51314.9714   15.418  0.004    3  1 
  51315.0138   14.402  0.002    3  1 
  51315.0372   14.569  0.003    3  1 
  51315.0710   14.830  0.003    3  1 
  51315.0946   14.976  0.003    3  1 
  51315.1180   15.116  0.003    3  1 
  51316.0597   14.581  0.003    3  1 
  51316.0832   14.770  0.003    3  1 
  51316.1079   14.940  0.003    3  1 
  51316.9780   15.873  0.005    3  1 
  51317.0013   15.797  0.006    3  1 
  51317.0241   15.019  0.004    3  1 
  51317.0523   14.400  0.003    3  1 
  51317.0782   14.569  0.003    3  1 
  51317.1035   14.764  0.003    3  1 
  51317.9808   15.832  0.005    3  1 
  51318.0060   15.897  0.006    3  1 
  51318.0331   15.572  0.007    3  1 
  51318.0898   14.465  0.003    3  1 
  51318.1183   14.703  0.004    3  1 
  51318.9811   15.739  0.005    3  1 
  51319.0058   15.850  0.005    3  1 
  51319.0315   15.888  0.006    3  1 
  51319.0717   14.938  0.003    3  1 
  51319.0961   14.420  0.002    3  1 
  51320.0968   14.964  0.002    3  1 
  51320.1175   14.428  0.002    3  1 
  51320.9771   15.695  0.004    3  1 
  51321.0212   15.713  0.004    3  1 
  51321.0434   15.820  0.005    3  1 
  51321.0658   15.885  0.005    3  1 
  51321.0965   15.636  0.004    3  1 
  51321.1252   14.646  0.003    3  1 
  51333.0403   15.319  0.004    3  1 
  51333.1062   15.605  0.005    3  1 
  51334.9989   14.863  0.003    3  1 
  51335.0432   15.117  0.004    3  1 
  51335.0972   15.383  0.004    3  1 
  51335.1083   15.441  0.005    3  1 
  51336.0103   14.779  0.003    3  1 
  51336.0508   15.040  0.004    3  1 
  51336.0891   15.254  0.004    3  1 
  51338.0075   14.425  0.003    3  1 
  51338.9740   15.693  0.004    3  1 
  51339.0046   14.650  0.003    3  1 
  51339.0385   14.497  0.003    3  1 
  51339.0685   14.739  0.003    3  1 
  51339.1006   14.964  0.004    3  1 
  51339.1280   15.119  0.004    3  1 
  51339.9665   15.882  0.005    3  1 
  51339.9935   15.729  0.005    3  1 
  51340.0189   14.896  0.003    3  1 
  51340.0441   14.419  0.003    3  1 
  51340.0753   14.628  0.003    3  1 
  51340.1041   14.845  0.004    3  1 
  51345.0430   15.769  0.005    3  1 
  51345.0736   15.883  0.005    3  1 
  51345.9747   15.732  0.006    3  1 
  51346.0101   15.749  0.006    3  1 
  51346.0388   15.717  0.005    3  1 
  51346.0670   15.775  0.006    3  1 
  51347.0317   15.760  0.005    3  1 
  51347.0645   15.712  0.005    3  1 
  51347.0896   15.793  0.004    3  1 
  51347.9638   15.703  0.005    3  1 
  51348.0146   15.734  0.005    3  1 
  51348.9591   15.655  0.005    3  1 
  51349.0243   15.744  0.005    3  1 
  51349.9679   15.597  0.004    3  1 
  51364.9721   15.807  0.005    3  1 
  51380.9890   14.948  0.003    3  1 
  51381.9751   14.695  0.003    3  1 
  51382.9716   14.492  0.003    3  1 
  51383.9680   14.506  0.002    3  1 
  51384.9688   15.057  0.003    3  1 
  51385.9645   15.834  0.005    3  1 
  51386.9859   15.844  0.006    3  1 
  51388.9699   15.765  0.006    3  1 
  51389.9715   15.734  0.005    3  1 
  51390.9663   15.760  0.004    3  1 
  51391.9664   15.742  0.004    3  1 
  51672.0213   15.860  0.005    3  1 
  51674.0796   15.906  0.007    3  1 
  51674.9989   15.751  0.006    3  1 
  51675.0396   15.715  0.005    3  1 
  51693.0053   15.722  0.005    3  1 
  51694.0012   15.890  0.005    3  1 
  51695.0214   15.807  0.005    3  1 
  51765.9863   15.728  0.006    3  1 
  51766.0153   15.871  0.008    3  1 
 56468.97641   13.674  0.055   -1  1 
 56469.04707   13.978  0.070   -1  1 
 56469.10896   14.087  0.067   -1  1 
 56469.17285   13.532  0.031   -1  1 
 56471.00364   13.554  0.043   -1  1 
 56471.06640   13.690  0.019   -1  1 
 56471.12490   13.868  0.040   -1  1 
 56471.18188   13.818  0.018   -1  1 
 56471.96759   14.106  0.075   -1  1 
 56472.03374   13.752  0.054   -1  1 
 56472.09484   13.772  0.030   -1  1 
 56472.15243   13.868  0.018   -1  1 
 56468.95296   13.697  0.051   -2  1 
 56469.02441   13.671  0.041   -2  1 
 56469.08813   13.971  0.058   -2  1 
 56469.15134   13.511  0.027   -2  1 
 56471.02588   13.560  0.025   -2  1 
 56471.08671   13.644  0.022   -2  1 
 56471.14302   13.881  0.023   -2  1 
 56471.94704   13.455  0.030   -2  1 
 56472.01085   13.492  0.025   -2  1 
 56472.07480   13.726  0.038   -2  1 
 56472.13240   13.659  0.015   -2  1 
 56472.19216   13.743  0.014   -2  1 
 56469.00041   14.003  0.030   -5  1 
 56469.06767   14.038  0.033   -5  1 
 56469.13003   13.975  0.025   -5  1 
 56469.19349   13.639  0.019   -5  1 
 56470.98130   13.863  0.021   -5  1 
 56471.04693   13.943  0.026   -5  1 
 56471.10523   14.079  0.022   -5  1 
 56471.16397   14.066  0.019   -5  1 
 56471.98857   13.878  0.033   -5  1 
 56472.05430   13.927  0.022   -5  1 
 56472.11383   13.918  0.024   -5  1 
 56472.17109   14.046  0.017   -5  1 
