  51216.3218   15.028  0.006    2  1 
  51216.3464   15.007  0.006    2  1 
  51216.3689   14.869  0.006    2  1 
  51216.3980   14.627  0.006    2  1 
  51217.3101   14.829  0.006    2  1 
  51217.3328   14.852  0.005    2  1 
  51217.3552   14.872  0.005    2  1 
  51217.3759   14.888  0.006    2  1 
  51217.3953   14.899  0.006    2  1 
  51218.2773   14.464  0.005    2  1 
  51218.3093   14.437  0.004    2  1 
  51218.3298   14.477  0.004    2  1 
  51218.3573   14.535  0.005    2  1 
  51218.3794   14.579  0.005    2  1 
  51219.3336   14.944  0.005    2  1 
  51219.3596   14.977  0.006    2  1 
  51219.3768   15.002  0.006    2  1 
  51220.2621   14.643  0.005    2  1 
  51220.2906   14.689  0.005    2  1 
  51220.3077   14.720  0.005    2  1 
  51220.3257   14.738  0.005    2  1 
  51220.3432   14.766  0.005    2  1 
  51220.3602   14.785  0.005    2  1 
  51220.3776   14.809  0.005    2  1 
  51221.2835   14.957  0.005    2  1 
  51221.3009   14.793  0.005    2  1 
  51221.3188   14.614  0.005    2  1 
  51221.3358   14.577  0.005    2  1 
  51221.3538   14.479  0.004    2  1 
  51221.3722   14.429  0.004    2  1 
  51283.2451   14.878  0.005    2  1 
  51283.2493   14.889  0.005    2  1 
  51283.2714   14.906  0.005    2  1 
  51283.2748   14.908  0.005    2  1 
  51283.2939   14.919  0.005    2  1 
  51283.2972   14.915  0.005    2  1 
  51283.3202   14.921  0.005    2  1 
  51283.3234   14.916  0.005    2  1 
  51283.3487   14.924  0.005    2  1 
  51283.3518   14.934  0.005    2  1 
  51283.3707   14.956  0.005    2  1 
  51283.3738   14.953  0.005    2  1 
  51284.2195   14.509  0.004    2  1 
  51284.2229   14.510  0.004    2  1 
  51284.2413   14.554  0.004    2  1 
  51284.2443   14.561  0.004    2  1 
  51284.2617   14.595  0.004    2  1 
  51284.2648   14.602  0.004    2  1 
  51284.2942   14.653  0.004    2  1 
  51284.2973   14.663  0.004    2  1 
  51284.3168   14.691  0.004    2  1 
  51284.3211   14.696  0.005    2  1 
  51284.3428   14.728  0.005    2  1 
  51284.3464   14.735  0.005    2  1 
  51285.0513   14.842  0.004    2  1 
  51285.0543   14.831  0.004    2  1 
  51285.0739   14.856  0.005    2  1 
  51285.0778   14.867  0.005    2  1 
  51285.0975   14.887  0.005    2  1 
  51285.1006   14.902  0.005    2  1 
  51285.1324   14.907  0.005    2  1 
  51285.1360   14.918  0.005    2  1 
  51285.1558   14.907  0.005    2  1 
  51285.1588   14.911  0.005    2  1 
  51285.1796   14.914  0.005    2  1 
  51285.1830   14.915  0.005    2  1 
  51285.2125   14.947  0.005    2  1 
  51285.2157   14.948  0.005    2  1 
  51285.2362   14.984  0.005    2  1 
  51285.2426   14.988  0.005    2  1 
  51285.2630   15.019  0.005    2  1 
  51285.2666   15.024  0.005    2  1 
  51285.2998   15.015  0.005    2  1 
  51285.3033   15.005  0.005    2  1 
  51285.3308   14.811  0.005    2  1 
  51285.3348   14.752  0.004    2  1 
  51285.3382   14.706  0.004    2  1 
  51286.0461   14.450  0.004    2  1 
  51286.0493   14.457  0.004    2  1 
  51286.0716   14.503  0.004    2  1 
  51286.0753   14.514  0.004    2  1 
  51286.1026   14.575  0.004    2  1 
  51286.1061   14.577  0.004    2  1 
  51286.1365   14.640  0.004    2  1 
  51286.1398   14.638  0.004    2  1 
  51286.1608   14.669  0.004    2  1 
  51286.1639   14.674  0.004    2  1 
  51286.1669   14.685  0.004    2  1 
  51286.1875   14.706  0.004    2  1 
  51286.1908   14.720  0.004    2  1 
  51286.2255   14.767  0.004    2  1 
  51286.2285   14.766  0.004    2  1 
  51286.2476   14.791  0.004    2  1 
  51286.2508   14.792  0.004    2  1 
  51286.2697   14.824  0.005    2  1 
  51286.2727   14.829  0.005    2  1 
  51286.3022   14.865  0.005    2  1 
  51286.3055   14.865  0.005    2  1 
  51286.3218   14.883  0.005    2  1 
  51286.3250   14.889  0.005    2  1 
  51286.3450   14.899  0.005    2  1 
  51286.3481   14.905  0.005    2  1 
  51304.9873   15.030  0.005    2  1 
  51304.9926   15.028  0.005    2  1 
  51305.0328   14.810  0.005    2  1 
  51305.0362   14.761  0.004    2  1 
  51305.0559   14.614  0.005    2  1 
  51305.0599   14.609  0.005    2  1 
  51305.0890   14.466  0.004    2  1 
  51305.0922   14.456  0.004    2  1 
  51305.1235   14.440  0.004    2  1 
  51305.1269   14.457  0.004    2  1 
  51305.1509   14.506  0.005    2  1 
  51305.1547   14.516  0.005    2  1 
  51305.1853   14.577  0.004    2  1 
  51305.1885   14.581  0.005    2  1 
  51305.2098   14.621  0.004    2  1 
  51305.2128   14.625  0.004    2  1 
  51305.2431   14.678  0.004    2  1 
  51305.2461   14.677  0.004    2  1 
  51305.2704   14.726  0.005    2  1 
  51305.2734   14.725  0.004    2  1 
  51305.2966   14.754  0.005    2  1 
  51305.2995   14.763  0.005    2  1 
  51305.9857   14.839  0.004    2  1 
  51305.9885   14.842  0.004    2  1 
  51305.9912   14.844  0.004    2  1 
  51306.0256   14.882  0.004    2  1 
  51306.0285   14.898  0.004    2  1 
  51306.0465   14.904  0.005    2  1 
  51306.0498   14.903  0.005    2  1 
  51306.0896   14.900  0.005    2  1 
  51306.0930   14.914  0.005    2  1 
  51306.1123   14.925  0.004    2  1 
  51306.1151   14.911  0.004    2  1 
  51306.1375   14.939  0.004    2  1 
  51306.1405   14.942  0.004    2  1 
  51306.1636   14.963  0.005    2  1 
  51306.1673   14.974  0.005    2  1 
  51306.1937   14.999  0.004    2  1 
  51306.1966   15.011  0.004    2  1 
  51306.2146   15.025  0.005    2  1 
  51306.2178   15.021  0.005    2  1 
  51306.2343   15.006  0.004    2  1 
  51306.2380   14.998  0.004    2  1 
  51306.2574   14.880  0.004    2  1 
  51306.2602   14.849  0.004    2  1 
  51306.2805   14.628  0.003    2  1 
  51306.2835   14.624  0.003    2  1 
  51306.3009   14.573  0.004    2  1 
  51306.3038   14.558  0.004    2  1 
  51306.3135   14.503  0.004    2  1 
  51306.3184   14.485  0.004    2  1 
  51307.0456   14.600  0.005    2  1 
  51307.0501   14.618  0.005    2  1 
  51307.0593   14.635  0.004    2  1 
  51307.0645   14.662  0.004    2  1 
  51307.0699   14.677  0.008    2  1 
  51307.0747   14.683  0.006    2  1 
  51308.0084   14.970  0.004    2  1 
  51308.0112   14.968  0.004    2  1 
  51308.0334   14.993  0.004    2  1 
  51308.0362   15.003  0.004    2  1 
  51308.0394   15.005  0.004    2  1 
  51308.0633   15.029  0.004    2  1 
  51308.0663   15.034  0.004    2  1 
  51308.0995   14.926  0.004    2  1 
  51308.1031   14.905  0.004    2  1 
  51308.1280   14.618  0.004    2  1 
  51308.1309   14.615  0.004    2  1 
  51310.0850   14.516  0.003    2  1 
  51310.0874   14.518  0.002    2  1 
  51310.0897   14.529  0.003    2  1 
  51310.0922   14.531  0.003    2  1 
  51310.1430   14.630  0.004    2  1 
  51310.1458   14.640  0.004    2  1 
  51310.1486   14.638  0.004    2  1 
  51311.0244   14.911  0.006    2  1 
  51311.0302   14.917  0.006    2  1 
  51311.0334   14.914  0.006    2  1 
  51311.0506   14.916  0.003    2  1 
  51311.0539   14.929  0.004    2  1 
  51311.0637   14.932  0.005    2  1 
  51311.0669   14.939  0.006    2  1 
  51311.0702   14.943  0.004    2  1 
  51311.0907   14.973  0.006    2  1 
  51311.0946   14.975  0.006    2  1 
  51311.0980   14.980  0.005    2  1 
  51311.1015   14.987  0.005    2  1 
  51311.1071   14.997  0.005    2  1 
  51311.1298   15.025  0.005    2  1 
  51311.1327   15.023  0.005    2  1 
  51311.1357   15.024  0.006    2  1 
  51311.1398   15.033  0.005    2  1 
  51311.1447   15.019  0.005    2  1 
  51311.9755   14.627  0.005    2  1 
  51312.0020   14.658  0.004    2  1 
  51312.0049   14.665  0.005    2  1 
  51312.0255   14.682  0.005    2  1 
  51312.0284   14.689  0.004    2  1 
  51312.0314   14.690  0.004    2  1 
  51312.0584   14.738  0.004    2  1 
  51312.0611   14.737  0.004    2  1 
  51312.0638   14.742  0.004    2  1 
  51312.0903   14.774  0.004    2  1 
  51312.0929   14.780  0.004    2  1 
  51312.0955   14.782  0.004    2  1 
  51312.1146   14.811  0.004    2  1 
  51312.1173   14.807  0.004    2  1 
  51312.1200   14.816  0.004    2  1 
  51312.9860   15.030  0.004    2  1 
  51312.9887   15.022  0.004    2  1 
  51312.9913   15.031  0.004    2  1 
  51313.0096   15.006  0.005    2  1 
  51313.0123   14.997  0.005    2  1 
  51313.0149   14.984  0.004    2  1 
  51313.0333   14.848  0.004    2  1 
  51313.0360   14.822  0.004    2  1 
  51313.0386   14.783  0.004    2  1 
  51313.0413   14.745  0.005    2  1 
  51313.0595   14.607  0.004    2  1 
  51313.0622   14.606  0.004    2  1 
  51313.0648   14.602  0.004    2  1 
  51313.0911   14.483  0.004    2  1 
  51313.0937   14.464  0.003    2  1 
  51313.0964   14.458  0.003    2  1 
  51313.1146   14.427  0.003    2  1 
  51313.1172   14.435  0.003    2  1 
  51313.1199   14.435  0.004    2  1 
  51313.1226   14.433  0.004    2  1 
  51313.9843   14.834  0.005    2  1 
  51313.9872   14.836  0.005    2  1 
  51313.9901   14.841  0.005    2  1 
  51314.0178   14.875  0.005    2  1 
  51314.0207   14.865  0.005    2  1 
  51314.0236   14.872  0.005    2  1 
  51314.0432   14.896  0.005    2  1 
  51314.0461   14.898  0.005    2  1 
  51314.0490   14.899  0.005    2  1 
  51314.0772   14.915  0.005    2  1 
  51314.0802   14.910  0.005    2  1 
  51314.0831   14.914  0.005    2  1 
  51314.1030   14.926  0.005    2  1 
  51314.1059   14.912  0.005    2  1 
  51314.1088   14.917  0.005    2  1 
  51314.1289   14.919  0.005    2  1 
  51314.1333   14.922  0.005    2  1 
  51314.1363   14.936  0.005    2  1 
  51314.9827   14.452  0.004    2  1 
  51314.9856   14.452  0.004    2  1 
  51314.9885   14.463  0.004    2  1 
  51315.0015   14.494  0.004    2  1 
  51315.0043   14.493  0.004    2  1 
  51315.0069   14.511  0.004    2  1 
  51315.0251   14.547  0.004    2  1 
  51315.0277   14.550  0.004    2  1 
  51315.0304   14.554  0.004    2  1 
  51315.0489   14.599  0.004    2  1 
  51315.0516   14.598  0.004    2  1 
  51315.0542   14.602  0.004    2  1 
  51315.0780   14.645  0.004    2  1 
  51315.0807   14.654  0.004    2  1 
  51315.0833   14.656  0.004    2  1 
  51315.1015   14.680  0.004    2  1 
  51315.1041   14.691  0.004    2  1 
  51315.1068   14.696  0.004    2  1 
  51315.1290   14.738  0.005    2  1 
  51315.1319   14.732  0.005    2  1 
  51316.0194   14.971  0.004    2  1 
  51316.0221   14.976  0.004    2  1 
  51316.0247   14.986  0.004    2  1 
  51316.0431   15.009  0.004    2  1 
  51316.0458   15.010  0.005    2  1 
  51316.0485   15.021  0.005    2  1 
  51316.0667   15.028  0.005    2  1 
  51316.0693   15.031  0.005    2  1 
  51316.0720   15.035  0.005    2  1 
  51316.0905   14.997  0.005    2  1 
  51316.0934   14.990  0.005    2  1 
  51316.0963   14.973  0.005    2  1 
  51316.1148   14.817  0.004    2  1 
  51316.1175   14.780  0.004    2  1 
  51316.1201   14.741  0.004    2  1 
  51316.9647   14.703  0.004    2  1 
  51316.9676   14.714  0.004    2  1 
  51316.9705   14.728  0.005    2  1 
  51316.9896   14.748  0.004    2  1 
  51316.9923   14.749  0.004    2  1 
  51316.9949   14.757  0.004    2  1 
  51317.0088   14.768  0.005    2  1 
  51317.0117   14.774  0.004    2  1 
  51317.0321   14.801  0.005    2  1 
  51317.0351   14.806  0.005    2  1 
  51317.0391   14.804  0.005    2  1 
  51317.0602   14.825  0.005    2  1 
  51317.0631   14.831  0.005    2  1 
  51317.0660   14.833  0.005    2  1 
  51317.0858   14.857  0.005    2  1 
  51317.0887   14.859  0.005    2  1 
  51317.0916   14.869  0.005    2  1 
  51317.1111   14.891  0.005    2  1 
  51317.1140   14.910  0.005    2  1 
  51317.1169   14.899  0.005    2  1 
  51317.9628   14.803  0.005    2  1 
  51317.9657   14.773  0.005    2  1 
  51317.9685   14.728  0.005    2  1 
  51317.9883   14.616  0.004    2  1 
  51317.9912   14.610  0.004    2  1 
  51317.9941   14.601  0.004    2  1 
  51318.0135   14.501  0.004    2  1 
  51318.0164   14.506  0.004    2  1 
  51318.0194   14.478  0.005    2  1 
  51318.0413   14.438  0.004    2  1 
  51318.0445   14.451  0.005    2  1 
  51318.0477   14.441  0.004    2  1 
  51318.0697   14.479  0.005    2  1 
  51318.0730   14.502  0.005    2  1 
  51318.0762   14.511  0.005    2  1 
  51318.0981   14.566  0.005    2  1 
  51318.1014   14.565  0.005    2  1 
  51318.1046   14.586  0.005    2  1 
  51318.1265   14.614  0.005    2  1 
  51318.1298   14.614  0.005    2  1 
  51318.9642   14.892  0.004    2  1 
  51318.9680   14.901  0.005    2  1 
  51318.9708   14.899  0.005    2  1 
  51318.9737   14.895  0.005    2  1 
  51318.9929   14.908  0.004    2  1 
  51318.9956   14.911  0.004    2  1 
  51318.9983   14.906  0.005    2  1 
  51319.0180   14.918  0.005    2  1 
  51319.0209   14.914  0.005    2  1 
  51319.0238   14.912  0.005    2  1 
  51319.0443   14.919  0.005    2  1 
  51319.0474   14.921  0.005    2  1 
  51319.0505   14.921  0.005    2  1 
  51319.0793   14.947  0.005    2  1 
  51319.0820   14.958  0.004    2  1 
  51319.0847   14.954  0.004    2  1 
  51319.1030   14.982  0.005    2  1 
  51319.1084   14.991  0.005    2  1 
  51319.1110   14.995  0.005    2  1 
  51320.1030   14.784  0.003    2  1 
  51320.1053   14.782  0.003    2  1 
  51320.1076   14.793  0.003    2  1 
  51320.1238   14.813  0.003    2  1 
  51320.1261   14.816  0.003    2  1 
  51320.1284   14.818  0.004    2  1 
  51320.1450   14.833  0.004    2  1 
  51320.1477   14.831  0.004    2  1 
  51320.1503   14.840  0.004    2  1 
  51320.9635   14.998  0.005    2  1 
  51320.9664   15.008  0.005    2  1 
  51320.9693   15.005  0.005    2  1 
  51320.9887   15.028  0.004    2  1 
  51320.9911   15.015  0.004    2  1 
  51320.9936   15.030  0.004    2  1 
  51321.0102   15.011  0.004    2  1 
  51321.0126   15.004  0.004    2  1 
  51321.0150   15.000  0.004    2  1 
  51321.0318   14.908  0.004    2  1 
  51321.0344   14.883  0.004    2  1 
  51321.0369   14.857  0.004    2  1 
  51321.0543   14.633  0.004    2  1 
  51321.0568   14.623  0.003    2  1 
  51321.0594   14.612  0.004    2  1 
  51321.0847   14.531  0.004    2  1 
  51321.0873   14.512  0.004    2  1 
  51321.0898   14.500  0.004    2  1 
  51321.1133   14.427  0.003    2  1 
  51321.1159   14.415  0.003    2  1 
  51321.1186   14.423  0.004    2  1 
  51321.1339   14.446  0.003    2  1 
  51321.1365   14.448  0.004    2  1 
  51332.9696   14.705  0.006    2  1 
  51332.9739   14.717  0.006    2  1 
  51332.9891   14.736  0.005    2  1 
  51332.9928   14.743  0.006    2  1 
  51332.9965   14.749  0.006    2  1 
  51333.0083   14.759  0.006    2  1 
  51333.0120   14.761  0.006    2  1 
  51333.0226   14.782  0.005    2  1 
  51333.0264   14.782  0.005    2  1 
  51333.0514   14.809  0.006    2  1 
  51333.0552   14.815  0.007    2  1 
  51333.0742   14.834  0.006    2  1 
  51333.0779   14.841  0.006    2  1 
  51333.0907   14.853  0.006    2  1 
  51333.0945   14.858  0.006    2  1 
  51333.1178   14.887  0.006    2  1 
  51333.1221   14.885  0.006    2  1 
  51333.1335   14.903  0.006    2  1 
  51333.1369   14.902  0.006    2  1 
  51333.1529   14.912  0.006    2  1 
  51333.1565   14.911  0.006    2  1 
  51333.1716   14.920  0.006    2  1 
  51333.1752   14.916  0.006    2  1 
  51334.9841   14.899  0.005    2  1 
  51334.9871   14.897  0.005    2  1 
  51335.0175   14.913  0.005    2  1 
  51335.0204   14.912  0.005    2  1 
  51335.0301   14.913  0.005    2  1 
  51335.0334   14.918  0.005    2  1 
  51335.0517   14.924  0.006    2  1 
  51335.0552   14.925  0.006    2  1 
  51335.0692   14.931  0.006    2  1 
  51335.0727   14.932  0.006    2  1 
  51335.0833   14.943  0.006    2  1 
  51335.0867   14.952  0.006    2  1 
  51335.1133   14.980  0.006    2  1 
  51335.1167   14.995  0.006    2  1 
  51335.9535   14.540  0.005    2  1 
  51335.9726   14.581  0.005    2  1 
  51335.9768   14.581  0.005    2  1 
  51335.9997   14.627  0.004    2  1 
  51336.0027   14.634  0.004    2  1 
  51336.0203   14.661  0.004    2  1 
  51336.0236   14.664  0.004    2  1 
  51336.0357   14.690  0.005    2  1 
  51336.0388   14.693  0.005    2  1 
  51336.0593   14.718  0.005    2  1 
  51336.0629   14.723  0.005    2  1 
  51336.0769   14.746  0.005    2  1 
  51336.0803   14.755  0.005    2  1 
  51336.1025   14.774  0.005    2  1 
  51336.1059   14.781  0.005    2  1 
  51336.1206   14.802  0.006    2  1 
  51336.1240   14.803  0.005    2  1 
  51337.0101   15.029  0.006    2  1 
  51337.9904   14.829  0.006    2  1 
  51337.9940   14.830  0.006    2  1 
  51338.0162   14.851  0.006    2  1 
  51338.0196   14.855  0.006    2  1 
  51338.0339   14.874  0.006    2  1 
  51338.0376   14.877  0.007    2  1 
  51338.9901   14.452  0.004    2  1 
  51338.9938   14.452  0.004    2  1 
  51339.0226   14.530  0.005    2  1 
  51339.0269   14.532  0.005    2  1 
  51339.0867   14.667  0.006    2  1 
  51339.0905   14.658  0.006    2  1 
  51339.1139   14.687  0.005    2  1 
  51339.1177   14.699  0.005    2  1 
  51339.1448   14.734  0.005    2  1 
  51339.1482   14.735  0.005    2  1 
  51339.9766   14.924  0.005    2  1 
  51339.9795   14.925  0.005    2  1 
  51340.0044   14.939  0.005    2  1 
  51340.0078   14.944  0.005    2  1 
  51340.0274   14.973  0.005    2  1 
  51340.0306   14.973  0.005    2  1 
  51340.0540   15.009  0.006    2  1 
  51340.0572   15.008  0.006    2  1 
  51340.0857   15.027  0.006    2  1 
  51340.0892   15.023  0.006    2  1 
  51340.1152   14.929  0.006    2  1 
  51340.1197   14.892  0.006    2  1 
  51340.1229   14.867  0.005    2  1 
  51340.1263   14.828  0.005    2  1 
  51340.1404   14.647  0.005    2  1 
  51340.1437   14.631  0.005    2  1 
  51344.9924   15.018  0.005    2  1 
  51344.9958   15.032  0.004    2  1 
  51344.9988   15.024  0.004    2  1 
  51345.0216   15.025  0.005    2  1 
  51345.0255   15.007  0.006    2  1 
  51345.0302   14.996  0.006    2  1 
  51345.0553   14.775  0.005    2  1 
  51345.0603   14.709  0.004    2  1 
  51345.9856   14.816  0.006    2  1 
  51345.9896   14.820  0.006    2  1 
  51346.0219   14.851  0.006    2  1 
  51346.0264   14.859  0.006    2  1 
  51346.0486   14.886  0.005    2  1 
  51346.0523   14.884  0.005    2  1 
  51346.0791   14.902  0.005    2  1 
  51346.0826   14.899  0.005    2  1 
  51347.0416   14.556  0.005    2  1 
  51347.0453   14.547  0.003    2  1 
  51347.0743   14.617  0.004    2  1 
  51347.0777   14.616  0.004    2  1 
  51347.0990   14.655  0.004    2  1 
  51347.1022   14.661  0.003    2  1 
  51347.9769   14.910  0.005    2  1 
  51347.9802   14.915  0.005    2  1 
  51347.9834   14.918  0.005    2  1 
  51347.9983   14.936  0.005    2  1 
  51348.0028   14.933  0.005    2  1 
  51348.0063   14.935  0.005    2  1 
  51348.0242   14.961  0.005    2  1 
  51348.0274   14.963  0.005    2  1 
  51348.0943   15.022  0.007    2  1 
  51348.0983   15.019  0.007    2  1 
  51348.1018   15.012  0.007    2  1 
  51348.9650   14.679  0.005    2  1 
  51348.9682   14.691  0.005    2  1 
  51348.9853   14.714  0.004    2  1 
  51348.9883   14.717  0.004    2  1 
  51348.9912   14.727  0.004    2  1 
  51349.0316   14.778  0.005    2  1 
  51349.0346   14.784  0.005    2  1 
  51349.9815   14.763  0.004    2  1 
  51349.9851   14.716  0.004    2  1 
  51349.9973   14.613  0.004    2  1 
  51350.0033   14.616  0.005    2  1 
  51350.0066   14.606  0.004    2  1 
  51350.0164   14.566  0.004    2  1 
  51350.0197   14.548  0.004    2  1 
  51350.0296   14.499  0.004    2  1 
  51380.9973   14.706  0.004    2  1 
  51381.0004   14.704  0.004    2  1 
  51381.0031   14.719  0.004    2  1 
  51381.0187   14.735  0.004    2  1 
  51381.0214   14.747  0.004    2  1 
  51381.0242   14.746  0.004    2  1 
  51381.9830   14.933  0.005    2  1 
  51381.9859   14.909  0.005    2  1 
  51381.9888   14.874  0.005    2  1 
  51382.0000   14.730  0.004    2  1 
  51382.0029   14.690  0.004    2  1 
  51382.9793   14.866  0.006    2  1 
  51382.9826   14.881  0.005    2  1 
  51382.9857   14.883  0.005    2  1 
  51382.9965   14.891  0.005    2  1 
  51382.9995   14.897  0.005    2  1 
  51383.9746   14.530  0.003    2  1 
  51383.9773   14.532  0.003    2  1 
  51383.9799   14.547  0.004    2  1 
  51383.9899   14.571  0.004    2  1 
  51383.9926   14.566  0.004    2  1 
  51384.9751   14.964  0.004    2  1 
  51384.9777   14.969  0.004    2  1 
  51384.9802   14.973  0.004    2  1 
  51384.9896   14.999  0.004    2  1 
  51384.9921   14.995  0.004    2  1 
  51385.9711   14.773  0.004    2  1 
  51385.9737   14.778  0.004    2  1 
  51385.9763   14.778  0.004    2  1 
  51385.9857   14.797  0.004    2  1 
  51385.9884   14.807  0.005    2  1 
  51386.9965   14.429  0.004    2  1 
  51387.0003   14.432  0.004    2  1 
  51387.0041   14.434  0.004    2  1 
  51387.0216   14.465  0.004    2  1 
  51387.0254   14.460  0.004    2  1 
  51387.0293   14.466  0.004    2  1 
  51388.9801   14.683  0.005    2  1 
  51388.9834   14.689  0.005    2  1 
  51388.9866   14.690  0.005    2  1 
  51388.9984   14.714  0.005    2  1 
  51389.0017   14.737  0.006    2  1 
  51389.9783   14.982  0.004    2  1 
  51389.9809   14.960  0.004    2  1 
  51389.9836   14.947  0.004    2  1 
  51390.9729   14.865  0.004    2  1 
  51390.9756   14.859  0.004    2  1 
  51390.9783   14.862  0.004    2  1 
  51391.9728   14.519  0.003    2  1 
  51391.9754   14.528  0.003    2  1 
  51391.9779   14.526  0.003    2  1 
  51671.0871   14.835  0.005    2  1 
  51671.0917   14.842  0.005    2  1 
  51671.0952   14.848  0.005    2  1 
  51671.1189   14.870  0.005    2  1 
  51671.1232   14.874  0.005    2  1 
  51671.9996   14.621  0.004    2  1 
  51672.0039   14.611  0.004    2  1 
  51672.0350   14.495  0.004    2  1 
  51672.0382   14.473  0.004    2  1 
  51673.0232   14.918  0.004    2  1 
  51674.0574   14.705  0.006    2  1 
  51674.0938   14.758  0.006    2  1 
  51674.0985   14.762  0.006    2  1 
  51674.1159   14.783  0.006    2  1 
  51674.1223   14.789  0.005    2  1 
  51674.9763   14.991  0.006    2  1 
  51674.9824   14.998  0.007    2  1 
  51675.0212   15.027  0.007    2  1 
  51676.0163   14.847  0.005    2  1 
  51692.9816   14.448  0.004    2  1 
  51692.9854   14.437  0.004    2  1 
  51693.9780   14.914  0.005    2  1 
  51693.9814   14.915  0.005    2  1 
  51694.9914   14.705  0.004    2  1 
  51765.9974   14.909  0.005    2  1 
  51766.0012   14.917  0.005    2  1 
  51766.0048   14.917  0.005    2  1 
  51766.0266   14.919  0.006    2  1 
  51766.0301   14.919  0.006    2  1 
  51216.3408   15.621  0.005    3  1 
  51216.3634   15.410  0.004    3  1 
  51216.3905   15.070  0.004    3  1 
  51217.3019   15.389  0.005    3  1 
  51217.3494   15.497  0.004    3  1 
  51217.3710   15.490  0.005    3  1 
  51217.3906   15.510  0.005    3  1 
  51218.2854   14.817  0.003    3  1 
  51218.3156   14.827  0.004    3  1 
  51218.3347   14.873  0.003    3  1 
  51218.3653   14.885  0.003    3  1 
  51218.3848   15.029  0.004    3  1 
  51219.2918   15.522  0.005    3  1 
  51219.3100   15.524  0.005    3  1 
  51219.3296   15.533  0.005    3  1 
  51219.3536   15.567  0.005    3  1 
  51219.3723   15.609  0.005    3  1 
  51220.2720   15.161  0.004    3  1 
  51220.2946   15.202  0.004    3  1 
  51220.3117   15.251  0.004    3  1 
  51220.3299   15.275  0.004    3  1 
  51220.3473   15.316  0.004    3  1 
  51220.3643   15.350  0.004    3  1 
  51220.3816   15.373  0.004    3  1 
  51221.2763   15.582  0.005    3  1 
  51221.2964   15.378  0.004    3  1 
  51221.3145   15.066  0.004    3  1 
  51221.3318   15.007  0.003    3  1 
  51221.3496   14.873  0.003    3  1 
  51221.3673   14.786  0.003    3  1 
  51283.2546   15.484  0.004    3  1 
  51283.2783   15.505  0.004    3  1 
  51283.3008   15.516  0.004    3  1 
  51283.3322   15.513  0.004    3  1 
  51283.3553   15.536  0.004    3  1 
  51284.2134   14.876  0.003    3  1 
  51284.2375   14.969  0.003    3  1 
  51284.2581   15.035  0.004    3  1 
  51284.2875   15.118  0.003    3  1 
  51284.3124   15.181  0.003    3  1 
  51284.3383   15.260  0.004    3  1 
  51285.0451   15.423  0.004    3  1 
  51285.0691   15.448  0.004    3  1 
  51285.0932   15.492  0.004    3  1 
  51285.1257   15.489  0.005    3  1 
  51285.1514   15.538  0.004    3  1 
  51285.1754   15.508  0.004    3  1 
  51285.2060   15.509  0.004    3  1 
  51285.2321   15.568  0.004    3  1 
  51285.2586   15.612  0.004    3  1 
  51285.2928   15.633  0.004    3  1 
  51285.3257   15.413  0.004    3  1 
  51286.0670   14.905  0.003    3  1 
  51286.1833   15.230  0.004    3  1 
  51286.2193   15.307  0.004    3  1 
  51286.2434   15.348  0.004    3  1 
  51286.2655   15.392  0.004    3  1 
  51286.2958   15.445  0.004    3  1 
  51286.3291   15.479  0.004    3  1 
  51286.3521   15.509  0.004    3  1 
  51304.9838   15.671  0.004    3  1 
  51305.0251   15.450  0.005    3  1 
  51305.0718   14.964  0.004    3  1 
  51305.0961   14.796  0.003    3  1 
  51305.1465   14.880  0.004    3  1 
  51305.1755   14.981  0.004    3  1 
  51305.2054   15.072  0.004    3  1 
  51305.2345   15.151  0.004    3  1 
  51305.2666   15.242  0.004    3  1 
  51305.2880   15.273  0.004    3  1 
  51306.0428   15.502  0.005    3  1 
  51306.0809   15.521  0.004    3  1 
  51306.1330   15.518  0.005    3  1 
  51306.1875   15.595  0.004    3  1 
  51306.2101   15.622  0.004    3  1 
  51306.2308   15.611  0.004    3  1 
  51306.2771   15.080  0.003    3  1 
  51306.2972   15.013  0.003    3  1 
  51308.0025   15.616  0.004    3  1 
  51308.0600   15.647  0.004    3  1 
  51308.0919   15.502  0.003    3  1 
  51308.0958   15.432  0.003    3  1 
  51308.1244   15.091  0.003    3  1 
  51310.1100   15.009  0.002    3  1 
  51311.9792   15.090  0.004    3  1 
  51311.9983   15.133  0.004    3  1 
  51312.0087   15.158  0.004    3  1 
  51312.0350   15.218  0.004    3  1 
  51312.0550   15.265  0.004    3  1 
  51312.0672   15.279  0.004    3  1 
  51312.0870   15.315  0.004    3  1 
  51312.0988   15.345  0.004    3  1 
  51312.9828   15.636  0.004    3  1 
  51313.0063   15.614  0.004    3  1 
  51313.0300   15.419  0.004    3  1 
  51313.0562   15.043  0.003    3  1 
  51313.0838   14.971  0.002    3  1 
  51313.1113   14.772  0.003    3  1 
  51313.9807   15.402  0.004    3  1 
  51314.0143   15.458  0.004    3  1 
  51314.0397   15.494  0.005    3  1 
  51314.1124   15.515  0.005    3  1 
  51314.9752   14.810  0.003    3  1 
  51315.0102   14.916  0.003    3  1 
  51315.0336   14.992  0.003    3  1 
  51315.0747   15.114  0.003    3  1 
  51315.0982   15.182  0.004    3  1 
  51315.1216   15.233  0.004    3  1 
  51316.0399   15.623  0.004    3  1 
  51316.0634   15.633  0.004    3  1 
  51316.0869   15.600  0.004    3  1 
  51316.1115   15.367  0.004    3  1 
  51316.9740   15.253  0.004    3  1 
  51317.0052   15.316  0.004    3  1 
  51317.0282   15.343  0.005    3  1 
  51317.0566   15.378  0.004    3  1 
  51317.0822   15.435  0.004    3  1 
  51317.1075   15.467  0.005    3  1 
  51317.9847   15.068  0.003    3  1 
  51318.0099   14.923  0.003    3  1 
  51318.0374   14.858  0.004    3  1 
  51318.1226   15.062  0.004    3  1 
  51318.9772   15.500  0.004    3  1 
  51319.0019   15.486  0.005    3  1 
  51319.0274   15.500  0.005    3  1 
  51319.0757   15.528  0.004    3  1 
  51319.0997   15.564  0.004    3  1 
  51320.1000   15.262  0.003    3  1 
  51320.1208   15.359  0.003    3  1 
  51320.1417   15.412  0.004    3  1 
  51320.9728   15.616  0.004    3  1 
  51321.0180   15.576  0.004    3  1 
  51321.0400   15.334  0.004    3  1 
  51321.0624   15.073  0.003    3  1 
  51321.0930   14.879  0.003    3  1 
  51321.1217   14.769  0.003    3  1 
  51380.9937   15.209  0.004    3  1 
  51381.9793   15.520  0.004    3  1 
  51382.9755   15.439  0.005    3  1 
  51383.9715   14.931  0.003    3  1 
  51384.9721   15.517  0.004    3  1 
  51386.9917   14.777  0.003    3  1 
  51388.9755   15.172  0.004    3  1 
  51389.9750   15.567  0.004    3  1 
  51693.9923   15.508  0.004    3  1 
 56468.97641   12.901  0.091   -1  1 
 56469.04707   12.988  0.102   -1  1 
 56469.10896   12.881  0.108   -1  1 
 56469.17285   13.124  0.020   -1  1 
 56471.00364   13.069  0.047   -1  1 
 56471.06640   13.227  0.020   -1  1 
 56471.12490   13.145  0.022   -1  1 
 56471.18188   13.271  0.015   -1  1 
 56471.96759   12.993  0.081   -1  1 
 56472.03374   13.068  0.023   -1  1 
 56472.09484   13.126  0.022   -1  1 
 56472.15243   13.126  0.019   -1  1 
 56468.95296   12.852  0.068   -2  1 
 56469.02441   13.048  0.072   -2  1 
 56469.08813   12.970  0.051   -2  1 
 56469.15134   13.070  0.040   -2  1 
 56471.02588   13.050  0.062   -2  1 
 56471.08671   13.114  0.027   -2  1 
 56471.14302   13.175  0.019   -2  1 
 56471.94704   13.265  0.023   -2  1 
 56472.01085   13.138  0.050   -2  1 
 56472.07480   13.036  0.034   -2  1 
 56472.13240   13.152  0.014   -2  1 
 56472.19216   13.079  0.016   -2  1 
 56469.00041   13.360  0.047   -5  1 
 56469.06767   13.412  0.027   -5  1 
 56469.13003   13.412  0.030   -5  1 
 56469.19349   13.481  0.020   -5  1 
 56470.98130   13.470  0.016   -5  1 
 56471.04693   13.476  0.028   -5  1 
 56471.10523   13.515  0.017   -5  1 
 56471.16397   13.613  0.017   -5  1 
 56471.98857   13.419  0.030   -5  1 
 56472.05430   13.431  0.025   -5  1 
 56472.11383   13.367  0.017   -5  1 
 56472.17109   13.385  0.011   -5  1 
