  51216.3218   14.652  0.005    2  1 
  51216.3464   14.577  0.004    2  1 
  51216.3689   14.484  0.005    2  1 
  51216.3980   14.416  0.006    2  1 
  51217.3101   14.331  0.004    2  1 
  51217.3328   14.364  0.004    2  1 
  51217.3552   14.414  0.004    2  1 
  51217.3759   14.465  0.004    2  1 
  51217.3953   14.514  0.005    2  1 
  51218.2773   14.662  0.005    2  1 
  51218.3093   14.669  0.005    2  1 
  51218.3298   14.657  0.005    2  1 
  51218.3573   14.603  0.005    2  1 
  51218.3794   14.520  0.004    2  1 
  51219.2978   14.521  0.004    2  1 
  51219.3149   14.522  0.004    2  1 
  51219.3336   14.318  0.004    2  1 
  51219.3596   14.365  0.004    2  1 
  51219.3768   14.405  0.004    2  1 
  51220.2621   14.606  0.004    2  1 
  51220.2906   14.654  0.004    2  1 
  51220.3077   14.663  0.005    2  1 
  51220.3257   14.672  0.005    2  1 
  51220.3432   14.671  0.005    2  1 
  51220.3602   14.658  0.005    2  1 
  51220.3776   14.617  0.004    2  1 
  51221.2835   14.357  0.004    2  1 
  51221.3009   14.317  0.004    2  1 
  51221.3188   14.300  0.004    2  1 
  51221.3358   14.296  0.004    2  1 
  51221.3538   14.315  0.004    2  1 
  51221.3722   14.345  0.004    2  1 
  51283.2451   14.366  0.004    2  1 
  51283.2493   14.373  0.004    2  1 
  51283.2714   14.424  0.004    2  1 
  51283.2748   14.431  0.004    2  1 
  51283.2939   14.478  0.004    2  1 
  51283.2972   14.486  0.004    2  1 
  51283.3202   14.540  0.004    2  1 
  51283.3234   14.551  0.004    2  1 
  51283.3487   14.604  0.004    2  1 
  51283.3518   14.609  0.004    2  1 
  51283.3707   14.638  0.004    2  1 
  51283.3738   14.639  0.004    2  1 
  51284.2195   14.667  0.004    2  1 
  51284.2229   14.670  0.004    2  1 
  51284.2413   14.661  0.004    2  1 
  51284.2443   14.656  0.004    2  1 
  51284.2617   14.624  0.004    2  1 
  51284.2942   14.522  0.004    2  1 
  51284.2973   14.513  0.004    2  1 
  51284.3168   14.452  0.004    2  1 
  51284.3211   14.433  0.004    2  1 
  51284.3464   14.373  0.004    2  1 
  51285.0513   14.656  0.004    2  1 
  51285.0543   14.648  0.004    2  1 
  51285.0739   14.606  0.004    2  1 
  51285.0778   14.600  0.004    2  1 
  51285.0975   14.528  0.004    2  1 
  51285.1006   14.520  0.004    2  1 
  51285.1324   14.417  0.004    2  1 
  51285.1360   14.410  0.004    2  1 
  51285.1558   14.378  0.003    2  1 
  51285.1588   14.371  0.003    2  1 
  51285.1796   14.343  0.004    2  1 
  51285.1830   14.357  0.003    2  1 
  51285.2125   14.329  0.004    2  1 
  51285.2157   14.328  0.004    2  1 
  51285.2426   14.339  0.004    2  1 
  51285.2630   14.359  0.004    2  1 
  51285.2998   14.431  0.004    2  1 
  51285.3348   14.525  0.004    2  1 
  51286.0461   14.315  0.003    2  1 
  51286.0493   14.313  0.003    2  1 
  51286.0716   14.338  0.003    2  1 
  51286.0753   14.348  0.003    2  1 
  51286.1026   14.420  0.003    2  1 
  51286.1061   14.427  0.003    2  1 
  51286.1365   14.506  0.004    2  1 
  51286.1398   14.516  0.004    2  1 
  51286.1608   14.573  0.004    2  1 
  51286.1639   14.573  0.004    2  1 
  51286.1669   14.577  0.004    2  1 
  51286.1875   14.614  0.004    2  1 
  51286.1908   14.626  0.004    2  1 
  51286.2255   14.660  0.004    2  1 
  51286.2285   14.659  0.004    2  1 
  51286.2476   14.664  0.005    2  1 
  51286.2508   14.663  0.004    2  1 
  51286.2697   14.643  0.004    2  1 
  51286.2727   14.637  0.004    2  1 
  51286.3022   14.562  0.004    2  1 
  51286.3055   14.546  0.004    2  1 
  51286.3218   14.482  0.004    2  1 
  51286.3250   14.477  0.004    2  1 
  51286.3450   14.418  0.004    2  1 
  51286.3481   14.410  0.004    2  1 
  51304.9873   14.384  0.004    2  1 
  51304.9926   14.374  0.003    2  1 
  51305.0328   14.314  0.003    2  1 
  51305.0362   14.310  0.003    2  1 
  51305.0559   14.310  0.004    2  1 
  51305.0599   14.311  0.004    2  1 
  51305.0890   14.365  0.004    2  1 
  51305.0922   14.367  0.004    2  1 
  51305.1269   14.466  0.004    2  1 
  51305.1509   14.532  0.005    2  1 
  51305.1853   14.613  0.004    2  1 
  51305.1885   14.627  0.005    2  1 
  51305.2098   14.653  0.004    2  1 
  51305.2128   14.654  0.004    2  1 
  51305.2431   14.676  0.004    2  1 
  51305.2461   14.669  0.004    2  1 
  51305.2704   14.669  0.005    2  1 
  51305.2734   14.651  0.004    2  1 
  51305.2995   14.599  0.004    2  1 
  51305.9857   14.596  0.003    2  1 
  51305.9885   14.604  0.003    2  1 
  51305.9912   14.613  0.003    2  1 
  51306.0256   14.656  0.003    2  1 
  51306.0285   14.658  0.003    2  1 
  51306.0465   14.666  0.004    2  1 
  51306.0498   14.663  0.004    2  1 
  51306.0896   14.632  0.004    2  1 
  51306.0930   14.626  0.004    2  1 
  51306.1123   14.572  0.003    2  1 
  51306.1151   14.563  0.003    2  1 
  51306.1375   14.489  0.003    2  1 
  51306.1405   14.480  0.003    2  1 
  51306.1636   14.420  0.004    2  1 
  51306.1673   14.419  0.003    2  1 
  51306.1937   14.386  0.003    2  1 
  51306.1966   14.379  0.003    2  1 
  51306.2146   14.362  0.004    2  1 
  51306.2343   14.329  0.003    2  1 
  51306.2380   14.324  0.003    2  1 
  51306.2574   14.307  0.003    2  1 
  51306.2602   14.300  0.003    2  1 
  51306.2805   14.324  0.003    2  1 
  51306.2835   14.321  0.003    2  1 
  51306.3038   14.363  0.003    2  1 
  51306.3135   14.393  0.004    2  1 
  51306.3184   14.403  0.004    2  1 
  51307.0456   14.326  0.004    2  1 
  51307.0501   14.318  0.004    2  1 
  51307.0593   14.314  0.003    2  1 
  51307.0645   14.316  0.003    2  1 
  51307.0699   14.313  0.007    2  1 
  51307.0747   14.321  0.005    2  1 
  51308.0084   14.586  0.003    2  1 
  51308.0112   14.581  0.003    2  1 
  51308.0334   14.630  0.003    2  1 
  51308.0362   14.628  0.003    2  1 
  51308.0394   14.631  0.003    2  1 
  51308.0633   14.647  0.003    2  1 
  51308.0663   14.653  0.003    2  1 
  51308.0995   14.646  0.003    2  1 
  51308.1280   14.593  0.004    2  1 
  51308.1309   14.591  0.004    2  1 
  51310.0850   14.655  0.003    2  1 
  51310.0874   14.667  0.003    2  1 
  51310.0897   14.658  0.003    2  1 
  51310.1430   14.631  0.004    2  1 
  51310.1458   14.619  0.004    2  1 
  51310.1486   14.619  0.004    2  1 
  51311.0244   14.399  0.005    2  1 
  51311.0302   14.384  0.005    2  1 
  51311.0334   14.381  0.005    2  1 
  51311.0506   14.362  0.002    2  1 
  51311.0539   14.352  0.003    2  1 
  51311.0637   14.340  0.004    2  1 
  51311.0669   14.340  0.004    2  1 
  51311.0907   14.320  0.004    2  1 
  51311.0946   14.320  0.004    2  1 
  51311.1015   14.319  0.004    2  1 
  51311.1071   14.311  0.004    2  1 
  51311.1298   14.340  0.004    2  1 
  51311.1327   14.341  0.004    2  1 
  51311.1357   14.345  0.004    2  1 
  51311.1398   14.353  0.004    2  1 
  51311.1447   14.358  0.004    2  1 
  51311.9726   14.373  0.004    2  1 
  51311.9755   14.387  0.004    2  1 
  51312.0020   14.448  0.004    2  1 
  51312.0049   14.458  0.004    2  1 
  51312.0255   14.523  0.004    2  1 
  51312.0284   14.527  0.004    2  1 
  51312.0314   14.528  0.004    2  1 
  51312.0584   14.596  0.004    2  1 
  51312.0611   14.598  0.004    2  1 
  51312.0638   14.601  0.004    2  1 
  51312.0903   14.650  0.003    2  1 
  51312.0955   14.654  0.003    2  1 
  51312.1146   14.667  0.004    2  1 
  51312.1173   14.668  0.004    2  1 
  51312.1200   14.670  0.004    2  1 
  51312.9860   14.608  0.003    2  1 
  51312.9887   14.600  0.003    2  1 
  51312.9913   14.597  0.003    2  1 
  51313.0096   14.507  0.003    2  1 
  51313.0123   14.504  0.003    2  1 
  51313.0149   14.490  0.003    2  1 
  51313.0333   14.436  0.003    2  1 
  51313.0360   14.428  0.003    2  1 
  51313.0386   14.421  0.003    2  1 
  51313.0413   14.419  0.004    2  1 
  51313.0595   14.395  0.003    2  1 
  51313.0622   14.395  0.003    2  1 
  51313.0648   14.387  0.003    2  1 
  51313.0911   14.355  0.003    2  1 
  51313.0937   14.348  0.003    2  1 
  51313.0964   14.353  0.003    2  1 
  51313.1146   14.337  0.003    2  1 
  51313.1172   14.329  0.003    2  1 
  51313.1199   14.329  0.003    2  1 
  51313.1226   14.327  0.003    2  1 
  51313.9843   14.351  0.003    2  1 
  51313.9872   14.367  0.004    2  1 
  51313.9901   14.376  0.004    2  1 
  51314.0178   14.447  0.004    2  1 
  51314.0207   14.449  0.004    2  1 
  51314.0236   14.460  0.004    2  1 
  51314.0432   14.511  0.004    2  1 
  51314.0461   14.523  0.004    2  1 
  51314.0490   14.534  0.004    2  1 
  51314.0772   14.602  0.004    2  1 
  51314.0802   14.609  0.004    2  1 
  51314.0831   14.613  0.004    2  1 
  51314.1030   14.652  0.005    2  1 
  51314.1059   14.659  0.005    2  1 
  51314.1088   14.649  0.004    2  1 
  51314.1289   14.671  0.004    2  1 
  51314.1363   14.681  0.005    2  1 
  51314.9827   14.655  0.004    2  1 
  51314.9856   14.652  0.004    2  1 
  51314.9885   14.642  0.004    2  1 
  51315.0015   14.618  0.004    2  1 
  51315.0043   14.612  0.004    2  1 
  51315.0069   14.607  0.004    2  1 
  51315.0251   14.528  0.003    2  1 
  51315.0277   14.526  0.003    2  1 
  51315.0304   14.512  0.003    2  1 
  51315.0516   14.439  0.003    2  1 
  51315.0542   14.429  0.003    2  1 
  51315.0780   14.385  0.003    2  1 
  51315.0807   14.385  0.003    2  1 
  51315.0833   14.383  0.003    2  1 
  51315.1015   14.358  0.003    2  1 
  51315.1041   14.350  0.003    2  1 
  51315.1068   14.350  0.003    2  1 
  51315.1290   14.324  0.004    2  1 
  51315.1319   14.312  0.004    2  1 
  51316.0194   14.399  0.003    2  1 
  51316.0221   14.397  0.003    2  1 
  51316.0247   14.403  0.003    2  1 
  51316.0431   14.457  0.003    2  1 
  51316.0458   14.458  0.003    2  1 
  51316.0485   14.462  0.003    2  1 
  51316.0667   14.519  0.004    2  1 
  51316.0693   14.521  0.004    2  1 
  51316.0720   14.530  0.004    2  1 
  51316.0905   14.573  0.004    2  1 
  51316.0934   14.581  0.004    2  1 
  51316.0963   14.585  0.004    2  1 
  51316.1148   14.623  0.004    2  1 
  51316.1175   14.625  0.004    2  1 
  51316.1201   14.636  0.004    2  1 
  51316.9647   14.671  0.004    2  1 
  51316.9676   14.670  0.004    2  1 
  51316.9705   14.672  0.004    2  1 
  51316.9896   14.665  0.004    2  1 
  51316.9923   14.665  0.004    2  1 
  51316.9949   14.663  0.004    2  1 
  51317.0088   14.645  0.004    2  1 
  51317.0117   14.641  0.004    2  1 
  51317.0321   14.588  0.005    2  1 
  51317.0351   14.584  0.004    2  1 
  51317.0391   14.570  0.004    2  1 
  51317.0602   14.497  0.004    2  1 
  51317.0631   14.477  0.004    2  1 
  51317.0660   14.467  0.004    2  1 
  51317.0858   14.429  0.004    2  1 
  51317.0887   14.424  0.004    2  1 
  51317.0916   14.425  0.004    2  1 
  51317.1111   14.398  0.004    2  1 
  51317.1140   14.388  0.004    2  1 
  51317.1169   14.390  0.004    2  1 
  51317.9657   14.299  0.004    2  1 
  51317.9685   14.301  0.004    2  1 
  51317.9883   14.300  0.004    2  1 
  51317.9912   14.305  0.004    2  1 
  51317.9941   14.304  0.004    2  1 
  51318.0135   14.334  0.004    2  1 
  51318.0164   14.339  0.004    2  1 
  51318.0194   14.350  0.004    2  1 
  51318.0413   14.393  0.004    2  1 
  51318.0445   14.397  0.005    2  1 
  51318.0477   14.413  0.004    2  1 
  51318.0697   14.468  0.005    2  1 
  51318.0730   14.478  0.005    2  1 
  51318.0762   14.490  0.005    2  1 
  51318.0981   14.546  0.005    2  1 
  51318.1014   14.544  0.005    2  1 
  51318.1046   14.563  0.006    2  1 
  51318.1265   14.606  0.005    2  1 
  51318.1298   14.613  0.005    2  1 
  51318.9642   14.652  0.004    2  1 
  51318.9680   14.661  0.005    2  1 
  51318.9708   14.655  0.004    2  1 
  51318.9737   14.662  0.004    2  1 
  51318.9929   14.680  0.004    2  1 
  51318.9956   14.676  0.004    2  1 
  51318.9983   14.672  0.004    2  1 
  51319.0180   14.671  0.005    2  1 
  51319.0209   14.665  0.004    2  1 
  51319.0238   14.664  0.004    2  1 
  51319.0443   14.632  0.004    2  1 
  51319.0474   14.624  0.004    2  1 
  51319.0505   14.611  0.004    2  1 
  51319.0793   14.519  0.004    2  1 
  51319.0820   14.504  0.003    2  1 
  51319.0847   14.494  0.003    2  1 
  51319.1030   14.443  0.004    2  1 
  51319.1084   14.428  0.003    2  1 
  51319.1110   14.425  0.003    2  1 
  51320.1030   14.491  0.003    2  1 
  51320.1053   14.508  0.003    2  1 
  51320.1076   14.500  0.003    2  1 
  51320.1238   14.551  0.003    2  1 
  51320.1261   14.556  0.003    2  1 
  51320.1284   14.560  0.003    2  1 
  51320.1450   14.592  0.004    2  1 
  51320.1477   14.597  0.004    2  1 
  51320.1503   14.605  0.004    2  1 
  51320.9635   14.614  0.004    2  1 
  51320.9664   14.616  0.004    2  1 
  51320.9693   14.621  0.004    2  1 
  51320.9887   14.647  0.003    2  1 
  51320.9911   14.653  0.003    2  1 
  51320.9936   14.657  0.003    2  1 
  51321.0102   14.670  0.003    2  1 
  51321.0126   14.669  0.003    2  1 
  51321.0150   14.672  0.003    2  1 
  51321.0318   14.669  0.003    2  1 
  51321.0344   14.660  0.003    2  1 
  51321.0369   14.665  0.003    2  1 
  51321.0543   14.647  0.003    2  1 
  51321.0568   14.642  0.003    2  1 
  51321.0594   14.636  0.003    2  1 
  51321.0847   14.573  0.003    2  1 
  51321.0873   14.569  0.004    2  1 
  51321.0898   14.556  0.004    2  1 
  51321.1133   14.466  0.003    2  1 
  51321.1159   14.455  0.003    2  1 
  51321.1186   14.446  0.003    2  1 
  51321.1339   14.408  0.003    2  1 
  51321.1365   14.412  0.003    2  1 
  51332.9696   14.313  0.005    2  1 
  51332.9739   14.319  0.005    2  1 
  51332.9891   14.343  0.004    2  1 
  51332.9928   14.356  0.005    2  1 
  51332.9965   14.362  0.005    2  1 
  51333.0083   14.389  0.005    2  1 
  51333.0120   14.396  0.004    2  1 
  51333.0226   14.428  0.005    2  1 
  51333.0264   14.438  0.004    2  1 
  51333.0514   14.513  0.005    2  1 
  51333.0552   14.517  0.006    2  1 
  51333.0742   14.566  0.005    2  1 
  51333.0779   14.578  0.005    2  1 
  51333.0907   14.603  0.005    2  1 
  51333.0945   14.611  0.005    2  1 
  51333.1178   14.652  0.005    2  1 
  51333.1221   14.653  0.005    2  1 
  51333.1335   14.666  0.006    2  1 
  51333.1529   14.679  0.005    2  1 
  51333.1565   14.677  0.006    2  1 
  51333.1716   14.673  0.005    2  1 
  51333.1752   14.672  0.005    2  1 
  51334.9871   14.302  0.003    2  1 
  51335.0175   14.357  0.004    2  1 
  51335.0204   14.364  0.003    2  1 
  51335.0301   14.393  0.004    2  1 
  51335.0334   14.404  0.004    2  1 
  51335.0517   14.452  0.004    2  1 
  51335.0552   14.463  0.004    2  1 
  51335.0692   14.500  0.005    2  1 
  51335.0727   14.510  0.004    2  1 
  51335.0833   14.536  0.005    2  1 
  51335.0867   14.546  0.004    2  1 
  51335.1133   14.601  0.005    2  1 
  51335.1167   14.611  0.005    2  1 
  51335.9535   14.655  0.005    2  1 
  51335.9726   14.673  0.005    2  1 
  51335.9768   14.669  0.005    2  1 
  51335.9997   14.663  0.004    2  1 
  51336.0027   14.665  0.004    2  1 
  51336.0203   14.639  0.004    2  1 
  51336.0357   14.609  0.005    2  1 
  51336.0388   14.600  0.004    2  1 
  51336.0593   14.522  0.004    2  1 
  51336.0629   14.511  0.005    2  1 
  51336.0769   14.466  0.004    2  1 
  51336.0803   14.459  0.005    2  1 
  51336.1025   14.419  0.004    2  1 
  51336.1059   14.421  0.004    2  1 
  51336.1206   14.396  0.005    2  1 
  51336.1240   14.387  0.004    2  1 
  51337.0101   14.308  0.004    2  1 
  51337.9904   14.659  0.005    2  1 
  51337.9940   14.653  0.005    2  1 
  51338.0162   14.661  0.005    2  1 
  51338.0196   14.660  0.005    2  1 
  51338.0339   14.642  0.006    2  1 
  51338.0376   14.642  0.006    2  1 
  51338.9901   14.308  0.004    2  1 
  51338.9938   14.314  0.004    2  1 
  51339.0226   14.309  0.005    2  1 
  51339.0269   14.307  0.004    2  1 
  51339.0867   14.423  0.005    2  1 
  51339.0905   14.437  0.005    2  1 
  51339.1139   14.493  0.005    2  1 
  51339.1177   14.500  0.005    2  1 
  51339.1448   14.574  0.005    2  1 
  51339.1482   14.582  0.004    2  1 
  51339.9766   14.617  0.004    2  1 
  51339.9795   14.621  0.004    2  1 
  51340.0044   14.654  0.004    2  1 
  51340.0078   14.657  0.004    2  1 
  51340.0274   14.671  0.004    2  1 
  51340.0306   14.676  0.004    2  1 
  51340.0540   14.665  0.005    2  1 
  51340.0572   14.660  0.005    2  1 
  51340.0857   14.609  0.005    2  1 
  51340.0892   14.593  0.005    2  1 
  51340.1152   14.506  0.005    2  1 
  51340.1197   14.487  0.004    2  1 
  51340.1229   14.473  0.004    2  1 
  51340.1263   14.466  0.004    2  1 
  51340.1404   14.427  0.004    2  1 
  51340.1437   14.422  0.004    2  1 
  51344.9924   14.418  0.004    2  1 
  51344.9958   14.409  0.003    2  1 
  51344.9988   14.410  0.003    2  1 
  51345.0216   14.389  0.004    2  1 
  51345.0255   14.375  0.004    2  1 
  51345.0302   14.370  0.004    2  1 
  51345.0553   14.303  0.004    2  1 
  51345.0603   14.301  0.003    2  1 
  51345.9856   14.494  0.005    2  1 
  51345.9896   14.507  0.005    2  1 
  51346.0219   14.588  0.005    2  1 
  51346.0264   14.595  0.005    2  1 
  51346.0486   14.642  0.005    2  1 
  51346.0523   14.652  0.005    2  1 
  51346.0791   14.679  0.005    2  1 
  51346.0826   14.677  0.004    2  1 
  51347.0416   14.379  0.004    2  1 
  51347.0453   14.377  0.003    2  1 
  51347.0743   14.309  0.003    2  1 
  51347.0777   14.302  0.003    2  1 
  51347.0990   14.291  0.003    2  1 
  51347.1022   14.289  0.002    2  1 
  51347.9769   14.405  0.004    2  1 
  51347.9802   14.414  0.004    2  1 
  51347.9834   14.429  0.004    2  1 
  51347.9983   14.465  0.004    2  1 
  51348.0028   14.472  0.004    2  1 
  51348.0063   14.485  0.004    2  1 
  51348.0242   14.531  0.004    2  1 
  51348.0274   14.539  0.004    2  1 
  51348.0943   14.655  0.005    2  1 
  51348.0983   14.657  0.006    2  1 
  51348.1018   14.665  0.006    2  1 
  51348.9650   14.645  0.004    2  1 
  51348.9853   14.601  0.004    2  1 
  51348.9883   14.588  0.004    2  1 
  51348.9912   14.573  0.004    2  1 
  51349.0316   14.443  0.004    2  1 
  51349.0346   14.437  0.004    2  1 
  51349.9815   14.356  0.003    2  1 
  51349.9851   14.368  0.003    2  1 
  51349.9973   14.389  0.004    2  1 
  51350.0033   14.404  0.004    2  1 
  51350.0066   14.408  0.004    2  1 
  51350.0164   14.432  0.004    2  1 
  51350.0197   14.444  0.004    2  1 
  51350.0296   14.470  0.004    2  1 
  51380.9973   14.391  0.003    2  1 
  51381.0004   14.385  0.003    2  1 
  51381.0031   14.380  0.003    2  1 
  51381.0187   14.359  0.003    2  1 
  51381.0214   14.356  0.003    2  1 
  51381.0242   14.351  0.003    2  1 
  51381.9830   14.505  0.004    2  1 
  51381.9859   14.515  0.004    2  1 
  51381.9888   14.522  0.004    2  1 
  51382.0000   14.551  0.004    2  1 
  51382.0029   14.557  0.004    2  1 
  51382.9793   14.484  0.005    2  1 
  51382.9826   14.468  0.004    2  1 
  51382.9857   14.455  0.004    2  1 
  51382.9965   14.423  0.004    2  1 
  51382.9995   14.413  0.004    2  1 
  51383.9746   14.416  0.003    2  1 
  51383.9773   14.422  0.003    2  1 
  51383.9799   14.430  0.003    2  1 
  51383.9899   14.451  0.004    2  1 
  51383.9926   14.457  0.003    2  1 
  51384.9777   14.595  0.003    2  1 
  51384.9802   14.589  0.003    2  1 
  51384.9896   14.559  0.003    2  1 
  51384.9921   14.540  0.003    2  1 
  51385.9711   14.347  0.003    2  1 
  51385.9763   14.360  0.003    2  1 
  51385.9857   14.389  0.003    2  1 
  51385.9884   14.396  0.003    2  1 
  51386.9965   14.607  0.004    2  1 
  51387.0003   14.591  0.004    2  1 
  51387.0041   14.563  0.004    2  1 
  51387.0216   14.499  0.004    2  1 
  51387.0254   14.484  0.004    2  1 
  51387.0293   14.463  0.004    2  1 
  51388.9801   14.688  0.005    2  1 
  51388.9834   14.687  0.005    2  1 
  51388.9866   14.681  0.005    2  1 
  51388.9984   14.671  0.005    2  1 
  51389.0017   14.662  0.005    2  1 
  51389.9783   14.298  0.003    2  1 
  51389.9809   14.303  0.003    2  1 
  51389.9836   14.305  0.003    2  1 
  51390.9729   14.678  0.003    2  1 
  51390.9756   14.685  0.003    2  1 
  51390.9783   14.688  0.003    2  1 
  51391.9728   14.324  0.003    2  1 
  51391.9754   14.317  0.003    2  1 
  51391.9779   14.310  0.003    2  1 
  51671.0871   14.594  0.004    2  1 
  51671.0917   14.600  0.004    2  1 
  51671.0952   14.611  0.004    2  1 
  51671.1189   14.644  0.004    2  1 
  51671.1232   14.647  0.005    2  1 
  51671.9996   14.639  0.004    2  1 
  51672.0039   14.634  0.004    2  1 
  51672.0350   14.508  0.004    2  1 
  51672.0382   14.492  0.004    2  1 
  51673.0232   14.375  0.003    2  1 
  51674.0574   14.514  0.005    2  1 
  51674.0620   14.492  0.005    2  1 
  51674.0938   14.420  0.005    2  1 
  51674.0985   14.411  0.005    2  1 
  51674.1159   14.385  0.004    2  1 
  51674.1223   14.372  0.004    2  1 
  51674.9763   14.300  0.004    2  1 
  51674.9824   14.293  0.005    2  1 
  51675.0212   14.339  0.005    2  1 
  51676.0163   14.669  0.004    2  1 
  51692.9816   14.679  0.004    2  1 
  51692.9854   14.674  0.004    2  1 
  51693.9780   14.333  0.003    2  1 
  51693.9814   14.325  0.003    2  1 
  51694.9914   14.675  0.004    2  1 
  51694.9946   14.694  0.004    2  1 
  51765.9974   14.480  0.004    2  1 
  51766.0012   14.493  0.004    2  1 
  51766.0048   14.500  0.004    2  1 
  51766.0266   14.561  0.005    2  1 
  51766.0301   14.576  0.005    2  1 
  51216.3144   15.064  0.004    3  1 
  51216.3408   14.974  0.004    3  1 
  51216.3634   14.850  0.003    3  1 
  51216.3905   14.734  0.003    3  1 
  51217.3019   14.593  0.003    3  1 
  51217.3710   14.784  0.003    3  1 
  51217.3906   14.854  0.003    3  1 
  51218.2854   15.090  0.004    3  1 
  51218.3156   15.094  0.004    3  1 
  51218.3347   15.050  0.003    3  1 
  51218.3848   14.825  0.003    3  1 
  51219.2918   14.599  0.003    3  1 
  51219.3100   14.581  0.003    3  1 
  51219.3296   14.594  0.003    3  1 
  51219.3536   14.646  0.003    3  1 
  51219.3723   14.707  0.003    3  1 
  51220.2720   15.031  0.003    3  1 
  51220.2946   15.066  0.003    3  1 
  51220.3117   15.090  0.004    3  1 
  51220.3299   15.089  0.004    3  1 
  51220.3473   15.084  0.004    3  1 
  51220.3643   15.045  0.004    3  1 
  51220.3816   14.989  0.003    3  1 
  51221.2763   14.682  0.003    3  1 
  51221.2964   14.607  0.003    3  1 
  51221.3145   14.585  0.003    3  1 
  51221.3496   14.588  0.003    3  1 
  51221.3673   14.624  0.003    3  1 
  51283.2546   14.685  0.003    3  1 
  51283.2783   14.749  0.003    3  1 
  51283.3008   14.834  0.003    3  1 
  51283.3322   14.946  0.003    3  1 
  51283.3553   15.003  0.003    3  1 
  51283.3773   15.038  0.003    3  1 
  51284.2134   15.078  0.003    3  1 
  51284.2375   15.057  0.003    3  1 
  51284.2581   15.020  0.003    3  1 
  51284.2875   14.896  0.003    3  1 
  51284.3124   14.773  0.003    3  1 
  51284.3383   14.688  0.003    3  1 
  51285.0451   15.081  0.003    3  1 
  51285.0932   14.907  0.003    3  1 
  51285.1257   14.760  0.003    3  1 
  51285.1514   14.681  0.003    3  1 
  51285.1754   14.639  0.003    3  1 
  51285.2060   14.613  0.003    3  1 
  51285.2321   14.600  0.003    3  1 
  51285.2586   14.635  0.003    3  1 
  51285.2928   14.732  0.003    3  1 
  51285.3257   14.842  0.003    3  1 
  51286.0670   14.640  0.002    3  1 
  51286.1302   14.847  0.003    3  1 
  51286.1833   15.003  0.003    3  1 
  51286.2193   15.064  0.003    3  1 
  51286.2434   15.063  0.003    3  1 
  51286.2655   15.043  0.003    3  1 
  51286.2958   14.952  0.003    3  1 
  51286.3291   14.779  0.003    3  1 
  51286.3521   14.702  0.003    3  1 
  51304.9838   14.723  0.002    3  1 
  51305.0251   14.594  0.003    3  1 
  51305.0718   14.605  0.003    3  1 
  51305.0961   14.684  0.003    3  1 
  51305.1465   14.877  0.004    3  1 
  51305.1755   14.970  0.004    3  1 
  51305.2054   15.049  0.005    3  1 
  51305.2345   15.087  0.004    3  1 
  51305.2666   15.070  0.004    3  1 
  51305.2880   15.020  0.004    3  1 
  51305.9773   14.972  0.003    3  1 
  51306.0428   15.077  0.004    3  1 
  51306.1330   14.840  0.003    3  1 
  51306.1578   14.753  0.003    3  1 
  51306.1875   14.688  0.003    3  1 
  51306.2101   14.657  0.003    3  1 
  51306.2771   14.594  0.002    3  1 
  51306.2972   14.650  0.003    3  1 
  51308.0025   15.001  0.003    3  1 
  51308.0600   15.071  0.003    3  1 
  51308.0958   15.057  0.003    3  1 
  51308.1244   14.978  0.003    3  1 
  51310.1057   15.072  0.002    3  1 
  51310.1100   15.069  0.002    3  1 
  51310.1132   15.066  0.002    3  1 
  51311.9792   14.694  0.004    3  1 
  51311.9983   14.775  0.003    3  1 
  51312.0087   14.827  0.003    3  1 
  51312.0350   14.928  0.003    3  1 
  51312.0550   14.974  0.003    3  1 
  51312.0672   15.015  0.003    3  1 
  51312.0870   15.046  0.003    3  1 
  51312.0988   15.070  0.003    3  1 
  51313.0063   14.902  0.003    3  1 
  51313.0300   14.768  0.003    3  1 
  51313.0562   14.721  0.002    3  1 
  51313.0838   14.678  0.002    3  1 
  51313.1113   14.631  0.002    3  1 
  51313.9807   14.650  0.003    3  1 
  51314.0143   14.769  0.003    3  1 
  51314.0397   14.862  0.003    3  1 
  51314.1124   15.073  0.004    3  1 
  51314.9752   15.083  0.003    3  1 
  51315.0102   14.969  0.003    3  1 
  51315.0336   14.845  0.003    3  1 
  51315.0747   14.692  0.003    3  1 
  51315.0982   14.637  0.003    3  1 
  51315.1216   14.604  0.003    3  1 
  51316.0399   14.779  0.003    3  1 
  51316.0634   14.864  0.003    3  1 
  51316.0869   14.938  0.003    3  1 
  51316.9740   15.100  0.003    3  1 
  51317.0052   15.067  0.004    3  1 
  51317.0282   14.985  0.006    3  1 
  51317.0566   14.844  0.003    3  1 
  51317.0822   14.744  0.003    3  1 
  51317.1075   14.698  0.003    3  1 
  51317.9847   14.563  0.003    3  1 
  51318.0099   14.575  0.003    3  1 
  51318.0374   14.650  0.004    3  1 
  51318.1226   14.973  0.005    3  1 
  51318.9772   15.084  0.003    3  1 
  51319.0019   15.094  0.004    3  1 
  51319.0274   15.071  0.003    3  1 
  51319.0757   14.873  0.003    3  1 
  51319.0997   14.761  0.003    3  1 
  51320.1000   14.836  0.002    3  1 
  51320.1208   14.906  0.003    3  1 
  51320.1417   14.970  0.003    3  1 
  51320.9728   15.040  0.003    3  1 
  51321.0180   15.087  0.003    3  1 
  51321.0400   15.074  0.003    3  1 
  51321.0624   15.024  0.003    3  1 
  51321.0930   14.882  0.003    3  1 
  51321.1217   14.763  0.003    3  1 
  51381.9793   14.834  0.003    3  1 
  51382.9755   14.804  0.004    3  1 
  51385.9679   14.637  0.002    3  1 
  51386.9917   14.986  0.003    3  1 
  51388.9755   15.103  0.004    3  1 
  51693.9923   14.629  0.002    3  1 
 56468.97641   13.323  0.034   -1  1 
 56469.04707   13.106  0.087   -1  1 
 56469.10896   13.380  0.052   -1  1 
 56469.17285   13.408  0.041   -1  1 
 56471.00364   13.144  0.052   -1  1 
 56471.06640   13.270  0.021   -1  1 
 56471.12490   13.300  0.036   -1  1 
 56471.18188   13.282  0.025   -1  1 
 56471.96759   13.245  0.062   -1  1 
 56472.03374   13.363  0.036   -1  1 
 56472.09484   13.389  0.032   -1  1 
 56472.15243   13.275  0.025   -1  1 
 56468.95296   13.054  0.050   -2  1 
 56469.02441   13.208  0.030   -2  1 
 56469.08813   13.253  0.035   -2  1 
 56469.15134   13.269  0.024   -2  1 
 56471.02588   13.204  0.035   -2  1 
 56471.08671   13.193  0.018   -2  1 
 56471.14302   13.240  0.015   -2  1 
 56471.94704   13.280  0.013   -2  1 
 56472.01085   13.340  0.029   -2  1 
 56472.07480   13.266  0.025   -2  1 
 56472.13240   13.302  0.012   -2  1 
 56472.19216   13.450  0.042   -2  1 
 56469.00041   13.452  0.020   -5  1 
 56469.06767   13.520  0.015   -5  1 
 56469.13003   13.592  0.026   -5  1 
 56469.19349   13.584  0.017   -5  1 
 56470.98130   13.466  0.018   -5  1 
 56471.04693   13.524  0.018   -5  1 
 56471.10523   13.520  0.019   -5  1 
 56471.16397   13.523  0.025   -5  1 
 56471.98857   13.594  0.040   -5  1 
 56472.05430   13.516  0.015   -5  1 
 56472.11383   13.512  0.016   -5  1 
 56472.17109   13.460  0.011   -5  1 
