  51216.2987   14.143  0.003    2  1 
  51216.3275   14.171  0.003    2  1 
  51216.3519   14.206  0.003    2  1 
  51216.3771   14.250  0.003    2  1 
  51217.2851   14.424  0.004    2  1 
  51217.3152   14.459  0.004    2  1 
  51217.3378   14.483  0.004    2  1 
  51217.3598   14.504  0.004    2  1 
  51217.3804   14.528  0.004    2  1 
  51218.3013   14.643  0.004    2  1 
  51218.3254   14.652  0.004    2  1 
  51218.3504   14.658  0.004    2  1 
  51218.3753   14.688  0.004    2  1 
  51219.2775   14.748  0.004    2  1 
  51219.3014   14.669  0.004    2  1 
  51219.3186   14.543  0.004    2  1 
  51219.3397   14.356  0.003    2  1 
  51219.3635   14.288  0.003    2  1 
  51219.3810   14.209  0.003    2  1 
  51220.2867   14.271  0.003    2  1 
  51220.3036   14.296  0.003    2  1 
  51220.3219   14.323  0.003    2  1 
  51220.3391   14.352  0.004    2  1 
  51220.3564   14.369  0.004    2  1 
  51220.3729   14.396  0.004    2  1 
  51220.3920   14.414  0.004    2  1 
  51221.2619   14.514  0.004    2  1 
  51221.2873   14.544  0.004    2  1 
  51221.3052   14.562  0.004    2  1 
  51221.3230   14.587  0.004    2  1 
  51221.3396   14.599  0.004    2  1 
  51221.3577   14.615  0.004    2  1 
  51221.3762   14.625  0.004    2  1 
  51283.2102   14.413  0.003    2  1 
  51283.2288   14.335  0.003    2  1 
  51283.2338   14.315  0.003    2  1 
  51283.2391   14.299  0.003    2  1 
  51283.2642   14.212  0.003    2  1 
  51283.2680   14.199  0.003    2  1 
  51283.2868   14.161  0.003    2  1 
  51283.2902   14.160  0.003    2  1 
  51283.3138   14.171  0.003    2  1 
  51283.3170   14.173  0.003    2  1 
  51283.3408   14.207  0.003    2  1 
  51283.3447   14.213  0.003    2  1 
  51283.3642   14.244  0.003    2  1 
  51283.3673   14.247  0.003    2  1 
  51284.1955   14.329  0.003    2  1 
  51284.1993   14.335  0.003    2  1 
  51284.2266   14.365  0.003    2  1 
  51284.2298   14.376  0.003    2  1 
  51284.2475   14.390  0.003    2  1 
  51284.2506   14.394  0.003    2  1 
  51284.2679   14.413  0.003    2  1 
  51284.2711   14.414  0.003    2  1 
  51284.3004   14.449  0.003    2  1 
  51284.3036   14.447  0.003    2  1 
  51284.3257   14.472  0.004    2  1 
  51284.3289   14.473  0.004    2  1 
  51285.0269   14.393  0.003    2  1 
  51285.0299   14.403  0.003    2  1 
  51285.0577   14.430  0.003    2  1 
  51285.0607   14.426  0.003    2  1 
  51285.0814   14.450  0.003    2  1 
  51285.0847   14.454  0.003    2  1 
  51285.1052   14.476  0.003    2  1 
  51285.1084   14.479  0.003    2  1 
  51285.1396   14.513  0.003    2  1 
  51285.1427   14.524  0.003    2  1 
  51285.1624   14.530  0.003    2  1 
  51285.1654   14.542  0.004    2  1 
  51285.1891   14.563  0.004    2  1 
  51285.1924   14.573  0.004    2  1 
  51285.2195   14.592  0.004    2  1 
  51285.2227   14.586  0.004    2  1 
  51285.2468   14.604  0.004    2  1 
  51285.2498   14.601  0.004    2  1 
  51285.2738   14.608  0.004    2  1 
  51285.2775   14.610  0.004    2  1 
  51285.3077   14.623  0.004    2  1 
  51285.3112   14.625  0.004    2  1 
  51285.3425   14.652  0.004    2  1 
  51285.3456   14.652  0.004    2  1 
  51286.0177   14.607  0.003    2  1 
  51286.0241   14.607  0.003    2  1 
  51286.0542   14.626  0.003    2  1 
  51286.0574   14.617  0.003    2  1 
  51286.0794   14.629  0.003    2  1 
  51286.0832   14.627  0.003    2  1 
  51286.1105   14.638  0.003    2  1 
  51286.1136   14.639  0.003    2  1 
  51286.1441   14.660  0.003    2  1 
  51286.1472   14.671  0.003    2  1 
  51286.1708   14.691  0.003    2  1 
  51286.1740   14.698  0.004    2  1 
  51286.1969   14.721  0.004    2  1 
  51286.2002   14.713  0.004    2  1 
  51286.2322   14.747  0.004    2  1 
  51286.2352   14.745  0.004    2  1 
  51286.2544   14.754  0.004    2  1 
  51286.2573   14.753  0.004    2  1 
  51286.2785   14.726  0.004    2  1 
  51286.2816   14.718  0.004    2  1 
  51286.3149   14.522  0.003    2  1 
  51286.3179   14.493  0.003    2  1 
  51286.3375   14.341  0.003    2  1 
  51286.3409   14.340  0.003    2  1 
  51286.3604   14.302  0.003    2  1 
  51286.3635   14.286  0.003    2  1 
  51286.3665   14.270  0.003    2  1 
  51304.9667   14.739  0.003    2  1 
  51304.9697   14.731  0.003    2  1 
  51304.9956   14.656  0.003    2  1 
  51304.9985   14.633  0.003    2  1 
  51305.0393   14.360  0.003    2  1 
  51305.0423   14.352  0.003    2  1 
  51305.0812   14.248  0.003    2  1 
  51305.0852   14.243  0.003    2  1 
  51305.1040   14.205  0.003    2  1 
  51305.1077   14.201  0.003    2  1 
  51305.1328   14.218  0.003    2  1 
  51305.1357   14.203  0.003    2  1 
  51305.1582   14.228  0.003    2  1 
  51305.1616   14.231  0.003    2  1 
  51305.1919   14.266  0.004    2  1 
  51305.1953   14.270  0.003    2  1 
  51305.2170   14.308  0.003    2  1 
  51305.2202   14.307  0.003    2  1 
  51305.2493   14.341  0.003    2  1 
  51305.2523   14.346  0.003    2  1 
  51305.2764   14.374  0.003    2  1 
  51305.2796   14.388  0.004    2  1 
  51305.3025   14.410  0.003    2  1 
  51305.3054   14.411  0.003    2  1 
  51305.9643   14.257  0.003    2  1 
  51305.9672   14.259  0.003    2  1 
  51305.9940   14.297  0.002    2  1 
  51305.9970   14.299  0.003    2  1 
  51305.9997   14.310  0.002    2  1 
  51306.0313   14.342  0.003    2  1 
  51306.0340   14.344  0.003    2  1 
  51306.0638   14.384  0.003    2  1 
  51306.0674   14.387  0.003    2  1 
  51306.0960   14.414  0.003    2  1 
  51306.0990   14.412  0.003    2  1 
  51306.1183   14.437  0.003    2  1 
  51306.1209   14.439  0.003    2  1 
  51306.1434   14.465  0.003    2  1 
  51306.1474   14.464  0.004    2  1 
  51306.1743   14.498  0.003    2  1 
  51306.1770   14.500  0.003    2  1 
  51306.1996   14.525  0.003    2  1 
  51306.2025   14.521  0.003    2  1 
  51306.2207   14.544  0.003    2  1 
  51306.2235   14.541  0.003    2  1 
  51306.2407   14.563  0.003    2  1 
  51306.2432   14.567  0.003    2  1 
  51306.2458   14.566  0.003    2  1 
  51306.2665   14.586  0.003    2  1 
  51306.2691   14.582  0.003    2  1 
  51306.2862   14.590  0.003    2  1 
  51306.2895   14.594  0.003    2  1 
  51306.3068   14.603  0.003    2  1 
  51306.3101   14.609  0.003    2  1 
  51306.9828   14.537  0.004    2  1 
  51306.9870   14.545  0.003    2  1 
  51307.0161   14.569  0.003    2  1 
  51307.0270   14.567  0.003    2  1 
  51307.0388   14.582  0.003    2  1 
  51307.0824   14.602  0.004    2  1 
  51307.9862   14.704  0.003    2  1 
  51307.9901   14.701  0.003    2  1 
  51308.0178   14.738  0.003    2  1 
  51308.0212   14.735  0.003    2  1 
  51308.0443   14.751  0.003    2  1 
  51308.0749   14.764  0.003    2  1 
  51308.0779   14.759  0.003    2  1 
  51308.1072   14.683  0.004    2  1 
  51308.1114   14.660  0.003    2  1 
  51310.1342   14.573  0.003    2  1 
  51310.1371   14.568  0.003    2  1 
  51310.1402   14.571  0.003    2  1 
  51314.9621   14.668  0.004    2  1 
  51314.9650   14.679  0.004    2  1 
  51314.9679   14.675  0.004    2  1 
  51314.9914   14.700  0.003    2  1 
  51314.9943   14.699  0.003    2  1 
  51314.9972   14.696  0.003    2  1 
  51315.0171   14.723  0.003    2  1 
  51315.0197   14.722  0.003    2  1 
  51315.0224   14.721  0.003    2  1 
  51315.0409   14.744  0.003    2  1 
  51315.0436   14.746  0.003    2  1 
  51315.0462   14.751  0.003    2  1 
  51315.0650   14.763  0.003    2  1 
  51315.0677   14.760  0.003    2  1 
  51315.0860   14.758  0.003    2  1 
  51315.0887   14.753  0.003    2  1 
  51315.0913   14.757  0.003    2  1 
  51315.1094   14.723  0.003    2  1 
  51315.1121   14.716  0.003    2  1 
  51315.1148   14.708  0.003    2  1 
  51316.0277   14.154  0.002    2  1 
  51316.0303   14.155  0.002    2  1 
  51316.0330   14.153  0.002    2  1 
  51316.0511   14.182  0.003    2  1 
  51316.0538   14.180  0.003    2  1 
  51316.0565   14.185  0.003    2  1 
  51316.0746   14.217  0.003    2  1 
  51316.0773   14.219  0.003    2  1 
  51316.0800   14.223  0.003    2  1 
  51316.0992   14.251  0.003    2  1 
  51316.1020   14.256  0.003    2  1 
  51316.1046   14.262  0.003    2  1 
  51316.1228   14.292  0.003    2  1 
  51316.1255   14.292  0.003    2  1 
  51316.1281   14.296  0.003    2  1 
  51316.9815   14.393  0.003    2  1 
  51316.9843   14.395  0.003    2  1 
  51316.9869   14.399  0.003    2  1 
  51316.9978   14.412  0.003    2  1 
  51317.0147   14.431  0.003    2  1 
  51317.0176   14.435  0.003    2  1 
  51317.0205   14.441  0.003    2  1 
  51317.0420   14.461  0.004    2  1 
  51317.0450   14.461  0.004    2  1 
  51317.0483   14.469  0.004    2  1 
  51317.0689   14.488  0.003    2  1 
  51317.0718   14.494  0.003    2  1 
  51317.0747   14.497  0.004    2  1 
  51317.0946   14.517  0.003    2  1 
  51317.0974   14.527  0.003    2  1 
  51317.1000   14.530  0.003    2  1 
  51317.1199   14.547  0.004    2  1 
  51317.1228   14.547  0.003    2  1 
  51317.1257   14.553  0.004    2  1 
  51317.9715   14.609  0.004    2  1 
  51317.9744   14.617  0.004    2  1 
  51317.9772   14.618  0.004    2  1 
  51317.9970   14.623  0.003    2  1 
  51317.9998   14.621  0.003    2  1 
  51318.0025   14.623  0.003    2  1 
  51318.0227   14.639  0.004    2  1 
  51318.0260   14.631  0.004    2  1 
  51318.0292   14.621  0.004    2  1 
  51318.0510   14.654  0.004    2  1 
  51318.0542   14.651  0.004    2  1 
  51318.0575   14.648  0.004    2  1 
  51318.0795   14.665  0.004    2  1 
  51318.0827   14.669  0.004    2  1 
  51318.0859   14.675  0.004    2  1 
  51318.1079   14.670  0.004    2  1 
  51318.1111   14.684  0.004    2  1 
  51318.1144   14.667  0.004    2  1 
  51318.9846   14.771  0.004    2  1 
  51318.9874   14.751  0.004    2  1 
  51318.9902   14.755  0.003    2  1 
  51319.0093   14.712  0.004    2  1 
  51319.0122   14.702  0.004    2  1 
  51319.0151   14.685  0.004    2  1 
  51319.0351   14.569  0.004    2  1 
  51319.0380   14.541  0.004    2  1 
  51319.0411   14.517  0.004    2  1 
  51319.0623   14.354  0.003    2  1 
  51319.0653   14.354  0.003    2  1 
  51319.0928   14.262  0.003    2  1 
  51319.1137   14.178  0.003    2  1 
  51319.1164   14.171  0.003    2  1 
  51319.1190   14.162  0.003    2  1 
  51320.0869   14.381  0.003    2  1 
  51320.0909   14.386  0.003    2  1 
  51320.1531   14.459  0.003    2  1 
  51320.1557   14.457  0.003    2  1 
  51320.1584   14.464  0.003    2  1 
  51320.9810   14.512  0.003    2  1 
  51321.0292   14.568  0.003    2  1 
  51321.0466   14.585  0.003    2  1 
  51321.0491   14.591  0.003    2  1 
  51321.0517   14.593  0.003    2  1 
  51321.0689   14.605  0.003    2  1 
  51321.0714   14.608  0.003    2  1 
  51321.0740   14.608  0.003    2  1 
  51321.0997   14.627  0.003    2  1 
  51321.1023   14.629  0.003    2  1 
  51321.1049   14.628  0.003    2  1 
  51321.1074   14.631  0.003    2  1 
  51321.1100   14.632  0.003    2  1 
  51321.1285   14.644  0.003    2  1 
  51321.1311   14.638  0.003    2  1 
  51332.9607   14.731  0.005    2  1 
  51332.9651   14.722  0.005    2  1 
  51332.9797   14.755  0.005    2  1 
  51332.9834   14.751  0.005    2  1 
  51333.0005   14.757  0.004    2  1 
  51333.0039   14.754  0.004    2  1 
  51333.0156   14.746  0.004    2  1 
  51333.0192   14.725  0.004    2  1 
  51333.0445   14.640  0.004    2  1 
  51333.0479   14.622  0.004    2  1 
  51333.0636   14.479  0.005    2  1 
  51333.0681   14.430  0.005    2  1 
  51333.0834   14.332  0.004    2  1 
  51333.0869   14.325  0.004    2  1 
  51333.0981   14.299  0.004    2  1 
  51333.1018   14.285  0.003    2  1 
  51333.1258   14.204  0.003    2  1 
  51333.1294   14.199  0.004    2  1 
  51333.1410   14.165  0.004    2  1 
  51333.1452   14.162  0.004    2  1 
  51333.1492   14.153  0.004    2  1 
  51333.1642   14.166  0.004    2  1 
  51333.1679   14.164  0.004    2  1 
  51334.9778   14.489  0.003    2  1 
  51334.9806   14.500  0.003    2  1 
  51335.0115   14.529  0.003    2  1 
  51335.0145   14.527  0.003    2  1 
  51335.0237   14.541  0.004    2  1 
  51335.0269   14.548  0.004    2  1 
  51335.0365   14.557  0.004    2  1 
  51335.0396   14.562  0.004    2  1 
  51335.0624   14.582  0.004    2  1 
  51335.0658   14.584  0.004    2  1 
  51335.0766   14.596  0.004    2  1 
  51335.0800   14.592  0.004    2  1 
  51335.1009   14.615  0.004    2  1 
  51335.1041   14.609  0.004    2  1 
  51335.9585   14.643  0.004    2  1 
  51335.9619   14.643  0.004    2  1 
  51335.9661   14.645  0.004    2  1 
  51335.9693   14.643  0.004    2  1 
  51335.9855   14.661  0.004    2  1 
  51335.9915   14.661  0.004    2  1 
  51335.9966   14.668  0.004    2  1 
  51336.0139   14.677  0.004    2  1 
  51336.0172   14.681  0.004    2  1 
  51336.0275   14.692  0.004    2  1 
  51336.0306   14.696  0.004    2  1 
  51336.0439   14.704  0.004    2  1 
  51336.0470   14.713  0.004    2  1 
  51336.0662   14.732  0.004    2  1 
  51336.0696   14.725  0.004    2  1 
  51336.0728   14.737  0.004    2  1 
  51336.0954   14.755  0.004    2  1 
  51336.0989   14.753  0.004    2  1 
  51336.1119   14.759  0.004    2  1 
  51336.1153   14.763  0.004    2  1 
  51336.1297   14.741  0.005    2  1 
  51336.1557   14.634  0.005    2  1 
  51336.1600   14.633  0.005    2  1 
  51336.1647   14.597  0.005    2  1 
  51336.9567   14.508  0.002    2  1 
  51337.0022   14.300  0.003    2  1 
  51337.9827   14.373  0.004    2  1 
  51337.9868   14.383  0.004    2  1 
  51337.9997   14.391  0.004    2  1 
  51338.0033   14.402  0.004    2  1 
  51338.0231   14.418  0.004    2  1 
  51338.0265   14.424  0.004    2  1 
  51338.0304   14.429  0.004    2  1 
  51338.9791   14.598  0.003    2  1 
  51338.9849   14.596  0.003    2  1 
  51339.0116   14.609  0.004    2  1 
  51339.0151   14.609  0.004    2  1 
  51339.0441   14.619  0.004    2  1 
  51339.0477   14.621  0.004    2  1 
  51339.0513   14.624  0.004    2  1 
  51339.0774   14.640  0.004    2  1 
  51339.0807   14.639  0.004    2  1 
  51339.1053   14.687  0.004    2  1 
  51339.1093   14.666  0.004    2  1 
  51339.1327   14.680  0.004    2  1 
  51339.1363   14.685  0.004    2  1 
  51339.9588   14.731  0.004    2  1 
  51339.9627   14.727  0.004    2  1 
  51339.9835   14.749  0.004    2  1 
  51339.9874   14.749  0.004    2  1 
  51340.0115   14.755  0.004    2  1 
  51340.0146   14.751  0.004    2  1 
  51340.0349   14.725  0.004    2  1 
  51340.0380   14.711  0.004    2  1 
  51340.0659   14.564  0.004    2  1 
  51340.0696   14.535  0.004    2  1 
  51340.0938   14.354  0.004    2  1 
  51340.0983   14.351  0.004    2  1 
  51340.1334   14.250  0.003    2  1 
  51340.1366   14.240  0.003    2  1 
  51344.9654   14.336  0.003    2  1 
  51344.9786   14.353  0.003    2  1 
  51344.9829   14.355  0.003    2  1 
  51345.0052   14.384  0.003    2  1 
  51345.0092   14.398  0.003    2  1 
  51345.0132   14.398  0.003    2  1 
  51345.0170   14.397  0.003    2  1 
  51345.0353   14.420  0.003    2  1 
  51345.0390   14.424  0.003    2  1 
  51345.0645   14.450  0.003    2  1 
  51345.0690   14.455  0.003    2  1 
  51345.9658   14.560  0.004    2  1 
  51345.9696   14.566  0.004    2  1 
  51345.9999   14.586  0.004    2  1 
  51346.0043   14.588  0.004    2  1 
  51346.0310   14.604  0.004    2  1 
  51346.0343   14.602  0.004    2  1 
  51346.0571   14.614  0.004    2  1 
  51346.0604   14.610  0.004    2  1 
  51347.0221   14.756  0.004    2  1 
  51347.0274   14.750  0.003    2  1 
  51347.0562   14.686  0.004    2  1 
  51347.0597   14.670  0.004    2  1 
  51347.0815   14.523  0.003    2  1 
  51347.0850   14.482  0.003    2  1 
  51347.9550   14.221  0.003    2  1 
  51347.9581   14.194  0.003    2  1 
  51347.9877   14.216  0.003    2  1 
  51347.9914   14.219  0.003    2  1 
  51347.9948   14.217  0.003    2  1 
  51348.0181   14.253  0.003    2  1 
  51348.0211   14.258  0.003    2  1 
  51348.0849   14.352  0.004    2  1 
  51348.0897   14.349  0.004    2  1 
  51348.1054   14.376  0.004    2  1 
  51348.1088   14.378  0.004    2  1 
  51348.1122   14.384  0.004    2  1 
  51348.9528   14.434  0.003    2  1 
  51348.9557   14.446  0.003    2  1 
  51348.9795   14.462  0.003    2  1 
  51348.9824   14.467  0.003    2  1 
  51348.9941   14.483  0.003    2  1 
  51349.0152   14.502  0.003    2  1 
  51349.0189   14.505  0.003    2  1 
  51349.9596   14.602  0.003    2  1 
  51349.9627   14.603  0.003    2  1 
  51349.9911   14.639  0.003    2  1 
  51349.9944   14.640  0.003    2  1 
  51350.0097   14.647  0.004    2  1 
  51350.0128   14.653  0.004    2  1 
  51350.0228   14.662  0.004    2  1 
  51364.9643   14.744  0.004    2  1 
  51364.9677   14.735  0.003    2  1 
  51380.9714   14.525  0.003    2  1 
  51380.9769   14.529  0.003    2  1 
  51380.9801   14.530  0.003    2  1 
  51380.9845   14.541  0.003    2  1 
  51381.0066   14.562  0.003    2  1 
  51381.0096   14.569  0.003    2  1 
  51381.0136   14.571  0.003    2  1 
  51381.9638   14.676  0.003    2  1 
  51381.9679   14.675  0.003    2  1 
  51381.9716   14.670  0.004    2  1 
  51381.9917   14.686  0.004    2  1 
  51381.9946   14.689  0.004    2  1 
  51382.9605   14.295  0.003    2  1 
  51382.9652   14.280  0.003    2  1 
  51382.9682   14.283  0.003    2  1 
  51382.9887   14.187  0.003    2  1 
  51382.9916   14.182  0.003    2  1 
  51383.9595   14.387  0.003    2  1 
  51383.9621   14.385  0.003    2  1 
  51383.9648   14.391  0.003    2  1 
  51383.9826   14.418  0.003    2  1 
  51383.9853   14.424  0.003    2  1 
  51384.9606   14.615  0.003    2  1 
  51384.9631   14.619  0.003    2  1 
  51384.9657   14.624  0.003    2  1 
  51384.9827   14.623  0.003    2  1 
  51384.9853   14.625  0.003    2  1 
  51385.9557   14.756  0.003    2  1 
  51385.9589   14.759  0.003    2  1 
  51385.9615   14.757  0.003    2  1 
  51385.9788   14.761  0.003    2  1 
  51385.9814   14.761  0.003    2  1 
  51386.9731   14.246  0.003    2  1 
  51386.9769   14.250  0.003    2  1 
  51386.9807   14.254  0.003    2  1 
  51387.0101   14.301  0.003    2  1 
  51387.0139   14.309  0.003    2  1 
  51387.0177   14.317  0.003    2  1 
  51388.9571   14.624  0.004    2  1 
  51388.9622   14.637  0.004    2  1 
  51388.9659   14.641  0.004    2  1 
  51388.9899   14.670  0.004    2  1 
  51388.9932   14.672  0.004    2  1 
  51389.9629   14.324  0.003    2  1 
  51389.9656   14.322  0.003    2  1 
  51389.9683   14.314  0.003    2  1 
  51390.9578   14.370  0.003    2  1 
  51390.9604   14.377  0.003    2  1 
  51390.9631   14.400  0.003    2  1 
  51391.9583   14.599  0.003    2  1 
  51391.9609   14.642  0.003    2  1 
  51646.1374   14.727  0.004    2  1 
  51646.1447   14.716  0.004    2  1 
  51646.1486   14.741  0.004    2  1 
  51646.1532   14.740  0.004    2  1 
  51646.1570   14.707  0.004    2  1 
  51646.1609   14.718  0.004    2  1 
  51646.1649   14.733  0.004    2  1 
  51646.1687   14.744  0.004    2  1 
  51646.1727   14.756  0.004    2  1 
  51646.1764   14.757  0.004    2  1 
  51646.1801   14.754  0.004    2  1 
  51646.1837   14.749  0.004    2  1 
  51646.1871   14.736  0.004    2  1 
  51646.1907   14.733  0.004    2  1 
  51646.1944   14.733  0.004    2  1 
  51646.1983   14.738  0.004    2  1 
  51646.2025   14.727  0.004    2  1 
  51646.2065   14.722  0.004    2  1 
  51646.2100   14.711  0.004    2  1 
  51646.2138   14.700  0.004    2  1 
  51646.2172   14.692  0.004    2  1 
  51646.2206   14.676  0.004    2  1 
  51646.2245   14.648  0.004    2  1 
  51646.2283   14.628  0.004    2  1 
  51646.2320   14.600  0.004    2  1 
  51646.2362   14.566  0.003    2  1 
  51646.2394   14.538  0.003    2  1 
  51646.2426   14.509  0.003    2  1 
  51646.2457   14.473  0.003    2  1 
  51646.2489   14.442  0.003    2  1 
  51646.2523   14.415  0.003    2  1 
  51646.2557   14.379  0.003    2  1 
  51646.2591   14.360  0.003    2  1 
  51646.2626   14.356  0.003    2  1 
  51646.2660   14.335  0.003    2  1 
  51646.2694   14.354  0.003    2  1 
  51646.2730   14.346  0.004    2  1 
  51646.2769   14.353  0.004    2  1 
  51646.2811   14.357  0.004    2  1 
  51646.2852   14.320  0.004    2  1 
  51646.2895   14.287  0.004    2  1 
  51646.2939   14.305  0.003    2  1 
  51646.2986   14.279  0.004    2  1 
  51646.3027   14.271  0.004    2  1 
  51646.3070   14.228  0.004    2  1 
  51646.3111   14.212  0.004    2  1 
  51646.3151   14.191  0.003    2  1 
  51646.3189   14.186  0.003    2  1 
  51646.3225   14.172  0.003    2  1 
  51646.3260   14.172  0.003    2  1 
  51646.3296   14.183  0.003    2  1 
  51646.3330   14.171  0.003    2  1 
  51646.3377   14.172  0.003    2  1 
  51646.3414   14.180  0.003    2  1 
  51646.3451   14.181  0.003    2  1 
  51646.3496   14.177  0.003    2  1 
  51646.3530   14.188  0.003    2  1 
  51646.3568   14.185  0.003    2  1 
  51646.3637   14.218  0.003    2  1 
  51646.3679   14.211  0.003    2  1 
  51646.3713   14.220  0.003    2  1 
  51671.0475   14.729  0.004    2  1 
  51671.0585   14.684  0.004    2  1 
  51671.0649   14.681  0.004    2  1 
  51671.0721   14.744  0.004    2  1 
  51671.0771   14.728  0.004    2  1 
  51671.1013   14.763  0.004    2  1 
  51671.1053   14.760  0.004    2  1 
  51671.1107   14.757  0.004    2  1 
  51671.1151   14.756  0.004    2  1 
  51671.1292   14.742  0.004    2  1 
  51671.9878   14.350  0.003    2  1 
  51671.9920   14.337  0.003    2  1 
  51672.0277   14.217  0.003    2  1 
  51672.0316   14.208  0.003    2  1 
  51672.0822   14.195  0.003    2  1 
  51674.0685   14.642  0.004    2  1 
  51674.0726   14.643  0.005    2  1 
  51674.1052   14.666  0.004    2  1 
  51674.1117   14.672  0.004    2  1 
  51674.1260   14.686  0.004    2  1 
  51674.1296   14.686  0.004    2  1 
  51674.1332   14.694  0.004    2  1 
  51674.1368   14.699  0.004    2  1 
  51674.1405   14.697  0.004    2  1 
  51674.1444   14.707  0.004    2  1 
  51674.9689   14.751  0.004    2  1 
  51674.9724   14.750  0.004    2  1 
  51674.9867   14.770  0.004    2  1 
  51674.9911   14.761  0.005    2  1 
  51675.0041   14.759  0.005    2  1 
  51675.0121   14.751  0.005    2  1 
  51675.0159   14.734  0.005    2  1 
  51675.0253   14.748  0.004    2  1 
  51675.0289   14.745  0.004    2  1 
  51675.0351   14.728  0.004    2  1 
  51675.0465   14.682  0.004    2  1 
  51675.0521   14.650  0.004    2  1 
  51675.0558   14.633  0.004    2  1 
  51675.0622   14.585  0.004    2  1 
  51675.0661   14.552  0.004    2  1 
  51675.0719   14.504  0.004    2  1 
  51675.0756   14.463  0.004    2  1 
  51675.0814   14.416  0.004    2  1 
  51675.0858   14.390  0.004    2  1 
  51675.0927   14.371  0.003    2  1 
  51675.0970   14.364  0.003    2  1 
  51675.9751   14.193  0.003    2  1 
  51675.9802   14.195  0.003    2  1 
  51675.9906   14.210  0.003    2  1 
  51675.9939   14.211  0.003    2  1 
  51675.9971   14.219  0.003    2  1 
  51676.0005   14.228  0.003    2  1 
  51676.0036   14.233  0.003    2  1 
  51676.0067   14.246  0.003    2  1 
  51676.0112   14.243  0.003    2  1 
  51676.0240   14.269  0.004    2  1 
  51676.0301   14.276  0.003    2  1 
  51676.9616   14.465  0.004    2  1 
  51676.9713   14.476  0.004    2  1 
  51676.9757   14.481  0.004    2  1 
  51676.9867   14.491  0.004    2  1 
  51676.9919   14.491  0.005    2  1 
  51676.9969   14.496  0.005    2  1 
  51677.0090   14.517  0.004    2  1 
  51677.0126   14.514  0.004    2  1 
  51677.0180   14.519  0.005    2  1 
  51677.0226   14.528  0.005    2  1 
  51677.0271   14.527  0.005    2  1 
  51677.0318   14.536  0.005    2  1 
  51677.0362   14.536  0.005    2  1 
  51677.0410   14.546  0.005    2  1 
  51677.0453   14.549  0.005    2  1 
  51677.0499   14.554  0.005    2  1 
  51677.0580   14.558  0.005    2  1 
  51677.0628   14.560  0.005    2  1 
  51677.0672   14.568  0.005    2  1 
  51677.0713   14.570  0.004    2  1 
  51677.0751   14.578  0.004    2  1 
  51677.0793   14.579  0.004    2  1 
  51677.0835   14.586  0.004    2  1 
  51677.0877   14.588  0.004    2  1 
  51677.0918   14.595  0.004    2  1 
  51677.0956   14.589  0.004    2  1 
  51677.0996   14.585  0.004    2  1 
  51677.1044   14.593  0.004    2  1 
  51677.1082   14.583  0.004    2  1 
  51677.1121   14.600  0.004    2  1 
  51677.1160   14.595  0.004    2  1 
  51677.1199   14.604  0.005    2  1 
  51677.1238   14.610  0.004    2  1 
  51677.1276   14.608  0.004    2  1 
  51677.1315   14.610  0.004    2  1 
  51677.1353   14.614  0.004    2  1 
  51677.1396   14.613  0.004    2  1 
  51677.1434   14.620  0.004    2  1 
  51677.1476   14.620  0.004    2  1 
  51677.1520   14.624  0.004    2  1 
  51677.1564   14.632  0.004    2  1 
  51677.1603   14.627  0.004    2  1 
  51677.1642   14.636  0.004    2  1 
  51677.1680   14.631  0.004    2  1 
  51677.1719   14.639  0.004    2  1 
  51677.1759   14.640  0.004    2  1 
  51677.1797   14.638  0.004    2  1 
  51677.1836   14.633  0.004    2  1 
  51677.1883   14.647  0.005    2  1 
  51677.1922   14.649  0.004    2  1 
  51677.1960   14.650  0.005    2  1 
  51677.1999   14.644  0.005    2  1 
  51677.2038   14.660  0.004    2  1 
  51677.2083   14.654  0.005    2  1 
  51677.2133   14.654  0.005    2  1 
  51677.2176   14.640  0.005    2  1 
  51677.2233   14.642  0.005    2  1 
  51677.2285   14.623  0.005    2  1 
  51677.2335   14.657  0.006    2  1 
  51677.2391   14.657  0.006    2  1 
  51677.2524   14.676  0.005    2  1 
  51677.2571   14.684  0.005    2  1 
  51677.2620   14.692  0.005    2  1 
  51677.2664   14.698  0.005    2  1 
  51677.2708   14.709  0.005    2  1 
  51691.0375   14.542  0.002    2  1 
  51691.0409   14.541  0.003    2  1 
  51691.0444   14.544  0.003    2  1 
  51691.0509   14.552  0.003    2  1 
  51691.0543   14.552  0.003    2  1 
  51691.0579   14.562  0.003    2  1 
  51691.0633   14.573  0.002    2  1 
  51691.0670   14.572  0.002    2  1 
  51691.0711   14.581  0.003    2  1 
  51691.0770   14.582  0.003    2  1 
  51691.0805   14.587  0.003    2  1 
  51691.0840   14.585  0.003    2  1 
  51691.0896   14.592  0.003    2  1 
  51691.0931   14.596  0.003    2  1 
  51691.0971   14.607  0.003    2  1 
  51691.1040   14.614  0.003    2  1 
  51691.1083   14.608  0.003    2  1 
  51691.1122   14.619  0.003    2  1 
  51691.1180   14.616  0.003    2  1 
  51691.1214   14.625  0.003    2  1 
  51691.1249   14.625  0.003    2  1 
  51691.1323   14.624  0.003    2  1 
  51691.1357   14.637  0.003    2  1 
  51691.1392   14.634  0.003    2  1 
  51691.1448   14.636  0.003    2  1 
  51691.1522   14.641  0.002    2  1 
  51691.1561   14.641  0.002    2  1 
  51693.0130   14.329  0.003    2  1 
  51693.0165   14.355  0.003    2  1 
  51693.0248   14.301  0.003    2  1 
  51693.0305   14.275  0.003    2  1 
  51693.0340   14.265  0.003    2  1 
  51693.0378   14.257  0.003    2  1 
  51694.0082   14.371  0.003    2  1 
  51694.0114   14.377  0.003    2  1 
  51694.0148   14.380  0.003    2  1 
  51694.0202   14.390  0.003    2  1 
  51694.0234   14.393  0.003    2  1 
  51694.0267   14.396  0.003    2  1 
  51694.0319   14.401  0.003    2  1 
  51694.0351   14.409  0.003    2  1 
  51694.0384   14.411  0.003    2  1 
  51694.0418   14.415  0.003    2  1 
  51694.0472   14.421  0.003    2  1 
  51694.0505   14.425  0.003    2  1 
  51694.0537   14.427  0.003    2  1 
  51694.0590   14.436  0.003    2  1 
  51694.0623   14.437  0.003    2  1 
  51694.0656   14.444  0.003    2  1 
  51694.0714   14.447  0.003    2  1 
  51694.0748   14.454  0.003    2  1 
  51694.0781   14.450  0.003    2  1 
  51694.0836   14.458  0.003    2  1 
  51694.0868   14.465  0.003    2  1 
  51694.0901   14.465  0.003    2  1 
  51694.0957   14.465  0.003    2  1 
  51694.0989   14.471  0.003    2  1 
  51694.1021   14.480  0.003    2  1 
  51694.1075   14.488  0.003    2  1 
  51694.1106   14.486  0.003    2  1 
  51694.1190   14.500  0.003    2  1 
  51694.1221   14.498  0.003    2  1 
  51694.1252   14.500  0.003    2  1 
  51694.1286   14.506  0.003    2  1 
  51695.0280   14.622  0.003    2  1 
  51695.0317   14.621  0.003    2  1 
  51697.9712   14.457  0.004    2  1 
  51697.9818   14.464  0.003    2  1 
  51765.9746   14.618  0.004    2  1 
  51765.9783   14.619  0.004    2  1 
  51765.9820   14.624  0.004    2  1 
  51766.0194   14.638  0.004    2  1 
  51766.0229   14.648  0.004    2  1 
  51216.3063   14.509  0.003    3  1 
  51216.3342   14.558  0.003    3  1 
  51216.3572   14.625  0.003    3  1 
  51216.3847   14.690  0.003    3  1 
  51217.2936   15.005  0.004    3  1 
  51217.3214   15.021  0.004    3  1 
  51217.3432   15.060  0.004    3  1 
  51217.3852   15.131  0.004    3  1 
  51218.2935   15.290  0.005    3  1 
  51218.3212   15.294  0.004    3  1 
  51218.3442   15.302  0.004    3  1 
  51218.3704   15.331  0.004    3  1 
  51219.2811   15.399  0.002    3  1 
  51219.2844   15.378  0.004    3  1 
  51219.3053   15.243  0.004    3  1 
  51219.3228   15.041  0.004    3  1 
  51219.3465   14.795  0.003    3  1 
  51219.3676   14.692  0.003    3  1 
  51219.3851   14.581  0.003    3  1 
  51220.2805   14.676  0.003    3  1 
  51220.2995   14.732  0.003    3  1 
  51220.3171   14.776  0.003    3  1 
  51220.3349   14.874  0.003    3  1 
  51220.3523   14.856  0.003    3  1 
  51220.3689   14.892  0.004    3  1 
  51220.3877   14.934  0.004    3  1 
  51221.2691   15.113  0.004    3  1 
  51221.2915   15.154  0.004    3  1 
  51221.3097   15.185  0.004    3  1 
  51221.3270   15.210  0.004    3  1 
  51221.3437   15.241  0.004    3  1 
  51221.3619   15.258  0.004    3  1 
  51221.3854   15.278  0.004    3  1 
  51283.2237   14.794  0.003    3  1 
  51283.2601   14.627  0.003    3  1 
  51283.2830   14.544  0.003    3  1 
  51283.3050   14.545  0.003    3  1 
  51283.3367   14.614  0.003    3  1 
  51283.3600   14.677  0.003    3  1 
  51284.2056   14.813  0.003    3  1 
  51284.2337   14.884  0.003    3  1 
  51284.2542   14.914  0.003    3  1 
  51284.2806   14.972  0.003    3  1 
  51284.3075   15.020  0.003    3  1 
  51284.3333   15.065  0.004    3  1 
  51285.0371   14.929  0.003    3  1 
  51285.0646   14.970  0.003    3  1 
  51285.0885   15.010  0.003    3  1 
  51285.1182   15.060  0.003    3  1 
  51285.1470   15.099  0.003    3  1 
  51285.1698   15.136  0.004    3  1 
  51285.1988   15.181  0.003    3  1 
  51285.2270   15.222  0.004    3  1 
  51285.2539   15.246  0.004    3  1 
  51285.2851   15.266  0.004    3  1 
  51285.3202   15.273  0.004    3  1 
  51285.3496   15.326  0.004    3  1 
  51286.0308   15.258  0.003    3  1 
  51286.0619   15.236  0.003    3  1 
  51286.0871   15.247  0.003    3  1 
  51286.0921   15.230  0.003    3  1 
  51286.1226   15.246  0.003    3  1 
  51286.1512   15.260  0.003    3  1 
  51286.1789   15.316  0.003    3  1 
  51286.2076   15.378  0.004    3  1 
  51286.2389   15.405  0.004    3  1 
  51286.2613   15.422  0.004    3  1 
  51286.2889   15.322  0.004    3  1 
  51286.3108   15.146  0.003    3  1 
  51286.3335   14.851  0.003    3  1 
  51286.3566   14.767  0.003    3  1 
  51304.9734   15.377  0.004    3  1 
  51305.0076   15.145  0.004    3  1 
  51305.0510   14.780  0.003    3  1 
  51305.0770   14.679  0.003    3  1 
  51305.1004   14.599  0.003    3  1 
  51305.1407   14.597  0.003    3  1 
  51305.1707   14.657  0.003    3  1 
  51305.1996   14.728  0.003    3  1 
  51305.2299   14.802  0.003    3  1 
  51305.2561   14.862  0.003    3  1 
  51305.2836   14.923  0.004    3  1 
  51305.3139   14.977  0.004    3  1 
  51305.9733   14.703  0.003    3  1 
  51306.0117   14.800  0.002    3  1 
  51306.0157   14.807  0.002    3  1 
  51306.0375   14.847  0.003    3  1 
  51306.0735   14.909  0.003    3  1 
  51306.1026   14.956  0.003    3  1 
  51306.1285   14.998  0.003    3  1 
  51306.1517   15.042  0.004    3  1 
  51306.1807   15.087  0.003    3  1 
  51306.2059   15.119  0.003    3  1 
  51306.2269   15.163  0.003    3  1 
  51306.2491   15.204  0.003    3  1 
  51306.2725   15.240  0.004    3  1 
  51306.2932   15.258  0.004    3  1 
  51307.9986   15.330  0.003    3  1 
  51308.0249   15.371  0.003    3  1 
  51308.0524   15.402  0.004    3  1 
  51308.0811   15.361  0.003    3  1 
  51308.0851   15.382  0.003    3  1 
  51308.1202   15.190  0.004    3  1 
  51310.1272   15.159  0.003    3  1 
  51310.1308   15.174  0.003    3  1 
  51314.9714   15.323  0.004    3  1 
  51315.0138   15.374  0.004    3  1 
  51315.0372   15.397  0.004    3  1 
  51315.0710   15.432  0.004    3  1 
  51315.0946   15.415  0.004    3  1 
  51315.1180   15.319  0.004    3  1 
  51316.0363   14.537  0.002    3  1 
  51316.0597   14.576  0.003    3  1 
  51316.0832   14.633  0.003    3  1 
  51316.1079   14.698  0.003    3  1 
  51316.9780   14.896  0.003    3  1 
  51317.0013   14.948  0.004    3  1 
  51317.0241   14.979  0.004    3  1 
  51317.0523   15.025  0.004    3  1 
  51317.0782   15.081  0.004    3  1 
  51317.1035   15.123  0.004    3  1 
  51317.9808   15.264  0.004    3  1 
  51318.0060   15.264  0.004    3  1 
  51318.0331   15.271  0.005    3  1 
  51318.0898   15.309  0.005    3  1 
  51318.1183   15.323  0.005    3  1 
  51318.9811   15.391  0.004    3  1 
  51319.0058   15.347  0.004    3  1 
  51319.0315   15.179  0.004    3  1 
  51319.0717   14.774  0.003    3  1 
  51319.0961   14.653  0.003    3  1 
  51320.0968   14.912  0.003    3  1 
  51320.1175   14.955  0.003    3  1 
  51320.9771   15.069  0.003    3  1 
  51320.9998   15.117  0.003    3  1 
  51321.0212   15.164  0.003    3  1 
  51321.0434   15.200  0.003    3  1 
  51321.0658   15.221  0.003    3  1 
  51321.0965   15.256  0.003    3  1 
  51321.1252   15.284  0.004    3  1 
  51333.0403   15.278  0.004    3  1 
  51333.1062   14.689  0.003    3  1 
  51334.9989   15.088  0.003    3  1 
  51335.0432   15.176  0.004    3  1 
  51335.0972   15.252  0.004    3  1 
  51335.1083   15.248  0.004    3  1 
  51336.0103   15.315  0.004    3  1 
  51336.0508   15.368  0.004    3  1 
  51336.0891   15.426  0.005    3  1 
  51338.0075   14.923  0.004    3  1 
  51338.9740   15.203  0.003    3  1 
  51339.0046   15.237  0.004    3  1 
  51339.0385   15.252  0.004    3  1 
  51339.0685   15.269  0.004    3  1 
  51339.1006   15.302  0.004    3  1 
  51339.1280   15.328  0.004    3  1 
  51339.9665   15.381  0.004    3  1 
  51339.9935   15.396  0.004    3  1 
  51340.0189   15.396  0.004    3  1 
  51340.0441   15.319  0.004    3  1 
  51340.0753   14.995  0.004    3  1 
  51340.1041   14.782  0.004    3  1 
  51345.0430   14.959  0.003    3  1 
  51345.0736   15.025  0.003    3  1 
  51345.9747   15.184  0.004    3  1 
  51346.0101   15.228  0.004    3  1 
  51346.0388   15.231  0.004    3  1 
  51346.0670   15.246  0.004    3  1 
  51347.0317   15.411  0.004    3  1 
  51347.0645   15.258  0.004    3  1 
  51347.0896   14.963  0.003    3  1 
  51347.9638   14.586  0.003    3  1 
  51348.0146   14.670  0.003    3  1 
  51348.9591   14.999  0.004    3  1 
  51349.0243   15.100  0.003    3  1 
  51349.9679   15.238  0.003    3  1 
  51364.9721   15.351  0.004    3  1 
  51380.9890   15.160  0.003    3  1 
  51381.9751   15.343  0.004    3  1 
  51382.9716   14.666  0.003    3  1 
  51383.9680   14.921  0.003    3  1 
  51384.9688   15.241  0.003    3  1 
  51385.9645   15.437  0.004    3  1 
  51386.9859   14.700  0.003    3  1 
  51388.9699   15.298  0.004    3  1 
  51389.9715   14.749  0.003    3  1 
  51390.9663   14.902  0.003    3  1 
  51391.9664   15.223  0.003    3  1 
  51672.0213   14.635  0.003    3  1 
  51674.0796   15.294  0.005    3  1 
  51674.9989   15.432  0.005    3  1 
  51675.0396   15.335  0.004    3  1 
  51693.0053   14.820  0.003    3  1 
  51694.0012   14.850  0.003    3  1 
  51695.0214   15.237  0.003    3  1 
  51765.9863   15.277  0.004    3  1 
  51766.0153   15.296  0.005    3  1 
 56468.97641   12.828  0.027   -1  1 
 56469.04707   12.909  0.026   -1  1 
 56469.10896   12.935  0.024   -1  1 
 56469.17285   12.970  0.009   -1  1 
 56471.00364   13.033  0.016   -1  1 
 56471.06640   12.885  0.008   -1  1 
 56471.12490   12.873  0.008   -1  1 
 56471.18188   12.855  0.006   -1  1 
 56471.96759   12.928  0.023   -1  1 
 56472.03374   12.788  0.019   -1  1 
 56472.09484   13.449  0.032   -1  1 
 56472.15243   12.995  0.012   -1  1 
 56468.95296   12.856  0.028   -2  1 
 56469.02441   12.834  0.014   -2  1 
 56469.08813   12.820  0.017   -2  1 
 56469.15134   12.772  0.021   -2  1 
 56471.02588   12.859  0.017   -2  1 
 56471.08671   12.800  0.013   -2  1 
 56471.14302   12.888  0.017   -2  1 
 56471.94704   12.799  0.022   -2  1 
 56472.01085   12.764  0.014   -2  1 
 56472.07480   12.692  0.022   -2  1 
 56472.13240   12.836  0.011   -2  1 
 56472.19216   12.866  0.013   -2  1 
 56469.00041   13.200  0.012   -5  1 
 56469.06767   13.278  0.013   -5  1 
 56469.13003   13.302  0.010   -5  1 
 56469.19349   13.309  0.011   -5  1 
 56470.98130   13.246  0.008   -5  1 
 56471.04693   13.139  0.013   -5  1 
 56471.10523   13.138  0.005   -5  1 
 56471.16397   13.114  0.010   -5  1 
 56471.98857   13.369  0.032   -5  1 
 56472.05430   13.189  0.017   -5  1 
 56472.11383   13.207  0.021   -5  1 
 56472.17109   13.254  0.005   -5  1 
