  51216.3218   14.965  0.006    2  1 
  51216.3464   14.985  0.006    2  1 
  51216.3689   14.911  0.006    2  1 
  51216.3980   14.315  0.005    2  1 
  51217.3101   14.649  0.005    2  1 
  51217.3328   14.694  0.005    2  1 
  51217.3552   14.730  0.005    2  1 
  51217.3759   14.754  0.005    2  1 
  51217.3953   14.767  0.006    2  1 
  51218.2773   14.847  0.006    2  1 
  51218.3093   14.193  0.004    2  1 
  51218.3298   13.902  0.003    2  1 
  51218.3573   13.936  0.004    2  1 
  51218.3794   14.037  0.003    2  1 
  51219.3336   14.798  0.005    2  1 
  51219.3596   14.828  0.005    2  1 
  51219.3768   14.857  0.005    2  1 
  51220.2621   13.954  0.003    2  1 
  51220.2906   14.080  0.003    2  1 
  51220.3077   14.145  0.004    2  1 
  51220.3257   14.213  0.004    2  1 
  51220.3432   14.269  0.004    2  1 
  51220.3602   14.323  0.004    2  1 
  51220.3776   14.378  0.004    2  1 
  51221.2835   14.851  0.005    2  1 
  51221.3009   14.851  0.005    2  1 
  51221.3188   14.829  0.005    2  1 
  51221.3358   14.830  0.005    2  1 
  51221.3538   14.870  0.005    2  1 
  51221.3722   14.912  0.005    2  1 
  51283.2451   14.622  0.004    2  1 
  51283.2493   14.630  0.004    2  1 
  51283.2714   14.678  0.005    2  1 
  51283.2748   14.684  0.004    2  1 
  51283.2939   14.706  0.004    2  1 
  51283.2972   14.711  0.004    2  1 
  51283.3202   14.740  0.004    2  1 
  51283.3234   14.744  0.004    2  1 
  51283.3487   14.767  0.004    2  1 
  51283.3518   14.762  0.004    2  1 
  51283.3707   14.781  0.004    2  1 
  51283.3738   14.781  0.004    2  1 
  51284.2195   14.882  0.005    2  1 
  51284.2229   14.836  0.005    2  1 
  51284.2413   14.433  0.004    2  1 
  51284.2443   14.349  0.004    2  1 
  51284.2617   14.052  0.003    2  1 
  51284.2942   13.881  0.003    2  1 
  51284.2973   13.890  0.003    2  1 
  51284.3168   13.986  0.003    2  1 
  51284.3211   14.002  0.003    2  1 
  51284.3464   14.108  0.003    2  1 
  51285.0513   14.364  0.003    2  1 
  51285.0543   14.373  0.003    2  1 
  51285.0739   14.428  0.004    2  1 
  51285.0778   14.443  0.004    2  1 
  51285.0975   14.492  0.004    2  1 
  51285.1006   14.510  0.004    2  1 
  51285.1324   14.585  0.004    2  1 
  51285.1360   14.596  0.004    2  1 
  51285.1558   14.636  0.004    2  1 
  51285.1588   14.641  0.004    2  1 
  51285.1796   14.679  0.004    2  1 
  51285.1830   14.687  0.004    2  1 
  51285.2125   14.726  0.004    2  1 
  51285.2157   14.728  0.004    2  1 
  51285.2426   14.756  0.005    2  1 
  51285.2630   14.774  0.005    2  1 
  51285.2998   14.816  0.005    2  1 
  51285.3348   14.847  0.004    2  1 
  51286.0461   14.901  0.004    2  1 
  51286.0493   14.900  0.004    2  1 
  51286.0716   14.958  0.005    2  1 
  51286.0753   14.962  0.005    2  1 
  51286.1026   14.976  0.005    2  1 
  51286.1061   14.971  0.005    2  1 
  51286.1365   14.631  0.004    2  1 
  51286.1398   14.542  0.004    2  1 
  51286.1608   14.110  0.004    2  1 
  51286.1639   14.057  0.003    2  1 
  51286.1669   14.014  0.003    2  1 
  51286.1875   13.869  0.003    2  1 
  51286.1908   13.878  0.003    2  1 
  51286.2255   14.018  0.003    2  1 
  51286.2285   14.034  0.003    2  1 
  51286.2476   14.150  0.004    2  1 
  51286.2508   14.128  0.003    2  1 
  51286.2697   14.196  0.003    2  1 
  51286.2727   14.206  0.003    2  1 
  51286.3022   14.307  0.003    2  1 
  51286.3055   14.312  0.004    2  1 
  51286.3218   14.369  0.004    2  1 
  51286.3250   14.382  0.004    2  1 
  51286.3450   14.438  0.004    2  1 
  51286.3481   14.448  0.004    2  1 
  51304.9873   14.860  0.005    2  1 
  51304.9926   14.853  0.004    2  1 
  51305.0328   14.828  0.005    2  1 
  51305.0362   14.822  0.005    2  1 
  51305.0559   14.858  0.005    2  1 
  51305.0599   14.868  0.005    2  1 
  51305.0890   14.950  0.005    2  1 
  51305.0922   14.954  0.005    2  1 
  51305.1269   14.986  0.006    2  1 
  51305.1509   14.804  0.006    2  1 
  51305.1853   14.093  0.003    2  1 
  51305.1885   14.027  0.004    2  1 
  51305.2098   13.876  0.003    2  1 
  51305.2128   13.884  0.003    2  1 
  51305.2431   13.996  0.003    2  1 
  51305.2461   14.008  0.003    2  1 
  51305.2704   14.102  0.004    2  1 
  51305.2734   14.129  0.003    2  1 
  51305.2995   14.217  0.004    2  1 
  51305.9857   14.394  0.003    2  1 
  51305.9885   14.405  0.003    2  1 
  51305.9912   14.410  0.003    2  1 
  51306.0256   14.507  0.003    2  1 
  51306.0285   14.519  0.003    2  1 
  51306.0465   14.564  0.004    2  1 
  51306.0498   14.570  0.004    2  1 
  51306.0896   14.658  0.004    2  1 
  51306.0930   14.664  0.004    2  1 
  51306.1123   14.698  0.004    2  1 
  51306.1151   14.706  0.004    2  1 
  51306.1375   14.735  0.004    2  1 
  51306.1405   14.737  0.004    2  1 
  51306.1636   14.761  0.004    2  1 
  51306.1673   14.763  0.004    2  1 
  51306.1937   14.777  0.004    2  1 
  51306.1966   14.779  0.004    2  1 
  51306.2146   14.799  0.005    2  1 
  51306.2343   14.829  0.004    2  1 
  51306.2380   14.827  0.004    2  1 
  51306.2574   14.852  0.004    2  1 
  51306.2602   14.846  0.004    2  1 
  51306.2805   14.834  0.004    2  1 
  51306.2835   14.834  0.004    2  1 
  51306.3038   14.837  0.004    2  1 
  51306.3135   14.840  0.005    2  1 
  51306.3184   14.858  0.005    2  1 
  51307.0456   14.907  0.006    2  1 
  51307.0501   14.848  0.006    2  1 
  51307.0593   14.701  0.004    2  1 
  51307.0645   14.572  0.004    2  1 
  51307.0699   14.406  0.008    2  1 
  51307.0747   14.313  0.005    2  1 
  51308.0084   14.687  0.004    2  1 
  51308.0112   14.695  0.003    2  1 
  51308.0334   14.734  0.003    2  1 
  51308.0362   14.730  0.003    2  1 
  51308.0394   14.735  0.004    2  1 
  51308.0633   14.760  0.004    2  1 
  51308.0663   14.756  0.004    2  1 
  51308.0995   14.786  0.004    2  1 
  51308.1280   14.821  0.004    2  1 
  51308.1309   14.828  0.004    2  1 
  51310.0850   14.833  0.003    2  1 
  51310.0874   14.825  0.003    2  1 
  51310.0897   14.836  0.003    2  1 
  51310.1430   14.903  0.004    2  1 
  51310.1458   14.911  0.004    2  1 
  51310.1486   14.917  0.005    2  1 
  51311.0244   14.283  0.005    2  1 
  51311.0302   14.303  0.005    2  1 
  51311.0334   14.313  0.005    2  1 
  51311.0506   14.378  0.003    2  1 
  51311.0539   14.380  0.003    2  1 
  51311.0637   14.415  0.004    2  1 
  51311.0669   14.418  0.004    2  1 
  51311.0907   14.487  0.004    2  1 
  51311.0946   14.504  0.004    2  1 
  51311.1015   14.517  0.004    2  1 
  51311.1071   14.524  0.004    2  1 
  51311.1298   14.585  0.004    2  1 
  51311.1327   14.595  0.005    2  1 
  51311.1357   14.600  0.005    2  1 
  51311.1398   14.611  0.004    2  1 
  51311.1447   14.625  0.005    2  1 
  51311.9726   14.852  0.006    2  1 
  51311.9755   14.859  0.005    2  1 
  51312.0020   14.838  0.005    2  1 
  51312.0049   14.837  0.005    2  1 
  51312.0255   14.859  0.005    2  1 
  51312.0284   14.863  0.005    2  1 
  51312.0314   14.874  0.004    2  1 
  51312.0584   14.941  0.004    2  1 
  51312.0611   14.952  0.004    2  1 
  51312.0638   14.951  0.004    2  1 
  51312.0903   14.986  0.004    2  1 
  51312.0955   14.992  0.004    2  1 
  51312.1146   14.926  0.004    2  1 
  51312.1173   14.905  0.004    2  1 
  51312.1200   14.879  0.004    2  1 
  51312.9860   14.467  0.003    2  1 
  51312.9887   14.474  0.003    2  1 
  51312.9913   14.484  0.003    2  1 
  51313.0096   14.533  0.004    2  1 
  51313.0123   14.542  0.004    2  1 
  51313.0149   14.546  0.003    2  1 
  51313.0333   14.594  0.004    2  1 
  51313.0360   14.609  0.004    2  1 
  51313.0386   14.609  0.004    2  1 
  51313.0413   14.609  0.004    2  1 
  51313.0595   14.650  0.004    2  1 
  51313.0622   14.655  0.004    2  1 
  51313.0648   14.664  0.004    2  1 
  51313.0911   14.706  0.004    2  1 
  51313.0937   14.709  0.004    2  1 
  51313.0964   14.716  0.004    2  1 
  51313.1146   14.738  0.004    2  1 
  51313.1172   14.740  0.004    2  1 
  51313.1199   14.742  0.004    2  1 
  51313.1226   14.747  0.004    2  1 
  51313.9843   14.982  0.005    2  1 
  51313.9872   14.984  0.005    2  1 
  51313.9901   14.984  0.005    2  1 
  51314.0178   14.931  0.005    2  1 
  51314.0207   14.897  0.005    2  1 
  51314.0236   14.865  0.005    2  1 
  51314.0432   14.457  0.004    2  1 
  51314.0461   14.379  0.004    2  1 
  51314.0490   14.326  0.004    2  1 
  51314.0772   13.913  0.003    2  1 
  51314.0802   13.897  0.003    2  1 
  51314.0831   13.887  0.003    2  1 
  51314.1030   13.922  0.003    2  1 
  51314.1059   13.930  0.003    2  1 
  51314.1088   13.949  0.003    2  1 
  51314.1289   14.040  0.003    2  1 
  51314.1333   14.057  0.004    2  1 
  51314.1363   14.065  0.004    2  1 
  51314.9827   14.691  0.004    2  1 
  51314.9856   14.698  0.004    2  1 
  51314.9885   14.700  0.004    2  1 
  51315.0015   14.723  0.004    2  1 
  51315.0043   14.724  0.004    2  1 
  51315.0069   14.729  0.004    2  1 
  51315.0251   14.742  0.004    2  1 
  51315.0277   14.745  0.004    2  1 
  51315.0304   14.752  0.004    2  1 
  51315.0516   14.765  0.004    2  1 
  51315.0542   14.765  0.004    2  1 
  51315.0780   14.793  0.004    2  1 
  51315.0807   14.787  0.004    2  1 
  51315.0833   14.799  0.004    2  1 
  51315.1015   14.826  0.004    2  1 
  51315.1041   14.829  0.004    2  1 
  51315.1068   14.835  0.004    2  1 
  51315.1290   14.862  0.005    2  1 
  51315.1319   14.863  0.005    2  1 
  51316.0194   13.994  0.003    2  1 
  51316.0221   14.000  0.003    2  1 
  51316.0247   14.020  0.003    2  1 
  51316.0431   14.094  0.003    2  1 
  51316.0458   14.102  0.003    2  1 
  51316.0485   14.110  0.003    2  1 
  51316.0667   14.180  0.003    2  1 
  51316.0693   14.187  0.003    2  1 
  51316.0720   14.197  0.003    2  1 
  51316.0905   14.255  0.003    2  1 
  51316.0934   14.269  0.003    2  1 
  51316.0963   14.278  0.003    2  1 
  51316.1148   14.342  0.003    2  1 
  51316.1175   14.343  0.003    2  1 
  51316.1201   14.361  0.003    2  1 
  51316.9647   14.767  0.004    2  1 
  51316.9676   14.774  0.005    2  1 
  51316.9705   14.777  0.005    2  1 
  51316.9896   14.803  0.004    2  1 
  51316.9923   14.800  0.004    2  1 
  51316.9949   14.805  0.004    2  1 
  51317.0088   14.831  0.005    2  1 
  51317.0117   14.826  0.005    2  1 
  51317.0321   14.849  0.006    2  1 
  51317.0351   14.863  0.005    2  1 
  51317.0391   14.858  0.005    2  1 
  51317.0602   14.833  0.005    2  1 
  51317.0631   14.830  0.005    2  1 
  51317.0660   14.816  0.005    2  1 
  51317.0858   14.831  0.005    2  1 
  51317.0887   14.845  0.005    2  1 
  51317.0916   14.838  0.005    2  1 
  51317.1111   14.887  0.005    2  1 
  51317.1140   14.901  0.005    2  1 
  51317.1169   14.905  0.005    2  1 
  51317.9657   14.156  0.004    2  1 
  51317.9685   14.164  0.004    2  1 
  51317.9883   14.237  0.004    2  1 
  51317.9912   14.253  0.004    2  1 
  51317.9941   14.260  0.003    2  1 
  51318.0135   14.327  0.004    2  1 
  51318.0164   14.339  0.004    2  1 
  51318.0194   14.348  0.004    2  1 
  51318.0413   14.412  0.004    2  1 
  51318.0445   14.421  0.005    2  1 
  51318.0477   14.429  0.004    2  1 
  51318.0697   14.500  0.005    2  1 
  51318.0730   14.513  0.005    2  1 
  51318.0762   14.519  0.005    2  1 
  51318.0981   14.583  0.006    2  1 
  51318.1014   14.588  0.005    2  1 
  51318.1046   14.596  0.006    2  1 
  51318.1265   14.645  0.006    2  1 
  51318.1298   14.645  0.006    2  1 
  51318.9642   14.822  0.004    2  1 
  51318.9680   14.826  0.005    2  1 
  51318.9708   14.820  0.004    2  1 
  51318.9737   14.817  0.004    2  1 
  51318.9929   14.834  0.004    2  1 
  51318.9956   14.842  0.004    2  1 
  51318.9983   14.846  0.005    2  1 
  51319.0180   14.898  0.005    2  1 
  51319.0209   14.899  0.005    2  1 
  51319.0238   14.903  0.005    2  1 
  51319.0443   14.962  0.005    2  1 
  51319.0474   14.961  0.005    2  1 
  51319.0505   14.969  0.006    2  1 
  51319.0793   14.971  0.005    2  1 
  51319.0820   14.956  0.004    2  1 
  51319.0847   14.944  0.004    2  1 
  51319.1030   14.774  0.004    2  1 
  51319.1084   14.661  0.004    2  1 
  51319.1110   14.589  0.004    2  1 
  51320.1030   14.752  0.003    2  1 
  51320.1053   14.752  0.003    2  1 
  51320.1076   14.757  0.003    2  1 
  51320.1238   14.775  0.003    2  1 
  51320.1261   14.772  0.003    2  1 
  51320.1284   14.776  0.004    2  1 
  51320.1450   14.788  0.004    2  1 
  51320.1477   14.785  0.004    2  1 
  51320.1503   14.796  0.004    2  1 
  51320.9635   14.982  0.005    2  1 
  51320.9664   14.988  0.005    2  1 
  51320.9693   14.984  0.005    2  1 
  51320.9887   14.939  0.004    2  1 
  51320.9911   14.919  0.004    2  1 
  51320.9936   14.908  0.004    2  1 
  51321.0102   14.666  0.003    2  1 
  51321.0126   14.605  0.003    2  1 
  51321.0150   14.542  0.003    2  1 
  51321.0318   14.193  0.003    2  1 
  51321.0344   14.154  0.003    2  1 
  51321.0369   14.104  0.003    2  1 
  51321.0543   13.892  0.002    2  1 
  51321.0568   13.890  0.002    2  1 
  51321.0594   13.881  0.002    2  1 
  51321.0847   13.956  0.003    2  1 
  51321.0873   13.971  0.003    2  1 
  51321.0898   13.979  0.003    2  1 
  51321.1133   14.077  0.003    2  1 
  51321.1159   14.090  0.003    2  1 
  51321.1186   14.100  0.003    2  1 
  51321.1339   14.159  0.003    2  1 
  51321.1365   14.173  0.003    2  1 
  51332.9696   14.909  0.007    2  1 
  51332.9739   14.916  0.007    2  1 
  51332.9891   14.947  0.006    2  1 
  51332.9928   14.967  0.007    2  1 
  51332.9965   14.976  0.007    2  1 
  51333.0083   14.988  0.006    2  1 
  51333.0120   14.993  0.006    2  1 
  51333.0226   14.991  0.006    2  1 
  51333.0264   14.984  0.006    2  1 
  51333.0514   14.800  0.006    2  1 
  51333.0552   14.723  0.007    2  1 
  51333.0742   14.275  0.005    2  1 
  51333.0779   14.222  0.005    2  1 
  51333.0907   14.002  0.004    2  1 
  51333.0945   13.952  0.004    2  1 
  51333.1178   13.896  0.003    2  1 
  51333.1221   13.911  0.004    2  1 
  51333.1335   13.950  0.004    2  1 
  51333.1529   14.042  0.004    2  1 
  51333.1565   14.051  0.004    2  1 
  51333.1716   14.117  0.004    2  1 
  51333.1752   14.138  0.004    2  1 
  51334.9871   14.109  0.003    2  1 
  51335.0175   13.893  0.003    2  1 
  51335.0204   13.907  0.003    2  1 
  51335.0301   13.938  0.003    2  1 
  51335.0334   13.953  0.003    2  1 
  51335.0517   14.034  0.004    2  1 
  51335.0552   14.042  0.004    2  1 
  51335.0692   14.098  0.004    2  1 
  51335.0727   14.117  0.004    2  1 
  51335.0833   14.150  0.004    2  1 
  51335.0867   14.171  0.004    2  1 
  51335.1133   14.257  0.004    2  1 
  51335.1167   14.264  0.004    2  1 
  51335.9535   14.755  0.006    2  1 
  51335.9726   14.769  0.005    2  1 
  51335.9768   14.770  0.005    2  1 
  51335.9997   14.785  0.005    2  1 
  51336.0027   14.789  0.005    2  1 
  51336.0203   14.809  0.005    2  1 
  51336.0357   14.833  0.005    2  1 
  51336.0388   14.841  0.005    2  1 
  51336.0593   14.854  0.005    2  1 
  51336.0629   14.852  0.006    2  1 
  51336.0769   14.840  0.005    2  1 
  51336.0803   14.831  0.006    2  1 
  51336.1025   14.825  0.005    2  1 
  51336.1059   14.830  0.005    2  1 
  51336.1206   14.847  0.006    2  1 
  51336.1240   14.861  0.006    2  1 
  51337.0101   14.239  0.004    2  1 
  51337.9904   14.830  0.006    2  1 
  51337.9940   14.826  0.006    2  1 
  51338.0162   14.851  0.006    2  1 
  51338.0196   14.854  0.006    2  1 
  51338.0339   14.881  0.006    2  1 
  51338.0376   14.902  0.007    2  1 
  51338.9901   14.478  0.004    2  1 
  51338.9938   14.495  0.004    2  1 
  51339.0226   14.579  0.005    2  1 
  51339.0269   14.580  0.005    2  1 
  51339.0867   14.716  0.007    2  1 
  51339.0905   14.715  0.006    2  1 
  51339.1139   14.743  0.005    2  1 
  51339.1177   14.744  0.005    2  1 
  51339.1448   14.770  0.005    2  1 
  51339.1482   14.768  0.005    2  1 
  51339.9766   14.973  0.005    2  1 
  51339.9795   14.981  0.005    2  1 
  51340.0044   14.970  0.005    2  1 
  51340.0078   14.954  0.005    2  1 
  51340.0274   14.782  0.005    2  1 
  51340.0306   14.727  0.005    2  1 
  51340.0540   14.211  0.004    2  1 
  51340.0572   14.160  0.004    2  1 
  51340.0857   13.875  0.003    2  1 
  51340.0892   13.883  0.003    2  1 
  51340.1152   13.986  0.004    2  1 
  51340.1197   14.000  0.004    2  1 
  51340.1229   14.010  0.003    2  1 
  51340.1263   14.029  0.003    2  1 
  51340.1404   14.085  0.004    2  1 
  51340.1437   14.104  0.004    2  1 
  51344.9924   14.838  0.004    2  1 
  51344.9958   14.849  0.004    2  1 
  51344.9988   14.851  0.004    2  1 
  51345.0216   14.917  0.005    2  1 
  51345.0255   14.920  0.006    2  1 
  51345.0302   14.941  0.005    2  1 
  51345.0553   14.991  0.005    2  1 
  51345.0603   14.988  0.005    2  1 
  51345.9856   14.540  0.005    2  1 
  51345.9896   14.552  0.005    2  1 
  51346.0219   14.628  0.005    2  1 
  51346.0264   14.637  0.005    2  1 
  51346.0486   14.688  0.005    2  1 
  51346.0523   14.685  0.005    2  1 
  51346.0791   14.730  0.005    2  1 
  51346.0826   14.731  0.004    2  1 
  51347.0416   13.985  0.003    2  1 
  51347.0453   13.951  0.002    2  1 
  51347.0743   13.913  0.003    2  1 
  51347.0777   13.929  0.003    2  1 
  51347.0990   14.020  0.003    2  1 
  51347.1022   14.037  0.002    2  1 
  51347.9769   14.727  0.005    2  1 
  51347.9802   14.731  0.005    2  1 
  51347.9834   14.736  0.005    2  1 
  51347.9983   14.753  0.005    2  1 
  51348.0028   14.754  0.005    2  1 
  51348.0063   14.753  0.004    2  1 
  51348.0242   14.775  0.005    2  1 
  51348.0274   14.773  0.005    2  1 
  51348.0943   14.846  0.006    2  1 
  51348.0983   14.853  0.007    2  1 
  51348.1018   14.857  0.006    2  1 
  51348.9650   13.894  0.003    2  1 
  51348.9853   13.964  0.003    2  1 
  51348.9883   13.965  0.003    2  1 
  51348.9912   13.990  0.003    2  1 
  51349.0316   14.150  0.003    2  1 
  51349.0346   14.158  0.003    2  1 
  51349.9815   14.831  0.004    2  1 
  51349.9851   14.839  0.004    2  1 
  51349.9973   14.855  0.005    2  1 
  51350.0033   14.854  0.005    2  1 
  51350.0066   14.851  0.005    2  1 
  51350.0164   14.851  0.005    2  1 
  51350.0197   14.852  0.005    2  1 
  51350.0296   14.835  0.005    2  1 
  51380.9973   14.762  0.004    2  1 
  51381.0004   14.765  0.004    2  1 
  51381.0031   14.761  0.004    2  1 
  51381.0187   14.781  0.004    2  1 
  51381.0214   14.786  0.004    2  1 
  51381.0242   14.787  0.004    2  1 
  51381.9830   14.056  0.003    2  1 
  51381.9859   14.057  0.003    2  1 
  51381.9888   14.076  0.004    2  1 
  51382.0000   14.125  0.003    2  1 
  51382.0029   14.138  0.003    2  1 
  51382.9793   14.856  0.006    2  1 
  51382.9826   14.852  0.005    2  1 
  51382.9857   14.854  0.005    2  1 
  51382.9965   14.843  0.005    2  1 
  51382.9995   14.826  0.006    2  1 
  51383.9746   14.377  0.003    2  1 
  51383.9773   14.384  0.003    2  1 
  51383.9799   14.392  0.003    2  1 
  51383.9899   14.414  0.004    2  1 
  51383.9926   14.423  0.003    2  1 
  51384.9777   14.929  0.004    2  1 
  51384.9802   14.934  0.004    2  1 
  51384.9896   14.960  0.004    2  1 
  51384.9921   14.956  0.004    2  1 
  51385.9711   14.619  0.003    2  1 
  51385.9763   14.631  0.003    2  1 
  51385.9857   14.651  0.004    2  1 
  51385.9884   14.657  0.004    2  1 
  51386.9965   13.913  0.003    2  1 
  51387.0003   13.894  0.003    2  1 
  51387.0041   13.880  0.003    2  1 
  51387.0216   13.909  0.003    2  1 
  51387.0254   13.921  0.003    2  1 
  51387.0293   13.935  0.003    2  1 
  51388.9801   14.139  0.004    2  1 
  51388.9834   14.156  0.004    2  1 
  51388.9866   14.170  0.004    2  1 
  51388.9984   14.207  0.004    2  1 
  51389.0017   14.214  0.004    2  1 
  51389.9783   14.837  0.004    2  1 
  51389.9809   14.832  0.004    2  1 
  51389.9836   14.830  0.004    2  1 
  51390.9729   14.441  0.003    2  1 
  51390.9756   14.449  0.003    2  1 
  51390.9783   14.455  0.003    2  1 
  51391.9728   14.969  0.004    2  1 
  51391.9754   14.971  0.004    2  1 
  51391.9779   14.977  0.004    2  1 
  51671.0871   13.885  0.003    2  1 
  51671.0917   13.899  0.003    2  1 
  51671.0952   13.909  0.003    2  1 
  51671.1189   14.004  0.003    2  1 
  51671.1232   14.032  0.003    2  1 
  51671.9996   14.720  0.004    2  1 
  51672.0039   14.727  0.004    2  1 
  51672.0350   14.761  0.004    2  1 
  51672.0382   14.754  0.004    2  1 
  51673.0232   14.013  0.002    2  1 
  51674.0574   14.829  0.006    2  1 
  51674.0620   14.833  0.007    2  1 
  51674.0938   14.857  0.006    2  1 
  51674.0985   14.865  0.006    2  1 
  51674.1159   14.912  0.006    2  1 
  51674.1223   14.927  0.005    2  1 
  51674.9763   14.218  0.004    2  1 
  51674.9824   14.241  0.005    2  1 
  51675.0212   14.365  0.005    2  1 
  51676.0163   14.901  0.005    2  1 
  51692.9816   14.773  0.005    2  1 
  51692.9854   14.775  0.005    2  1 
  51693.9780   14.142  0.003    2  1 
  51693.9814   14.155  0.003    2  1 
  51694.9914   14.811  0.004    2  1 
  51694.9946   14.829  0.005    2  1 
  51765.9974   14.836  0.005    2  1 
  51766.0012   14.837  0.005    2  1 
  51766.0048   14.827  0.005    2  1 
  51766.0266   14.839  0.005    2  1 
  51766.0301   14.839  0.005    2  1 
  51216.3408   15.592  0.005    3  1 
  51216.3634   15.521  0.005    3  1 
  51216.3905   14.949  0.004    3  1 
  51217.3019   15.159  0.004    3  1 
  51217.3494   15.282  0.004    3  1 
  51217.3710   15.318  0.004    3  1 
  51217.3906   15.347  0.004    3  1 
  51218.2854   15.189  0.004    3  1 
  51218.3156   14.335  0.003    3  1 
  51218.3347   14.088  0.002    3  1 
  51218.3653   14.201  0.002    3  1 
  51218.3848   14.315  0.002    3  1 
  51219.2918   15.351  0.004    3  1 
  51219.3100   15.355  0.004    3  1 
  51219.3296   15.383  0.004    3  1 
  51219.3536   15.420  0.004    3  1 
  51219.3723   15.448  0.004    3  1 
  51220.2720   14.241  0.002    3  1 
  51220.2946   14.377  0.002    3  1 
  51220.3117   14.470  0.003    3  1 
  51220.3299   14.560  0.003    3  1 
  51220.3473   14.638  0.003    3  1 
  51220.3643   14.726  0.003    3  1 
  51220.3816   14.794  0.003    3  1 
  51221.2763   15.465  0.004    3  1 
  51221.2964   15.472  0.004    3  1 
  51221.3145   15.410  0.004    3  1 
  51221.3496   15.436  0.004    3  1 
  51221.3673   15.481  0.004    3  1 
  51283.2546   15.170  0.003    3  1 
  51283.3008   15.289  0.004    3  1 
  51283.3322   15.324  0.004    3  1 
  51283.3553   15.355  0.004    3  1 
  51283.3773   15.382  0.004    3  1 
  51284.2134   15.505  0.004    3  1 
  51284.2375   14.988  0.003    3  1 
  51284.2581   14.434  0.002    3  1 
  51284.2875   14.114  0.002    3  1 
  51284.3124   14.228  0.002    3  1 
  51284.3383   14.396  0.002    3  1 
  51285.0451   14.751  0.003    3  1 
  51285.0691   14.851  0.003    3  1 
  51285.0932   14.956  0.003    3  1 
  51285.1257   15.071  0.003    3  1 
  51285.1514   15.142  0.003    3  1 
  51285.1754   15.222  0.003    3  1 
  51285.2060   15.283  0.003    3  1 
  51285.2321   15.309  0.003    3  1 
  51285.2586   15.331  0.004    3  1 
  51285.2928   15.395  0.004    3  1 
  51285.3257   15.461  0.004    3  1 
  51286.0670   15.563  0.004    3  1 
  51286.1302   15.269  0.003    3  1 
  51286.1560   14.524  0.002    3  1 
  51286.1833   14.118  0.002    3  1 
  51286.2193   14.233  0.002    3  1 
  51286.2434   14.367  0.002    3  1 
  51286.2655   14.492  0.002    3  1 
  51286.2958   14.657  0.002    3  1 
  51286.3291   14.818  0.003    3  1 
  51286.3521   14.933  0.003    3  1 
  51304.9838   15.487  0.004    3  1 
  51305.0251   15.402  0.005    3  1 
  51305.0718   15.499  0.005    3  1 
  51305.0961   15.573  0.004    3  1 
  51305.1465   15.381  0.005    3  1 
  51305.1755   14.616  0.003    3  1 
  51305.2054   14.144  0.003    3  1 
  51305.2345   14.228  0.002    3  1 
  51305.2666   14.410  0.003    3  1 
  51305.2880   14.514  0.003    3  1 
  51305.9773   14.789  0.002    3  1 
  51306.0428   15.040  0.003    3  1 
  51306.0809   15.164  0.004    3  1 
  51306.1330   15.279  0.004    3  1 
  51306.1578   15.319  0.004    3  1 
  51306.1875   15.320  0.004    3  1 
  51306.2101   15.374  0.004    3  1 
  51306.2771   15.440  0.004    3  1 
  51306.2972   15.404  0.004    3  1 
  51308.0025   15.243  0.003    3  1 
  51308.0600   15.342  0.003    3  1 
  51308.0919   15.331  0.003    3  1 
  51308.0958   15.367  0.003    3  1 
  51308.1244   15.402  0.004    3  1 
  51311.9792   15.383  0.004    3  1 
  51311.9983   15.404  0.005    3  1 
  51312.0087   15.407  0.004    3  1 
  51312.0350   15.466  0.004    3  1 
  51312.0550   15.542  0.004    3  1 
  51312.0672   15.568  0.004    3  1 
  51312.0870   15.612  0.004    3  1 
  51312.0988   15.580  0.004    3  1 
  51312.9828   14.929  0.003    3  1 
  51313.0063   15.010  0.003    3  1 
  51313.0300   15.098  0.003    3  1 
  51313.0562   15.175  0.003    3  1 
  51313.0838   15.239  0.003    3  1 
  51313.1113   15.303  0.004    3  1 
  51313.9807   15.604  0.005    3  1 
  51314.0143   15.519  0.004    3  1 
  51314.0397   15.016  0.003    3  1 
  51314.1124   14.230  0.002    3  1 
  51314.9752   15.239  0.004    3  1 
  51315.0102   15.309  0.004    3  1 
  51315.0336   15.344  0.004    3  1 
  51315.0747   15.356  0.004    3  1 
  51315.0982   15.376  0.004    3  1 
  51315.1216   15.438  0.004    3  1 
  51316.0399   14.345  0.002    3  1 
  51316.0634   14.486  0.002    3  1 
  51316.0869   14.603  0.003    3  1 
  51316.1115   14.720  0.003    3  1 
  51316.9740   15.361  0.004    3  1 
  51317.0052   15.364  0.004    3  1 
  51317.0282   15.347  0.004    3  1 
  51317.0566   15.415  0.004    3  1 
  51317.0822   15.389  0.004    3  1 
  51317.1075   15.446  0.004    3  1 
  51317.9847   14.608  0.003    3  1 
  51318.0099   14.724  0.003    3  1 
  51318.0374   14.865  0.003    3  1 
  51318.0942   14.996  0.001    3  1 
  51318.1226   15.124  0.004    3  1 
  51318.9772   15.395  0.004    3  1 
  51319.0019   15.424  0.005    3  1 
  51319.0274   15.513  0.004    3  1 
  51319.0757   15.575  0.004    3  1 
  51319.0997   15.362  0.004    3  1 
  51320.1000   15.311  0.003    3  1 
  51320.1208   15.304  0.003    3  1 
  51320.1417   15.364  0.004    3  1 
  51320.9728   15.599  0.004    3  1 
  51321.0180   14.872  0.003    3  1 
  51321.0400   14.315  0.002    3  1 
  51321.0624   14.101  0.002    3  1 
  51321.0930   14.267  0.002    3  1 
  51321.1217   14.397  0.002    3  1 
  51381.9793   14.330  0.002    3  1 
  51382.9755   15.367  0.004    3  1 
  51384.9721   15.611  0.003    3  1 
  51385.9679   15.142  0.003    3  1 
  51386.9917   14.205  0.002    3  1 
  51388.9755   14.452  0.003    3  1 
  51389.9750   15.410  0.003    3  1 
  51390.9697   14.992  0.003    3  1 
  51391.9697   15.590  0.003    3  1 
 56468.97641   13.314  0.065   -1  1 
 56469.04707   13.282  0.087   -1  1 
 56469.10896   13.421  0.092   -1  1 
 56469.17285   13.501  0.037   -1  1 
 56471.00364   13.218  0.046   -1  1 
 56471.06640   13.390  0.026   -1  1 
 56471.12490   13.297  0.026   -1  1 
 56471.18188   13.120  0.023   -1  1 
 56471.96759   13.105  0.063   -1  1 
 56472.03374   13.200  0.026   -1  1 
 56472.09484   13.071  0.023   -1  1 
 56472.15243   13.173  0.021   -1  1 
 56468.95296   12.951  0.038   -2  1 
 56469.02441   13.127  0.054   -2  1 
 56469.08813   13.192  0.041   -2  1 
 56469.15134   13.268  0.028   -2  1 
 56471.02588   13.304  0.044   -2  1 
 56471.08671   13.312  0.021   -2  1 
 56471.14302   13.162  0.017   -2  1 
 56471.94704   13.101  0.023   -2  1 
 56472.01085   13.153  0.042   -2  1 
 56472.07480   13.048  0.029   -2  1 
 56472.13240   13.121  0.012   -2  1 
 56472.19216   13.153  0.020   -2  1 
 56469.00041   13.552  0.030   -5  1 
 56469.06767   13.569  0.025   -5  1 
 56469.13003   13.604  0.023   -5  1 
 56469.19349   13.722  0.019   -5  1 
 56470.98130   13.573  0.017   -5  1 
 56471.04693   13.655  0.027   -5  1 
 56471.10523   13.675  0.017   -5  1 
 56471.16397   13.261  0.019   -5  1 
 56471.98857   13.372  0.024   -5  1 
 56472.05430   13.437  0.026   -5  1 
 56472.11383   13.426  0.017   -5  1 
 56472.17109   13.457  0.015   -5  1 
