  51216.3218   14.189  0.004    2  1 
  51216.3464   14.208  0.004    2  1 
  51216.3689   14.300  0.004    2  1 
  51216.3980   14.400  0.005    2  1 
  51217.3101   15.008  0.006    2  1 
  51217.3328   15.044  0.006    2  1 
  51217.3552   15.088  0.006    2  1 
  51217.3759   15.132  0.006    2  1 
  51217.3953   15.103  0.006    2  1 
  51218.2773   14.893  0.006    2  1 
  51218.3093   14.916  0.005    2  1 
  51218.3298   14.939  0.005    2  1 
  51218.3573   14.966  0.006    2  1 
  51218.3794   14.978  0.005    2  1 
  51219.3336   14.717  0.005    2  1 
  51219.3596   14.777  0.005    2  1 
  51219.3768   14.817  0.005    2  1 
  51220.2621   14.638  0.004    2  1 
  51220.2906   14.253  0.004    2  1 
  51220.3077   14.181  0.004    2  1 
  51220.3257   14.238  0.004    2  1 
  51220.3432   14.314  0.004    2  1 
  51220.3602   14.386  0.004    2  1 
  51220.3776   14.441  0.004    2  1 
  51221.2835   14.994  0.005    2  1 
  51221.3009   15.035  0.005    2  1 
  51221.3188   15.072  0.005    2  1 
  51221.3358   15.116  0.006    2  1 
  51221.3538   15.137  0.006    2  1 
  51221.3722   15.094  0.006    2  1 
  51283.2451   14.983  0.005    2  1 
  51283.2493   14.912  0.005    2  1 
  51283.2714   14.478  0.004    2  1 
  51283.2748   14.432  0.004    2  1 
  51283.2939   14.182  0.003    2  1 
  51283.2972   14.169  0.003    2  1 
  51283.3202   14.222  0.003    2  1 
  51283.3234   14.239  0.003    2  1 
  51283.3487   14.354  0.003    2  1 
  51283.3518   14.363  0.003    2  1 
  51283.3707   14.434  0.004    2  1 
  51283.3738   14.444  0.004    2  1 
  51284.2195   15.004  0.005    2  1 
  51284.2229   15.007  0.005    2  1 
  51284.2413   15.015  0.005    2  1 
  51284.2443   15.013  0.005    2  1 
  51284.2617   14.999  0.005    2  1 
  51284.2648   14.955  0.006    2  1 
  51284.2942   15.037  0.005    2  1 
  51284.2973   15.044  0.005    2  1 
  51284.3168   15.099  0.005    2  1 
  51284.3211   15.116  0.006    2  1 
  51284.3428   15.162  0.006    2  1 
  51284.3464   15.164  0.006    2  1 
  51285.0513   14.361  0.003    2  1 
  51285.0543   14.378  0.003    2  1 
  51285.0739   14.443  0.004    2  1 
  51285.0778   14.457  0.004    2  1 
  51285.0975   14.521  0.004    2  1 
  51285.1006   14.523  0.004    2  1 
  51285.1324   14.625  0.004    2  1 
  51285.1360   14.643  0.004    2  1 
  51285.1558   14.700  0.004    2  1 
  51285.1588   14.705  0.004    2  1 
  51285.1796   14.755  0.004    2  1 
  51285.1830   14.764  0.004    2  1 
  51285.2125   14.829  0.004    2  1 
  51285.2157   14.838  0.004    2  1 
  51285.2362   14.839  0.005    2  1 
  51285.2426   14.884  0.005    2  1 
  51285.2630   14.925  0.005    2  1 
  51285.2666   14.915  0.005    2  1 
  51285.2998   14.954  0.005    2  1 
  51285.3033   14.959  0.005    2  1 
  51285.3308   14.985  0.005    2  1 
  51285.3348   14.982  0.005    2  1 
  51285.3382   14.994  0.005    2  1 
  51286.0461   15.133  0.005    2  1 
  51286.0493   15.123  0.004    2  1 
  51286.0716   15.097  0.005    2  1 
  51286.0753   15.060  0.004    2  1 
  51286.1026   14.549  0.004    2  1 
  51286.1061   14.517  0.004    2  1 
  51286.1365   14.178  0.003    2  1 
  51286.1398   14.178  0.003    2  1 
  51286.1608   14.260  0.003    2  1 
  51286.1639   14.258  0.003    2  1 
  51286.1669   14.270  0.003    2  1 
  51286.1875   14.365  0.003    2  1 
  51286.1908   14.368  0.003    2  1 
  51286.2255   14.493  0.004    2  1 
  51286.2285   14.505  0.004    2  1 
  51286.2476   14.563  0.004    2  1 
  51286.2508   14.577  0.004    2  1 
  51286.2697   14.632  0.004    2  1 
  51286.2727   14.640  0.004    2  1 
  51286.3022   14.726  0.004    2  1 
  51286.3055   14.727  0.004    2  1 
  51286.3218   14.770  0.004    2  1 
  51286.3250   14.783  0.004    2  1 
  51286.3450   14.822  0.004    2  1 
  51286.3481   14.831  0.004    2  1 
  51304.9873   14.600  0.004    2  1 
  51304.9926   14.622  0.004    2  1 
  51305.0328   14.729  0.004    2  1 
  51305.0362   14.742  0.004    2  1 
  51305.0559   14.775  0.005    2  1 
  51305.0599   14.791  0.005    2  1 
  51305.0890   14.848  0.005    2  1 
  51305.0922   14.855  0.005    2  1 
  51305.1269   14.914  0.006    2  1 
  51305.1509   14.939  0.006    2  1 
  51305.1547   14.893  0.007    2  1 
  51305.1853   14.973  0.005    2  1 
  51305.1885   14.984  0.006    2  1 
  51305.2098   15.003  0.005    2  1 
  51305.2128   15.000  0.005    2  1 
  51305.2431   15.012  0.005    2  1 
  51305.2461   15.010  0.005    2  1 
  51305.2704   15.007  0.005    2  1 
  51305.2734   15.004  0.005    2  1 
  51305.2966   15.058  0.005    2  1 
  51305.2995   15.056  0.006    2  1 
  51305.9857   14.289  0.003    2  1 
  51305.9885   14.261  0.003    2  1 
  51305.9912   14.228  0.003    2  1 
  51306.0256   14.257  0.003    2  1 
  51306.0285   14.263  0.003    2  1 
  51306.0465   14.336  0.003    2  1 
  51306.0498   14.346  0.003    2  1 
  51306.0896   14.493  0.004    2  1 
  51306.0930   14.503  0.004    2  1 
  51306.1123   14.566  0.003    2  1 
  51306.1151   14.572  0.003    2  1 
  51306.1375   14.641  0.004    2  1 
  51306.1405   14.646  0.004    2  1 
  51306.1636   14.709  0.004    2  1 
  51306.1673   14.715  0.004    2  1 
  51306.1937   14.782  0.004    2  1 
  51306.1966   14.786  0.004    2  1 
  51306.2146   14.818  0.004    2  1 
  51306.2343   14.856  0.004    2  1 
  51306.2380   14.861  0.004    2  1 
  51306.2574   14.898  0.004    2  1 
  51306.2602   14.897  0.003    2  1 
  51306.2805   14.924  0.004    2  1 
  51306.2835   14.928  0.004    2  1 
  51306.3038   14.948  0.004    2  1 
  51306.3135   14.952  0.005    2  1 
  51306.3184   14.962  0.005    2  1 
  51307.0456   15.163  0.006    2  1 
  51307.0501   15.180  0.007    2  1 
  51307.0593   15.171  0.005    2  1 
  51307.0747   15.164  0.009    2  1 
  51308.0084   14.935  0.004    2  1 
  51308.0112   14.934  0.004    2  1 
  51308.0334   14.960  0.004    2  1 
  51308.0362   14.966  0.004    2  1 
  51308.0394   14.972  0.004    2  1 
  51308.0633   14.990  0.004    2  1 
  51308.0663   14.988  0.004    2  1 
  51308.0995   14.986  0.004    2  1 
  51308.1031   14.931  0.005    2  1 
  51308.1280   15.011  0.005    2  1 
  51308.1309   15.022  0.005    2  1 
  51310.0850   14.571  0.003    2  1 
  51310.0874   14.573  0.002    2  1 
  51310.0897   14.577  0.003    2  1 
  51310.0922   14.601  0.003    2  1 
  51310.1430   14.726  0.004    2  1 
  51310.1458   14.735  0.004    2  1 
  51310.1486   14.740  0.004    2  1 
  51311.0302   15.194  0.007    2  1 
  51311.0334   15.179  0.007    2  1 
  51311.0506   15.063  0.004    2  1 
  51311.0539   15.019  0.004    2  1 
  51311.0637   14.804  0.004    2  1 
  51311.0669   14.699  0.005    2  1 
  51311.0702   14.634  0.003    2  1 
  51311.0907   14.315  0.004    2  1 
  51311.0946   14.253  0.004    2  1 
  51311.0980   14.423  0.004    2  1 
  51311.1015   14.194  0.003    2  1 
  51311.1071   14.171  0.003    2  1 
  51311.1298   14.217  0.004    2  1 
  51311.1327   14.226  0.004    2  1 
  51311.1357   14.233  0.004    2  1 
  51311.1398   14.261  0.004    2  1 
  51311.1447   14.274  0.004    2  1 
  51311.9726   14.973  0.006    2  1 
  51311.9755   14.973  0.006    2  1 
  51312.0020   14.973  0.005    2  1 
  51312.0049   14.980  0.005    2  1 
  51312.0255   14.993  0.005    2  1 
  51312.0284   14.987  0.005    2  1 
  51312.0314   14.986  0.004    2  1 
  51312.0584   14.994  0.004    2  1 
  51312.0611   14.993  0.004    2  1 
  51312.0638   14.991  0.004    2  1 
  51312.0903   14.995  0.004    2  1 
  51312.0955   15.015  0.004    2  1 
  51312.1146   15.051  0.004    2  1 
  51312.1173   15.063  0.004    2  1 
  51312.1200   15.065  0.004    2  1 
  51312.9860   14.744  0.003    2  1 
  51312.9887   14.747  0.003    2  1 
  51312.9913   14.750  0.004    2  1 
  51313.0096   14.798  0.004    2  1 
  51313.0123   14.810  0.004    2  1 
  51313.0149   14.804  0.004    2  1 
  51313.0333   14.851  0.004    2  1 
  51313.0360   14.853  0.004    2  1 
  51313.0386   14.854  0.004    2  1 
  51313.0413   14.852  0.004    2  1 
  51313.0595   14.881  0.004    2  1 
  51313.0622   14.895  0.004    2  1 
  51313.0648   14.897  0.004    2  1 
  51313.0911   14.928  0.004    2  1 
  51313.0937   14.924  0.004    2  1 
  51313.0964   14.926  0.004    2  1 
  51313.1146   14.945  0.004    2  1 
  51313.1172   14.946  0.004    2  1 
  51313.1199   14.957  0.004    2  1 
  51313.1226   14.953  0.004    2  1 
  51313.9843   14.301  0.003    2  1 
  51313.9872   14.313  0.003    2  1 
  51313.9901   14.327  0.004    2  1 
  51314.0178   14.432  0.004    2  1 
  51314.0207   14.441  0.004    2  1 
  51314.0236   14.453  0.004    2  1 
  51314.0432   14.517  0.004    2  1 
  51314.0461   14.531  0.004    2  1 
  51314.0490   14.538  0.004    2  1 
  51314.0772   14.621  0.004    2  1 
  51314.0802   14.632  0.004    2  1 
  51314.0831   14.636  0.004    2  1 
  51314.1030   14.698  0.005    2  1 
  51314.1059   14.706  0.005    2  1 
  51314.1088   14.719  0.005    2  1 
  51314.1289   14.759  0.005    2  1 
  51314.1333   14.779  0.005    2  1 
  51314.1363   14.779  0.005    2  1 
  51314.9827   15.119  0.005    2  1 
  51314.9856   15.129  0.005    2  1 
  51314.9885   15.132  0.005    2  1 
  51315.0015   15.140  0.005    2  1 
  51315.0043   15.150  0.005    2  1 
  51315.0069   15.137  0.005    2  1 
  51315.0251   15.017  0.004    2  1 
  51315.0277   14.979  0.004    2  1 
  51315.0304   14.922  0.004    2  1 
  51315.0489   14.588  0.004    2  1 
  51315.0516   14.508  0.003    2  1 
  51315.0542   14.480  0.003    2  1 
  51315.0780   14.169  0.003    2  1 
  51315.0807   14.173  0.003    2  1 
  51315.0833   14.168  0.003    2  1 
  51315.1015   14.217  0.003    2  1 
  51315.1041   14.228  0.003    2  1 
  51315.1068   14.240  0.003    2  1 
  51315.1290   14.332  0.004    2  1 
  51315.1319   14.331  0.004    2  1 
  51316.0194   14.996  0.004    2  1 
  51316.0221   14.998  0.004    2  1 
  51316.0247   14.992  0.004    2  1 
  51316.0431   14.984  0.004    2  1 
  51316.0458   14.986  0.004    2  1 
  51316.0485   14.996  0.004    2  1 
  51316.0667   15.018  0.005    2  1 
  51316.0693   15.027  0.005    2  1 
  51316.0720   15.020  0.004    2  1 
  51316.0905   15.062  0.005    2  1 
  51316.0934   15.066  0.005    2  1 
  51316.0963   15.068  0.005    2  1 
  51316.1148   15.114  0.004    2  1 
  51316.1175   15.117  0.004    2  1 
  51316.1201   15.133  0.005    2  1 
  51316.9647   14.760  0.004    2  1 
  51316.9676   14.767  0.005    2  1 
  51316.9705   14.781  0.005    2  1 
  51316.9896   14.815  0.004    2  1 
  51316.9923   14.826  0.004    2  1 
  51316.9949   14.825  0.004    2  1 
  51317.0088   14.857  0.005    2  1 
  51317.0117   14.860  0.005    2  1 
  51317.0321   14.897  0.006    2  1 
  51317.0351   14.895  0.005    2  1 
  51317.0391   14.906  0.005    2  1 
  51317.0602   14.933  0.005    2  1 
  51317.0631   14.920  0.005    2  1 
  51317.0660   14.926  0.005    2  1 
  51317.0858   14.950  0.005    2  1 
  51317.0887   14.960  0.005    2  1 
  51317.0916   14.952  0.005    2  1 
  51317.1111   14.971  0.005    2  1 
  51317.1140   14.988  0.005    2  1 
  51317.1169   14.991  0.005    2  1 
  51317.9628   14.279  0.004    2  1 
  51317.9657   14.319  0.004    2  1 
  51317.9685   14.339  0.004    2  1 
  51317.9883   14.425  0.004    2  1 
  51317.9912   14.437  0.004    2  1 
  51317.9941   14.452  0.004    2  1 
  51318.0135   14.514  0.004    2  1 
  51318.0164   14.516  0.005    2  1 
  51318.0194   14.524  0.005    2  1 
  51318.0413   14.600  0.005    2  1 
  51318.0445   14.600  0.005    2  1 
  51318.0477   14.619  0.005    2  1 
  51318.0697   14.679  0.005    2  1 
  51318.0730   14.689  0.006    2  1 
  51318.0762   14.694  0.006    2  1 
  51318.0981   14.764  0.006    2  1 
  51318.1014   14.761  0.006    2  1 
  51318.1046   14.782  0.007    2  1 
  51318.1265   14.837  0.007    2  1 
  51318.1298   14.846  0.007    2  1 
  51318.9642   15.135  0.004    2  1 
  51318.9680   15.145  0.006    2  1 
  51318.9708   15.145  0.005    2  1 
  51318.9737   15.146  0.005    2  1 
  51318.9929   15.084  0.005    2  1 
  51318.9956   15.069  0.005    2  1 
  51318.9983   15.018  0.005    2  1 
  51319.0180   14.569  0.005    2  1 
  51319.0209   14.541  0.004    2  1 
  51319.0238   14.525  0.004    2  1 
  51319.0443   14.218  0.004    2  1 
  51319.0474   14.197  0.004    2  1 
  51319.0505   14.175  0.004    2  1 
  51319.0793   14.247  0.003    2  1 
  51319.0820   14.256  0.003    2  1 
  51319.0847   14.268  0.003    2  1 
  51319.1030   14.338  0.003    2  1 
  51319.1084   14.368  0.003    2  1 
  51319.1110   14.375  0.003    2  1 
  51320.1030   15.125  0.004    2  1 
  51320.1053   15.141  0.004    2  1 
  51320.1076   15.142  0.004    2  1 
  51320.1238   15.096  0.004    2  1 
  51320.1261   15.089  0.004    2  1 
  51320.1284   15.059  0.004    2  1 
  51320.1450   14.774  0.004    2  1 
  51320.1477   14.697  0.004    2  1 
  51320.1503   14.619  0.004    2  1 
  51320.9635   14.812  0.004    2  1 
  51320.9664   14.828  0.004    2  1 
  51320.9693   14.826  0.004    2  1 
  51320.9887   14.862  0.003    2  1 
  51320.9911   14.869  0.003    2  1 
  51320.9936   14.863  0.003    2  1 
  51321.0102   14.890  0.003    2  1 
  51321.0126   14.895  0.003    2  1 
  51321.0150   14.899  0.003    2  1 
  51321.0318   14.921  0.004    2  1 
  51321.0344   14.919  0.004    2  1 
  51321.0369   14.927  0.004    2  1 
  51321.0543   14.947  0.004    2  1 
  51321.0568   14.946  0.004    2  1 
  51321.0594   14.943  0.004    2  1 
  51321.0847   14.967  0.004    2  1 
  51321.0873   14.976  0.004    2  1 
  51321.0898   14.980  0.004    2  1 
  51321.1133   15.001  0.004    2  1 
  51321.1159   14.997  0.004    2  1 
  51321.1186   14.998  0.004    2  1 
  51321.1339   15.004  0.004    2  1 
  51321.1365   14.995  0.004    2  1 
  51332.9696   14.951  0.007    2  1 
  51332.9739   14.959  0.007    2  1 
  51332.9891   14.947  0.006    2  1 
  51332.9928   14.968  0.007    2  1 
  51332.9965   14.976  0.007    2  1 
  51333.0083   14.978  0.006    2  1 
  51333.0120   14.979  0.006    2  1 
  51333.0226   14.996  0.006    2  1 
  51333.0264   14.991  0.006    2  1 
  51333.0514   15.015  0.006    2  1 
  51333.0552   15.024  0.007    2  1 
  51333.0742   14.991  0.006    2  1 
  51333.0779   15.001  0.007    2  1 
  51333.0907   15.001  0.006    2  1 
  51333.0945   15.007  0.006    2  1 
  51333.1178   15.064  0.006    2  1 
  51333.1221   15.076  0.006    2  1 
  51333.1335   15.120  0.007    2  1 
  51333.1529   15.152  0.007    2  1 
  51333.1565   15.160  0.007    2  1 
  51333.1716   15.142  0.007    2  1 
  51333.1752   15.119  0.007    2  1 
  51334.9871   14.317  0.003    2  1 
  51335.0175   14.433  0.004    2  1 
  51335.0204   14.445  0.004    2  1 
  51335.0301   14.475  0.004    2  1 
  51335.0334   14.486  0.004    2  1 
  51335.0517   14.544  0.004    2  1 
  51335.0552   14.557  0.005    2  1 
  51335.0692   14.596  0.005    2  1 
  51335.0727   14.608  0.005    2  1 
  51335.0833   14.642  0.005    2  1 
  51335.0867   14.649  0.005    2  1 
  51335.1133   14.727  0.005    2  1 
  51335.1167   14.731  0.005    2  1 
  51335.9535   15.065  0.006    2  1 
  51335.9726   15.113  0.006    2  1 
  51335.9768   15.120  0.006    2  1 
  51335.9997   15.140  0.005    2  1 
  51336.0027   15.142  0.005    2  1 
  51336.0203   15.061  0.005    2  1 
  51336.0236   14.877  0.005    2  1 
  51336.0357   14.794  0.005    2  1 
  51336.0388   14.699  0.005    2  1 
  51336.0593   14.380  0.004    2  1 
  51336.0629   14.312  0.004    2  1 
  51336.0769   14.165  0.004    2  1 
  51336.0803   14.149  0.004    2  1 
  51336.1025   14.224  0.004    2  1 
  51336.1059   14.239  0.004    2  1 
  51336.1206   14.295  0.004    2  1 
  51336.1240   14.315  0.004    2  1 
  51337.0101   15.059  0.007    2  1 
  51337.9904   14.816  0.006    2  1 
  51337.9940   14.823  0.006    2  1 
  51338.0162   14.862  0.005    2  1 
  51338.0196   14.874  0.006    2  1 
  51338.0339   14.898  0.006    2  1 
  51338.0376   14.920  0.007    2  1 
  51338.9901   14.431  0.004    2  1 
  51338.9938   14.453  0.004    2  1 
  51339.0226   14.534  0.005    2  1 
  51339.0269   14.549  0.005    2  1 
  51339.0867   14.737  0.007    2  1 
  51339.0905   14.745  0.006    2  1 
  51339.1139   14.789  0.005    2  1 
  51339.1177   14.801  0.005    2  1 
  51339.1448   14.855  0.005    2  1 
  51339.1482   14.862  0.005    2  1 
  51339.9766   15.141  0.005    2  1 
  51339.9795   15.136  0.005    2  1 
  51340.0044   14.892  0.004    2  1 
  51340.0078   14.807  0.004    2  1 
  51340.0274   14.458  0.004    2  1 
  51340.0306   14.406  0.004    2  1 
  51340.0540   14.160  0.004    2  1 
  51340.0572   14.156  0.004    2  1 
  51340.0857   14.257  0.004    2  1 
  51340.0892   14.282  0.004    2  1 
  51340.1152   14.387  0.004    2  1 
  51340.1197   14.406  0.004    2  1 
  51340.1229   14.416  0.004    2  1 
  51340.1263   14.428  0.004    2  1 
  51340.1404   14.476  0.004    2  1 
  51340.1437   14.489  0.004    2  1 
  51344.9924   14.985  0.004    2  1 
  51344.9958   15.000  0.004    2  1 
  51344.9988   14.988  0.004    2  1 
  51345.0216   15.031  0.005    2  1 
  51345.0255   15.045  0.006    2  1 
  51345.0302   15.058  0.005    2  1 
  51345.0553   15.137  0.006    2  1 
  51345.0603   15.124  0.005    2  1 
  51345.9856   14.907  0.006    2  1 
  51345.9896   14.898  0.006    2  1 
  51346.0219   14.935  0.006    2  1 
  51346.0264   14.941  0.005    2  1 
  51346.0486   14.967  0.005    2  1 
  51346.0523   14.965  0.005    2  1 
  51346.0791   14.989  0.005    2  1 
  51346.0826   14.994  0.005    2  1 
  51347.0416   14.745  0.005    2  1 
  51347.0453   14.761  0.004    2  1 
  51347.0743   14.820  0.004    2  1 
  51347.0777   14.829  0.004    2  1 
  51347.0990   14.868  0.004    2  1 
  51347.1022   14.874  0.003    2  1 
  51347.9769   14.406  0.004    2  1 
  51347.9802   14.337  0.004    2  1 
  51347.9834   14.283  0.004    2  1 
  51347.9983   14.163  0.004    2  1 
  51348.0028   14.164  0.003    2  1 
  51348.0063   14.170  0.003    2  1 
  51348.0242   14.237  0.004    2  1 
  51348.0274   14.248  0.004    2  1 
  51348.0943   14.502  0.005    2  1 
  51348.0983   14.515  0.006    2  1 
  51348.1018   14.527  0.005    2  1 
  51348.9650   14.990  0.005    2  1 
  51348.9853   15.007  0.005    2  1 
  51348.9883   15.018  0.005    2  1 
  51348.9912   15.022  0.005    2  1 
  51349.0316   15.130  0.005    2  1 
  51349.0346   15.143  0.005    2  1 
  51349.9815   14.926  0.004    2  1 
  51349.9851   14.923  0.004    2  1 
  51349.9973   14.937  0.005    2  1 
  51350.0033   14.937  0.005    2  1 
  51350.0066   14.945  0.005    2  1 
  51350.0164   14.956  0.005    2  1 
  51350.0197   14.958  0.005    2  1 
  51350.0296   14.973  0.005    2  1 
  51380.9973   14.465  0.003    2  1 
  51381.0004   14.477  0.003    2  1 
  51381.0031   14.487  0.003    2  1 
  51381.0187   14.531  0.003    2  1 
  51381.0214   14.547  0.003    2  1 
  51381.0242   14.552  0.003    2  1 
  51381.9830   15.137  0.006    2  1 
  51381.9859   15.124  0.006    2  1 
  51381.9888   15.108  0.006    2  1 
  51382.0000   14.934  0.005    2  1 
  51382.0029   14.879  0.005    2  1 
  51382.9793   15.002  0.006    2  1 
  51382.9826   15.013  0.005    2  1 
  51382.9857   15.015  0.005    2  1 
  51382.9965   15.004  0.005    2  1 
  51382.9995   15.032  0.006    2  1 
  51383.9746   14.843  0.004    2  1 
  51383.9773   14.842  0.004    2  1 
  51383.9799   14.855  0.004    2  1 
  51383.9899   14.877  0.005    2  1 
  51383.9926   14.878  0.004    2  1 
  51384.9751   14.468  0.003    2  1 
  51384.9777   14.487  0.003    2  1 
  51384.9802   14.500  0.003    2  1 
  51384.9896   14.528  0.003    2  1 
  51384.9921   14.536  0.003    2  1 
  51385.9711   14.960  0.004    2  1 
  51385.9737   14.832  0.004    2  1 
  51385.9763   14.862  0.004    2  1 
  51385.9857   14.609  0.004    2  1 
  51385.9884   14.556  0.004    2  1 
  51386.9965   14.981  0.005    2  1 
  51387.0003   14.983  0.005    2  1 
  51387.0041   14.995  0.005    2  1 
  51387.0216   15.028  0.006    2  1 
  51387.0254   15.044  0.006    2  1 
  51387.0293   15.050  0.006    2  1 
  51388.9801   14.579  0.005    2  1 
  51388.9834   14.595  0.005    2  1 
  51388.9866   14.602  0.005    2  1 
  51388.9984   14.643  0.005    2  1 
  51389.0017   14.650  0.005    2  1 
  51389.9783   14.331  0.003    2  1 
  51389.9809   14.294  0.003    2  1 
  51389.9836   14.253  0.003    2  1 
  51390.9729   14.978  0.004    2  1 
  51390.9756   14.994  0.004    2  1 
  51390.9783   14.992  0.004    2  1 
  51391.9728   14.912  0.004    2  1 
  51391.9754   14.914  0.004    2  1 
  51391.9779   14.922  0.004    2  1 
  51671.0871   14.699  0.005    2  1 
  51671.0917   14.715  0.005    2  1 
  51671.0952   14.722  0.004    2  1 
  51671.1189   14.779  0.005    2  1 
  51671.1232   14.791  0.005    2  1 
  51671.9996   15.080  0.005    2  1 
  51672.0039   15.037  0.004    2  1 
  51672.0350   14.487  0.004    2  1 
  51672.0382   14.447  0.004    2  1 
  51673.0232   14.993  0.004    2  1 
  51674.0574   14.950  0.007    2  1 
  51674.0620   14.960  0.007    2  1 
  51674.0938   14.991  0.006    2  1 
  51674.0985   14.984  0.006    2  1 
  51674.1159   14.997  0.006    2  1 
  51674.1223   14.999  0.005    2  1 
  51674.9763   14.445  0.005    2  1 
  51674.9824   14.468  0.005    2  1 
  51675.0212   14.581  0.005    2  1 
  51676.0163   14.357  0.004    2  1 
  51692.9816   15.136  0.005    2  1 
  51692.9854   15.126  0.005    2  1 
  51693.9780   14.983  0.005    2  1 
  51693.9814   14.990  0.004    2  1 
  51694.9914   14.850  0.004    2  1 
  51694.9946   14.852  0.004    2  1 
  51765.9974   14.939  0.005    2  1 
  51766.0012   14.950  0.005    2  1 
  51766.0048   14.944  0.005    2  1 
  51766.0266   14.980  0.006    2  1 
  51766.0301   14.978  0.006    2  1 
  51216.3144   14.570  0.003    3  1 
  51216.3408   14.441  0.003    3  1 
  51216.3905   14.743  0.003    3  1 
  51217.3019   15.618  0.005    3  1 
  51217.3494   15.732  0.005    3  1 
  51217.3710   15.808  0.005    3  1 
  51217.3906   15.791  0.005    3  1 
  51218.2854   15.512  0.005    3  1 
  51218.3156   15.576  0.005    3  1 
  51218.3347   15.577  0.005    3  1 
  51218.3653   15.618  0.005    3  1 
  51218.3848   15.648  0.005    3  1 
  51219.2918   15.060  0.004    3  1 
  51219.3100   15.146  0.004    3  1 
  51219.3296   15.229  0.004    3  1 
  51219.3536   15.317  0.004    3  1 
  51219.3723   15.379  0.004    3  1 
  51220.2720   14.906  0.003    3  1 
  51220.2946   14.472  0.003    3  1 
  51220.3117   14.438  0.003    3  1 
  51220.3299   14.536  0.003    3  1 
  51220.3473   14.642  0.003    3  1 
  51220.3643   14.736  0.003    3  1 
  51220.3816   14.830  0.003    3  1 
  51221.2763   15.626  0.004    3  1 
  51221.2964   15.663  0.005    3  1 
  51221.3145   15.716  0.005    3  1 
  51221.3496   15.812  0.005    3  1 
  51221.3673   15.776  0.005    3  1 
  51283.2546   15.264  0.003    3  1 
  51283.2783   14.704  0.003    3  1 
  51283.3008   14.417  0.002    3  1 
  51283.3322   14.568  0.002    3  1 
  51283.3553   14.704  0.003    3  1 
  51283.3773   14.845  0.003    3  1 
  51284.2134   15.633  0.004    3  1 
  51284.2375   15.651  0.004    3  1 
  51284.2581   15.629  0.004    3  1 
  51284.2875   15.643  0.004    3  1 
  51284.3124   15.713  0.005    3  1 
  51284.3383   15.795  0.005    3  1 
  51285.0451   14.639  0.002    3  1 
  51285.0691   14.778  0.003    3  1 
  51285.0932   14.896  0.003    3  1 
  51285.1257   15.055  0.003    3  1 
  51285.1514   15.173  0.003    3  1 
  51285.1754   15.268  0.003    3  1 
  51285.2060   15.369  0.004    3  1 
  51285.2321   15.450  0.004    3  1 
  51285.2586   15.505  0.004    3  1 
  51285.2928   15.562  0.004    3  1 
  51285.3257   15.611  0.004    3  1 
  51286.0670   15.788  0.004    3  1 
  51286.0977   15.061  0.003    3  1 
  51286.1302   14.477  0.002    3  1 
  51286.1560   14.483  0.002    3  1 
  51286.1833   14.661  0.003    3  1 
  51286.2193   14.847  0.003    3  1 
  51286.2434   14.962  0.003    3  1 
  51286.2655   15.079  0.003    3  1 
  51286.2958   15.212  0.003    3  1 
  51286.3291   15.343  0.004    3  1 
  51286.3521   15.423  0.004    3  1 
  51304.9838   15.045  0.003    3  1 
  51305.0251   15.221  0.004    3  1 
  51305.0718   15.377  0.004    3  1 
  51305.0961   15.465  0.004    3  1 
  51305.1465   15.541  0.005    3  1 
  51305.1755   15.581  0.005    3  1 
  51305.2054   15.620  0.006    3  1 
  51305.2345   15.647  0.005    3  1 
  51305.2666   15.620  0.005    3  1 
  51305.2880   15.650  0.005    3  1 
  51305.9773   14.798  0.002    3  1 
  51306.0428   14.630  0.003    3  1 
  51306.0809   14.839  0.003    3  1 
  51306.1087   14.996  0.003    3  1 
  51306.1330   15.099  0.004    3  1 
  51306.1875   15.317  0.004    3  1 
  51306.2101   15.392  0.004    3  1 
  51306.2308   15.455  0.004    3  1 
  51306.2771   15.562  0.004    3  1 
  51306.2972   15.585  0.004    3  1 
  51308.0025   15.576  0.004    3  1 
  51308.0294   15.606  0.004    3  1 
  51308.0600   15.652  0.004    3  1 
  51308.0919   15.629  0.003    3  1 
  51308.0958   15.626  0.004    3  1 
  51308.1244   15.638  0.004    3  1 
  51310.1057   15.097  0.002    3  1 
  51310.1100   15.109  0.002    3  1 
  51310.1132   15.130  0.002    3  1 
  51311.9792   15.566  0.005    3  1 
  51311.9983   15.615  0.005    3  1 
  51312.0087   15.614  0.005    3  1 
  51312.0350   15.640  0.004    3  1 
  51312.0550   15.651  0.004    3  1 
  51312.0672   15.626  0.004    3  1 
  51312.0870   15.628  0.004    3  1 
  51312.0988   15.647  0.004    3  1 
  51312.9828   15.269  0.003    3  1 
  51313.0063   15.352  0.003    3  1 
  51313.0300   15.424  0.004    3  1 
  51313.0562   15.488  0.004    3  1 
  51313.0838   15.531  0.004    3  1 
  51313.1113   15.579  0.004    3  1 
  51313.9807   14.579  0.003    3  1 
  51314.0143   14.769  0.003    3  1 
  51314.0397   14.910  0.003    3  1 
  51314.1124   15.235  0.004    3  1 
  51314.9752   15.790  0.005    3  1 
  51315.0102   15.798  0.004    3  1 
  51315.0336   15.396  0.004    3  1 
  51315.0747   14.451  0.002    3  1 
  51315.0982   14.471  0.002    3  1 
  51315.1216   14.610  0.003    3  1 
  51316.0399   15.639  0.004    3  1 
  51316.0634   15.615  0.004    3  1 
  51316.0869   15.679  0.004    3  1 
  51316.1115   15.784  0.004    3  1 
  51316.9740   15.335  0.004    3  1 
  51317.0052   15.421  0.004    3  1 
  51317.0282   15.456  0.005    3  1 
  51317.0566   15.537  0.004    3  1 
  51317.0822   15.573  0.004    3  1 
  51317.1075   15.595  0.005    3  1 
  51317.9847   14.772  0.003    3  1 
  51318.0099   14.900  0.003    3  1 
  51318.0374   15.036  0.004    3  1 
  51318.1226   15.357  0.005    3  1 
  51318.9772   15.788  0.005    3  1 
  51319.0019   15.558  0.005    3  1 
  51319.0274   14.843  0.003    3  1 
  51319.0757   14.485  0.002    3  1 
  51319.0997   14.635  0.002    3  1 
  51320.1000   15.803  0.004    3  1 
  51320.1208   15.749  0.004    3  1 
  51320.1417   15.390  0.004    3  1 
  51320.9728   15.416  0.004    3  1 
  51320.9965   15.447  0.003    3  1 
  51321.0180   15.537  0.003    3  1 
  51321.0400   15.577  0.004    3  1 
  51321.0624   15.575  0.004    3  1 
  51321.0930   15.622  0.004    3  1 
  51321.1217   15.639  0.004    3  1 
  51380.9937   14.811  0.003    3  1 
  51381.9793   15.770  0.005    3  1 
  51382.9755   15.603  0.005    3  1 
  51383.9715   15.412  0.003    3  1 
  51385.9679   15.604  0.004    3  1 
  51386.9917   15.613  0.005    3  1 
  51388.9755   15.004  0.004    3  1 
  51389.9750   14.721  0.002    3  1 
  51693.9923   15.629  0.004    3  1 
  51695.0052   15.476  0.004    3  1 
 56468.97641   13.262  0.028   -1  1 
 56469.04707   13.333  0.025   -1  1 
 56469.10896   13.502  0.032   -1  1 
 56469.17285   13.353  0.011   -1  1 
 56471.00364   13.530  0.019   -1  1 
 56471.06640   13.550  0.010   -1  1 
 56471.12490   13.485  0.018   -1  1 
 56471.18188   13.276  0.010   -1  1 
 56471.96759   13.315  0.034   -1  1 
 56472.03374   13.435  0.028   -1  1 
 56472.09484   13.693  0.026   -1  1 
 56472.15243   13.444  0.016   -1  1 
 56468.95296   13.460  0.034   -2  1 
 56469.02441   13.406  0.024   -2  1 
 56469.08813   13.338  0.021   -2  1 
 56469.15134   13.233  0.021   -2  1 
 56471.02588   13.455  0.016   -2  1 
 56471.08671   13.500  0.011   -2  1 
 56471.14302   13.266  0.008   -2  1 
 56471.94704   13.281  0.014   -2  1 
 56472.01085   13.275  0.014   -2  1 
 56472.07480   13.304  0.017   -2  1 
 56472.13240   13.478  0.016   -2  1 
 56472.19216   13.467  0.009   -2  1 
 56469.00041   13.588  0.013   -5  1 
 56469.06767   13.582  0.009   -5  1 
 56469.13003   13.629  0.009   -5  1 
 56469.19349   13.657  0.017   -5  1 
 56470.98130   13.736  0.019   -5  1 
 56471.04693   13.831  0.014   -5  1 
 56471.10523   13.728  0.008   -5  1 
 56471.16397   13.445  0.013   -5  1 
 56471.98857   13.686  0.010   -5  1 
 56472.05430   13.684  0.018   -5  1 
 56472.11383   13.782  0.018   -5  1 
 56472.17109   13.847  0.010   -5  1 
