  51216.3218   14.270  0.004    2  1 
  51216.3464   14.210  0.004    2  1 
  51216.3689   14.162  0.004    2  1 
  51216.3980   14.137  0.004    2  1 
  51217.3101   14.224  0.004    2  1 
  51217.3328   14.171  0.004    2  1 
  51217.3552   14.139  0.004    2  1 
  51217.3759   14.129  0.004    2  1 
  51217.3953   14.144  0.004    2  1 
  51218.2773   14.226  0.004    2  1 
  51218.3093   14.167  0.004    2  1 
  51218.3298   14.138  0.004    2  1 
  51218.3573   14.146  0.004    2  1 
  51218.3794   14.175  0.004    2  1 
  51219.2978   14.174  0.004    2  1 
  51219.3149   14.174  0.004    2  1 
  51219.3336   14.140  0.004    2  1 
  51219.3596   14.188  0.004    2  1 
  51219.3768   14.231  0.004    2  1 
  51220.2621   14.150  0.004    2  1 
  51220.2906   14.139  0.003    2  1 
  51220.3077   14.154  0.004    2  1 
  51220.3257   14.185  0.004    2  1 
  51220.3432   14.229  0.004    2  1 
  51220.3602   14.276  0.004    2  1 
  51220.3776   14.322  0.004    2  1 
  51221.2835   14.156  0.004    2  1 
  51221.3009   14.190  0.004    2  1 
  51221.3188   14.239  0.004    2  1 
  51221.3358   14.284  0.004    2  1 
  51221.3538   14.336  0.004    2  1 
  51221.3722   14.384  0.004    2  1 
  51283.2451   14.315  0.003    2  1 
  51283.2493   14.312  0.004    2  1 
  51283.2714   14.284  0.004    2  1 
  51283.2748   14.272  0.003    2  1 
  51283.2939   14.232  0.003    2  1 
  51283.2972   14.224  0.003    2  1 
  51283.3202   14.180  0.003    2  1 
  51283.3234   14.176  0.003    2  1 
  51283.3487   14.142  0.003    2  1 
  51283.3518   14.134  0.003    2  1 
  51283.3707   14.141  0.003    2  1 
  51283.3738   14.147  0.003    2  1 
  51284.2195   14.318  0.004    2  1 
  51284.2229   14.321  0.004    2  1 
  51284.2413   14.295  0.003    2  1 
  51284.2443   14.288  0.003    2  1 
  51284.2617   14.248  0.003    2  1 
  51284.2648   14.245  0.003    2  1 
  51284.2942   14.183  0.003    2  1 
  51284.2973   14.178  0.003    2  1 
  51284.3168   14.147  0.003    2  1 
  51284.3211   14.144  0.003    2  1 
  51284.3428   14.142  0.004    2  1 
  51284.3464   14.142  0.003    2  1 
  51285.0513   14.539  0.004    2  1 
  51285.0543   14.541  0.004    2  1 
  51285.0739   14.541  0.004    2  1 
  51285.0778   14.538  0.004    2  1 
  51285.0975   14.524  0.004    2  1 
  51285.1006   14.518  0.004    2  1 
  51285.1324   14.442  0.004    2  1 
  51285.1360   14.427  0.004    2  1 
  51285.1558   14.355  0.003    2  1 
  51285.1588   14.353  0.003    2  1 
  51285.1796   14.319  0.003    2  1 
  51285.1830   14.321  0.003    2  1 
  51285.2125   14.295  0.003    2  1 
  51285.2157   14.283  0.003    2  1 
  51285.2362   14.237  0.004    2  1 
  51285.2426   14.219  0.003    2  1 
  51285.2630   14.183  0.004    2  1 
  51285.2666   14.176  0.004    2  1 
  51285.2998   14.133  0.003    2  1 
  51285.3033   14.131  0.003    2  1 
  51285.3308   14.153  0.003    2  1 
  51285.3348   14.165  0.003    2  1 
  51285.3382   14.173  0.003    2  1 
  51286.0461   14.537  0.004    2  1 
  51286.0493   14.533  0.003    2  1 
  51286.0716   14.512  0.004    2  1 
  51286.0753   14.502  0.004    2  1 
  51286.1026   14.441  0.003    2  1 
  51286.1061   14.427  0.003    2  1 
  51286.1365   14.351  0.003    2  1 
  51286.1398   14.340  0.003    2  1 
  51286.1608   14.318  0.003    2  1 
  51286.1639   14.321  0.003    2  1 
  51286.1669   14.312  0.003    2  1 
  51286.1875   14.277  0.003    2  1 
  51286.1908   14.272  0.003    2  1 
  51286.2255   14.200  0.003    2  1 
  51286.2285   14.194  0.003    2  1 
  51286.2476   14.158  0.003    2  1 
  51286.2508   14.159  0.003    2  1 
  51286.2697   14.143  0.003    2  1 
  51286.2727   14.142  0.003    2  1 
  51286.3022   14.159  0.003    2  1 
  51286.3055   14.169  0.003    2  1 
  51286.3218   14.200  0.003    2  1 
  51286.3250   14.209  0.003    2  1 
  51286.3450   14.257  0.003    2  1 
  51286.3481   14.270  0.003    2  1 
  51304.9873   14.532  0.004    2  1 
  51304.9926   14.524  0.004    2  1 
  51305.0328   14.425  0.004    2  1 
  51305.0362   14.411  0.004    2  1 
  51305.0559   14.350  0.004    2  1 
  51305.0599   14.340  0.004    2  1 
  51305.0890   14.320  0.004    2  1 
  51305.0922   14.320  0.004    2  1 
  51305.1235   14.249  0.004    2  1 
  51305.1269   14.240  0.004    2  1 
  51305.1509   14.182  0.004    2  1 
  51305.1547   14.178  0.004    2  1 
  51305.1853   14.139  0.003    2  1 
  51305.1885   14.139  0.004    2  1 
  51305.2098   14.148  0.003    2  1 
  51305.2128   14.148  0.003    2  1 
  51305.2431   14.205  0.003    2  1 
  51305.2461   14.209  0.003    2  1 
  51305.2704   14.270  0.004    2  1 
  51305.2734   14.280  0.004    2  1 
  51305.2966   14.339  0.004    2  1 
  51305.2995   14.353  0.004    2  1 
  51305.9857   14.470  0.003    2  1 
  51305.9885   14.457  0.003    2  1 
  51305.9912   14.459  0.003    2  1 
  51306.0256   14.350  0.003    2  1 
  51306.0285   14.339  0.003    2  1 
  51306.0465   14.314  0.003    2  1 
  51306.0498   14.315  0.003    2  1 
  51306.0896   14.259  0.003    2  1 
  51306.0930   14.254  0.003    2  1 
  51306.1123   14.212  0.003    2  1 
  51306.1151   14.209  0.003    2  1 
  51306.1375   14.168  0.003    2  1 
  51306.1405   14.169  0.003    2  1 
  51306.1636   14.153  0.003    2  1 
  51306.1673   14.154  0.003    2  1 
  51306.1937   14.163  0.003    2  1 
  51306.1966   14.172  0.003    2  1 
  51306.2146   14.201  0.003    2  1 
  51306.2178   14.208  0.003    2  1 
  51306.2343   14.247  0.003    2  1 
  51306.2380   14.254  0.003    2  1 
  51306.2574   14.310  0.003    2  1 
  51306.2602   14.320  0.003    2  1 
  51306.2805   14.370  0.003    2  1 
  51306.2835   14.379  0.003    2  1 
  51306.3009   14.417  0.003    2  1 
  51306.3038   14.425  0.003    2  1 
  51306.3135   14.441  0.004    2  1 
  51306.3184   14.452  0.004    2  1 
  51307.0456   14.300  0.004    2  1 
  51307.0501   14.292  0.004    2  1 
  51307.0593   14.269  0.003    2  1 
  51307.0645   14.261  0.003    2  1 
  51307.0699   14.245  0.007    2  1 
  51307.0747   14.233  0.005    2  1 
  51308.0084   14.317  0.003    2  1 
  51308.0112   14.306  0.003    2  1 
  51308.0334   14.265  0.003    2  1 
  51308.0362   14.260  0.003    2  1 
  51308.0394   14.250  0.003    2  1 
  51308.0633   14.201  0.003    2  1 
  51308.0663   14.198  0.003    2  1 
  51308.0995   14.147  0.003    2  1 
  51308.1031   14.143  0.003    2  1 
  51308.1280   14.155  0.003    2  1 
  51308.1309   14.155  0.003    2  1 
  51310.0850   14.175  0.002    2  1 
  51310.0874   14.183  0.002    2  1 
  51310.0897   14.177  0.002    2  1 
  51310.0922   14.190  0.002    2  1 
  51310.1430   14.317  0.003    2  1 
  51310.1458   14.329  0.003    2  1 
  51310.1486   14.330  0.003    2  1 
  51311.0244   14.129  0.004    2  1 
  51311.0302   14.132  0.004    2  1 
  51311.0334   14.137  0.004    2  1 
  51311.0506   14.160  0.002    2  1 
  51311.0539   14.163  0.002    2  1 
  51311.0637   14.182  0.003    2  1 
  51311.0669   14.193  0.004    2  1 
  51311.0702   14.200  0.003    2  1 
  51311.0907   14.251  0.004    2  1 
  51311.0946   14.267  0.004    2  1 
  51311.0980   14.273  0.003    2  1 
  51311.1015   14.280  0.003    2  1 
  51311.1071   14.300  0.003    2  1 
  51311.1298   14.360  0.004    2  1 
  51311.1327   14.370  0.004    2  1 
  51311.1357   14.378  0.004    2  1 
  51311.1398   14.390  0.004    2  1 
  51311.1447   14.403  0.004    2  1 
  51311.9726   14.163  0.004    2  1 
  51311.9755   14.147  0.004    2  1 
  51312.0020   14.144  0.003    2  1 
  51312.0049   14.152  0.003    2  1 
  51312.0255   14.175  0.003    2  1 
  51312.0284   14.181  0.003    2  1 
  51312.0314   14.187  0.003    2  1 
  51312.0584   14.250  0.003    2  1 
  51312.0611   14.261  0.003    2  1 
  51312.0638   14.266  0.003    2  1 
  51312.0903   14.335  0.003    2  1 
  51312.0929   14.343  0.003    2  1 
  51312.0955   14.348  0.003    2  1 
  51312.1146   14.401  0.003    2  1 
  51312.1173   14.405  0.003    2  1 
  51312.1200   14.410  0.003    2  1 
  51312.9860   14.148  0.003    2  1 
  51312.9887   14.162  0.003    2  1 
  51312.9913   14.161  0.003    2  1 
  51313.0096   14.200  0.003    2  1 
  51313.0123   14.205  0.003    2  1 
  51313.0149   14.211  0.003    2  1 
  51313.0333   14.258  0.003    2  1 
  51313.0360   14.271  0.003    2  1 
  51313.0386   14.274  0.003    2  1 
  51313.0413   14.285  0.003    2  1 
  51313.0595   14.335  0.003    2  1 
  51313.0622   14.340  0.003    2  1 
  51313.0648   14.347  0.003    2  1 
  51313.0911   14.414  0.003    2  1 
  51313.0937   14.418  0.003    2  1 
  51313.0964   14.426  0.003    2  1 
  51313.1146   14.457  0.003    2  1 
  51313.1172   14.462  0.003    2  1 
  51313.1199   14.472  0.003    2  1 
  51313.1226   14.474  0.003    2  1 
  51313.9843   14.211  0.003    2  1 
  51313.9872   14.220  0.003    2  1 
  51313.9901   14.228  0.003    2  1 
  51314.0178   14.298  0.004    2  1 
  51314.0207   14.312  0.004    2  1 
  51314.0236   14.317  0.003    2  1 
  51314.0432   14.373  0.004    2  1 
  51314.0461   14.372  0.004    2  1 
  51314.0490   14.387  0.004    2  1 
  51314.0772   14.448  0.004    2  1 
  51314.0802   14.450  0.004    2  1 
  51314.0831   14.455  0.004    2  1 
  51314.1030   14.497  0.004    2  1 
  51314.1059   14.492  0.004    2  1 
  51314.1088   14.483  0.004    2  1 
  51314.1289   14.522  0.004    2  1 
  51314.1333   14.531  0.004    2  1 
  51314.1363   14.529  0.004    2  1 
  51314.9827   14.284  0.003    2  1 
  51314.9856   14.295  0.003    2  1 
  51314.9885   14.297  0.003    2  1 
  51315.0015   14.333  0.003    2  1 
  51315.0043   14.346  0.003    2  1 
  51315.0069   14.354  0.003    2  1 
  51315.0251   14.401  0.003    2  1 
  51315.0277   14.406  0.003    2  1 
  51315.0304   14.412  0.003    2  1 
  51315.0489   14.453  0.003    2  1 
  51315.0516   14.448  0.003    2  1 
  51315.0542   14.461  0.003    2  1 
  51315.0780   14.496  0.003    2  1 
  51315.0807   14.496  0.003    2  1 
  51315.0833   14.504  0.003    2  1 
  51315.1015   14.527  0.004    2  1 
  51315.1041   14.530  0.004    2  1 
  51315.1068   14.529  0.004    2  1 
  51315.1290   14.550  0.004    2  1 
  51315.1319   14.554  0.004    2  1 
  51316.0194   14.462  0.003    2  1 
  51316.0221   14.456  0.003    2  1 
  51316.0247   14.459  0.003    2  1 
  51316.0431   14.491  0.003    2  1 
  51316.0458   14.490  0.003    2  1 
  51316.0485   14.497  0.003    2  1 
  51316.0667   14.520  0.004    2  1 
  51316.0693   14.520  0.004    2  1 
  51316.0720   14.524  0.003    2  1 
  51316.0905   14.543  0.004    2  1 
  51316.0934   14.539  0.004    2  1 
  51316.0963   14.536  0.004    2  1 
  51316.1148   14.547  0.003    2  1 
  51316.1175   14.543  0.003    2  1 
  51316.1201   14.543  0.003    2  1 
  51316.9647   14.399  0.003    2  1 
  51316.9676   14.404  0.004    2  1 
  51316.9705   14.413  0.004    2  1 
  51316.9896   14.450  0.003    2  1 
  51316.9923   14.461  0.003    2  1 
  51316.9949   14.462  0.003    2  1 
  51317.0088   14.487  0.004    2  1 
  51317.0117   14.487  0.004    2  1 
  51317.0321   14.518  0.005    2  1 
  51317.0351   14.522  0.004    2  1 
  51317.0391   14.521  0.004    2  1 
  51317.0602   14.545  0.004    2  1 
  51317.0631   14.540  0.004    2  1 
  51317.0660   14.539  0.004    2  1 
  51317.0858   14.545  0.004    2  1 
  51317.0887   14.549  0.004    2  1 
  51317.0916   14.540  0.004    2  1 
  51317.1111   14.534  0.004    2  1 
  51317.1140   14.537  0.004    2  1 
  51317.1169   14.532  0.004    2  1 
  51317.9628   14.460  0.004    2  1 
  51317.9657   14.466  0.004    2  1 
  51317.9685   14.472  0.004    2  1 
  51317.9883   14.502  0.004    2  1 
  51317.9912   14.504  0.004    2  1 
  51317.9941   14.505  0.004    2  1 
  51318.0135   14.528  0.004    2  1 
  51318.0164   14.541  0.005    2  1 
  51318.0194   14.533  0.005    2  1 
  51318.0413   14.549  0.005    2  1 
  51318.0445   14.555  0.005    2  1 
  51318.0477   14.548  0.005    2  1 
  51318.0697   14.542  0.005    2  1 
  51318.0730   14.550  0.005    2  1 
  51318.0762   14.547  0.005    2  1 
  51318.0981   14.521  0.005    2  1 
  51318.1014   14.511  0.005    2  1 
  51318.1046   14.510  0.005    2  1 
  51318.1265   14.450  0.005    2  1 
  51318.1298   14.434  0.005    2  1 
  51318.9642   14.504  0.003    2  1 
  51318.9680   14.511  0.004    2  1 
  51318.9708   14.515  0.004    2  1 
  51318.9737   14.518  0.004    2  1 
  51318.9929   14.533  0.004    2  1 
  51318.9956   14.536  0.004    2  1 
  51318.9983   14.534  0.004    2  1 
  51319.0180   14.556  0.004    2  1 
  51319.0209   14.546  0.004    2  1 
  51319.0238   14.547  0.004    2  1 
  51319.0443   14.538  0.004    2  1 
  51319.0474   14.539  0.004    2  1 
  51319.0505   14.531  0.004    2  1 
  51319.0793   14.484  0.004    2  1 
  51319.0820   14.480  0.003    2  1 
  51319.0847   14.473  0.003    2  1 
  51319.1030   14.423  0.004    2  1 
  51319.1084   14.401  0.003    2  1 
  51319.1110   14.391  0.003    2  1 
  51320.1030   14.339  0.002    2  1 
  51320.1053   14.330  0.002    2  1 
  51320.1076   14.328  0.003    2  1 
  51320.1238   14.317  0.003    2  1 
  51320.1261   14.318  0.003    2  1 
  51320.1284   14.309  0.003    2  1 
  51320.1450   14.285  0.003    2  1 
  51320.1477   14.278  0.003    2  1 
  51320.1503   14.274  0.003    2  1 
  51320.9635   14.549  0.004    2  1 
  51320.9664   14.547  0.004    2  1 
  51320.9693   14.546  0.004    2  1 
  51320.9887   14.535  0.003    2  1 
  51320.9911   14.530  0.003    2  1 
  51320.9936   14.531  0.003    2  1 
  51321.0102   14.512  0.003    2  1 
  51321.0126   14.511  0.003    2  1 
  51321.0150   14.505  0.003    2  1 
  51321.0318   14.456  0.003    2  1 
  51321.0344   14.454  0.003    2  1 
  51321.0369   14.447  0.003    2  1 
  51321.0543   14.388  0.003    2  1 
  51321.0568   14.377  0.003    2  1 
  51321.0594   14.370  0.003    2  1 
  51321.0847   14.312  0.003    2  1 
  51321.0873   14.318  0.003    2  1 
  51321.0898   14.311  0.003    2  1 
  51321.1133   14.292  0.003    2  1 
  51321.1159   14.294  0.003    2  1 
  51321.1186   14.287  0.003    2  1 
  51321.1339   14.251  0.003    2  1 
  51321.1365   14.248  0.003    2  1 
  51332.9696   14.376  0.005    2  1 
  51332.9739   14.392  0.005    2  1 
  51332.9891   14.421  0.004    2  1 
  51332.9928   14.432  0.005    2  1 
  51332.9965   14.441  0.005    2  1 
  51333.0083   14.464  0.005    2  1 
  51333.0120   14.467  0.004    2  1 
  51333.0226   14.481  0.005    2  1 
  51333.0264   14.488  0.004    2  1 
  51333.0514   14.527  0.005    2  1 
  51333.0552   14.526  0.006    2  1 
  51333.0742   14.537  0.005    2  1 
  51333.0779   14.542  0.005    2  1 
  51333.0907   14.548  0.005    2  1 
  51333.0945   14.544  0.005    2  1 
  51333.1178   14.539  0.005    2  1 
  51333.1221   14.541  0.005    2  1 
  51333.1335   14.530  0.005    2  1 
  51333.1369   14.527  0.005    2  1 
  51333.1529   14.491  0.005    2  1 
  51333.1565   14.484  0.005    2  1 
  51333.1716   14.440  0.005    2  1 
  51333.1752   14.426  0.005    2  1 
  51334.9841   14.516  0.004    2  1 
  51334.9871   14.515  0.004    2  1 
  51335.0175   14.543  0.004    2  1 
  51335.0204   14.547  0.004    2  1 
  51335.0301   14.546  0.004    2  1 
  51335.0334   14.549  0.004    2  1 
  51335.0517   14.544  0.004    2  1 
  51335.0552   14.552  0.005    2  1 
  51335.0692   14.537  0.005    2  1 
  51335.0727   14.534  0.004    2  1 
  51335.0833   14.517  0.005    2  1 
  51335.0867   14.508  0.004    2  1 
  51335.1133   14.434  0.004    2  1 
  51335.1167   14.421  0.004    2  1 
  51335.9535   14.515  0.005    2  1 
  51335.9726   14.530  0.004    2  1 
  51335.9768   14.535  0.004    2  1 
  51335.9997   14.547  0.004    2  1 
  51336.0027   14.547  0.004    2  1 
  51336.0203   14.546  0.004    2  1 
  51336.0236   14.542  0.004    2  1 
  51336.0357   14.543  0.004    2  1 
  51336.0388   14.534  0.004    2  1 
  51336.0593   14.498  0.004    2  1 
  51336.0629   14.492  0.004    2  1 
  51336.0769   14.453  0.004    2  1 
  51336.0803   14.441  0.004    2  1 
  51336.1025   14.360  0.004    2  1 
  51336.1059   14.349  0.004    2  1 
  51336.1206   14.320  0.004    2  1 
  51336.1240   14.317  0.004    2  1 
  51337.0101   14.550  0.005    2  1 
  51337.9904   14.515  0.005    2  1 
  51337.9940   14.509  0.005    2  1 
  51338.0162   14.449  0.004    2  1 
  51338.0196   14.440  0.004    2  1 
  51338.0339   14.393  0.005    2  1 
  51338.0376   14.379  0.005    2  1 
  51338.9901   14.453  0.004    2  1 
  51338.9938   14.437  0.004    2  1 
  51339.0226   14.349  0.004    2  1 
  51339.0269   14.351  0.004    2  1 
  51339.0867   14.249  0.005    2  1 
  51339.0905   14.238  0.004    2  1 
  51339.1139   14.186  0.004    2  1 
  51339.1177   14.178  0.004    2  1 
  51339.1448   14.139  0.004    2  1 
  51339.1482   14.138  0.004    2  1 
  51339.9766   14.394  0.004    2  1 
  51339.9795   14.382  0.003    2  1 
  51340.0044   14.313  0.003    2  1 
  51340.0078   14.310  0.003    2  1 
  51340.0274   14.293  0.004    2  1 
  51340.0306   14.288  0.004    2  1 
  51340.0540   14.245  0.004    2  1 
  51340.0572   14.238  0.004    2  1 
  51340.0857   14.183  0.004    2  1 
  51340.0892   14.181  0.004    2  1 
  51340.1152   14.145  0.004    2  1 
  51340.1197   14.140  0.004    2  1 
  51340.1229   14.140  0.003    2  1 
  51340.1263   14.139  0.004    2  1 
  51340.1404   14.134  0.004    2  1 
  51340.1437   14.137  0.004    2  1 
  51344.9924   14.142  0.003    2  1 
  51344.9958   14.143  0.003    2  1 
  51344.9988   14.145  0.003    2  1 
  51345.0216   14.175  0.003    2  1 
  51345.0255   14.183  0.004    2  1 
  51345.0302   14.197  0.004    2  1 
  51345.0553   14.257  0.004    2  1 
  51345.0603   14.269  0.003    2  1 
  51345.9856   14.166  0.004    2  1 
  51345.9896   14.175  0.004    2  1 
  51346.0219   14.248  0.004    2  1 
  51346.0264   14.262  0.004    2  1 
  51346.0486   14.321  0.004    2  1 
  51346.0523   14.335  0.004    2  1 
  51346.0791   14.399  0.004    2  1 
  51346.0826   14.404  0.004    2  1 
  51347.0416   14.385  0.004    2  1 
  51347.0453   14.390  0.003    2  1 
  51347.0743   14.445  0.004    2  1 
  51347.0777   14.454  0.004    2  1 
  51347.0990   14.484  0.003    2  1 
  51347.1022   14.491  0.003    2  1 
  51347.9769   14.286  0.004    2  1 
  51347.9802   14.294  0.004    2  1 
  51347.9834   14.302  0.004    2  1 
  51347.9983   14.344  0.004    2  1 
  51348.0028   14.359  0.004    2  1 
  51348.0063   14.368  0.004    2  1 
  51348.0242   14.415  0.004    2  1 
  51348.0274   14.419  0.004    2  1 
  51348.0943   14.526  0.005    2  1 
  51348.0983   14.538  0.005    2  1 
  51348.1018   14.539  0.005    2  1 
  51348.9650   14.325  0.004    2  1 
  51348.9682   14.333  0.004    2  1 
  51348.9853   14.381  0.003    2  1 
  51348.9883   14.392  0.004    2  1 
  51348.9912   14.394  0.003    2  1 
  51349.0316   14.481  0.004    2  1 
  51349.0346   14.483  0.004    2  1 
  51349.9815   14.444  0.003    2  1 
  51349.9851   14.454  0.003    2  1 
  51349.9973   14.477  0.004    2  1 
  51350.0033   14.489  0.004    2  1 
  51350.0066   14.491  0.004    2  1 
  51350.0164   14.507  0.004    2  1 
  51350.0197   14.510  0.004    2  1 
  51350.0296   14.524  0.004    2  1 
  51380.9973   14.348  0.003    2  1 
  51381.0004   14.366  0.003    2  1 
  51381.0031   14.370  0.003    2  1 
  51381.0187   14.409  0.003    2  1 
  51381.0214   14.418  0.003    2  1 
  51381.0242   14.423  0.003    2  1 
  51381.9830   14.390  0.004    2  1 
  51381.9859   14.402  0.004    2  1 
  51381.9888   14.408  0.004    2  1 
  51382.0000   14.427  0.004    2  1 
  51382.0029   14.432  0.004    2  1 
  51382.9793   14.449  0.004    2  1 
  51382.9826   14.455  0.004    2  1 
  51382.9857   14.463  0.004    2  1 
  51382.9965   14.481  0.004    2  1 
  51382.9995   14.489  0.004    2  1 
  51383.9746   14.484  0.003    2  1 
  51383.9773   14.489  0.003    2  1 
  51383.9799   14.490  0.003    2  1 
  51383.9899   14.507  0.004    2  1 
  51383.9926   14.504  0.003    2  1 
  51384.9751   14.528  0.003    2  1 
  51384.9777   14.528  0.003    2  1 
  51384.9802   14.527  0.003    2  1 
  51384.9896   14.533  0.003    2  1 
  51384.9921   14.536  0.003    2  1 
  51385.9711   14.541  0.003    2  1 
  51385.9737   14.538  0.003    2  1 
  51385.9763   14.544  0.003    2  1 
  51385.9857   14.545  0.004    2  1 
  51385.9884   14.539  0.003    2  1 
  51386.9965   14.515  0.004    2  1 
  51387.0003   14.514  0.004    2  1 
  51387.0041   14.505  0.004    2  1 
  51387.0216   14.469  0.004    2  1 
  51387.0254   14.443  0.004    2  1 
  51387.0293   14.446  0.004    2  1 
  51388.9801   14.416  0.004    2  1 
  51388.9834   14.399  0.004    2  1 
  51388.9866   14.391  0.004    2  1 
  51388.9984   14.361  0.004    2  1 
  51389.0017   14.352  0.004    2  1 
  51389.9783   14.330  0.003    2  1 
  51389.9809   14.312  0.003    2  1 
  51389.9836   14.319  0.003    2  1 
  51390.9729   14.310  0.003    2  1 
  51390.9756   14.306  0.003    2  1 
  51390.9783   14.306  0.003    2  1 
  51391.9728   14.268  0.003    2  1 
  51391.9754   14.254  0.003    2  1 
  51391.9779   14.255  0.003    2  1 
  51671.0871   14.178  0.004    2  1 
  51671.0917   14.172  0.004    2  1 
  51671.0952   14.168  0.003    2  1 
  51671.1189   14.143  0.003    2  1 
  51671.1232   14.139  0.004    2  1 
  51671.9996   14.305  0.003    2  1 
  51672.0039   14.294  0.003    2  1 
  51672.0350   14.232  0.003    2  1 
  51672.0382   14.224  0.003    2  1 
  51673.0232   14.189  0.003    2  1 
  51674.0574   14.158  0.004    2  1 
  51674.0620   14.158  0.005    2  1 
  51674.0938   14.220  0.004    2  1 
  51674.0985   14.228  0.004    2  1 
  51674.1159   14.269  0.004    2  1 
  51674.1223   14.289  0.004    2  1 
  51674.9763   14.166  0.004    2  1 
  51674.9824   14.157  0.004    2  1 
  51675.0212   14.145  0.004    2  1 
  51676.0163   14.176  0.003    2  1 
  51692.9816   14.142  0.003    2  1 
  51692.9854   14.139  0.003    2  1 
  51693.9780   14.152  0.003    2  1 
  51693.9814   14.152  0.003    2  1 
  51694.9914   14.240  0.003    2  1 
  51694.9946   14.255  0.003    2  1 
  51766.0048   14.478  0.004    2  1 
  51766.0266   14.520  0.004    2  1 
  51766.0301   14.520  0.004    2  1 
  51216.3144   14.677  0.003    3  1 
  51216.3408   14.584  0.003    3  1 
  51216.3634   14.511  0.003    3  1 
  51216.3905   14.464  0.003    3  1 
  51217.3019   14.615  0.003    3  1 
  51217.3494   14.471  0.003    3  1 
  51217.3710   14.445  0.003    3  1 
  51217.3906   14.457  0.003    3  1 
  51218.2854   14.565  0.003    3  1 
  51218.3156   14.489  0.003    3  1 
  51218.3347   14.457  0.003    3  1 
  51218.3653   14.475  0.003    3  1 
  51218.3848   14.530  0.003    3  1 
  51219.2918   14.468  0.003    3  1 
  51219.3100   14.447  0.003    3  1 
  51219.3296   14.459  0.003    3  1 
  51219.3536   14.521  0.003    3  1 
  51219.3723   14.584  0.003    3  1 
  51220.2720   14.468  0.003    3  1 
  51220.2946   14.463  0.003    3  1 
  51220.3117   14.490  0.003    3  1 
  51220.3299   14.541  0.003    3  1 
  51220.3473   14.612  0.003    3  1 
  51220.3643   14.677  0.003    3  1 
  51220.3816   14.754  0.003    3  1 
  51221.2964   14.535  0.003    3  1 
  51221.3145   14.599  0.003    3  1 
  51221.3318   14.672  0.003    3  1 
  51221.3496   14.748  0.003    3  1 
  51221.3673   14.814  0.003    3  1 
  51283.2546   14.697  0.003    3  1 
  51283.3008   14.583  0.003    3  1 
  51283.3322   14.502  0.002    3  1 
  51283.3553   14.476  0.002    3  1 
  51283.3773   14.500  0.002    3  1 
  51284.2134   14.714  0.003    3  1 
  51284.2375   14.686  0.003    3  1 
  51284.2581   14.627  0.003    3  1 
  51284.2875   14.542  0.003    3  1 
  51284.3124   14.496  0.003    3  1 
  51284.3383   14.476  0.003    3  1 
  51285.0451   15.079  0.003    3  1 
  51285.0691   15.058  0.003    3  1 
  51285.0932   15.029  0.003    3  1 
  51285.1257   14.924  0.003    3  1 
  51285.1514   14.793  0.003    3  1 
  51285.1754   14.719  0.003    3  1 
  51285.2060   14.711  0.003    3  1 
  51285.2321   14.603  0.003    3  1 
  51285.2586   14.533  0.003    3  1 
  51285.2928   14.466  0.002    3  1 
  51285.3257   14.493  0.002    3  1 
  51286.0670   15.032  0.003    3  1 
  51286.0977   14.923  0.003    3  1 
  51286.1302   14.747  0.002    3  1 
  51286.1833   14.671  0.003    3  1 
  51286.2193   14.557  0.002    3  1 
  51286.2434   14.497  0.002    3  1 
  51286.2655   14.465  0.002    3  1 
  51286.2958   14.490  0.002    3  1 
  51286.3291   14.590  0.003    3  1 
  51286.3521   14.683  0.003    3  1 
  51304.9838   15.066  0.003    3  1 
  51305.0251   14.901  0.004    3  1 
  51305.0718   14.721  0.003    3  1 
  51305.0961   14.711  0.003    3  1 
  51305.1465   14.532  0.003    3  1 
  51305.1755   14.479  0.003    3  1 
  51305.2054   14.483  0.003    3  1 
  51305.2345   14.532  0.003    3  1 
  51305.2666   14.647  0.003    3  1 
  51305.2880   14.738  0.003    3  1 
  51305.9773   15.003  0.003    3  1 
  51306.0428   14.719  0.003    3  1 
  51306.0809   14.661  0.003    3  1 
  51306.1330   14.516  0.003    3  1 
  51306.1578   14.472  0.003    3  1 
  51306.1875   14.496  0.002    3  1 
  51306.2101   14.541  0.003    3  1 
  51306.2538   14.749  0.000    3  1 
  51306.2771   14.812  0.003    3  1 
  51306.2972   14.885  0.003    3  1 
  51308.0025   14.721  0.002    3  1 
  51308.0294   14.564  0.002    3  1 
  51308.0600   14.552  0.002    3  1 
  51308.0958   14.465  0.002    3  1 
  51311.9792   14.487  0.003    3  1 
  51311.9983   14.470  0.003    3  1 
  51312.0087   14.486  0.003    3  1 
  51312.0350   14.549  0.003    3  1 
  51312.0550   14.612  0.003    3  1 
  51312.0672   14.665  0.003    3  1 
  51312.0870   14.740  0.003    3  1 
  51312.0988   14.788  0.003    3  1 
  51312.9828   14.485  0.002    3  1 
  51313.0063   14.548  0.002    3  1 
  51313.0300   14.630  0.003    3  1 
  51313.1113   14.930  0.003    3  1 
  51313.9807   14.568  0.003    3  1 
  51314.0143   14.695  0.003    3  1 
  51314.0397   14.785  0.003    3  1 
  51314.1124   14.992  0.004    3  1 
  51314.9752   14.658  0.003    3  1 
  51315.0102   14.803  0.003    3  1 
  51315.0336   14.887  0.003    3  1 
  51315.0747   14.981  0.003    3  1 
  51315.0982   15.015  0.003    3  1 
  51315.1216   15.046  0.003    3  1 
  51316.0399   14.986  0.003    3  1 
  51316.0634   15.015  0.003    3  1 
  51316.0869   15.046  0.003    3  1 
  51316.1115   15.060  0.003    3  1 
  51316.9740   14.881  0.003    3  1 
  51317.0052   14.945  0.003    3  1 
  51317.0282   14.957  0.004    3  1 
  51317.0566   15.042  0.004    3  1 
  51317.0822   15.051  0.004    3  1 
  51317.1075   15.037  0.004    3  1 
  51317.9847   14.982  0.003    3  1 
  51318.0099   15.013  0.004    3  1 
  51318.0374   15.012  0.004    3  1 
  51318.0942   14.871  0.003    3  1 
  51318.1226   14.873  0.004    3  1 
  51318.9772   15.032  0.003    3  1 
  51319.0019   15.060  0.004    3  1 
  51319.0274   15.063  0.004    3  1 
  51319.0757   14.975  0.003    3  1 
  51319.0997   14.871  0.003    3  1 
  51320.1417   14.680  0.003    3  1 
  51320.9728   15.072  0.003    3  1 
  51321.0400   14.882  0.003    3  1 
  51321.0624   14.766  0.003    3  1 
  51321.0930   14.697  0.003    3  1 
  51321.1217   14.660  0.002    3  1 
  51380.9937   14.761  0.003    3  1 
  51381.9793   14.821  0.003    3  1 
  51382.9755   14.883  0.004    3  1 
  51383.9715   14.974  0.003    3  1 
  51386.9917   15.029  0.003    3  1 
  51388.9755   14.857  0.003    3  1 
  51389.9750   14.725  0.003    3  1 
  51390.9697   14.816  0.002    3  1 
  51391.9697   14.652  0.002    3  1 
  51693.9923   14.515  0.002    3  1 
 56468.97641   13.161  0.020   -1  1 
 56469.04707   13.202  0.023   -1  1 
 56469.10896   13.217  0.024   -1  1 
 56469.17285   13.215  0.011   -1  1 
 56471.00364   13.310  0.020   -1  1 
 56471.06640   13.130  0.014   -1  1 
 56471.12490   13.267  0.015   -1  1 
 56471.18188   13.228  0.014   -1  1 
 56471.96759   13.543  0.020   -1  1 
 56472.03374   13.201  0.017   -1  1 
 56472.09484   13.162  0.013   -1  1 
 56472.15243   13.104  0.018   -1  1 
 56468.95296   13.165  0.021   -2  1 
 56469.02441   13.091  0.017   -2  1 
 56469.08813   13.252  0.022   -2  1 
 56469.15134   13.173  0.017   -2  1 
 56471.02588   13.125  0.010   -2  1 
 56471.08671   13.125  0.007   -2  1 
 56471.14302   13.126  0.010   -2  1 
 56471.94704   13.219  0.028   -2  1 
 56472.01085   13.033  0.013   -2  1 
 56472.07480   13.256  0.019   -2  1 
 56472.13240   13.101  0.022   -2  1 
 56472.19216   13.155  0.015   -2  1 
 56469.00041   13.328  0.019   -5  1 
 56469.06767   13.380  0.009   -5  1 
 56469.13003   13.389  0.022   -5  1 
 56469.19349   13.450  0.011   -5  1 
 56470.98130   13.570  0.052   -5  1 
 56471.04693   13.399  0.011   -5  1 
 56471.10523   13.437  0.007   -5  1 
 56471.16397   13.417  0.011   -5  1 
 56471.98857   13.474  0.018   -5  1 
 56472.05430   13.420  0.007   -5  1 
 56472.11383   13.427  0.007   -5  1 
 56472.17109   13.371  0.013   -5  1 
