  51216.3218   14.758  0.005    2  1 
  51216.3464   14.805  0.005    2  1 
  51216.3689   14.797  0.005    2  1 
  51216.3980   14.830  0.006    2  1 
  51217.3101   14.224  0.004    2  1 
  51217.3328   14.302  0.004    2  1 
  51217.3552   14.377  0.004    2  1 
  51217.3759   14.439  0.004    2  1 
  51217.3953   14.495  0.005    2  1 
  51218.2773   14.868  0.005    2  1 
  51218.3093   14.855  0.005    2  1 
  51218.3298   14.881  0.005    2  1 
  51218.3573   14.940  0.005    2  1 
  51218.3794   14.991  0.005    2  1 
  51219.3336   14.764  0.005    2  1 
  51219.3596   14.817  0.005    2  1 
  51219.3768   14.835  0.005    2  1 
  51220.2621   14.134  0.004    2  1 
  51220.2906   14.013  0.003    2  1 
  51220.3077   14.084  0.003    2  1 
  51220.3257   14.182  0.004    2  1 
  51220.3432   14.245  0.004    2  1 
  51220.3602   14.316  0.004    2  1 
  51220.3776   14.374  0.004    2  1 
  51221.2835   14.891  0.005    2  1 
  51221.3009   14.895  0.005    2  1 
  51221.3188   14.853  0.005    2  1 
  51221.3358   14.843  0.005    2  1 
  51221.3538   14.885  0.005    2  1 
  51221.3722   14.935  0.005    2  1 
  51283.2451   14.378  0.003    2  1 
  51283.2493   14.378  0.004    2  1 
  51283.2714   14.432  0.004    2  1 
  51283.2748   14.460  0.004    2  1 
  51283.2939   14.495  0.004    2  1 
  51283.2972   14.500  0.004    2  1 
  51283.3202   14.560  0.004    2  1 
  51283.3234   14.566  0.004    2  1 
  51283.3487   14.605  0.004    2  1 
  51283.3518   14.618  0.004    2  1 
  51283.3707   14.659  0.004    2  1 
  51283.3738   14.663  0.004    2  1 
  51284.2195   14.832  0.004    2  1 
  51284.2229   14.840  0.004    2  1 
  51284.2413   14.869  0.004    2  1 
  51284.2443   14.877  0.004    2  1 
  51284.2617   14.914  0.004    2  1 
  51284.2648   14.945  0.004    2  1 
  51284.2942   14.899  0.005    2  1 
  51284.2973   14.887  0.004    2  1 
  51284.3168   14.705  0.004    2  1 
  51284.3211   14.655  0.004    2  1 
  51284.3428   14.480  0.003    2  1 
  51284.3464   14.294  0.003    2  1 
  51285.0513   14.355  0.003    2  1 
  51285.0543   14.365  0.003    2  1 
  51285.0739   14.406  0.003    2  1 
  51285.0778   14.430  0.003    2  1 
  51285.0975   14.465  0.004    2  1 
  51285.1006   14.474  0.004    2  1 
  51285.1324   14.541  0.004    2  1 
  51285.1360   14.551  0.004    2  1 
  51285.1558   14.608  0.004    2  1 
  51285.1588   14.611  0.004    2  1 
  51285.1796   14.634  0.004    2  1 
  51285.1830   14.637  0.003    2  1 
  51285.2125   14.713  0.004    2  1 
  51285.2157   14.711  0.004    2  1 
  51285.2362   14.703  0.006    2  1 
  51285.2426   14.749  0.004    2  1 
  51285.2630   14.760  0.004    2  1 
  51285.2666   14.766  0.004    2  1 
  51285.2998   14.803  0.004    2  1 
  51285.3033   14.809  0.004    2  1 
  51285.3348   14.836  0.004    2  1 
  51285.3382   14.815  0.005    2  1 
  51286.0461   14.842  0.004    2  1 
  51286.0493   14.888  0.004    2  1 
  51286.0716   14.937  0.004    2  1 
  51286.0753   14.933  0.004    2  1 
  51286.1026   14.856  0.004    2  1 
  51286.1061   14.886  0.004    2  1 
  51286.1365   14.632  0.004    2  1 
  51286.1398   14.590  0.004    2  1 
  51286.1608   14.287  0.003    2  1 
  51286.1639   14.262  0.003    2  1 
  51286.1669   14.228  0.003    2  1 
  51286.1875   14.102  0.003    2  1 
  51286.1908   14.108  0.003    2  1 
  51286.2255   14.241  0.003    2  1 
  51286.2285   14.261  0.003    2  1 
  51286.2476   14.354  0.003    2  1 
  51286.2508   14.324  0.003    2  1 
  51286.2697   14.376  0.003    2  1 
  51286.2727   14.372  0.003    2  1 
  51286.3022   14.469  0.004    2  1 
  51286.3055   14.471  0.004    2  1 
  51286.3218   14.504  0.004    2  1 
  51286.3250   14.508  0.004    2  1 
  51286.3450   14.557  0.004    2  1 
  51286.3481   14.563  0.004    2  1 
  51304.9873   14.230  0.003    2  1 
  51304.9926   14.249  0.003    2  1 
  51305.0328   14.387  0.004    2  1 
  51305.0362   14.433  0.003    2  1 
  51305.0559   14.473  0.004    2  1 
  51305.0599   14.474  0.004    2  1 
  51305.0890   14.542  0.004    2  1 
  51305.0922   14.553  0.004    2  1 
  51305.1235   14.635  0.004    2  1 
  51305.1269   14.630  0.004    2  1 
  51305.1509   14.681  0.005    2  1 
  51305.1547   14.698  0.005    2  1 
  51305.1853   14.754  0.005    2  1 
  51305.1885   14.747  0.005    2  1 
  51305.2098   14.803  0.004    2  1 
  51305.2128   14.771  0.004    2  1 
  51305.2431   14.843  0.004    2  1 
  51305.2461   14.832  0.004    2  1 
  51305.2704   14.841  0.005    2  1 
  51305.2734   14.851  0.004    2  1 
  51305.2966   14.865  0.004    2  1 
  51305.2995   14.843  0.004    2  1 
  51305.9857   14.859  0.004    2  1 
  51305.9885   14.810  0.003    2  1 
  51305.9912   14.781  0.003    2  1 
  51306.0256   14.927  0.004    2  1 
  51306.0285   14.919  0.004    2  1 
  51306.0465   14.972  0.004    2  1 
  51306.0498   14.964  0.004    2  1 
  51306.0896   14.767  0.004    2  1 
  51306.0930   14.689  0.004    2  1 
  51306.1123   14.286  0.003    2  1 
  51306.1151   14.285  0.003    2  1 
  51306.1375   13.991  0.003    2  1 
  51306.1405   14.031  0.003    2  1 
  51306.1636   14.079  0.003    2  1 
  51306.1673   14.086  0.003    2  1 
  51306.1937   14.212  0.003    2  1 
  51306.1966   14.223  0.003    2  1 
  51306.2146   14.291  0.004    2  1 
  51306.2343   14.365  0.003    2  1 
  51306.2380   14.395  0.003    2  1 
  51306.2574   14.444  0.003    2  1 
  51306.2602   14.447  0.003    2  1 
  51306.2805   14.506  0.003    2  1 
  51306.2835   14.514  0.003    2  1 
  51306.3009   14.559  0.004    2  1 
  51306.3038   14.556  0.003    2  1 
  51306.3135   14.575  0.004    2  1 
  51306.3184   14.584  0.004    2  1 
  51307.0456   14.818  0.004    2  1 
  51307.0501   14.821  0.005    2  1 
  51307.0593   14.830  0.003    2  1 
  51307.0645   14.799  0.003    2  1 
  51307.0699   14.762  0.005    2  1 
  51307.0747   14.805  0.004    2  1 
  51308.0084   14.235  0.003    2  1 
  51308.0112   14.245  0.003    2  1 
  51308.0334   14.323  0.003    2  1 
  51308.0362   14.327  0.003    2  1 
  51308.0394   14.340  0.003    2  1 
  51308.0633   14.421  0.003    2  1 
  51308.0663   14.425  0.003    2  1 
  51308.0995   14.513  0.003    2  1 
  51308.1031   14.591  0.003    2  1 
  51308.1280   14.585  0.004    2  1 
  51308.1309   14.588  0.004    2  1 
  51310.0850   14.838  0.003    2  1 
  51310.0874   14.855  0.003    2  1 
  51310.0897   14.824  0.003    2  1 
  51310.1430   14.866  0.004    2  1 
  51310.1458   14.873  0.004    2  1 
  51310.1486   14.873  0.004    2  1 
  51311.0244   14.283  0.004    2  1 
  51311.0302   14.252  0.004    2  1 
  51311.0334   14.257  0.004    2  1 
  51311.0506   14.326  0.002    2  1 
  51311.0539   14.344  0.002    2  1 
  51311.0637   14.373  0.003    2  1 
  51311.0669   14.380  0.004    2  1 
  51311.0702   14.479  0.000    2  1 
  51311.0907   14.448  0.004    2  1 
  51311.0946   14.450  0.004    2  1 
  51311.0980   14.521  0.003    2  1 
  51311.1015   14.469  0.004    2  1 
  51311.1071   14.470  0.004    2  1 
  51311.1298   14.534  0.004    2  1 
  51311.1327   14.547  0.004    2  1 
  51311.1357   14.551  0.004    2  1 
  51311.1398   14.566  0.004    2  1 
  51311.1447   14.573  0.004    2  1 
  51311.9726   14.819  0.004    2  1 
  51311.9755   14.860  0.004    2  1 
  51312.0020   14.873  0.004    2  1 
  51312.0049   14.857  0.004    2  1 
  51312.0255   14.845  0.004    2  1 
  51312.0284   14.841  0.004    2  1 
  51312.0314   14.845  0.004    2  1 
  51312.0584   14.904  0.004    2  1 
  51312.0611   14.905  0.004    2  1 
  51312.0638   14.885  0.004    2  1 
  51312.0903   14.979  0.004    2  1 
  51312.0929   15.037  0.004    2  1 
  51312.0955   14.998  0.004    2  1 
  51312.1146   14.953  0.004    2  1 
  51312.1173   14.940  0.004    2  1 
  51312.1200   14.927  0.004    2  1 
  51312.9860   14.614  0.003    2  1 
  51312.9887   14.643  0.003    2  1 
  51312.9913   14.640  0.003    2  1 
  51313.0096   14.681  0.004    2  1 
  51313.0123   14.684  0.004    2  1 
  51313.0149   14.693  0.003    2  1 
  51313.0333   14.720  0.004    2  1 
  51313.0360   14.723  0.004    2  1 
  51313.0386   14.735  0.004    2  1 
  51313.0413   14.743  0.004    2  1 
  51313.0595   14.738  0.003    2  1 
  51313.0622   14.786  0.004    2  1 
  51313.0648   14.799  0.004    2  1 
  51313.0911   14.810  0.004    2  1 
  51313.0937   14.814  0.004    2  1 
  51313.0964   14.820  0.004    2  1 
  51313.1146   14.835  0.004    2  1 
  51313.1172   14.816  0.004    2  1 
  51313.1199   14.837  0.004    2  1 
  51313.1226   14.846  0.004    2  1 
  51313.9843   14.105  0.003    2  1 
  51313.9872   14.079  0.003    2  1 
  51313.9901   14.051  0.003    2  1 
  51314.0178   14.098  0.003    2  1 
  51314.0207   14.093  0.003    2  1 
  51314.0236   14.104  0.003    2  1 
  51314.0432   14.197  0.003    2  1 
  51314.0461   14.217  0.003    2  1 
  51314.0490   14.222  0.003    2  1 
  51314.0772   14.332  0.003    2  1 
  51314.0802   14.336  0.003    2  1 
  51314.0831   14.346  0.003    2  1 
  51314.1030   14.415  0.004    2  1 
  51314.1059   14.438  0.004    2  1 
  51314.1088   14.437  0.004    2  1 
  51314.1289   14.492  0.004    2  1 
  51314.1333   14.491  0.004    2  1 
  51314.1363   14.502  0.004    2  1 
  51314.9827   14.872  0.004    2  1 
  51314.9856   14.879  0.004    2  1 
  51314.9885   14.865  0.004    2  1 
  51315.0015   14.864  0.004    2  1 
  51315.0043   14.879  0.004    2  1 
  51315.0069   14.873  0.004    2  1 
  51315.0251   14.848  0.004    2  1 
  51315.0277   14.853  0.004    2  1 
  51315.0304   14.856  0.004    2  1 
  51315.0489   14.896  0.004    2  1 
  51315.0516   14.835  0.004    2  1 
  51315.0542   14.836  0.004    2  1 
  51315.0780   14.904  0.004    2  1 
  51315.0807   14.886  0.004    2  1 
  51315.0833   14.888  0.004    2  1 
  51315.1015   14.958  0.004    2  1 
  51315.1041   14.950  0.004    2  1 
  51315.1068   14.955  0.004    2  1 
  51315.1290   14.943  0.005    2  1 
  51315.1319   14.948  0.005    2  1 
  51316.0194   14.657  0.003    2  1 
  51316.0221   14.658  0.003    2  1 
  51316.0247   14.667  0.003    2  1 
  51316.0431   14.699  0.003    2  1 
  51316.0458   14.702  0.004    2  1 
  51316.0485   14.693  0.004    2  1 
  51316.0667   14.741  0.004    2  1 
  51316.0693   14.738  0.004    2  1 
  51316.0720   14.753  0.004    2  1 
  51316.0905   14.788  0.004    2  1 
  51316.0934   14.791  0.004    2  1 
  51316.0963   14.792  0.004    2  1 
  51316.1148   14.817  0.004    2  1 
  51316.1175   14.823  0.004    2  1 
  51316.1201   14.824  0.004    2  1 
  51316.9647   14.819  0.004    2  1 
  51316.9676   14.757  0.004    2  1 
  51316.9705   14.715  0.004    2  1 
  51316.9896   14.407  0.003    2  1 
  51316.9923   14.366  0.003    2  1 
  51316.9949   14.329  0.003    2  1 
  51317.0088   14.143  0.003    2  1 
  51317.0117   14.098  0.003    2  1 
  51317.0321   14.078  0.004    2  1 
  51317.0351   14.080  0.003    2  1 
  51317.0391   14.108  0.003    2  1 
  51317.0602   14.193  0.003    2  1 
  51317.0631   14.192  0.003    2  1 
  51317.0660   14.211  0.003    2  1 
  51317.0858   14.288  0.003    2  1 
  51317.0887   14.312  0.003    2  1 
  51317.0916   14.310  0.003    2  1 
  51317.1111   14.373  0.004    2  1 
  51317.1140   14.387  0.004    2  1 
  51317.1169   14.393  0.004    2  1 
  51317.9628   14.822  0.004    2  1 
  51317.9657   14.787  0.004    2  1 
  51317.9685   14.806  0.004    2  1 
  51317.9883   14.824  0.004    2  1 
  51317.9912   14.852  0.004    2  1 
  51317.9941   14.844  0.004    2  1 
  51318.0135   14.845  0.004    2  1 
  51318.0164   14.832  0.004    2  1 
  51318.0194   14.848  0.005    2  1 
  51318.0413   14.851  0.005    2  1 
  51318.0445   14.837  0.005    2  1 
  51318.0477   14.850  0.005    2  1 
  51318.0697   14.827  0.005    2  1 
  51318.0730   14.803  0.005    2  1 
  51318.0762   14.819  0.005    2  1 
  51318.0981   14.835  0.005    2  1 
  51318.1014   14.868  0.005    2  1 
  51318.1046   14.839  0.005    2  1 
  51318.1265   14.883  0.005    2  1 
  51318.1298   14.898  0.005    2  1 
  51318.9642   14.492  0.003    2  1 
  51318.9680   14.486  0.004    2  1 
  51318.9708   14.500  0.004    2  1 
  51318.9737   14.520  0.004    2  1 
  51318.9929   14.558  0.003    2  1 
  51318.9956   14.564  0.003    2  1 
  51318.9983   14.572  0.004    2  1 
  51319.0180   14.597  0.004    2  1 
  51319.0209   14.608  0.004    2  1 
  51319.0238   14.615  0.004    2  1 
  51319.0443   14.658  0.004    2  1 
  51319.0474   14.663  0.004    2  1 
  51319.0505   14.669  0.004    2  1 
  51319.0793   14.728  0.004    2  1 
  51319.0820   14.724  0.004    2  1 
  51319.0847   14.742  0.004    2  1 
  51319.1030   14.772  0.004    2  1 
  51319.1084   14.767  0.004    2  1 
  51319.1110   14.775  0.004    2  1 
  51320.1030   14.281  0.002    2  1 
  51320.1053   14.408  0.002    2  1 
  51320.1076   14.305  0.002    2  1 
  51320.1238   14.360  0.003    2  1 
  51320.1261   14.366  0.003    2  1 
  51320.1284   14.384  0.003    2  1 
  51320.1450   14.421  0.003    2  1 
  51320.1477   14.444  0.003    2  1 
  51320.1503   14.447  0.003    2  1 
  51320.9635   14.819  0.004    2  1 
  51320.9664   14.828  0.004    2  1 
  51320.9693   14.825  0.004    2  1 
  51320.9887   14.747  0.002    2  1 
  51320.9911   14.790  0.003    2  1 
  51320.9936   14.823  0.003    2  1 
  51321.0102   14.842  0.003    2  1 
  51321.0126   14.838  0.003    2  1 
  51321.0150   14.826  0.003    2  1 
  51321.0318   14.819  0.003    2  1 
  51321.0344   14.859  0.004    2  1 
  51321.0369   14.862  0.004    2  1 
  51321.0543   14.860  0.004    2  1 
  51321.0568   14.805  0.003    2  1 
  51321.0594   14.836  0.003    2  1 
  51321.0847   14.833  0.004    2  1 
  51321.0873   14.829  0.004    2  1 
  51321.0898   14.825  0.003    2  1 
  51321.1133   14.865  0.004    2  1 
  51321.1159   14.867  0.004    2  1 
  51321.1186   14.886  0.004    2  1 
  51321.1339   14.910  0.004    2  1 
  51321.1365   14.920  0.004    2  1 
  51332.9696   14.699  0.006    2  1 
  51332.9739   14.705  0.005    2  1 
  51332.9891   14.732  0.005    2  1 
  51332.9928   14.734  0.005    2  1 
  51332.9965   14.731  0.005    2  1 
  51333.0083   14.752  0.005    2  1 
  51333.0120   14.774  0.005    2  1 
  51333.0226   14.769  0.005    2  1 
  51333.0264   14.785  0.005    2  1 
  51333.0514   14.810  0.005    2  1 
  51333.0552   14.802  0.006    2  1 
  51333.0742   14.828  0.005    2  1 
  51333.0779   14.809  0.005    2  1 
  51333.0907   14.832  0.005    2  1 
  51333.0945   14.845  0.005    2  1 
  51333.1178   14.841  0.005    2  1 
  51333.1221   14.843  0.005    2  1 
  51333.1335   14.835  0.006    2  1 
  51333.1529   14.855  0.005    2  1 
  51333.1565   14.851  0.006    2  1 
  51333.1716   14.845  0.006    2  1 
  51333.1752   14.834  0.005    2  1 
  51334.9841   14.878  0.004    2  1 
  51334.9871   14.823  0.004    2  1 
  51335.0175   14.852  0.004    2  1 
  51335.0204   14.859  0.004    2  1 
  51335.0301   14.881  0.004    2  1 
  51335.0334   14.898  0.005    2  1 
  51335.0517   14.939  0.005    2  1 
  51335.0552   14.934  0.005    2  1 
  51335.0692   14.951  0.005    2  1 
  51335.0727   14.968  0.005    2  1 
  51335.0833   14.938  0.005    2  1 
  51335.0867   14.939  0.005    2  1 
  51335.1133   14.661  0.005    2  1 
  51335.1167   14.581  0.005    2  1 
  51335.9535   14.602  0.005    2  1 
  51335.9726   14.656  0.004    2  1 
  51335.9768   14.656  0.004    2  1 
  51335.9997   14.700  0.004    2  1 
  51336.0027   14.716  0.004    2  1 
  51336.0203   14.742  0.004    2  1 
  51336.0236   14.753  0.004    2  1 
  51336.0357   14.757  0.004    2  1 
  51336.0388   14.755  0.004    2  1 
  51336.0593   14.796  0.005    2  1 
  51336.0629   14.794  0.005    2  1 
  51336.0769   14.809  0.005    2  1 
  51336.0803   14.807  0.005    2  1 
  51336.1025   14.834  0.005    2  1 
  51336.1059   14.817  0.005    2  1 
  51336.1206   14.816  0.005    2  1 
  51336.1240   14.832  0.005    2  1 
  51337.0101   14.234  0.003    2  1 
  51337.9904   14.861  0.005    2  1 
  51337.9940   14.854  0.005    2  1 
  51338.0162   14.852  0.005    2  1 
  51338.0196   14.827  0.005    2  1 
  51338.0339   14.842  0.005    2  1 
  51338.0376   14.823  0.005    2  1 
  51338.9901   14.636  0.004    2  1 
  51338.9938   14.646  0.004    2  1 
  51339.0226   14.713  0.005    2  1 
  51339.0269   14.709  0.005    2  1 
  51339.0867   14.757  0.005    2  1 
  51339.0905   14.798  0.005    2  1 
  51339.1139   14.820  0.005    2  1 
  51339.1177   14.816  0.005    2  1 
  51339.1448   14.825  0.005    2  1 
  51339.1482   14.849  0.005    2  1 
  51339.9766   14.268  0.003    2  1 
  51339.9795   14.234  0.003    2  1 
  51340.0044   14.051  0.003    2  1 
  51340.0078   14.056  0.003    2  1 
  51340.0274   14.125  0.003    2  1 
  51340.0306   14.141  0.003    2  1 
  51340.0540   14.241  0.004    2  1 
  51340.0572   14.250  0.004    2  1 
  51340.0857   14.351  0.004    2  1 
  51340.0892   14.355  0.004    2  1 
  51340.1152   14.431  0.004    2  1 
  51340.1197   14.436  0.004    2  1 
  51340.1229   14.455  0.004    2  1 
  51340.1263   14.450  0.004    2  1 
  51340.1404   14.493  0.004    2  1 
  51340.1437   14.500  0.004    2  1 
  51344.9924   14.534  0.004    2  1 
  51344.9958   14.543  0.003    2  1 
  51344.9988   14.545  0.003    2  1 
  51345.0216   14.602  0.004    2  1 
  51345.0255   14.609  0.005    2  1 
  51345.0302   14.618  0.004    2  1 
  51345.0553   14.682  0.004    2  1 
  51345.0603   14.687  0.004    2  1 
  51345.9856   14.898  0.005    2  1 
  51345.9896   14.866  0.005    2  1 
  51346.0219   14.223  0.004    2  1 
  51346.0264   14.151  0.004    2  1 
  51346.0486   13.997  0.003    2  1 
  51346.0523   13.997  0.003    2  1 
  51346.0791   14.103  0.003    2  1 
  51346.0826   14.124  0.003    2  1 
  51347.0416   14.875  0.005    2  1 
  51347.0453   14.879  0.004    2  1 
  51347.0743   14.865  0.004    2  1 
  51347.0777   14.865  0.004    2  1 
  51347.0990   14.861  0.004    2  1 
  51347.1022   14.847  0.003    2  1 
  51347.9769   14.443  0.004    2  1 
  51347.9802   14.444  0.004    2  1 
  51347.9834   14.454  0.004    2  1 
  51347.9983   14.496  0.004    2  1 
  51348.0028   14.503  0.004    2  1 
  51348.0063   14.509  0.004    2  1 
  51348.0242   14.547  0.004    2  1 
  51348.0274   14.569  0.004    2  1 
  51348.0943   14.704  0.005    2  1 
  51348.0983   14.700  0.005    2  1 
  51348.1018   14.711  0.005    2  1 
  51348.9650   14.936  0.005    2  1 
  51348.9682   14.990  0.005    2  1 
  51348.9853   14.958  0.004    2  1 
  51348.9883   14.938  0.004    2  1 
  51348.9912   14.957  0.004    2  1 
  51349.0316   14.453  0.004    2  1 
  51349.0346   14.386  0.004    2  1 
  51349.9815   14.830  0.004    2  1 
  51349.9851   14.815  0.004    2  1 
  51349.9973   14.834  0.004    2  1 
  51350.0033   14.853  0.005    2  1 
  51350.0066   14.826  0.004    2  1 
  51350.0164   14.853  0.004    2  1 
  51350.0197   14.852  0.004    2  1 
  51350.0296   14.834  0.004    2  1 
  51380.9973   14.936  0.004    2  1 
  51381.0004   14.929  0.004    2  1 
  51381.0031   14.929  0.004    2  1 
  51381.0187   14.959  0.004    2  1 
  51381.0214   14.976  0.004    2  1 
  51381.0242   14.977  0.004    2  1 
  51381.9830   14.749  0.004    2  1 
  51381.9859   14.749  0.004    2  1 
  51381.9888   14.751  0.004    2  1 
  51382.0000   14.778  0.004    2  1 
  51382.0029   14.776  0.004    2  1 
  51382.9793   14.212  0.004    2  1 
  51382.9826   14.217  0.003    2  1 
  51382.9857   14.240  0.003    2  1 
  51382.9965   14.271  0.004    2  1 
  51382.9995   14.314  0.004    2  1 
  51383.9746   14.826  0.004    2  1 
  51383.9773   14.852  0.004    2  1 
  51383.9799   14.838  0.004    2  1 
  51383.9899   14.834  0.004    2  1 
  51383.9926   14.840  0.004    2  1 
  51384.9777   14.712  0.003    2  1 
  51384.9802   14.720  0.003    2  1 
  51384.9896   14.728  0.003    2  1 
  51384.9921   14.736  0.003    2  1 
  51385.9711   14.049  0.003    2  1 
  51385.9737   14.126  0.003    2  1 
  51385.9763   14.071  0.003    2  1 
  51385.9857   14.113  0.003    2  1 
  51385.9884   14.127  0.003    2  1 
  51386.9965   14.850  0.005    2  1 
  51387.0003   14.849  0.005    2  1 
  51387.0041   14.848  0.005    2  1 
  51387.0216   14.855  0.005    2  1 
  51387.0254   14.858  0.005    2  1 
  51387.0293   14.869  0.005    2  1 
  51388.9801   14.007  0.003    2  1 
  51388.9834   14.009  0.003    2  1 
  51388.9866   14.023  0.003    2  1 
  51388.9984   14.087  0.003    2  1 
  51389.0017   14.107  0.003    2  1 
  51389.9783   14.870  0.004    2  1 
  51389.9809   14.876  0.004    2  1 
  51389.9836   14.873  0.004    2  1 
  51390.9729   14.600  0.003    2  1 
  51390.9756   14.602  0.003    2  1 
  51390.9783   14.613  0.003    2  1 
  51391.9728   14.236  0.003    2  1 
  51391.9754   14.198  0.003    2  1 
  51391.9779   14.158  0.003    2  1 
  51671.0871   14.859  0.005    2  1 
  51671.0917   14.839  0.005    2  1 
  51671.0952   14.849  0.005    2  1 
  51671.1189   14.863  0.005    2  1 
  51671.1232   14.864  0.005    2  1 
  51671.9996   14.224  0.003    2  1 
  51672.0039   14.256  0.003    2  1 
  51672.0350   14.340  0.003    2  1 
  51672.0382   14.347  0.003    2  1 
  51673.0232   14.862  0.004    2  1 
  51674.0574   14.798  0.005    2  1 
  51674.0620   14.800  0.005    2  1 
  51674.0938   14.826  0.005    2  1 
  51674.0985   14.836  0.005    2  1 
  51674.1159   14.851  0.005    2  1 
  51674.1223   14.856  0.005    2  1 
  51674.9763   14.048  0.004    2  1 
  51674.9824   14.045  0.004    2  1 
  51675.0212   14.197  0.004    2  1 
  51676.0163   14.864  0.004    2  1 
  51692.9816   14.887  0.005    2  1 
  51692.9854   14.907  0.005    2  1 
  51693.9780   14.762  0.004    2  1 
  51693.9814   14.744  0.004    2  1 
  51694.9914   14.297  0.003    2  1 
  51694.9946   14.338  0.003    2  1 
  51765.9974   14.838  0.004    2  1 
  51766.0012   14.827  0.004    2  1 
  51766.0048   14.846  0.005    2  1 
  51766.0266   14.854  0.005    2  1 
  51766.0301   14.844  0.005    2  1 
  51216.3144   15.385  0.004    3  1 
  51216.3408   15.440  0.004    3  1 
  51216.3634   15.398  0.004    3  1 
  51216.3905   15.519  0.005    3  1 
  51217.3019   14.483  0.003    3  1 
  51217.3494   14.753  0.003    3  1 
  51217.3710   14.843  0.003    3  1 
  51217.3906   14.938  0.003    3  1 
  51218.2854   15.554  0.005    3  1 
  51218.3156   15.470  0.005    3  1 
  51218.3347   15.552  0.005    3  1 
  51218.3653   15.643  0.005    3  1 
  51218.3848   15.679  0.005    3  1 
  51219.2918   15.280  0.004    3  1 
  51219.3100   15.346  0.004    3  1 
  51219.3296   15.396  0.004    3  1 
  51219.3536   15.465  0.004    3  1 
  51219.3723   15.492  0.004    3  1 
  51220.2720   14.274  0.002    3  1 
  51220.2946   14.268  0.002    3  1 
  51220.3117   14.376  0.003    3  1 
  51220.3299   14.495  0.003    3  1 
  51220.3473   14.605  0.003    3  1 
  51220.3643   14.700  0.003    3  1 
  51220.3816   14.788  0.003    3  1 
  51221.2763   15.566  0.004    3  1 
  51221.2964   15.578  0.004    3  1 
  51221.3145   15.537  0.004    3  1 
  51221.3318   15.507  0.004    3  1 
  51221.3496   15.526  0.004    3  1 
  51221.3673   15.573  0.005    3  1 
  51283.2546   14.814  0.003    3  1 
  51283.2783   14.904  0.003    3  1 
  51283.3008   14.991  0.003    3  1 
  51283.3322   15.113  0.003    3  1 
  51283.3553   15.183  0.003    3  1 
  51283.3773   15.261  0.003    3  1 
  51284.2134   15.481  0.004    3  1 
  51284.2375   15.544  0.004    3  1 
  51284.2581   15.600  0.004    3  1 
  51284.2875   15.616  0.005    3  1 
  51284.3124   15.363  0.004    3  1 
  51284.3383   14.785  0.003    3  1 
  51285.0451   14.720  0.002    3  1 
  51285.0691   14.819  0.003    3  1 
  51285.0932   14.920  0.003    3  1 
  51285.1257   15.037  0.003    3  1 
  51285.1514   15.104  0.003    3  1 
  51285.1754   15.201  0.003    3  1 
  51285.2060   15.310  0.004    3  1 
  51285.2321   15.383  0.004    3  1 
  51285.2586   15.467  0.004    3  1 
  51285.2928   15.495  0.004    3  1 
  51285.3257   15.511  0.004    3  1 
  51286.0393   15.497  0.003    3  1 
  51286.0670   15.564  0.004    3  1 
  51286.0977   15.585  0.004    3  1 
  51286.1302   15.259  0.003    3  1 
  51286.1560   14.725  0.003    3  1 
  51286.1833   14.375  0.002    3  1 
  51286.2193   14.512  0.002    3  1 
  51286.2434   14.644  0.003    3  1 
  51286.2655   14.753  0.003    3  1 
  51286.2958   14.881  0.003    3  1 
  51286.3291   15.009  0.003    3  1 
  51286.3521   15.098  0.003    3  1 
  51304.9838   14.535  0.002    3  1 
  51305.0251   14.770  0.003    3  1 
  51305.0718   14.974  0.004    3  1 
  51305.0961   15.085  0.003    3  1 
  51305.1465   15.279  0.005    3  1 
  51305.1755   15.389  0.005    3  1 
  51305.2054   15.472  0.005    3  1 
  51305.2345   15.531  0.005    3  1 
  51305.2666   15.540  0.005    3  1 
  51305.2880   15.562  0.005    3  1 
  51305.9773   15.485  0.003    3  1 
  51306.0428   15.651  0.005    3  1 
  51306.0809   15.518  0.004    3  1 
  51306.1087   14.690  0.003    3  1 
  51306.1330   14.256  0.002    3  1 
  51306.1578   14.315  0.003    3  1 
  51306.1875   14.493  0.002    3  1 
  51306.2101   14.637  0.003    3  1 
  51306.2308   14.748  0.003    3  1 
  51306.2538   14.890  0.000    3  1 
  51306.2771   14.975  0.003    3  1 
  51306.2972   15.058  0.003    3  1 
  51308.0025   14.509  0.002    3  1 
  51308.0294   14.676  0.002    3  1 
  51308.0600   14.828  0.003    3  1 
  51308.0919   14.975  0.003    3  1 
  51308.0958   14.978  0.003    3  1 
  51308.1244   15.094  0.003    3  1 
  51310.1057   15.535  0.003    3  1 
  51310.1100   15.533  0.003    3  1 
  51310.1132   15.530  0.003    3  1 
  51311.9792   15.611  0.006    3  1 
  51311.9983   15.574  0.005    3  1 
  51312.0087   15.524  0.005    3  1 
  51312.0350   15.471  0.004    3  1 
  51312.0550   15.491  0.004    3  1 
  51312.0672   15.575  0.004    3  1 
  51312.0870   15.652  0.004    3  1 
  51312.0988   15.683  0.005    3  1 
  51312.9828   15.186  0.003    3  1 
  51313.0063   15.264  0.003    3  1 
  51313.0300   15.346  0.003    3  1 
  51313.0562   15.407  0.003    3  1 
  51313.0838   15.453  0.003    3  1 
  51313.1113   15.516  0.004    3  1 
  51313.9807   14.463  0.003    3  1 
  51314.0143   14.309  0.002    3  1 
  51314.0397   14.464  0.003    3  1 
  51314.1124   14.887  0.003    3  1 
  51314.9752   15.540  0.004    3  1 
  51315.0102   15.562  0.004    3  1 
  51315.0336   15.497  0.004    3  1 
  51315.0747   15.543  0.004    3  1 
  51315.0982   15.653  0.005    3  1 
  51315.1216   15.680  0.005    3  1 
  51316.0399   15.297  0.003    3  1 
  51316.0634   15.344  0.003    3  1 
  51316.0869   15.451  0.004    3  1 
  51316.1115   15.484  0.004    3  1 
  51316.9740   15.168  0.004    3  1 
  51317.0052   14.446  0.003    3  1 
  51317.0282   14.259  0.003    3  1 
  51317.0566   14.438  0.003    3  1 
  51317.0822   14.608  0.003    3  1 
  51317.1075   14.745  0.003    3  1 
  51317.9847   15.550  0.005    3  1 
  51318.0099   15.583  0.005    3  1 
  51318.1226   15.719  0.007    3  1 
  51318.9772   15.019  0.003    3  1 
  51319.0019   15.108  0.004    3  1 
  51319.0274   15.200  0.004    3  1 
  51319.0757   15.340  0.004    3  1 
  51319.0997   15.414  0.004    3  1 
  51320.1000   14.607  0.002    3  1 
  51320.1208   14.726  0.002    3  1 
  51320.1417   14.822  0.003    3  1 
  51320.9728   15.501  0.004    3  1 
  51320.9965   15.469  0.003    3  1 
  51321.0180   15.512  0.003    3  1 
  51321.0400   15.537  0.004    3  1 
  51321.0624   15.505  0.003    3  1 
  51321.0930   15.483  0.004    3  1 
  51321.1217   15.547  0.004    3  1 
  51380.9937   15.577  0.004    3  1 
  51381.9793   15.400  0.004    3  1 
  51382.9755   14.468  0.003    3  1 
  51383.9715   15.499  0.004    3  1 
  51385.9679   14.304  0.002    3  1 
  51386.9917   15.498  0.005    3  1 
  51388.9755   14.207  0.003    3  1 
  51389.9750   15.564  0.004    3  1 
  51391.9697   14.681  0.001    3  1 
  51693.9923   15.435  0.004    3  1 
  51695.0052   14.740  0.003    3  1 
 56468.97641   13.118  0.017   -1  1 
 56469.04707   13.165  0.018   -1  1 
 56469.10896   13.295  0.015   -1  1 
 56469.17285   13.390  0.009   -1  1 
 56471.00364   13.480  0.019   -1  1 
 56471.06640   13.122  0.011   -1  1 
 56471.12490   13.131  0.010   -1  1 
 56471.18188   13.070  0.009   -1  1 
 56471.96759   13.131  0.018   -1  1 
 56472.03374   13.213  0.042   -1  1 
 56472.09484   13.553  0.028   -1  1 
 56472.15243   13.306  0.006   -1  1 
 56468.95296   13.348  0.027   -2  1 
 56469.02441   13.233  0.013   -2  1 
 56469.08813   13.454  0.018   -2  1 
 56469.15134   13.261  0.014   -2  1 
 56471.02588   13.348  0.009   -2  1 
 56471.08671   13.141  0.015   -2  1 
 56471.14302   13.076  0.009   -2  1 
 56471.94704   13.132  0.008   -2  1 
 56472.01085   13.027  0.017   -2  1 
 56472.07480   13.119  0.028   -2  1 
 56472.13240   13.284  0.011   -2  1 
 56472.19216   13.304  0.007   -2  1 
 56469.00041   13.604  0.012   -5  1 
 56469.06767   13.621  0.007   -5  1 
 56469.13003   13.648  0.016   -5  1 
 56469.19349   13.761  0.010   -5  1 
 56470.98130   13.683  0.013   -5  1 
 56471.04693   13.530  0.009   -5  1 
 56471.10523   13.299  0.014   -5  1 
 56471.16397   13.342  0.007   -5  1 
 56471.98857   13.555  0.006   -5  1 
 56472.05430   13.565  0.020   -5  1 
 56472.11383   13.608  0.010   -5  1 
 56472.17109   13.665  0.005   -5  1 
