  51216.3218   14.673  0.005    2  1 
  51216.3464   14.744  0.005    2  1 
  51216.3689   14.801  0.005    2  1 
  51216.3980   14.866  0.007    2  1 
  51217.3101   14.085  0.004    2  1 
  51217.3328   14.196  0.004    2  1 
  51217.3552   14.294  0.004    2  1 
  51217.3759   14.377  0.004    2  1 
  51217.3953   14.443  0.005    2  1 
  51218.2773   14.895  0.006    2  1 
  51218.3093   14.981  0.005    2  1 
  51218.3298   15.020  0.006    2  1 
  51218.3573   14.870  0.005    2  1 
  51218.3794   14.251  0.004    2  1 
  51219.3336   14.891  0.005    2  1 
  51219.3596   14.894  0.005    2  1 
  51219.3768   14.918  0.005    2  1 
  51220.2621   14.426  0.004    2  1 
  51220.2906   14.523  0.004    2  1 
  51220.3077   14.567  0.004    2  1 
  51220.3257   14.622  0.005    2  1 
  51220.3432   14.676  0.005    2  1 
  51220.3602   14.724  0.005    2  1 
  51220.3776   14.773  0.005    2  1 
  51221.2835   13.857  0.003    2  1 
  51221.3009   13.915  0.003    2  1 
  51221.3188   14.024  0.003    2  1 
  51221.3358   14.114  0.004    2  1 
  51221.3538   14.207  0.004    2  1 
  51221.3722   14.289  0.004    2  1 
  51283.2451   14.661  0.004    2  1 
  51283.2493   14.525  0.004    2  1 
  51283.2714   13.946  0.003    2  1 
  51283.2748   13.880  0.003    2  1 
  51283.2939   13.844  0.003    2  1 
  51283.2972   13.858  0.003    2  1 
  51283.3202   13.989  0.003    2  1 
  51283.3234   14.006  0.003    2  1 
  51283.3487   14.145  0.003    2  1 
  51283.3518   14.161  0.003    2  1 
  51283.3707   14.251  0.003    2  1 
  51283.3738   14.272  0.003    2  1 
  51284.2195   14.893  0.005    2  1 
  51284.2229   14.894  0.005    2  1 
  51284.2413   14.902  0.005    2  1 
  51284.2443   14.911  0.005    2  1 
  51284.2617   14.925  0.005    2  1 
  51284.2648   14.930  0.005    2  1 
  51284.2942   14.895  0.005    2  1 
  51284.2973   14.893  0.005    2  1 
  51284.3168   14.919  0.005    2  1 
  51284.3211   14.934  0.005    2  1 
  51284.3428   14.999  0.005    2  1 
  51284.3464   15.010  0.005    2  1 
  51285.0513   14.040  0.003    2  1 
  51285.0543   14.057  0.003    2  1 
  51285.0739   14.165  0.003    2  1 
  51285.0778   14.180  0.003    2  1 
  51285.0975   14.282  0.004    2  1 
  51285.1006   14.307  0.005    2  1 
  51285.1324   14.410  0.004    2  1 
  51285.1360   14.430  0.004    2  1 
  51285.1558   14.489  0.004    2  1 
  51285.1588   14.495  0.004    2  1 
  51285.1796   14.558  0.004    2  1 
  51285.1830   14.574  0.004    2  1 
  51285.2125   14.660  0.004    2  1 
  51285.2157   14.667  0.004    2  1 
  51285.2362   14.728  0.005    2  1 
  51285.2426   14.748  0.004    2  1 
  51285.2630   14.801  0.005    2  1 
  51285.2666   14.811  0.005    2  1 
  51285.2998   14.876  0.005    2  1 
  51285.3033   14.876  0.005    2  1 
  51285.3308   14.903  0.005    2  1 
  51285.3348   14.904  0.005    2  1 
  51285.3382   14.902  0.005    2  1 
  51286.0461   14.945  0.004    2  1 
  51286.0493   14.952  0.004    2  1 
  51286.0716   15.012  0.005    2  1 
  51286.0753   15.010  0.005    2  1 
  51286.1026   14.915  0.004    2  1 
  51286.1061   14.874  0.004    2  1 
  51286.1365   14.057  0.003    2  1 
  51286.1398   13.978  0.003    2  1 
  51286.1608   13.830  0.003    2  1 
  51286.1639   13.840  0.003    2  1 
  51286.1669   13.857  0.003    2  1 
  51286.1875   13.963  0.003    2  1 
  51286.1908   13.982  0.003    2  1 
  51286.2255   14.175  0.003    2  1 
  51286.2285   14.191  0.003    2  1 
  51286.2476   14.278  0.003    2  1 
  51286.2508   14.289  0.003    2  1 
  51286.2697   14.366  0.004    2  1 
  51286.2727   14.380  0.004    2  1 
  51286.3022   14.484  0.004    2  1 
  51286.3055   14.492  0.004    2  1 
  51286.3218   14.543  0.004    2  1 
  51286.3250   14.551  0.004    2  1 
  51286.3450   14.609  0.004    2  1 
  51286.3481   14.620  0.004    2  1 
  51304.9873   14.935  0.005    2  1 
  51304.9926   14.946  0.005    2  1 
  51305.0328   15.014  0.005    2  1 
  51305.0362   15.005  0.005    2  1 
  51305.0559   14.824  0.005    2  1 
  51305.0599   14.741  0.005    2  1 
  51305.0890   13.931  0.003    2  1 
  51305.0922   13.887  0.003    2  1 
  51305.1235   13.919  0.003    2  1 
  51305.1269   13.934  0.003    2  1 
  51305.1509   14.074  0.004    2  1 
  51305.1547   14.095  0.004    2  1 
  51305.1853   14.242  0.004    2  1 
  51305.1885   14.260  0.004    2  1 
  51305.2098   14.344  0.004    2  1 
  51305.2128   14.355  0.004    2  1 
  51305.2431   14.470  0.004    2  1 
  51305.2461   14.478  0.004    2  1 
  51305.2704   14.555  0.004    2  1 
  51305.2734   14.559  0.004    2  1 
  51305.2966   14.631  0.004    2  1 
  51305.2995   14.638  0.004    2  1 
  51305.9857   14.879  0.004    2  1 
  51305.9885   14.878  0.004    2  1 
  51305.9912   14.883  0.004    2  1 
  51306.0256   14.889  0.004    2  1 
  51306.0285   14.896  0.004    2  1 
  51306.0465   14.898  0.005    2  1 
  51306.0498   14.895  0.005    2  1 
  51306.0896   14.930  0.005    2  1 
  51306.0930   14.917  0.004    2  1 
  51306.1123   14.888  0.004    2  1 
  51306.1151   14.892  0.004    2  1 
  51306.1375   14.934  0.004    2  1 
  51306.1405   14.951  0.004    2  1 
  51306.1636   15.008  0.005    2  1 
  51306.1673   15.019  0.005    2  1 
  51306.1937   14.960  0.004    2  1 
  51306.1966   14.930  0.004    2  1 
  51306.2146   14.534  0.004    2  1 
  51306.2178   14.434  0.003    2  1 
  51306.2343   14.002  0.003    2  1 
  51306.2380   13.928  0.002    2  1 
  51306.2574   13.836  0.002    2  1 
  51306.2602   13.847  0.002    2  1 
  51306.2805   13.956  0.002    2  1 
  51306.2835   13.969  0.002    2  1 
  51306.3009   14.080  0.003    2  1 
  51306.3038   14.090  0.003    2  1 
  51306.3135   14.143  0.003    2  1 
  51306.3184   14.166  0.004    2  1 
  51307.0456   14.710  0.005    2  1 
  51307.0501   14.720  0.005    2  1 
  51307.0593   14.757  0.004    2  1 
  51307.0645   14.778  0.004    2  1 
  51307.0699   14.787  0.008    2  1 
  51307.0747   14.790  0.006    2  1 
  51308.0084   13.983  0.003    2  1 
  51308.0112   13.998  0.003    2  1 
  51308.0334   14.124  0.003    2  1 
  51308.0362   14.133  0.003    2  1 
  51308.0394   14.149  0.003    2  1 
  51308.0633   14.271  0.003    2  1 
  51308.0663   14.278  0.003    2  1 
  51308.0995   14.414  0.003    2  1 
  51308.1031   14.425  0.003    2  1 
  51308.1280   14.506  0.004    2  1 
  51308.1309   14.514  0.004    2  1 
  51310.0850   14.910  0.003    2  1 
  51310.0874   14.915  0.003    2  1 
  51310.0897   14.922  0.003    2  1 
  51310.0922   14.920  0.003    2  1 
  51310.1430   14.903  0.004    2  1 
  51310.1458   14.903  0.004    2  1 
  51310.1486   14.917  0.005    2  1 
  51311.0244   14.610  0.005    2  1 
  51311.0302   14.610  0.005    2  1 
  51311.0334   14.620  0.005    2  1 
  51311.0506   14.659  0.003    2  1 
  51311.0539   14.676  0.003    2  1 
  51311.0637   14.704  0.004    2  1 
  51311.0669   14.715  0.005    2  1 
  51311.0702   14.723  0.003    2  1 
  51311.0907   14.777  0.005    2  1 
  51311.0946   14.787  0.005    2  1 
  51311.0980   14.796  0.004    2  1 
  51311.1015   14.806  0.004    2  1 
  51311.1071   14.808  0.004    2  1 
  51311.1298   14.860  0.005    2  1 
  51311.1327   14.863  0.005    2  1 
  51311.1357   14.866  0.005    2  1 
  51311.1398   14.871  0.005    2  1 
  51311.1447   14.884  0.005    2  1 
  51311.9755   14.035  0.003    2  1 
  51312.0020   13.855  0.003    2  1 
  51312.0049   13.876  0.003    2  1 
  51312.0255   13.976  0.003    2  1 
  51312.0284   13.988  0.003    2  1 
  51312.0314   14.003  0.003    2  1 
  51312.0584   14.156  0.003    2  1 
  51312.0611   14.169  0.003    2  1 
  51312.0638   14.181  0.003    2  1 
  51312.0903   14.297  0.003    2  1 
  51312.0929   14.315  0.003    2  1 
  51312.0955   14.315  0.003    2  1 
  51312.1146   14.396  0.003    2  1 
  51312.1173   14.406  0.003    2  1 
  51312.1200   14.416  0.003    2  1 
  51312.9860   14.911  0.004    2  1 
  51312.9887   14.909  0.004    2  1 
  51312.9913   14.894  0.004    2  1 
  51313.0096   14.895  0.004    2  1 
  51313.0123   14.898  0.004    2  1 
  51313.0149   14.898  0.004    2  1 
  51313.0333   14.949  0.004    2  1 
  51313.0360   14.960  0.004    2  1 
  51313.0386   14.973  0.004    2  1 
  51313.0413   14.990  0.005    2  1 
  51313.0595   15.013  0.004    2  1 
  51313.0622   15.016  0.004    2  1 
  51313.0648   15.010  0.004    2  1 
  51313.0911   14.873  0.004    2  1 
  51313.0937   14.834  0.004    2  1 
  51313.0964   14.781  0.004    2  1 
  51313.1146   14.240  0.003    2  1 
  51313.1172   14.169  0.003    2  1 
  51313.1199   14.106  0.003    2  1 
  51313.1226   14.041  0.003    2  1 
  51313.9843   14.829  0.004    2  1 
  51313.9872   14.834  0.005    2  1 
  51313.9901   14.840  0.005    2  1 
  51314.0178   14.877  0.005    2  1 
  51314.0207   14.879  0.005    2  1 
  51314.0236   14.875  0.005    2  1 
  51314.0432   14.890  0.005    2  1 
  51314.0461   14.892  0.005    2  1 
  51314.0490   14.891  0.005    2  1 
  51314.0772   14.895  0.005    2  1 
  51314.0802   14.893  0.005    2  1 
  51314.0831   14.899  0.005    2  1 
  51314.1030   14.913  0.005    2  1 
  51314.1059   14.915  0.005    2  1 
  51314.1088   14.913  0.005    2  1 
  51314.1289   14.926  0.005    2  1 
  51314.1333   14.921  0.005    2  1 
  51314.1363   14.916  0.005    2  1 
  51314.9827   14.380  0.004    2  1 
  51314.9856   14.392  0.004    2  1 
  51314.9885   14.400  0.004    2  1 
  51315.0015   14.447  0.004    2  1 
  51315.0043   14.462  0.004    2  1 
  51315.0069   14.472  0.003    2  1 
  51315.0251   14.519  0.003    2  1 
  51315.0277   14.529  0.003    2  1 
  51315.0304   14.543  0.003    2  1 
  51315.0489   14.591  0.004    2  1 
  51315.0516   14.602  0.004    2  1 
  51315.0542   14.611  0.004    2  1 
  51315.0780   14.677  0.004    2  1 
  51315.0807   14.686  0.004    2  1 
  51315.0833   14.697  0.004    2  1 
  51315.1015   14.752  0.004    2  1 
  51315.1041   14.760  0.004    2  1 
  51315.1068   14.767  0.004    2  1 
  51315.1290   14.826  0.005    2  1 
  51315.1319   14.828  0.005    2  1 
  51316.0194   13.839  0.002    2  1 
  51316.0221   13.850  0.002    2  1 
  51316.0247   13.863  0.002    2  1 
  51316.0431   13.965  0.003    2  1 
  51316.0458   13.978  0.003    2  1 
  51316.0485   14.005  0.003    2  1 
  51316.0667   14.110  0.003    2  1 
  51316.0693   14.130  0.003    2  1 
  51316.0720   14.135  0.003    2  1 
  51316.0905   14.219  0.003    2  1 
  51316.0934   14.233  0.003    2  1 
  51316.0963   14.245  0.003    2  1 
  51316.1148   14.328  0.003    2  1 
  51316.1175   14.338  0.003    2  1 
  51316.1201   14.352  0.003    2  1 
  51316.9647   14.904  0.005    2  1 
  51316.9676   14.907  0.005    2  1 
  51316.9705   14.911  0.005    2  1 
  51316.9896   14.928  0.004    2  1 
  51316.9923   14.934  0.004    2  1 
  51316.9949   14.933  0.004    2  1 
  51317.0088   14.909  0.005    2  1 
  51317.0117   14.902  0.005    2  1 
  51317.0321   14.894  0.005    2  1 
  51317.0351   14.910  0.005    2  1 
  51317.0391   14.926  0.005    2  1 
  51317.0602   14.983  0.005    2  1 
  51317.0631   14.994  0.005    2  1 
  51317.0660   14.998  0.005    2  1 
  51317.0858   15.017  0.005    2  1 
  51317.0887   15.017  0.005    2  1 
  51317.0916   15.013  0.005    2  1 
  51317.1111   14.872  0.005    2  1 
  51317.1140   14.844  0.006    2  1 
  51317.1169   14.763  0.005    2  1 
  51317.9628   14.731  0.004    2  1 
  51317.9657   14.737  0.005    2  1 
  51317.9685   14.739  0.005    2  1 
  51317.9883   14.796  0.005    2  1 
  51317.9912   14.800  0.005    2  1 
  51317.9941   14.811  0.004    2  1 
  51318.0135   14.848  0.005    2  1 
  51318.0164   14.861  0.005    2  1 
  51318.0194   14.858  0.005    2  1 
  51318.0413   14.886  0.005    2  1 
  51318.0445   14.885  0.006    2  1 
  51318.0477   14.890  0.005    2  1 
  51318.0697   14.887  0.006    2  1 
  51318.0730   14.893  0.006    2  1 
  51318.0762   14.895  0.006    2  1 
  51318.0981   14.887  0.006    2  1 
  51318.1014   14.894  0.006    2  1 
  51318.1046   14.888  0.006    2  1 
  51318.1265   14.916  0.006    2  1 
  51318.1298   14.920  0.006    2  1 
  51318.9642   14.233  0.003    2  1 
  51318.9680   14.250  0.004    2  1 
  51318.9708   14.263  0.003    2  1 
  51318.9737   14.282  0.003    2  1 
  51318.9929   14.353  0.003    2  1 
  51318.9956   14.367  0.003    2  1 
  51318.9983   14.370  0.004    2  1 
  51319.0180   14.454  0.004    2  1 
  51319.0209   14.456  0.004    2  1 
  51319.0238   14.461  0.004    2  1 
  51319.0443   14.532  0.004    2  1 
  51319.0474   14.535  0.004    2  1 
  51319.0505   14.545  0.004    2  1 
  51319.0793   14.626  0.004    2  1 
  51319.0820   14.635  0.004    2  1 
  51319.0847   14.641  0.004    2  1 
  51319.1030   14.702  0.004    2  1 
  51319.1084   14.720  0.004    2  1 
  51319.1110   14.727  0.004    2  1 
  51320.1030   14.187  0.002    2  1 
  51320.1053   14.196  0.002    2  1 
  51320.1076   14.210  0.002    2  1 
  51320.1238   14.288  0.003    2  1 
  51320.1261   14.291  0.003    2  1 
  51320.1284   14.298  0.003    2  1 
  51320.1450   14.371  0.003    2  1 
  51320.1477   14.375  0.003    2  1 
  51320.1503   14.387  0.003    2  1 
  51320.9635   14.892  0.005    2  1 
  51320.9664   14.892  0.005    2  1 
  51320.9693   14.892  0.004    2  1 
  51320.9887   14.900  0.003    2  1 
  51320.9911   14.907  0.003    2  1 
  51320.9936   14.906  0.003    2  1 
  51321.0102   14.922  0.003    2  1 
  51321.0126   14.923  0.004    2  1 
  51321.0150   14.922  0.004    2  1 
  51321.0318   14.892  0.004    2  1 
  51321.0344   14.891  0.004    2  1 
  51321.0369   14.890  0.004    2  1 
  51321.0543   14.907  0.004    2  1 
  51321.0568   14.901  0.004    2  1 
  51321.0594   14.921  0.004    2  1 
  51321.0847   14.998  0.004    2  1 
  51321.0873   15.003  0.004    2  1 
  51321.0898   15.008  0.004    2  1 
  51321.1133   15.004  0.004    2  1 
  51321.1159   14.993  0.004    2  1 
  51321.1186   14.976  0.004    2  1 
  51321.1339   14.791  0.004    2  1 
  51321.1365   14.733  0.004    2  1 
  51332.9696   14.883  0.007    2  1 
  51332.9739   14.884  0.006    2  1 
  51332.9891   14.888  0.006    2  1 
  51332.9928   14.894  0.006    2  1 
  51332.9965   14.889  0.006    2  1 
  51333.0083   14.892  0.006    2  1 
  51333.0120   14.890  0.006    2  1 
  51333.0226   14.890  0.006    2  1 
  51333.0264   14.893  0.005    2  1 
  51333.0514   14.908  0.006    2  1 
  51333.0552   14.911  0.007    2  1 
  51333.0742   14.923  0.006    2  1 
  51333.0779   14.923  0.006    2  1 
  51333.0907   14.896  0.006    2  1 
  51333.0945   14.889  0.006    2  1 
  51333.1178   14.919  0.006    2  1 
  51333.1221   14.931  0.006    2  1 
  51333.1335   14.971  0.006    2  1 
  51333.1369   14.976  0.006    2  1 
  51333.1529   15.015  0.006    2  1 
  51333.1565   15.013  0.007    2  1 
  51333.1716   14.992  0.006    2  1 
  51333.1752   14.980  0.006    2  1 
  51334.9841   13.928  0.003    2  1 
  51334.9871   13.941  0.003    2  1 
  51335.0175   14.117  0.003    2  1 
  51335.0204   14.127  0.003    2  1 
  51335.0301   14.176  0.003    2  1 
  51335.0334   14.195  0.003    2  1 
  51335.0517   14.275  0.004    2  1 
  51335.0552   14.294  0.004    2  1 
  51335.0692   14.351  0.004    2  1 
  51335.0727   14.360  0.004    2  1 
  51335.0833   14.402  0.004    2  1 
  51335.0867   14.412  0.004    2  1 
  51335.1133   14.505  0.005    2  1 
  51335.1167   14.521  0.005    2  1 
  51335.9535   14.912  0.006    2  1 
  51335.9726   14.892  0.005    2  1 
  51335.9768   14.894  0.005    2  1 
  51335.9997   14.951  0.005    2  1 
  51336.0027   14.965  0.005    2  1 
  51336.0203   15.012  0.005    2  1 
  51336.0236   15.018  0.005    2  1 
  51336.0357   15.014  0.005    2  1 
  51336.0388   15.009  0.005    2  1 
  51336.0593   14.833  0.005    2  1 
  51336.0629   14.764  0.005    2  1 
  51336.0769   14.323  0.004    2  1 
  51336.0803   14.247  0.004    2  1 
  51336.1025   13.840  0.003    2  1 
  51336.1059   13.836  0.003    2  1 
  51336.1206   13.884  0.004    2  1 
  51336.1240   13.887  0.003    2  1 
  51337.0101   14.897  0.005    2  1 
  51337.9904   14.523  0.005    2  1 
  51337.9940   14.535  0.005    2  1 
  51338.0162   14.600  0.005    2  1 
  51338.0196   14.611  0.005    2  1 
  51338.0339   14.648  0.005    2  1 
  51338.0376   14.671  0.006    2  1 
  51338.9901   13.860  0.003    2  1 
  51338.9938   13.880  0.003    2  1 
  51339.0226   14.069  0.004    2  1 
  51339.0269   14.077  0.004    2  1 
  51339.0867   14.384  0.005    2  1 
  51339.0905   14.375  0.005    2  1 
  51339.1139   14.450  0.004    2  1 
  51339.1177   14.462  0.004    2  1 
  51339.1448   14.544  0.004    2  1 
  51339.1482   14.550  0.004    2  1 
  51339.9766   14.900  0.005    2  1 
  51339.9795   14.897  0.005    2  1 
  51340.0044   14.909  0.005    2  1 
  51340.0078   14.917  0.005    2  1 
  51340.0274   14.985  0.005    2  1 
  51340.0306   14.987  0.005    2  1 
  51340.0540   15.017  0.005    2  1 
  51340.0572   15.012  0.006    2  1 
  51340.0857   14.673  0.005    2  1 
  51340.0892   14.548  0.005    2  1 
  51340.1152   13.901  0.003    2  1 
  51340.1197   13.853  0.003    2  1 
  51340.1229   13.831  0.003    2  1 
  51340.1263   13.832  0.003    2  1 
  51340.1404   13.879  0.003    2  1 
  51340.1437   13.898  0.003    2  1 
  51344.9924   14.830  0.004    2  1 
  51344.9958   14.844  0.004    2  1 
  51344.9988   14.848  0.004    2  1 
  51345.0216   14.881  0.005    2  1 
  51345.0255   14.879  0.006    2  1 
  51345.0302   14.887  0.005    2  1 
  51345.0553   14.898  0.005    2  1 
  51345.0603   14.893  0.005    2  1 
  51345.9856   14.379  0.005    2  1 
  51345.9896   14.387  0.004    2  1 
  51346.0219   14.500  0.005    2  1 
  51346.0264   14.514  0.004    2  1 
  51346.0486   14.580  0.004    2  1 
  51346.0523   14.592  0.005    2  1 
  51346.0791   14.666  0.005    2  1 
  51346.0826   14.679  0.004    2  1 
  51347.0416   13.939  0.003    2  1 
  51347.0453   13.954  0.002    2  1 
  51347.0743   14.121  0.003    2  1 
  51347.0777   14.136  0.003    2  1 
  51347.0990   14.244  0.003    2  1 
  51347.1022   14.256  0.002    2  1 
  51347.9769   14.904  0.005    2  1 
  51347.9802   14.911  0.005    2  1 
  51347.9834   14.918  0.005    2  1 
  51347.9983   14.928  0.005    2  1 
  51348.0028   14.920  0.005    2  1 
  51348.0063   14.915  0.005    2  1 
  51348.0242   14.890  0.005    2  1 
  51348.0274   14.886  0.005    2  1 
  51348.0943   15.004  0.006    2  1 
  51348.0983   14.992  0.007    2  1 
  51348.1018   14.977  0.006    2  1 
  51348.9650   14.714  0.005    2  1 
  51348.9682   14.721  0.004    2  1 
  51348.9853   14.774  0.004    2  1 
  51348.9883   14.780  0.004    2  1 
  51348.9912   14.784  0.004    2  1 
  51349.0316   14.868  0.005    2  1 
  51349.0346   14.872  0.005    2  1 
  51349.9815   14.285  0.003    2  1 
  51349.9851   14.306  0.003    2  1 
  51349.9973   14.351  0.003    2  1 
  51350.0033   14.374  0.004    2  1 
  51350.0066   14.385  0.004    2  1 
  51350.0164   14.419  0.004    2  1 
  51350.0197   14.429  0.004    2  1 
  51350.0296   14.469  0.004    2  1 
  51380.9973   14.332  0.003    2  1 
  51381.0004   14.351  0.003    2  1 
  51381.0031   14.357  0.003    2  1 
  51381.0187   14.424  0.003    2  1 
  51381.0214   14.428  0.003    2  1 
  51381.0242   14.440  0.003    2  1 
  51381.9830   14.935  0.005    2  1 
  51381.9859   14.910  0.005    2  1 
  51381.9888   14.872  0.005    2  1 
  51382.0000   14.605  0.004    2  1 
  51382.0029   14.503  0.004    2  1 
  51382.9793   14.892  0.005    2  1 
  51382.9826   14.899  0.005    2  1 
  51382.9857   14.902  0.005    2  1 
  51382.9965   14.917  0.005    2  1 
  51382.9995   14.911  0.005    2  1 
  51383.9746   14.676  0.004    2  1 
  51383.9773   14.687  0.004    2  1 
  51383.9799   14.700  0.004    2  1 
  51383.9899   14.728  0.004    2  1 
  51383.9926   14.734  0.004    2  1 
  51384.9751   14.153  0.003    2  1 
  51384.9777   14.164  0.003    2  1 
  51384.9802   14.179  0.003    2  1 
  51384.9896   14.227  0.003    2  1 
  51384.9921   14.235  0.003    2  1 
  51385.9711   15.010  0.004    2  1 
  51385.9737   15.011  0.004    2  1 
  51385.9763   15.022  0.004    2  1 
  51385.9857   15.018  0.005    2  1 
  51385.9884   15.015  0.005    2  1 
  51386.9965   14.887  0.005    2  1 
  51387.0003   14.892  0.005    2  1 
  51387.0041   14.891  0.005    2  1 
  51387.0216   14.919  0.006    2  1 
  51387.0254   14.915  0.005    2  1 
  51387.0293   14.931  0.006    2  1 
  51388.9801   14.094  0.004    2  1 
  51388.9834   14.110  0.003    2  1 
  51388.9866   14.127  0.004    2  1 
  51388.9984   14.200  0.004    2  1 
  51389.0017   14.223  0.004    2  1 
  51389.9783   14.981  0.004    2  1 
  51389.9809   14.986  0.004    2  1 
  51389.9836   14.994  0.004    2  1 
  51390.9729   14.880  0.004    2  1 
  51390.9756   14.886  0.004    2  1 
  51390.9783   14.891  0.004    2  1 
  51391.9728   14.569  0.003    2  1 
  51391.9754   14.572  0.003    2  1 
  51391.9779   14.578  0.003    2  1 
  51671.0871   14.797  0.005    2  1 
  51671.0917   14.808  0.005    2  1 
  51671.0952   14.819  0.005    2  1 
  51671.1189   14.868  0.005    2  1 
  51671.1232   14.870  0.005    2  1 
  51671.9996   13.889  0.003    2  1 
  51672.0039   13.918  0.003    2  1 
  51672.0350   14.093  0.003    2  1 
  51672.0382   14.114  0.003    2  1 
  51673.0232   14.965  0.004    2  1 
  51674.0574   14.895  0.006    2  1 
  51674.0938   14.917  0.006    2  1 
  51674.0985   14.922  0.006    2  1 
  51674.1159   14.930  0.006    2  1 
  51674.1223   14.916  0.005    2  1 
  51674.9763   14.414  0.005    2  1 
  51674.9824   14.427  0.005    2  1 
  51675.0212   14.556  0.005    2  1 
  51676.0163   13.883  0.003    2  1 
  51692.9816   14.891  0.005    2  1 
  51692.9854   14.898  0.005    2  1 
  51693.9780   14.590  0.004    2  1 
  51693.9814   14.598  0.004    2  1 
  51694.9914   14.049  0.003    2  1 
  51694.9946   13.985  0.003    2  1 
  51765.9974   14.899  0.005    2  1 
  51766.0012   14.893  0.005    2  1 
  51766.0048   14.895  0.005    2  1 
  51766.0266   14.944  0.005    2  1 
  51766.0301   14.961  0.005    2  1 
  51216.3144   15.120  0.004    3  1 
  51216.3408   15.297  0.004    3  1 
  51216.3634   15.305  0.004    3  1 
  51216.3905   15.470  0.005    3  1 
  51217.3019   14.278  0.003    3  1 
  51217.3494   15.277  0.004    3  1 
  51217.3710   14.702  0.003    3  1 
  51217.3906   14.834  0.003    3  1 
  51218.2854   15.525  0.005    3  1 
  51218.3156   15.665  0.006    3  1 
  51218.3347   15.670  0.005    3  1 
  51218.3653   15.128  0.004    3  1 
  51218.3848   14.392  0.003    3  1 
  51219.2918   15.554  0.005    3  1 
  51219.3100   15.550  0.005    3  1 
  51219.3296   15.547  0.005    3  1 
  51219.3536   15.546  0.005    3  1 
  51219.3723   15.567  0.005    3  1 
  51220.2720   14.906  0.003    3  1 
  51220.2946   15.014  0.003    3  1 
  51220.3117   15.088  0.004    3  1 
  51220.3299   15.162  0.004    3  1 
  51220.3473   15.240  0.004    3  1 
  51220.3643   15.317  0.004    3  1 
  51221.2763   14.026  0.002    3  1 
  51221.2964   14.091  0.002    3  1 
  51221.3145   14.221  0.002    3  1 
  51221.3318   14.348  0.003    3  1 
  51221.3496   14.475  0.003    3  1 
  51221.3673   14.589  0.003    3  1 
  51283.2546   14.685  0.003    3  1 
  51283.2783   14.008  0.002    3  1 
  51283.3008   14.045  0.002    3  1 
  51283.3322   14.293  0.002    3  1 
  51283.3553   14.464  0.002    3  1 
  51284.2134   15.531  0.004    3  1 
  51284.2375   15.536  0.004    3  1 
  51284.2581   15.538  0.004    3  1 
  51284.2875   15.514  0.004    3  1 
  51284.3124   15.529  0.004    3  1 
  51284.3383   15.627  0.005    3  1 
  51285.0451   14.240  0.002    3  1 
  51285.0691   14.427  0.002    3  1 
  51285.0932   14.584  0.003    3  1 
  51285.1257   14.764  0.003    3  1 
  51285.1514   14.912  0.003    3  1 
  51285.1754   15.017  0.003    3  1 
  51285.2060   15.157  0.003    3  1 
  51285.2321   15.271  0.004    3  1 
  51285.2586   15.374  0.004    3  1 
  51285.2928   15.506  0.004    3  1 
  51285.3257   15.559  0.004    3  1 
  51286.0670   15.689  0.004    3  1 
  51286.0977   15.671  0.004    3  1 
  51286.1302   15.368  0.004    3  1 
  51286.1560   13.872  0.002    3  1 
  51286.1833   14.135  0.002    3  1 
  51286.2193   14.413  0.002    3  1 
  51286.2434   14.572  0.003    3  1 
  51286.2655   14.707  0.003    3  1 
  51286.2958   14.883  0.003    3  1 
  51286.3291   15.049  0.003    3  1 
  51286.3521   15.145  0.003    3  1 
  51304.9838   15.557  0.004    3  1 
  51305.0251   15.680  0.006    3  1 
  51305.0718   14.700  0.003    3  1 
  51305.0961   14.022  0.002    3  1 
  51305.1465   14.280  0.003    3  1 
  51305.1755   14.475  0.003    3  1 
  51305.2054   14.669  0.004    3  1 
  51305.2345   14.827  0.003    3  1 
  51305.2666   15.002  0.004    3  1 
  51305.2880   15.098  0.004    3  1 
  51305.9773   15.580  0.004    3  1 
  51306.0428   15.526  0.005    3  1 
  51306.0809   15.562  0.005    3  1 
  51306.1330   15.524  0.005    3  1 
  51306.1578   15.560  0.005    3  1 
  51306.2308   15.324  0.003    3  1 
  51306.2538   13.905  0.002    3  1 
  51306.2771   14.114  0.002    3  1 
  51306.2972   14.275  0.002    3  1 
  51308.0600   14.558  0.002    3  1 
  51310.1100   15.405  0.003    3  1 
  51310.1132   15.407  0.003    3  1 
  51311.9792   14.193  0.003    3  1 
  51311.9983   14.108  0.003    3  1 
  51312.0087   14.082  0.002    3  1 
  51312.0350   14.270  0.002    3  1 
  51312.0550   14.457  0.003    3  1 
  51312.0672   14.486  0.003    3  1 
  51312.0870   14.593  0.003    3  1 
  51312.0988   14.681  0.003    3  1 
  51312.9828   15.568  0.004    3  1 
  51313.0063   15.508  0.004    3  1 
  51313.0300   15.576  0.004    3  1 
  51313.0562   15.633  0.004    3  1 
  51313.1113   14.650  0.003    3  1 
  51313.9807   15.458  0.004    3  1 
  51314.0143   15.510  0.004    3  1 
  51314.0397   15.517  0.005    3  1 
  51314.1124   15.533  0.005    3  1 
  51314.9752   14.741  0.003    3  1 
  51315.0102   14.908  0.003    3  1 
  51315.0336   15.022  0.003    3  1 
  51315.0747   15.192  0.004    3  1 
  51315.0982   15.290  0.004    3  1 
  51315.1216   15.392  0.004    3  1 
  51316.0399   14.144  0.002    3  1 
  51316.0634   14.328  0.002    3  1 
  51316.0869   14.489  0.002    3  1 
  51316.1115   14.639  0.003    3  1 
  51316.9740   15.552  0.004    3  1 
  51317.0052   15.502  0.005    3  1 
  51317.0282   15.400  0.005    3  1 
  51317.0566   15.588  0.005    3  1 
  51317.0822   15.680  0.005    3  1 
  51317.1075   15.495  0.005    3  1 
  51317.9847   15.384  0.004    3  1 
  51318.0099   15.426  0.004    3  1 
  51318.1226   15.380  0.005    3  1 
  51318.9772   14.631  0.003    3  1 
  51319.0019   14.752  0.001    3  1 
  51319.0274   14.876  0.004    3  1 
  51319.0757   15.119  0.004    3  1 
  51319.0997   15.228  0.004    3  1 
  51320.1208   14.563  0.002    3  1 
  51320.1417   14.718  0.003    3  1 
  51320.9728   15.537  0.004    3  1 
  51321.0400   15.480  0.004    3  1 
  51321.1217   15.566  0.004    3  1 
  51380.9937   14.665  0.003    3  1 
  51381.9793   15.624  0.005    3  1 
  51382.9755   15.445  0.005    3  1 
  51383.9715   15.194  0.003    3  1 
  51384.9721   14.324  0.002    3  1 
  51386.9917   15.544  0.005    3  1 
  51388.9755   14.297  0.003    3  1 
  51389.9750   15.609  0.004    3  1 
  51390.9697   15.543  0.003    3  1 
  51391.9697   14.951  0.002    3  1 
  51693.9923   15.160  0.003    3  1 
 56468.97641   13.122  0.041   -1  1 
 56469.04707   13.398  0.052   -1  1 
 56469.10896   13.272  0.051   -1  1 
 56469.17285   13.239  0.012   -1  1 
 56471.00364   13.279  0.019   -1  1 
 56471.06640   13.396  0.007   -1  1 
 56471.12490   13.639  0.027   -1  1 
 56471.18188   13.556  0.020   -1  1 
 56471.96759   13.617  0.056   -1  1 
 56472.03374   13.431  0.025   -1  1 
 56472.09484   13.348  0.014   -1  1 
 56472.15243   13.358  0.014   -1  1 
 56468.95296   13.264  0.060   -2  1 
 56469.02441   13.191  0.029   -2  1 
 56469.08813   13.304  0.035   -2  1 
 56469.15134   13.134  0.014   -2  1 
 56471.02588   13.312  0.029   -2  1 
 56471.08671   13.366  0.019   -2  1 
 56471.14302   13.500  0.010   -2  1 
 56471.94704   13.171  0.022   -2  1 
 56472.01085   13.063  0.026   -2  1 
 56472.07480   13.432  0.036   -2  1 
 56472.13240   13.243  0.009   -2  1 
 56472.19216   13.336  0.009   -2  1 
 56469.00041   13.401  0.020   -5  1 
 56469.06767   13.457  0.020   -5  1 
 56469.13003   13.495  0.010   -5  1 
 56469.19349   13.574  0.011   -5  1 
 56470.98130   13.618  0.009   -5  1 
 56471.04693   13.671  0.014   -5  1 
 56471.10523   13.791  0.011   -5  1 
 56471.16397   13.836  0.008   -5  1 
 56471.98857   13.498  0.023   -5  1 
 56472.05430   13.595  0.013   -5  1 
 56472.11383   13.607  0.016   -5  1 
 56472.17109   13.703  0.008   -5  1 
