  51216.3218   14.642  0.005    2  1 
  51216.3464   14.447  0.004    2  1 
  51216.3689   14.276  0.004    2  1 
  51216.3980   14.171  0.005    2  1 
  51217.3101   14.218  0.004    2  1 
  51217.3328   14.259  0.004    2  1 
  51217.3552   14.285  0.004    2  1 
  51217.3759   14.315  0.004    2  1 
  51217.3953   14.338  0.004    2  1 
  51218.2773   14.435  0.005    2  1 
  51218.3093   14.481  0.004    2  1 
  51218.3298   14.502  0.004    2  1 
  51218.3573   14.533  0.005    2  1 
  51218.3794   14.541  0.004    2  1 
  51219.3336   14.675  0.004    2  1 
  51219.3596   14.704  0.005    2  1 
  51219.3768   14.704  0.005    2  1 
  51220.2621   14.180  0.004    2  1 
  51220.2906   14.090  0.003    2  1 
  51220.3077   14.073  0.003    2  1 
  51220.3257   14.090  0.003    2  1 
  51220.3432   14.114  0.003    2  1 
  51220.3602   14.142  0.004    2  1 
  51220.3776   14.170  0.004    2  1 
  51221.2835   14.356  0.004    2  1 
  51221.3009   14.375  0.004    2  1 
  51221.3188   14.397  0.004    2  1 
  51221.3358   14.412  0.004    2  1 
  51221.3538   14.442  0.004    2  1 
  51221.3722   14.464  0.004    2  1 
  51283.2451   14.514  0.004    2  1 
  51283.2493   14.519  0.004    2  1 
  51283.2714   14.549  0.004    2  1 
  51283.2748   14.545  0.004    2  1 
  51283.2939   14.552  0.004    2  1 
  51283.2972   14.554  0.004    2  1 
  51283.3202   14.568  0.004    2  1 
  51283.3234   14.563  0.004    2  1 
  51283.3487   14.578  0.004    2  1 
  51283.3518   14.577  0.004    2  1 
  51283.3707   14.596  0.004    2  1 
  51283.3738   14.598  0.004    2  1 
  51284.2195   14.669  0.004    2  1 
  51284.2229   14.667  0.004    2  1 
  51284.2413   14.685  0.004    2  1 
  51284.2443   14.689  0.004    2  1 
  51284.2617   14.708  0.004    2  1 
  51284.2648   14.707  0.004    2  1 
  51284.2942   14.739  0.004    2  1 
  51284.2973   14.728  0.004    2  1 
  51284.3168   14.710  0.004    2  1 
  51284.3211   14.711  0.005    2  1 
  51284.3428   14.627  0.005    2  1 
  51284.3464   14.599  0.004    2  1 
  51285.0513   14.694  0.004    2  1 
  51285.0543   14.706  0.004    2  1 
  51285.0739   14.727  0.004    2  1 
  51285.0778   14.717  0.004    2  1 
  51285.0975   14.693  0.004    2  1 
  51285.1006   14.705  0.005    2  1 
  51285.1324   14.481  0.004    2  1 
  51285.1360   14.434  0.004    2  1 
  51285.1558   14.281  0.003    2  1 
  51285.1588   14.273  0.003    2  1 
  51285.1796   14.211  0.003    2  1 
  51285.1830   14.200  0.003    2  1 
  51285.2125   14.095  0.003    2  1 
  51285.2157   14.086  0.003    2  1 
  51285.2362   14.084  0.003    2  1 
  51285.2426   14.091  0.003    2  1 
  51285.2630   14.110  0.004    2  1 
  51285.2666   14.118  0.003    2  1 
  51285.2998   14.183  0.003    2  1 
  51285.3033   14.186  0.004    2  1 
  51285.3308   14.223  0.003    2  1 
  51285.3348   14.232  0.003    2  1 
  51285.3382   14.244  0.003    2  1 
  51286.0461   14.138  0.003    2  1 
  51286.0493   14.142  0.003    2  1 
  51286.0716   14.177  0.003    2  1 
  51286.0753   14.180  0.003    2  1 
  51286.1026   14.227  0.003    2  1 
  51286.1061   14.238  0.003    2  1 
  51286.1365   14.279  0.003    2  1 
  51286.1398   14.281  0.003    2  1 
  51286.1608   14.309  0.003    2  1 
  51286.1639   14.317  0.003    2  1 
  51286.1669   14.317  0.003    2  1 
  51286.1875   14.342  0.003    2  1 
  51286.1908   14.346  0.003    2  1 
  51286.2255   14.385  0.003    2  1 
  51286.2285   14.392  0.003    2  1 
  51286.2476   14.406  0.003    2  1 
  51286.2508   14.413  0.003    2  1 
  51286.2697   14.437  0.004    2  1 
  51286.2727   14.439  0.004    2  1 
  51286.3022   14.473  0.004    2  1 
  51286.3055   14.481  0.004    2  1 
  51286.3218   14.499  0.004    2  1 
  51286.3250   14.499  0.004    2  1 
  51286.3450   14.519  0.004    2  1 
  51286.3481   14.528  0.004    2  1 
  51304.9873   14.584  0.004    2  1 
  51304.9926   14.580  0.004    2  1 
  51305.0328   14.612  0.004    2  1 
  51305.0362   14.607  0.004    2  1 
  51305.0559   14.609  0.004    2  1 
  51305.0599   14.628  0.005    2  1 
  51305.0890   14.661  0.004    2  1 
  51305.0922   14.666  0.004    2  1 
  51305.1235   14.710  0.005    2  1 
  51305.1269   14.726  0.005    2  1 
  51305.1509   14.734  0.005    2  1 
  51305.1547   14.732  0.005    2  1 
  51305.1853   14.706  0.005    2  1 
  51305.1885   14.706  0.005    2  1 
  51305.2098   14.623  0.004    2  1 
  51305.2128   14.607  0.004    2  1 
  51305.2431   14.321  0.004    2  1 
  51305.2461   14.302  0.004    2  1 
  51305.2704   14.240  0.004    2  1 
  51305.2734   14.224  0.004    2  1 
  51305.2966   14.127  0.003    2  1 
  51305.2995   14.111  0.003    2  1 
  51305.9857   14.602  0.003    2  1 
  51305.9885   14.587  0.003    2  1 
  51305.9912   14.570  0.003    2  1 
  51306.0256   14.283  0.003    2  1 
  51306.0285   14.274  0.003    2  1 
  51306.0465   14.223  0.003    2  1 
  51306.0498   14.206  0.003    2  1 
  51306.0896   14.079  0.003    2  1 
  51306.0930   14.079  0.003    2  1 
  51306.1123   14.096  0.003    2  1 
  51306.1151   14.097  0.003    2  1 
  51306.1375   14.127  0.003    2  1 
  51306.1405   14.135  0.003    2  1 
  51306.1636   14.173  0.003    2  1 
  51306.1673   14.180  0.003    2  1 
  51306.1937   14.226  0.003    2  1 
  51306.1966   14.233  0.003    2  1 
  51306.2146   14.258  0.003    2  1 
  51306.2178   14.264  0.003    2  1 
  51306.2343   14.289  0.003    2  1 
  51306.2380   14.291  0.003    2  1 
  51306.2574   14.321  0.003    2  1 
  51306.2602   14.320  0.003    2  1 
  51306.2805   14.341  0.003    2  1 
  51306.2835   14.344  0.003    2  1 
  51306.3009   14.366  0.003    2  1 
  51306.3038   14.377  0.003    2  1 
  51306.3135   14.378  0.004    2  1 
  51306.3184   14.387  0.004    2  1 
  51307.0456   14.323  0.004    2  1 
  51307.0501   14.328  0.004    2  1 
  51307.0593   14.339  0.003    2  1 
  51307.0645   14.334  0.003    2  1 
  51307.0699   14.363  0.009    2  1 
  51307.0747   14.368  0.006    2  1 
  51308.0084   14.527  0.003    2  1 
  51308.0112   14.521  0.003    2  1 
  51308.0334   14.550  0.003    2  1 
  51308.0362   14.550  0.003    2  1 
  51308.0394   14.553  0.003    2  1 
  51308.0633   14.573  0.003    2  1 
  51308.0663   14.562  0.003    2  1 
  51308.0995   14.590  0.003    2  1 
  51308.1031   14.593  0.003    2  1 
  51308.1280   14.611  0.004    2  1 
  51308.1309   14.611  0.004    2  1 
  51310.0850   14.266  0.002    2  1 
  51310.0874   14.265  0.002    2  1 
  51310.0897   14.276  0.002    2  1 
  51310.0922   14.274  0.002    2  1 
  51310.1430   14.338  0.003    2  1 
  51310.1458   14.343  0.003    2  1 
  51310.1486   14.344  0.003    2  1 
  51311.0244   14.484  0.006    2  1 
  51311.0302   14.484  0.005    2  1 
  51311.0334   14.490  0.005    2  1 
  51311.0506   14.491  0.003    2  1 
  51311.0539   14.503  0.003    2  1 
  51311.0637   14.511  0.004    2  1 
  51311.0669   14.519  0.004    2  1 
  51311.0702   14.529  0.004    2  1 
  51311.0907   14.548  0.004    2  1 
  51311.0946   14.551  0.004    2  1 
  51311.0980   14.540  0.004    2  1 
  51311.1015   14.547  0.004    2  1 
  51311.1071   14.548  0.004    2  1 
  51311.1298   14.570  0.004    2  1 
  51311.1327   14.568  0.004    2  1 
  51311.1357   14.574  0.005    2  1 
  51311.1398   14.571  0.004    2  1 
  51311.1447   14.590  0.004    2  1 
  51311.9726   14.656  0.005    2  1 
  51311.9755   14.617  0.005    2  1 
  51312.0020   14.624  0.004    2  1 
  51312.0049   14.624  0.004    2  1 
  51312.0255   14.640  0.004    2  1 
  51312.0284   14.638  0.004    2  1 
  51312.0314   14.645  0.004    2  1 
  51312.0584   14.675  0.004    2  1 
  51312.0611   14.677  0.004    2  1 
  51312.0638   14.681  0.004    2  1 
  51312.0903   14.701  0.003    2  1 
  51312.0929   14.705  0.003    2  1 
  51312.0955   14.711  0.003    2  1 
  51312.1146   14.731  0.004    2  1 
  51312.1173   14.724  0.004    2  1 
  51312.1200   14.720  0.004    2  1 
  51312.9860   14.273  0.003    2  1 
  51312.9887   14.261  0.003    2  1 
  51312.9913   14.260  0.003    2  1 
  51313.0096   14.183  0.003    2  1 
  51313.0123   14.178  0.003    2  1 
  51313.0149   14.167  0.003    2  1 
  51313.0333   14.104  0.003    2  1 
  51313.0360   14.092  0.003    2  1 
  51313.0386   14.093  0.003    2  1 
  51313.0413   14.086  0.003    2  1 
  51313.0595   14.090  0.003    2  1 
  51313.0622   14.084  0.003    2  1 
  51313.0648   14.090  0.003    2  1 
  51313.0911   14.121  0.003    2  1 
  51313.0937   14.129  0.003    2  1 
  51313.0964   14.136  0.003    2  1 
  51313.1146   14.165  0.003    2  1 
  51313.1172   14.173  0.003    2  1 
  51313.1199   14.172  0.003    2  1 
  51313.1226   14.178  0.003    2  1 
  51313.9843   14.312  0.003    2  1 
  51313.9872   14.312  0.003    2  1 
  51313.9901   14.315  0.003    2  1 
  51314.0178   14.353  0.004    2  1 
  51314.0207   14.355  0.004    2  1 
  51314.0236   14.358  0.003    2  1 
  51314.0432   14.378  0.004    2  1 
  51314.0461   14.383  0.004    2  1 
  51314.0490   14.383  0.004    2  1 
  51314.0772   14.416  0.004    2  1 
  51314.0802   14.422  0.004    2  1 
  51314.0831   14.429  0.004    2  1 
  51314.1030   14.453  0.004    2  1 
  51314.1059   14.462  0.004    2  1 
  51314.1088   14.463  0.004    2  1 
  51314.1289   14.484  0.004    2  1 
  51314.1333   14.498  0.004    2  1 
  51314.1363   14.498  0.004    2  1 
  51314.9827   14.552  0.004    2  1 
  51314.9856   14.562  0.004    2  1 
  51314.9885   14.555  0.004    2  1 
  51315.0015   14.566  0.004    2  1 
  51315.0043   14.568  0.004    2  1 
  51315.0069   14.569  0.004    2  1 
  51315.0251   14.565  0.003    2  1 
  51315.0277   14.572  0.003    2  1 
  51315.0304   14.570  0.003    2  1 
  51315.0489   14.588  0.003    2  1 
  51315.0516   14.591  0.003    2  1 
  51315.0542   14.581  0.003    2  1 
  51315.0780   14.606  0.004    2  1 
  51315.0807   14.610  0.004    2  1 
  51315.0833   14.616  0.004    2  1 
  51315.1015   14.629  0.004    2  1 
  51315.1041   14.631  0.004    2  1 
  51315.1068   14.637  0.004    2  1 
  51315.1290   14.667  0.005    2  1 
  51315.1319   14.679  0.005    2  1 
  51316.0194   14.666  0.003    2  1 
  51316.0221   14.647  0.003    2  1 
  51316.0247   14.633  0.003    2  1 
  51316.0431   14.534  0.003    2  1 
  51316.0458   14.505  0.003    2  1 
  51316.0485   14.488  0.003    2  1 
  51316.0667   14.301  0.004    2  1 
  51316.0693   14.296  0.003    2  1 
  51316.0720   14.284  0.003    2  1 
  51316.0905   14.239  0.003    2  1 
  51316.0934   14.227  0.003    2  1 
  51316.0963   14.215  0.003    2  1 
  51316.1148   14.137  0.003    2  1 
  51316.1175   14.130  0.003    2  1 
  51316.1201   14.111  0.003    2  1 
  51316.9647   14.138  0.003    2  1 
  51316.9676   14.134  0.003    2  1 
  51316.9705   14.134  0.004    2  1 
  51316.9896   14.182  0.003    2  1 
  51316.9923   14.182  0.003    2  1 
  51316.9949   14.192  0.003    2  1 
  51317.0088   14.208  0.003    2  1 
  51317.0117   14.216  0.003    2  1 
  51317.0321   14.245  0.004    2  1 
  51317.0351   14.253  0.004    2  1 
  51317.0391   14.242  0.004    2  1 
  51317.0602   14.287  0.004    2  1 
  51317.0631   14.296  0.003    2  1 
  51317.0660   14.297  0.003    2  1 
  51317.0858   14.322  0.004    2  1 
  51317.0887   14.325  0.004    2  1 
  51317.0916   14.329  0.003    2  1 
  51317.1111   14.356  0.004    2  1 
  51317.1140   14.334  0.005    2  1 
  51317.1169   14.358  0.004    2  1 
  51317.9628   14.440  0.004    2  1 
  51317.9657   14.460  0.005    2  1 
  51317.9685   14.462  0.004    2  1 
  51317.9883   14.481  0.004    2  1 
  51317.9912   14.478  0.004    2  1 
  51317.9941   14.480  0.004    2  1 
  51318.0135   14.508  0.004    2  1 
  51318.0164   14.525  0.005    2  1 
  51318.0194   14.520  0.005    2  1 
  51318.0413   14.535  0.005    2  1 
  51318.0445   14.552  0.005    2  1 
  51318.0477   14.540  0.005    2  1 
  51318.0697   14.560  0.005    2  1 
  51318.0730   14.579  0.006    2  1 
  51318.0762   14.579  0.005    2  1 
  51318.0981   14.607  0.006    2  1 
  51318.1014   14.586  0.005    2  1 
  51318.1046   14.623  0.006    2  1 
  51318.1265   14.624  0.006    2  1 
  51318.1298   14.627  0.006    2  1 
  51318.9642   14.619  0.003    2  1 
  51318.9680   14.629  0.005    2  1 
  51318.9708   14.626  0.004    2  1 
  51318.9737   14.630  0.004    2  1 
  51318.9929   14.651  0.004    2  1 
  51318.9956   14.664  0.004    2  1 
  51318.9983   14.658  0.004    2  1 
  51319.0180   14.707  0.005    2  1 
  51319.0209   14.687  0.004    2  1 
  51319.0238   14.681  0.004    2  1 
  51319.0443   14.708  0.005    2  1 
  51319.0474   14.706  0.004    2  1 
  51319.0505   14.724  0.005    2  1 
  51319.0793   14.709  0.004    2  1 
  51319.0820   14.715  0.004    2  1 
  51319.0847   14.709  0.004    2  1 
  51319.1030   14.689  0.004    2  1 
  51319.1084   14.680  0.004    2  1 
  51319.1110   14.667  0.004    2  1 
  51320.1030   14.224  0.002    2  1 
  51320.1053   14.227  0.002    2  1 
  51320.1076   14.229  0.002    2  1 
  51320.1238   14.248  0.002    2  1 
  51320.1261   14.252  0.002    2  1 
  51320.1284   14.261  0.003    2  1 
  51320.1450   14.279  0.003    2  1 
  51320.1477   14.285  0.003    2  1 
  51320.1503   14.291  0.003    2  1 
  51320.9635   14.333  0.003    2  1 
  51320.9664   14.336  0.003    2  1 
  51320.9693   14.340  0.003    2  1 
  51320.9887   14.358  0.003    2  1 
  51320.9911   14.361  0.003    2  1 
  51320.9936   14.367  0.003    2  1 
  51321.0102   14.379  0.002    2  1 
  51321.0126   14.386  0.003    2  1 
  51321.0150   14.389  0.003    2  1 
  51321.0318   14.403  0.003    2  1 
  51321.0344   14.409  0.003    2  1 
  51321.0369   14.412  0.003    2  1 
  51321.0543   14.437  0.003    2  1 
  51321.0568   14.442  0.003    2  1 
  51321.0594   14.441  0.003    2  1 
  51321.0847   14.478  0.003    2  1 
  51321.0873   14.477  0.003    2  1 
  51321.0898   14.484  0.003    2  1 
  51321.1133   14.515  0.003    2  1 
  51321.1159   14.511  0.003    2  1 
  51321.1186   14.511  0.003    2  1 
  51321.1339   14.529  0.003    2  1 
  51321.1365   14.540  0.003    2  1 
  51332.9696   14.734  0.006    2  1 
  51332.9739   14.746  0.006    2  1 
  51332.9891   14.729  0.005    2  1 
  51332.9928   14.749  0.006    2  1 
  51332.9965   14.745  0.006    2  1 
  51333.0083   14.719  0.005    2  1 
  51333.0120   14.701  0.005    2  1 
  51333.0226   14.680  0.005    2  1 
  51333.0264   14.658  0.005    2  1 
  51333.0514   14.502  0.005    2  1 
  51333.0552   14.461  0.006    2  1 
  51333.0742   14.290  0.004    2  1 
  51333.0779   14.279  0.005    2  1 
  51333.0907   14.249  0.004    2  1 
  51333.0945   14.237  0.004    2  1 
  51333.1178   14.136  0.004    2  1 
  51333.1221   14.120  0.004    2  1 
  51333.1335   14.086  0.004    2  1 
  51333.1369   14.076  0.004    2  1 
  51333.1529   14.078  0.004    2  1 
  51333.1565   14.080  0.004    2  1 
  51333.1716   14.099  0.004    2  1 
  51333.1752   14.104  0.004    2  1 
  51334.9841   14.461  0.004    2  1 
  51334.9871   14.466  0.003    2  1 
  51335.0175   14.501  0.004    2  1 
  51335.0204   14.502  0.004    2  1 
  51335.0301   14.509  0.004    2  1 
  51335.0334   14.513  0.004    2  1 
  51335.0517   14.533  0.004    2  1 
  51335.0552   14.538  0.005    2  1 
  51335.0692   14.548  0.005    2  1 
  51335.0727   14.552  0.004    2  1 
  51335.0833   14.562  0.005    2  1 
  51335.0867   14.558  0.004    2  1 
  51335.1133   14.582  0.005    2  1 
  51335.1167   14.579  0.005    2  1 
  51335.9535   14.618  0.005    2  1 
  51335.9726   14.632  0.005    2  1 
  51335.9768   14.630  0.004    2  1 
  51335.9997   14.649  0.004    2  1 
  51336.0027   14.657  0.004    2  1 
  51336.0203   14.677  0.004    2  1 
  51336.0236   14.680  0.004    2  1 
  51336.0357   14.704  0.005    2  1 
  51336.0388   14.715  0.005    2  1 
  51336.0593   14.718  0.005    2  1 
  51336.0629   14.725  0.005    2  1 
  51336.0769   14.728  0.005    2  1 
  51336.0803   14.746  0.005    2  1 
  51336.1025   14.700  0.005    2  1 
  51336.1059   14.711  0.005    2  1 
  51336.1206   14.665  0.005    2  1 
  51336.1240   14.635  0.005    2  1 
  51337.9904   14.365  0.005    2  1 
  51337.9940   14.369  0.005    2  1 
  51338.0162   14.388  0.004    2  1 
  51338.0196   14.399  0.004    2  1 
  51338.0339   14.411  0.005    2  1 
  51338.0376   14.419  0.005    2  1 
  51338.9901   14.573  0.004    2  1 
  51338.9938   14.585  0.004    2  1 
  51339.0226   14.606  0.005    2  1 
  51339.0269   14.603  0.005    2  1 
  51339.0867   14.713  0.007    2  1 
  51339.0905   14.678  0.006    2  1 
  51339.1139   14.692  0.005    2  1 
  51339.1177   14.705  0.005    2  1 
  51339.1448   14.719  0.005    2  1 
  51339.1482   14.717  0.005    2  1 
  51339.9766   14.680  0.004    2  1 
  51339.9795   14.663  0.004    2  1 
  51340.0044   14.521  0.004    2  1 
  51340.0078   14.488  0.004    2  1 
  51340.0274   14.292  0.004    2  1 
  51340.0306   14.281  0.004    2  1 
  51340.0540   14.224  0.004    2  1 
  51340.0572   14.210  0.004    2  1 
  51340.0857   14.094  0.004    2  1 
  51340.0892   14.089  0.004    2  1 
  51340.1152   14.086  0.004    2  1 
  51340.1197   14.088  0.004    2  1 
  51340.1229   14.090  0.003    2  1 
  51340.1263   14.093  0.004    2  1 
  51340.1404   14.113  0.004    2  1 
  51340.1437   14.126  0.004    2  1 
  51344.9924   14.411  0.003    2  1 
  51344.9958   14.413  0.003    2  1 
  51344.9988   14.417  0.003    2  1 
  51345.0216   14.448  0.004    2  1 
  51345.0255   14.455  0.005    2  1 
  51345.0302   14.461  0.004    2  1 
  51345.0553   14.496  0.004    2  1 
  51345.0603   14.496  0.004    2  1 
  51345.9856   14.603  0.005    2  1 
  51345.9896   14.602  0.005    2  1 
  51346.0219   14.634  0.005    2  1 
  51346.0264   14.633  0.005    2  1 
  51346.0486   14.659  0.005    2  1 
  51346.0523   14.664  0.005    2  1 
  51346.0791   14.684  0.004    2  1 
  51346.0826   14.692  0.004    2  1 
  51347.0416   14.099  0.004    2  1 
  51347.0453   14.089  0.003    2  1 
  51347.0743   14.087  0.003    2  1 
  51347.0777   14.094  0.003    2  1 
  51347.0990   14.113  0.003    2  1 
  51347.1022   14.120  0.002    2  1 
  51347.9769   14.288  0.004    2  1 
  51347.9802   14.292  0.004    2  1 
  51347.9834   14.296  0.004    2  1 
  51347.9983   14.318  0.004    2  1 
  51348.0028   14.322  0.004    2  1 
  51348.0063   14.326  0.004    2  1 
  51348.0242   14.348  0.004    2  1 
  51348.0274   14.349  0.004    2  1 
  51348.0943   14.435  0.005    2  1 
  51348.0983   14.445  0.006    2  1 
  51348.1018   14.444  0.005    2  1 
  51348.9650   14.533  0.004    2  1 
  51348.9682   14.532  0.004    2  1 
  51348.9853   14.549  0.004    2  1 
  51348.9883   14.555  0.004    2  1 
  51348.9912   14.553  0.004    2  1 
  51349.0316   14.575  0.004    2  1 
  51349.0346   14.576  0.004    2  1 
  51349.9815   14.722  0.004    2  1 
  51349.9851   14.727  0.004    2  1 
  51349.9973   14.721  0.004    2  1 
  51350.0033   14.722  0.005    2  1 
  51350.0066   14.725  0.004    2  1 
  51350.0164   14.701  0.004    2  1 
  51350.0197   14.700  0.004    2  1 
  51350.0296   14.671  0.004    2  1 
  51380.9973   14.281  0.003    2  1 
  51381.0004   14.286  0.003    2  1 
  51381.0031   14.278  0.003    2  1 
  51381.0187   14.229  0.003    2  1 
  51381.0214   14.214  0.003    2  1 
  51381.0242   14.202  0.003    2  1 
  51381.9830   14.281  0.004    2  1 
  51381.9859   14.289  0.004    2  1 
  51381.9888   14.292  0.004    2  1 
  51382.0000   14.308  0.003    2  1 
  51382.0029   14.312  0.003    2  1 
  51382.9793   14.547  0.005    2  1 
  51382.9826   14.543  0.004    2  1 
  51382.9857   14.548  0.004    2  1 
  51382.9965   14.557  0.004    2  1 
  51382.9995   14.565  0.005    2  1 
  51383.9746   14.711  0.004    2  1 
  51383.9773   14.710  0.004    2  1 
  51383.9799   14.721  0.004    2  1 
  51383.9899   14.739  0.004    2  1 
  51383.9926   14.728  0.004    2  1 
  51384.9751   14.133  0.003    2  1 
  51384.9777   14.130  0.003    2  1 
  51384.9802   14.137  0.003    2  1 
  51384.9896   14.155  0.003    2  1 
  51384.9921   14.156  0.003    2  1 
  51385.9711   14.435  0.003    2  1 
  51385.9737   14.433  0.003    2  1 
  51385.9763   14.440  0.003    2  1 
  51385.9857   14.451  0.003    2  1 
  51385.9884   14.458  0.003    2  1 
  51386.9965   14.629  0.004    2  1 
  51387.0003   14.648  0.004    2  1 
  51387.0041   14.641  0.004    2  1 
  51387.0216   14.647  0.005    2  1 
  51387.0254   14.652  0.004    2  1 
  51387.0293   14.667  0.004    2  1 
  51388.9801   14.334  0.004    2  1 
  51388.9834   14.334  0.004    2  1 
  51388.9866   14.349  0.004    2  1 
  51388.9984   14.372  0.005    2  1 
  51389.0017   14.358  0.004    2  1 
  51389.9783   14.566  0.003    2  1 
  51389.9809   14.578  0.003    2  1 
  51389.9836   14.575  0.003    2  1 
  51390.9729   14.692  0.003    2  1 
  51390.9756   14.705  0.003    2  1 
  51390.9783   14.702  0.003    2  1 
  51391.9728   14.205  0.003    2  1 
  51391.9754   14.206  0.003    2  1 
  51391.9779   14.207  0.003    2  1 
  51671.0871   14.329  0.004    2  1 
  51671.0917   14.333  0.004    2  1 
  51671.0952   14.338  0.004    2  1 
  51671.1189   14.364  0.004    2  1 
  51671.1232   14.370  0.004    2  1 
  51671.9996   14.496  0.004    2  1 
  51672.0039   14.491  0.003    2  1 
  51672.0350   14.531  0.004    2  1 
  51672.0382   14.529  0.004    2  1 
  51673.0232   14.689  0.003    2  1 
  51674.0574   14.148  0.005    2  1 
  51674.0620   14.171  0.005    2  1 
  51674.0938   14.209  0.004    2  1 
  51674.0985   14.218  0.004    2  1 
  51674.1159   14.246  0.004    2  1 
  51674.1223   14.258  0.004    2  1 
  51674.9763   14.363  0.005    2  1 
  51674.9824   14.363  0.005    2  1 
  51675.0212   14.411  0.005    2  1 
  51676.0163   14.596  0.004    2  1 
  51692.9816   14.568  0.004    2  1 
  51692.9854   14.571  0.004    2  1 
  51693.9780   14.640  0.004    2  1 
  51693.9814   14.620  0.004    2  1 
  51694.9914   14.257  0.003    2  1 
  51694.9946   14.276  0.003    2  1 
  51765.9974   14.096  0.003    2  1 
  51766.0012   14.096  0.004    2  1 
  51766.0048   14.105  0.003    2  1 
  51766.0266   14.141  0.004    2  1 
  51766.0301   14.142  0.004    2  1 
  51216.3408   15.041  0.004    3  1 
  51216.3634   14.992  0.004    3  1 
  51216.3905   14.599  0.003    3  1 
  51217.3019   14.608  0.003    3  1 
  51217.3906   14.809  0.003    3  1 
  51218.2854   15.032  0.004    3  1 
  51218.3156   15.079  0.004    3  1 
  51218.3347   15.105  0.004    3  1 
  51218.3848   15.158  0.004    3  1 
  51219.2918   15.263  0.004    3  1 
  51219.3100   15.289  0.004    3  1 
  51219.3296   15.315  0.004    3  1 
  51219.3536   15.350  0.004    3  1 
  51219.3723   15.355  0.004    3  1 
  51220.2720   14.494  0.003    3  1 
  51220.3117   14.417  0.003    3  1 
  51220.3299   14.444  0.003    3  1 
  51220.3473   14.473  0.003    3  1 
  51220.3643   14.521  0.003    3  1 
  51220.3816   14.571  0.003    3  1 
  51221.2763   14.856  0.003    3  1 
  51221.2964   14.880  0.003    3  1 
  51221.3145   14.919  0.003    3  1 
  51221.3496   14.984  0.003    3  1 
  51221.3673   15.025  0.003    3  1 
  51283.2546   15.106  0.003    3  1 
  51283.2783   15.141  0.003    3  1 
  51283.3008   15.159  0.003    3  1 
  51283.3322   15.179  0.003    3  1 
  51283.3553   15.189  0.003    3  1 
  51284.2134   15.276  0.004    3  1 
  51284.2375   15.310  0.004    3  1 
  51284.2581   15.340  0.004    3  1 
  51284.2875   15.363  0.004    3  1 
  51284.3124   15.347  0.004    3  1 
  51284.3383   15.229  0.004    3  1 
  51285.0451   15.360  0.004    3  1 
  51285.0691   15.367  0.004    3  1 
  51285.0932   15.321  0.004    3  1 
  51285.1514   14.730  0.003    3  1 
  51285.1754   14.627  0.003    3  1 
  51285.2321   14.411  0.002    3  1 
  51285.2586   14.461  0.002    3  1 
  51285.2928   14.549  0.003    3  1 
  51285.3257   14.635  0.003    3  1 
  51286.0670   14.547  0.002    3  1 
  51286.1302   14.712  0.003    3  1 
  51286.1833   14.822  0.003    3  1 
  51286.2193   14.877  0.003    3  1 
  51286.2434   14.924  0.003    3  1 
  51286.2655   14.961  0.003    3  1 
  51286.2958   15.026  0.003    3  1 
  51286.3291   15.094  0.003    3  1 
  51286.3521   15.127  0.003    3  1 
  51304.9838   15.186  0.003    3  1 
  51305.0251   15.210  0.004    3  1 
  51305.0718   15.257  0.004    3  1 
  51305.0961   15.290  0.004    3  1 
  51305.1465   15.352  0.005    3  1 
  51305.1755   15.356  0.005    3  1 
  51305.2054   15.223  0.005    3  1 
  51305.2345   14.888  0.004    3  1 
  51305.2666   14.655  0.003    3  1 
  51305.2880   14.527  0.003    3  1 
  51305.9773   15.257  0.003    3  1 
  51306.0428   14.640  0.003    3  1 
  51306.0809   14.429  0.003    3  1 
  51306.1330   14.473  0.003    3  1 
  51306.1875   14.547  0.003    3  1 
  51306.2101   14.693  0.003    3  1 
  51306.2771   14.832  0.003    3  1 
  51306.2972   14.867  0.003    3  1 
  51308.0600   15.168  0.003    3  1 
  51308.1244   15.206  0.003    3  1 
  51311.9792   15.212  0.005    3  1 
  51311.9983   15.240  0.004    3  1 
  51312.0087   15.232  0.004    3  1 
  51312.0350   15.265  0.004    3  1 
  51312.0550   15.286  0.004    3  1 
  51312.0672   15.316  0.004    3  1 
  51312.0870   15.332  0.004    3  1 
  51312.0988   15.337  0.004    3  1 
  51313.0063   14.586  0.002    3  1 
  51313.0300   14.450  0.002    3  1 
  51313.1113   14.528  0.002    3  1 
  51313.9807   14.774  0.003    3  1 
  51314.0143   14.841  0.003    3  1 
  51314.0397   14.872  0.003    3  1 
  51314.1124   15.016  0.004    3  1 
  51314.9752   15.151  0.003    3  1 
  51315.0102   15.169  0.003    3  1 
  51315.0336   15.186  0.003    3  1 
  51315.0747   15.207  0.004    3  1 
  51315.0982   15.230  0.004    3  1 
  51315.1216   15.252  0.004    3  1 
  51316.0399   15.099  0.003    3  1 
  51316.0634   14.763  0.003    3  1 
  51316.0869   14.652  0.003    3  1 
  51316.1115   14.511  0.002    3  1 
  51316.9740   14.524  0.003    3  1 
  51317.0052   14.612  0.003    3  1 
  51317.0282   14.663  0.004    3  1 
  51317.0566   14.732  0.003    3  1 
  51317.0822   14.793  0.003    3  1 
  51317.1075   14.835  0.003    3  1 
  51317.9847   15.034  0.004    3  1 
  51318.0099   15.072  0.004    3  1 
  51318.0374   15.127  0.005    3  1 
  51318.0942   15.146  0.011    3  1 
  51318.1226   15.174  0.005    3  1 
  51318.9772   15.259  0.004    3  1 
  51319.0019   15.309  0.004    3  1 
  51319.0274   15.323  0.004    3  1 
  51319.0757   15.358  0.004    3  1 
  51319.0997   15.324  0.004    3  1 
  51320.1208   14.660  0.002    3  1 
  51320.1417   14.718  0.003    3  1 
  51320.9728   14.831  0.003    3  1 
  51321.0400   14.958  0.003    3  1 
  51321.0624   14.991  0.003    3  1 
  51321.0930   15.045  0.003    3  1 
  51321.1217   15.099  0.003    3  1 
  51380.9937   14.724  0.003    3  1 
  51381.9793   14.729  0.003    3  1 
  51382.9755   15.137  0.004    3  1 
  51386.9917   15.237  0.004    3  1 
  51388.9755   14.814  0.003    3  1 
  51693.9923   15.107  0.003    3  1 
  51695.0052   14.718  0.003    3  1 
 56468.97641   13.083  0.024   -1  1 
 56469.04707   12.951  0.021   -1  1 
 56469.10896   12.824  0.019   -1  1 
 56469.17285   12.841  0.008   -1  1 
 56471.00364   12.864  0.016   -1  1 
 56471.06640   12.907  0.004   -1  1 
 56471.12490   12.989  0.009   -1  1 
 56471.18188   13.153  0.015   -1  1 
 56471.96759   13.250  0.024   -1  1 
 56472.03374   13.133  0.014   -1  1 
 56472.09484   13.087  0.007   -1  1 
 56472.15243   12.991  0.022   -1  1 
 56468.95296   12.973  0.024   -2  1 
 56469.02441   12.947  0.013   -2  1 
 56469.08813   12.912  0.013   -2  1 
 56469.15134   12.860  0.011   -2  1 
 56471.02588   12.885  0.013   -2  1 
 56471.08671   12.895  0.009   -2  1 
 56471.14302   12.950  0.008   -2  1 
 56471.94704   12.919  0.012   -2  1 
 56472.01085   13.063  0.029   -2  1 
 56472.07480   13.208  0.017   -2  1 
 56472.13240   12.964  0.008   -2  1 
 56472.19216   12.911  0.004   -2  1 
 56469.00041   13.390  0.009   -5  1 
 56469.06767   13.229  0.006   -5  1 
 56469.13003   13.142  0.007   -5  1 
 56469.19349   13.135  0.015   -5  1 
 56470.98130   13.308  0.045   -5  1 
 56471.04693   13.242  0.005   -5  1 
 56471.10523   13.280  0.009   -5  1 
 56471.16397   13.325  0.012   -5  1 
 56471.98857   13.348  0.006   -5  1 
 56472.05430   13.442  0.006   -5  1 
 56472.11383   13.341  0.013   -5  1 
 56472.17109   13.231  0.013   -5  1 
