  51216.3218   14.950  0.006    2  1 
  51216.3464   14.962  0.005    2  1 
  51216.3689   14.980  0.006    2  1 
  51216.3980   14.974  0.007    2  1 
  51217.3101   14.921  0.006    2  1 
  51217.3328   14.932  0.006    2  1 
  51217.3552   14.941  0.006    2  1 
  51217.3759   14.963  0.006    2  1 
  51217.3953   14.981  0.006    2  1 
  51218.2773   14.816  0.006    2  1 
  51218.3093   14.875  0.005    2  1 
  51218.3298   14.903  0.005    2  1 
  51218.3573   14.924  0.006    2  1 
  51218.3794   14.928  0.005    2  1 
  51219.3336   14.851  0.005    2  1 
  51219.3596   14.887  0.005    2  1 
  51219.3768   14.903  0.005    2  1 
  51220.2621   14.596  0.005    2  1 
  51220.2906   14.656  0.005    2  1 
  51220.3077   14.697  0.005    2  1 
  51220.3257   14.740  0.005    2  1 
  51220.3432   14.785  0.005    2  1 
  51220.3602   14.829  0.005    2  1 
  51220.3776   14.859  0.005    2  1 
  51221.2835   14.549  0.004    2  1 
  51221.3009   14.590  0.005    2  1 
  51221.3188   14.637  0.005    2  1 
  51221.3358   14.671  0.005    2  1 
  51221.3538   14.717  0.005    2  1 
  51221.3722   14.765  0.005    2  1 
  51283.2451   15.017  0.005    2  1 
  51283.2493   15.020  0.005    2  1 
  51283.2714   15.032  0.006    2  1 
  51283.2748   15.036  0.005    2  1 
  51283.2939   15.044  0.005    2  1 
  51283.2972   15.051  0.005    2  1 
  51283.3202   15.077  0.005    2  1 
  51283.3234   15.087  0.005    2  1 
  51283.3487   15.032  0.005    2  1 
  51283.3518   15.015  0.005    2  1 
  51283.3707   14.825  0.005    2  1 
  51283.3738   14.780  0.004    2  1 
  51284.2195   14.994  0.005    2  1 
  51284.2229   14.998  0.005    2  1 
  51284.2413   15.001  0.005    2  1 
  51284.2443   15.007  0.005    2  1 
  51284.2617   15.013  0.005    2  1 
  51284.2942   15.026  0.005    2  1 
  51284.2973   15.037  0.005    2  1 
  51284.3168   15.026  0.005    2  1 
  51284.3211   15.020  0.005    2  1 
  51284.3428   15.036  0.001    2  1 
  51284.3464   15.047  0.005    2  1 
  51285.0513   14.464  0.003    2  1 
  51285.0543   14.458  0.004    2  1 
  51285.0739   14.545  0.004    2  1 
  51285.0778   14.559  0.004    2  1 
  51285.0975   14.635  0.004    2  1 
  51285.1006   14.660  0.005    2  1 
  51285.1324   14.732  0.004    2  1 
  51285.1360   14.735  0.004    2  1 
  51285.1558   14.786  0.004    2  1 
  51285.1588   14.791  0.004    2  1 
  51285.1796   14.839  0.005    2  1 
  51285.1830   14.845  0.004    2  1 
  51285.2125   14.912  0.005    2  1 
  51285.2157   14.918  0.005    2  1 
  51285.2362   14.964  0.001    2  1 
  51285.2426   14.965  0.005    2  1 
  51285.2630   14.979  0.005    2  1 
  51285.2998   14.993  0.005    2  1 
  51285.3348   15.009  0.005    2  1 
  51286.0461   14.209  0.003    2  1 
  51286.0493   14.222  0.003    2  1 
  51286.0716   14.354  0.003    2  1 
  51286.0753   14.371  0.003    2  1 
  51286.1026   14.512  0.004    2  1 
  51286.1061   14.514  0.004    2  1 
  51286.1365   14.655  0.004    2  1 
  51286.1398   14.646  0.004    2  1 
  51286.1608   14.722  0.005    2  1 
  51286.1639   14.710  0.004    2  1 
  51286.1669   14.713  0.004    2  1 
  51286.1875   14.776  0.004    2  1 
  51286.1908   14.787  0.004    2  1 
  51286.2255   14.871  0.005    2  1 
  51286.2285   14.878  0.005    2  1 
  51286.2476   14.933  0.005    2  1 
  51286.2508   14.928  0.005    2  1 
  51286.2697   14.953  0.005    2  1 
  51286.2727   14.970  0.005    2  1 
  51286.3022   14.999  0.005    2  1 
  51286.3055   14.992  0.005    2  1 
  51286.3218   15.006  0.005    2  1 
  51286.3250   15.013  0.005    2  1 
  51286.3450   15.016  0.005    2  1 
  51286.3481   15.023  0.005    2  1 
  51304.9873   14.934  0.005    2  1 
  51304.9926   14.936  0.005    2  1 
  51305.0328   14.980  0.005    2  1 
  51305.0362   14.978  0.005    2  1 
  51305.0559   14.973  0.005    2  1 
  51305.0599   14.980  0.006    2  1 
  51305.0890   14.958  0.005    2  1 
  51305.0922   14.954  0.005    2  1 
  51305.1269   14.875  0.005    2  1 
  51305.1509   14.708  0.005    2  1 
  51305.1853   14.455  0.004    2  1 
  51305.1885   14.456  0.004    2  1 
  51305.2098   14.388  0.004    2  1 
  51305.2128   14.378  0.004    2  1 
  51305.2431   14.475  0.004    2  1 
  51305.2461   14.473  0.004    2  1 
  51305.2704   14.566  0.004    2  1 
  51305.2734   14.555  0.004    2  1 
  51305.2995   14.623  0.004    2  1 
  51305.9857   14.923  0.004    2  1 
  51305.9885   14.927  0.004    2  1 
  51305.9912   14.923  0.004    2  1 
  51306.0256   14.937  0.004    2  1 
  51306.0285   14.942  0.004    2  1 
  51306.0465   14.953  0.005    2  1 
  51306.0498   14.956  0.005    2  1 
  51306.0896   14.963  0.005    2  1 
  51306.0930   14.956  0.005    2  1 
  51306.1123   14.949  0.004    2  1 
  51306.1151   14.951  0.004    2  1 
  51306.1375   14.940  0.004    2  1 
  51306.1405   14.935  0.004    2  1 
  51306.1636   14.858  0.004    2  1 
  51306.1673   14.844  0.004    2  1 
  51306.1937   14.646  0.004    2  1 
  51306.1966   14.625  0.004    2  1 
  51306.2146   14.513  0.004    2  1 
  51306.2343   14.419  0.003    2  1 
  51306.2380   14.424  0.003    2  1 
  51306.2574   14.437  0.003    2  1 
  51306.2602   14.396  0.003    2  1 
  51306.2805   14.464  0.003    2  1 
  51306.2835   14.468  0.003    2  1 
  51306.3038   14.536  0.004    2  1 
  51306.3135   14.559  0.004    2  1 
  51306.3184   14.567  0.005    2  1 
  51307.0456   14.933  0.005    2  1 
  51307.0501   14.931  0.006    2  1 
  51307.0593   14.941  0.004    2  1 
  51307.0645   14.936  0.004    2  1 
  51307.0699   14.939  0.007    2  1 
  51307.0747   14.946  0.006    2  1 
  51308.0084   14.851  0.004    2  1 
  51308.0112   14.844  0.004    2  1 
  51308.0334   14.891  0.004    2  1 
  51308.0362   14.898  0.004    2  1 
  51308.0394   14.898  0.004    2  1 
  51308.0633   14.924  0.004    2  1 
  51308.0663   14.929  0.004    2  1 
  51308.0995   14.953  0.004    2  1 
  51308.1280   14.963  0.005    2  1 
  51308.1309   14.965  0.005    2  1 
  51310.0850   14.858  0.003    2  1 
  51310.0874   14.850  0.003    2  1 
  51310.0897   14.863  0.003    2  1 
  51310.1430   14.935  0.004    2  1 
  51310.1458   14.938  0.004    2  1 
  51310.1486   14.941  0.005    2  1 
  51311.0244   14.709  0.005    2  1 
  51311.0302   14.681  0.005    2  1 
  51311.0334   14.686  0.005    2  1 
  51311.0506   14.731  0.003    2  1 
  51311.0539   14.734  0.003    2  1 
  51311.0637   14.753  0.004    2  1 
  51311.0669   14.759  0.005    2  1 
  51311.0907   14.810  0.005    2  1 
  51311.0946   14.818  0.005    2  1 
  51311.1015   14.832  0.005    2  1 
  51311.1071   14.841  0.005    2  1 
  51311.1298   14.879  0.005    2  1 
  51311.1327   14.888  0.005    2  1 
  51311.1357   14.885  0.005    2  1 
  51311.1398   14.893  0.005    2  1 
  51311.1447   14.903  0.005    2  1 
  51311.9726   14.477  0.004    2  1 
  51311.9755   14.464  0.004    2  1 
  51312.0020   14.504  0.004    2  1 
  51312.0049   14.526  0.004    2  1 
  51312.0255   14.562  0.004    2  1 
  51312.0284   14.560  0.004    2  1 
  51312.0314   14.565  0.004    2  1 
  51312.0584   14.631  0.004    2  1 
  51312.0611   14.633  0.004    2  1 
  51312.0638   14.639  0.004    2  1 
  51312.0903   14.703  0.004    2  1 
  51312.0955   14.716  0.004    2  1 
  51312.1146   14.768  0.004    2  1 
  51312.1173   14.773  0.004    2  1 
  51312.1200   14.786  0.004    2  1 
  51312.9860   14.340  0.003    2  1 
  51312.9887   14.329  0.003    2  1 
  51312.9913   14.340  0.003    2  1 
  51313.0096   14.398  0.003    2  1 
  51313.0123   14.410  0.003    2  1 
  51313.0149   14.424  0.003    2  1 
  51313.0333   14.477  0.004    2  1 
  51313.0360   14.487  0.004    2  1 
  51313.0386   14.490  0.004    2  1 
  51313.0413   14.493  0.004    2  1 
  51313.0595   14.545  0.003    2  1 
  51313.0622   14.546  0.004    2  1 
  51313.0648   14.554  0.004    2  1 
  51313.0911   14.620  0.004    2  1 
  51313.0937   14.625  0.004    2  1 
  51313.0964   14.648  0.004    2  1 
  51313.1146   14.668  0.004    2  1 
  51313.1172   14.683  0.004    2  1 
  51313.1199   14.690  0.004    2  1 
  51313.1226   14.694  0.004    2  1 
  51313.9843   14.514  0.004    2  1 
  51313.9872   14.483  0.004    2  1 
  51313.9901   14.456  0.004    2  1 
  51314.0178   14.308  0.004    2  1 
  51314.0207   14.305  0.004    2  1 
  51314.0236   14.309  0.003    2  1 
  51314.0432   14.363  0.004    2  1 
  51314.0461   14.376  0.004    2  1 
  51314.0490   14.384  0.004    2  1 
  51314.0772   14.477  0.004    2  1 
  51314.0802   14.485  0.004    2  1 
  51314.0831   14.486  0.004    2  1 
  51314.1030   14.562  0.004    2  1 
  51314.1059   14.579  0.004    2  1 
  51314.1088   14.573  0.004    2  1 
  51314.1289   14.619  0.004    2  1 
  51314.1333   14.641  0.004    2  1 
  51314.1363   14.644  0.005    2  1 
  51314.9827   14.899  0.005    2  1 
  51314.9856   14.891  0.005    2  1 
  51314.9885   14.868  0.005    2  1 
  51315.0015   14.763  0.004    2  1 
  51315.0043   14.735  0.004    2  1 
  51315.0069   14.708  0.004    2  1 
  51315.0251   14.496  0.003    2  1 
  51315.0277   14.458  0.003    2  1 
  51315.0304   14.442  0.003    2  1 
  51315.0516   14.298  0.003    2  1 
  51315.0542   14.286  0.003    2  1 
  51315.0780   14.340  0.003    2  1 
  51315.0807   14.356  0.003    2  1 
  51315.0833   14.366  0.003    2  1 
  51315.1015   14.429  0.004    2  1 
  51315.1041   14.439  0.004    2  1 
  51315.1068   14.451  0.004    2  1 
  51315.1290   14.523  0.004    2  1 
  51315.1319   14.540  0.004    2  1 
  51316.0194   14.904  0.004    2  1 
  51316.0221   14.880  0.004    2  1 
  51316.0247   14.861  0.004    2  1 
  51316.0431   14.688  0.004    2  1 
  51316.0458   14.662  0.004    2  1 
  51316.0485   14.632  0.004    2  1 
  51316.0667   14.454  0.004    2  1 
  51316.0693   14.414  0.004    2  1 
  51316.0720   14.381  0.003    2  1 
  51316.0905   14.268  0.003    2  1 
  51316.0934   14.268  0.003    2  1 
  51316.0963   14.253  0.003    2  1 
  51316.1148   14.303  0.003    2  1 
  51316.1175   14.319  0.003    2  1 
  51316.1201   14.337  0.003    2  1 
  51316.9647   15.003  0.005    2  1 
  51316.9676   15.006  0.005    2  1 
  51316.9705   14.999  0.005    2  1 
  51316.9896   15.005  0.005    2  1 
  51316.9923   15.015  0.004    2  1 
  51316.9949   15.023  0.004    2  1 
  51317.0088   15.028  0.005    2  1 
  51317.0117   15.034  0.005    2  1 
  51317.0321   15.026  0.006    2  1 
  51317.0351   15.017  0.005    2  1 
  51317.0391   15.010  0.005    2  1 
  51317.0602   14.923  0.005    2  1 
  51317.0631   14.901  0.005    2  1 
  51317.0660   14.883  0.005    2  1 
  51317.0858   14.660  0.004    2  1 
  51317.0887   14.644  0.005    2  1 
  51317.0916   14.581  0.004    2  1 
  51317.1111   14.291  0.004    2  1 
  51317.1140   14.278  0.004    2  1 
  51317.1169   14.251  0.004    2  1 
  51317.9657   14.988  0.005    2  1 
  51317.9685   14.985  0.005    2  1 
  51317.9883   15.017  0.005    2  1 
  51317.9912   15.013  0.005    2  1 
  51317.9941   15.016  0.005    2  1 
  51318.0135   15.027  0.005    2  1 
  51318.0164   15.022  0.005    2  1 
  51318.0194   15.024  0.006    2  1 
  51318.0413   15.036  0.006    2  1 
  51318.0445   15.036  0.006    2  1 
  51318.0477   15.042  0.006    2  1 
  51318.0697   15.032  0.006    2  1 
  51318.0730   15.024  0.006    2  1 
  51318.0762   15.021  0.006    2  1 
  51318.0981   14.928  0.006    2  1 
  51318.1014   14.903  0.006    2  1 
  51318.1046   14.885  0.006    2  1 
  51318.1265   14.660  0.005    2  1 
  51318.1298   14.617  0.005    2  1 
  51318.9642   14.969  0.004    2  1 
  51318.9680   14.970  0.005    2  1 
  51318.9708   14.972  0.005    2  1 
  51318.9737   14.976  0.005    2  1 
  51318.9929   14.989  0.005    2  1 
  51318.9956   14.976  0.005    2  1 
  51318.9983   14.972  0.005    2  1 
  51319.0180   14.994  0.005    2  1 
  51319.0209   14.997  0.005    2  1 
  51319.0238   15.000  0.005    2  1 
  51319.0443   15.011  0.006    2  1 
  51319.0474   15.010  0.005    2  1 
  51319.0505   15.007  0.006    2  1 
  51319.0793   15.028  0.005    2  1 
  51319.0820   15.029  0.005    2  1 
  51319.0847   15.033  0.004    2  1 
  51319.1030   15.047  0.005    2  1 
  51319.1084   15.039  0.005    2  1 
  51319.1110   15.034  0.005    2  1 
  51320.1030   15.035  0.004    2  1 
  51320.1053   15.034  0.004    2  1 
  51320.1076   15.041  0.004    2  1 
  51320.1238   15.063  0.004    2  1 
  51320.1261   15.072  0.004    2  1 
  51320.1284   15.079  0.004    2  1 
  51320.1450   15.075  0.005    2  1 
  51320.1477   15.072  0.005    2  1 
  51320.1503   15.073  0.005    2  1 
  51320.9635   14.862  0.005    2  1 
  51320.9664   14.872  0.005    2  1 
  51320.9693   14.886  0.005    2  1 
  51320.9887   14.918  0.003    2  1 
  51320.9911   14.923  0.003    2  1 
  51320.9936   14.936  0.004    2  1 
  51321.0102   14.960  0.003    2  1 
  51321.0126   14.966  0.004    2  1 
  51321.0150   14.966  0.004    2  1 
  51321.0318   14.990  0.004    2  1 
  51321.0344   14.992  0.004    2  1 
  51321.0369   14.995  0.004    2  1 
  51321.0543   15.000  0.004    2  1 
  51321.0568   15.015  0.004    2  1 
  51321.0594   15.015  0.004    2  1 
  51321.0847   15.023  0.004    2  1 
  51321.0873   15.034  0.004    2  1 
  51321.0898   15.028  0.004    2  1 
  51321.1133   15.035  0.004    2  1 
  51321.1159   15.034  0.005    2  1 
  51321.1186   15.033  0.005    2  1 
  51321.1339   15.024  0.004    2  1 
  51321.1365   15.017  0.005    2  1 
  51332.9696   14.977  0.007    2  1 
  51332.9739   14.986  0.007    2  1 
  51332.9891   14.999  0.006    2  1 
  51332.9928   15.001  0.007    2  1 
  51332.9965   15.010  0.007    2  1 
  51333.0083   15.018  0.006    2  1 
  51333.0120   15.025  0.006    2  1 
  51333.0226   15.023  0.006    2  1 
  51333.0264   15.026  0.006    2  1 
  51333.0514   15.028  0.007    2  1 
  51333.0552   15.026  0.007    2  1 
  51333.0742   15.047  0.007    2  1 
  51333.0779   15.051  0.007    2  1 
  51333.0907   15.074  0.006    2  1 
  51333.0945   15.087  0.006    2  1 
  51333.1178   15.123  0.006    2  1 
  51333.1221   15.116  0.006    2  1 
  51333.1335   15.090  0.007    2  1 
  51333.1529   14.956  0.006    2  1 
  51333.1565   14.914  0.006    2  1 
  51333.1716   14.664  0.006    2  1 
  51333.1752   14.592  0.005    2  1 
  51334.9871   14.881  0.004    2  1 
  51335.0175   14.931  0.005    2  1 
  51335.0204   14.940  0.005    2  1 
  51335.0301   14.946  0.005    2  1 
  51335.0334   14.956  0.005    2  1 
  51335.0517   14.976  0.006    2  1 
  51335.0552   14.977  0.006    2  1 
  51335.0692   14.984  0.006    2  1 
  51335.0727   14.994  0.006    2  1 
  51335.0833   15.001  0.006    2  1 
  51335.0867   15.008  0.006    2  1 
  51335.1133   15.001  0.006    2  1 
  51335.1167   15.000  0.006    2  1 
  51335.9535   14.701  0.006    2  1 
  51335.9726   14.749  0.005    2  1 
  51335.9768   14.760  0.005    2  1 
  51335.9997   14.812  0.005    2  1 
  51336.0027   14.819  0.005    2  1 
  51336.0203   14.858  0.005    2  1 
  51336.0357   14.900  0.005    2  1 
  51336.0388   14.901  0.005    2  1 
  51336.0593   14.936  0.006    2  1 
  51336.0629   14.937  0.006    2  1 
  51336.0769   14.955  0.006    2  1 
  51336.0803   14.957  0.006    2  1 
  51336.1025   14.981  0.006    2  1 
  51336.1059   14.982  0.006    2  1 
  51336.1206   14.991  0.006    2  1 
  51336.1240   14.993  0.006    2  1 
  51337.0101   14.791  0.005    2  1 
  51337.9904   14.624  0.005    2  1 
  51337.9940   14.637  0.005    2  1 
  51338.0162   14.694  0.005    2  1 
  51338.0196   14.702  0.005    2  1 
  51338.0339   14.737  0.006    2  1 
  51338.0376   14.755  0.006    2  1 
  51338.9901   14.503  0.004    2  1 
  51338.9938   14.528  0.004    2  1 
  51339.0226   14.637  0.005    2  1 
  51339.0269   14.630  0.005    2  1 
  51339.0867   14.798  0.006    2  1 
  51339.0905   14.790  0.006    2  1 
  51339.1139   14.838  0.005    2  1 
  51339.1177   14.844  0.005    2  1 
  51339.1448   14.895  0.005    2  1 
  51339.1482   14.904  0.005    2  1 
  51339.9766   14.323  0.004    2  1 
  51339.9795   14.338  0.004    2  1 
  51340.0044   14.443  0.004    2  1 
  51340.0078   14.454  0.004    2  1 
  51340.0274   14.542  0.004    2  1 
  51340.0306   14.556  0.004    2  1 
  51340.0540   14.615  0.005    2  1 
  51340.0572   14.626  0.005    2  1 
  51340.0857   14.698  0.005    2  1 
  51340.0892   14.704  0.005    2  1 
  51340.1152   14.773  0.005    2  1 
  51340.1197   14.778  0.005    2  1 
  51340.1229   14.778  0.005    2  1 
  51340.1263   14.785  0.005    2  1 
  51340.1404   14.829  0.005    2  1 
  51340.1437   14.834  0.005    2  1 
  51344.9924   14.944  0.005    2  1 
  51344.9958   14.940  0.004    2  1 
  51344.9988   14.946  0.004    2  1 
  51345.0216   14.914  0.005    2  1 
  51345.0255   14.909  0.006    2  1 
  51345.0302   14.893  0.005    2  1 
  51345.0553   14.802  0.005    2  1 
  51345.0603   14.762  0.004    2  1 
  51345.9856   14.949  0.006    2  1 
  51345.9896   14.949  0.006    2  1 
  51346.0219   14.955  0.006    2  1 
  51346.0264   14.958  0.006    2  1 
  51346.0486   14.942  0.006    2  1 
  51346.0523   14.937  0.006    2  1 
  51346.0791   14.854  0.005    2  1 
  51346.0826   14.838  0.005    2  1 
  51347.0416   14.959  0.006    2  1 
  51347.0453   14.970  0.004    2  1 
  51347.0743   14.932  0.005    2  1 
  51347.0777   14.932  0.005    2  1 
  51347.0990   14.898  0.004    2  1 
  51347.1022   14.890  0.003    2  1 
  51347.9769   14.899  0.005    2  1 
  51347.9802   14.898  0.005    2  1 
  51347.9834   14.905  0.005    2  1 
  51347.9983   14.914  0.005    2  1 
  51348.0028   14.915  0.005    2  1 
  51348.0063   14.925  0.005    2  1 
  51348.0242   14.934  0.005    2  1 
  51348.0274   14.935  0.005    2  1 
  51348.0943   14.970  0.006    2  1 
  51348.0983   14.960  0.006    2  1 
  51348.1018   14.962  0.006    2  1 
  51348.9650   14.838  0.005    2  1 
  51348.9853   14.859  0.004    2  1 
  51348.9883   14.866  0.005    2  1 
  51348.9912   14.870  0.005    2  1 
  51349.0316   14.906  0.005    2  1 
  51349.0346   14.907  0.005    2  1 
  51349.9815   14.811  0.004    2  1 
  51349.9851   14.815  0.004    2  1 
  51349.9973   14.841  0.004    2  1 
  51350.0033   14.848  0.005    2  1 
  51350.0066   14.857  0.005    2  1 
  51350.0164   14.865  0.005    2  1 
  51350.0197   14.871  0.005    2  1 
  51350.0296   14.889  0.005    2  1 
  51380.9973   14.573  0.004    2  1 
  51381.0004   14.576  0.004    2  1 
  51381.0031   14.583  0.004    2  1 
  51381.0187   14.628  0.004    2  1 
  51381.0214   14.639  0.004    2  1 
  51381.0242   14.648  0.004    2  1 
  51381.9830   14.429  0.004    2  1 
  51381.9859   14.448  0.004    2  1 
  51381.9888   14.456  0.004    2  1 
  51382.0000   14.478  0.004    2  1 
  51382.0029   14.493  0.004    2  1 
  51382.9793   14.392  0.004    2  1 
  51382.9826   14.375  0.004    2  1 
  51382.9857   14.389  0.004    2  1 
  51382.9965   14.394  0.004    2  1 
  51382.9995   14.423  0.004    2  1 
  51383.9746   14.525  0.003    2  1 
  51383.9773   14.498  0.003    2  1 
  51383.9799   14.486  0.004    2  1 
  51383.9899   14.462  0.004    2  1 
  51383.9926   14.433  0.004    2  1 
  51384.9777   14.783  0.004    2  1 
  51384.9802   14.771  0.004    2  1 
  51384.9896   14.692  0.004    2  1 
  51384.9921   14.664  0.003    2  1 
  51385.9711   14.927  0.004    2  1 
  51385.9763   14.916  0.004    2  1 
  51385.9857   14.890  0.004    2  1 
  51385.9884   14.882  0.004    2  1 
  51386.9965   14.948  0.005    2  1 
  51387.0003   14.943  0.005    2  1 
  51387.0041   14.948  0.005    2  1 
  51387.0216   14.888  0.005    2  1 
  51387.0254   14.869  0.005    2  1 
  51387.0293   14.849  0.005    2  1 
  51388.9801   14.936  0.005    2  1 
  51388.9834   14.931  0.005    2  1 
  51388.9866   14.942  0.005    2  1 
  51388.9984   14.949  0.006    2  1 
  51389.0017   14.953  0.006    2  1 
  51389.9783   14.897  0.004    2  1 
  51389.9809   14.904  0.004    2  1 
  51389.9836   14.907  0.004    2  1 
  51390.9729   14.850  0.004    2  1 
  51390.9756   14.867  0.004    2  1 
  51390.9783   14.861  0.004    2  1 
  51391.9728   14.779  0.003    2  1 
  51391.9754   14.789  0.003    2  1 
  51391.9779   14.786  0.003    2  1 
  51671.0871   14.958  0.005    2  1 
  51671.0917   14.966  0.005    2  1 
  51671.0952   14.960  0.005    2  1 
  51671.1189   14.975  0.005    2  1 
  51671.1232   14.981  0.005    2  1 
  51671.9996   14.818  0.004    2  1 
  51672.0039   14.832  0.004    2  1 
  51672.0350   14.886  0.005    2  1 
  51672.0382   14.896  0.005    2  1 
  51673.0232   14.801  0.004    2  1 
  51674.0574   14.795  0.006    2  1 
  51674.0620   14.802  0.006    2  1 
  51674.0938   14.864  0.006    2  1 
  51674.0985   14.874  0.006    2  1 
  51674.1159   14.895  0.006    2  1 
  51674.1223   14.904  0.005    2  1 
  51674.9763   14.511  0.005    2  1 
  51674.9824   14.520  0.005    2  1 
  51675.0212   14.629  0.006    2  1 
  51676.0163   14.531  0.004    2  1 
  51692.9816   15.088  0.006    2  1 
  51692.9854   15.099  0.006    2  1 
  51693.9780   15.027  0.005    2  1 
  51693.9814   15.024  0.005    2  1 
  51694.9914   15.029  0.005    2  1 
  51694.9946   15.034  0.005    2  1 
  51765.9974   14.982  0.005    2  1 
  51766.0012   14.987  0.005    2  1 
  51766.0048   14.985  0.005    2  1 
  51766.0266   15.000  0.006    2  1 
  51766.0301   14.993  0.006    2  1 
  51216.3408   15.563  0.005    3  1 
  51216.3634   15.594  0.005    3  1 
  51216.3905   15.588  0.005    3  1 
  51217.3019   15.507  0.005    3  1 
  51217.3710   15.558  0.005    3  1 
  51217.3906   15.588  0.005    3  1 
  51218.2854   15.402  0.005    3  1 
  51218.3156   15.479  0.005    3  1 
  51218.3347   15.501  0.005    3  1 
  51218.3653   15.533  0.005    3  1 
  51218.3848   15.536  0.005    3  1 
  51219.2918   15.293  0.004    3  1 
  51219.3100   15.370  0.004    3  1 
  51219.3296   15.419  0.004    3  1 
  51219.3536   15.474  0.005    3  1 
  51219.3723   15.497  0.005    3  1 
  51220.2720   15.073  0.004    3  1 
  51220.2946   15.147  0.004    3  1 
  51220.3117   15.209  0.004    3  1 
  51220.3299   15.281  0.004    3  1 
  51220.3473   15.350  0.004    3  1 
  51220.3643   15.409  0.004    3  1 
  51220.3816   15.450  0.004    3  1 
  51221.2763   14.940  0.003    3  1 
  51221.2964   15.007  0.003    3  1 
  51221.3145   15.074  0.003    3  1 
  51221.3318   15.136  0.004    3  1 
  51221.3496   15.206  0.004    3  1 
  51221.3673   15.272  0.004    3  1 
  51283.2546   15.659  0.004    3  1 
  51283.2783   15.664  0.004    3  1 
  51283.3008   15.691  0.004    3  1 
  51283.3322   15.716  0.005    3  1 
  51283.3553   15.587  0.004    3  1 
  51283.3773   15.180  0.003    3  1 
  51284.2134   15.621  0.004    3  1 
  51284.2375   15.642  0.005    3  1 
  51284.2581   15.645  0.004    3  1 
  51284.2875   15.654  0.005    3  1 
  51284.3124   15.650  0.005    3  1 
  51284.3383   15.658  0.005    3  1 
  51285.0451   14.764  0.003    3  1 
  51285.0691   14.925  0.003    3  1 
  51285.0932   15.070  0.003    3  1 
  51285.1257   15.213  0.003    3  1 
  51285.1514   15.303  0.004    3  1 
  51285.1754   15.395  0.004    3  1 
  51285.2060   15.506  0.004    3  1 
  51285.2321   15.568  0.004    3  1 
  51285.2586   15.611  0.005    3  1 
  51285.2928   15.613  0.004    3  1 
  51285.3257   15.639  0.004    3  1 
  51286.0670   14.631  0.002    3  1 
  51286.1302   15.037  0.003    3  1 
  51286.1833   15.287  0.004    3  1 
  51286.2193   15.432  0.004    3  1 
  51286.2434   15.515  0.004    3  1 
  51286.2655   15.582  0.004    3  1 
  51286.2958   15.640  0.004    3  1 
  51286.3291   15.649  0.004    3  1 
  51286.3521   15.678  0.005    3  1 
  51304.9838   15.547  0.004    3  1 
  51305.0251   15.574  0.005    3  1 
  51305.0718   15.570  0.005    3  1 
  51305.0961   15.524  0.004    3  1 
  51305.1465   15.176  0.005    3  1 
  51305.1755   14.865  0.003    3  1 
  51305.2054   14.684  0.004    3  1 
  51305.2345   14.775  0.003    3  1 
  51305.2666   14.926  0.003    3  1 
  51305.2880   15.016  0.004    3  1 
  51305.9773   15.526  0.004    3  1 
  51306.0428   15.551  0.005    3  1 
  51306.0809   15.554  0.004    3  1 
  51306.1330   15.499  0.005    3  1 
  51306.1578   15.428  0.005    3  1 
  51306.1875   15.115  0.003    3  1 
  51306.2101   14.905  0.003    3  1 
  51306.2538   14.904  0.002    3  1 
  51306.2771   14.814  0.003    3  1 
  51306.2972   14.905  0.003    3  1 
  51308.0025   15.416  0.003    3  1 
  51308.0600   15.530  0.004    3  1 
  51308.0919   15.547  0.003    3  1 
  51308.0958   15.549  0.004    3  1 
  51308.1244   15.562  0.004    3  1 
  51310.1057   15.465  0.003    3  1 
  51310.1100   15.468  0.003    3  1 
  51310.1132   15.477  0.003    3  1 
  51311.9792   14.819  0.004    3  1 
  51311.9983   14.868  0.003    3  1 
  51312.0087   14.919  0.004    3  1 
  51312.0350   14.998  0.003    3  1 
  51312.0550   15.067  0.003    3  1 
  51312.0672   15.110  0.003    3  1 
  51312.0870   15.183  0.003    3  1 
  51312.0988   15.232  0.004    3  1 
  51312.9828   14.624  0.002    3  1 
  51313.0063   14.708  0.003    3  1 
  51313.0300   14.811  0.003    3  1 
  51313.0562   14.927  0.003    3  1 
  51313.0838   15.035  0.003    3  1 
  51313.1113   15.145  0.003    3  1 
  51313.9807   14.922  0.003    3  1 
  51314.0143   14.570  0.003    3  1 
  51314.0397   14.646  0.003    3  1 
  51314.1124   14.996  0.004    3  1 
  51314.9752   15.507  0.004    3  1 
  51315.0102   15.086  0.003    3  1 
  51315.0336   14.715  0.003    3  1 
  51315.0747   14.630  0.003    3  1 
  51315.0982   14.753  0.003    3  1 
  51315.1216   14.862  0.003    3  1 
  51316.0399   15.172  0.003    3  1 
  51316.0634   14.791  0.003    3  1 
  51316.0869   14.533  0.002    3  1 
  51316.1115   14.571  0.002    3  1 
  51316.9740   15.642  0.005    3  1 
  51317.0052   15.639  0.005    3  1 
  51317.0282   15.626  0.006    3  1 
  51317.0566   15.502  0.004    3  1 
  51317.0822   15.139  0.004    3  1 
  51317.1075   14.623  0.003    3  1 
  51317.9847   15.635  0.005    3  1 
  51318.0099   15.653  0.005    3  1 
  51318.0374   15.635  0.006    3  1 
  51318.0942   15.466  0.006    3  1 
  51318.1226   15.111  0.004    3  1 
  51318.9772   15.613  0.005    3  1 
  51319.0019   15.623  0.005    3  1 
  51319.0274   15.625  0.005    3  1 
  51319.0757   15.626  0.005    3  1 
  51319.0997   15.644  0.004    3  1 
  51320.1000   15.658  0.004    3  1 
  51320.1208   15.680  0.004    3  1 
  51320.1417   15.716  0.005    3  1 
  51320.9728   15.476  0.004    3  1 
  51321.0180   15.597  0.004    3  1 
  51321.0400   15.627  0.004    3  1 
  51321.0624   15.647  0.004    3  1 
  51321.0930   15.660  0.004    3  1 
  51321.1217   15.664  0.004    3  1 
  51380.9937   14.969  0.003    3  1 
  51381.9793   14.727  0.003    3  1 
  51382.9755   14.694  0.003    3  1 
  51383.9715   15.608  0.004    3  1 
  51384.9721   15.377  0.003    3  1 
  51385.9679   15.506  0.004    3  1 
  51386.9917   15.552  0.005    3  1 
  51388.9755   15.529  0.005    3  1 
  51389.9750   15.483  0.004    3  1 
  51390.9697   15.506  0.004    3  1 
  51391.9697   15.280  0.003    3  1 
  51693.9923   15.675  0.004    3  1 
 56468.97641   13.376  0.078   -1  1 
 56469.04707   13.298  0.061   -1  1 
 56469.10896   13.489  0.075   -1  1 
 56469.17285   13.447  0.030   -1  1 
 56471.00364   13.365  0.040   -1  1 
 56471.06640   13.481  0.025   -1  1 
 56471.12490   13.480  0.023   -1  1 
 56471.18188   13.488  0.016   -1  1 
 56471.96759   13.334  0.040   -1  1 
 56472.03374   13.462  0.021   -1  1 
 56472.09484   13.354  0.021   -1  1 
 56472.15243   13.543  0.018   -1  1 
 56468.95296   13.167  0.048   -2  1 
 56469.02441   13.395  0.054   -2  1 
 56469.08813   13.514  0.044   -2  1 
 56469.15134   13.318  0.022   -2  1 
 56471.02588   13.372  0.042   -2  1 
 56471.08671   13.378  0.021   -2  1 
 56471.14302   13.492  0.019   -2  1 
 56471.94704   13.331  0.015   -2  1 
 56472.01085   13.378  0.039   -2  1 
 56472.07480   13.338  0.024   -2  1 
 56472.13240   13.503  0.015   -2  1 
 56472.19216   13.565  0.020   -2  1 
 56469.00041   13.739  0.031   -5  1 
 56469.06767   13.857  0.021   -5  1 
 56469.13003   13.686  0.025   -5  1 
 56469.19349   13.476  0.013   -5  1 
 56470.98130   13.729  0.016   -5  1 
 56471.04693   13.748  0.025   -5  1 
 56471.10523   13.803  0.013   -5  1 
 56471.16397   13.788  0.032   -5  1 
 56471.98857   13.700  0.033   -5  1 
 56472.05430   13.675  0.020   -5  1 
 56472.11383   13.788  0.016   -5  1 
 56472.17109   13.782  0.015   -5  1 
