 56468.97641   12.791  0.030   -1  1 
 56469.04707   12.808  0.018   -1  1 
 56469.10896   12.750  0.021   -1  1 
 56469.17285   12.785  0.007   -1  1 
 56471.00364   12.798  0.011   -1  1 
 56471.06640   12.803  0.005   -1  1 
 56471.12490   12.938  0.006   -1  1 
 56471.18188   12.868  0.008   -1  1 
 56471.96759   13.022  0.015   -1  1 
 56472.03374   12.883  0.010   -1  1 
 56472.09484   13.044  0.033   -1  1 
 56472.15243   12.896  0.010   -1  1 
 56468.95296   12.810  0.016   -2  1 
 56469.02441   12.804  0.012   -2  1 
 56469.08813   12.999  0.019   -2  1 
 56469.15134   12.705  0.008   -2  1 
 56471.02588   12.823  0.010   -2  1 
 56471.08671   12.814  0.009   -2  1 
 56471.14302   12.851  0.013   -2  1 
 56471.94704   12.900  0.014   -2  1 
 56472.01085   12.976  0.011   -2  1 
 56472.07480   12.948  0.008   -2  1 
 56472.13240   12.983  0.010   -2  1 
 56472.19216   12.853  0.008   -2  1 
 56469.00041   13.103  0.015   -5  1 
 56469.06767   13.132  0.005   -5  1 
 56469.13003   13.129  0.006   -5  1 
 56469.19349   13.127  0.009   -5  1 
 56470.98130   13.249  0.022   -5  1 
 56471.04693   13.159  0.007   -5  1 
 56471.10523   13.240  0.018   -5  1 
 56471.16397   13.277  0.005   -5  1 
 56471.98857   13.319  0.040   -5  1 
 56472.05430   13.373  0.027   -5  1 
 56472.11383   13.367  0.005   -5  1 
 56472.17109   13.247  0.007   -5  1 
