  51216.3464   14.363  0.004    2  1 
  51216.3689   14.370  0.004    2  1 
  51216.3980   14.317  0.005    2  1 
  51217.3101   14.797  0.005    2  1 
  51217.3328   14.743  0.005    2  1 
  51217.3552   14.568  0.004    2  1 
  51217.3759   14.388  0.004    2  1 
  51217.3953   14.368  0.004    2  1 
  51218.2773   14.765  0.005    2  1 
  51218.3093   14.805  0.005    2  1 
  51218.3298   14.818  0.005    2  1 
  51218.3573   14.781  0.005    2  1 
  51218.3794   14.661  0.005    2  1 
  51219.3336   14.800  0.005    2  1 
  51219.3596   14.808  0.005    2  1 
  51219.3768   14.806  0.005    2  1 
  51220.2621   14.490  0.004    2  1 
  51220.2906   14.583  0.004    2  1 
  51220.3077   14.645  0.004    2  1 
  51220.3257   14.714  0.005    2  1 
  51220.3432   14.762  0.005    2  1 
  51220.3602   14.787  0.005    2  1 
  51220.3776   14.798  0.005    2  1 
  51221.2835   14.449  0.004    2  1 
  51221.3009   14.502  0.004    2  1 
  51221.3188   14.566  0.004    2  1 
  51221.3358   14.631  0.004    2  1 
  51221.3538   14.695  0.005    2  1 
  51221.3722   14.748  0.005    2  1 
  51283.2451   14.356  0.003    2  1 
  51283.2493   14.365  0.004    2  1 
  51283.2714   14.413  0.004    2  1 
  51283.2748   14.425  0.004    2  1 
  51283.2939   14.477  0.004    2  1 
  51283.2972   14.483  0.004    2  1 
  51283.3202   14.566  0.004    2  1 
  51283.3234   14.582  0.004    2  1 
  51283.3487   14.675  0.004    2  1 
  51283.3518   14.685  0.004    2  1 
  51283.3707   14.745  0.004    2  1 
  51283.3738   14.751  0.004    2  1 
  51284.2195   14.372  0.004    2  1 
  51284.2229   14.377  0.004    2  1 
  51284.2413   14.328  0.004    2  1 
  51284.2443   14.326  0.004    2  1 
  51284.2617   14.331  0.004    2  1 
  51284.2648   14.331  0.003    2  1 
  51284.2942   14.386  0.004    2  1 
  51284.2973   14.393  0.004    2  1 
  51284.3168   14.449  0.004    2  1 
  51284.3211   14.456  0.004    2  1 
  51284.3428   14.527  0.004    2  1 
  51284.3464   14.544  0.004    2  1 
  51285.0513   14.587  0.004    2  1 
  51285.0543   14.600  0.004    2  1 
  51285.0739   14.677  0.004    2  1 
  51285.0778   14.689  0.004    2  1 
  51285.0975   14.753  0.004    2  1 
  51285.1006   14.756  0.005    2  1 
  51285.1324   14.802  0.004    2  1 
  51285.1360   14.802  0.004    2  1 
  51285.1558   14.807  0.004    2  1 
  51285.1588   14.809  0.004    2  1 
  51285.1796   14.791  0.004    2  1 
  51285.1830   14.777  0.004    2  1 
  51285.2125   14.587  0.004    2  1 
  51285.2157   14.554  0.004    2  1 
  51285.2362   14.380  0.004    2  1 
  51285.2426   14.356  0.004    2  1 
  51285.2630   14.374  0.004    2  1 
  51285.2666   14.359  0.004    2  1 
  51285.2998   14.328  0.004    2  1 
  51285.3033   14.341  0.004    2  1 
  51285.3308   14.382  0.004    2  1 
  51285.3348   14.397  0.004    2  1 
  51285.3382   14.408  0.004    2  1 
  51286.0461   14.454  0.003    2  1 
  51286.0493   14.467  0.003    2  1 
  51286.0716   14.542  0.004    2  1 
  51286.0753   14.558  0.004    2  1 
  51286.1026   14.663  0.004    2  1 
  51286.1061   14.679  0.004    2  1 
  51286.1365   14.761  0.004    2  1 
  51286.1398   14.770  0.004    2  1 
  51286.1608   14.800  0.004    2  1 
  51286.1639   14.796  0.004    2  1 
  51286.1669   14.806  0.004    2  1 
  51286.1875   14.807  0.004    2  1 
  51286.1908   14.811  0.004    2  1 
  51286.2255   14.732  0.004    2  1 
  51286.2285   14.721  0.004    2  1 
  51286.2476   14.567  0.004    2  1 
  51286.2508   14.533  0.004    2  1 
  51286.2697   14.383  0.004    2  1 
  51286.2727   14.371  0.003    2  1 
  51286.3022   14.358  0.004    2  1 
  51286.3055   14.351  0.004    2  1 
  51286.3218   14.319  0.003    2  1 
  51286.3250   14.334  0.004    2  1 
  51286.3450   14.360  0.004    2  1 
  51286.3481   14.361  0.004    2  1 
  51304.9873   14.434  0.004    2  1 
  51304.9926   14.456  0.003    2  1 
  51305.0328   14.605  0.004    2  1 
  51305.0362   14.610  0.004    2  1 
  51305.0559   14.690  0.005    2  1 
  51305.0599   14.700  0.005    2  1 
  51305.0890   14.772  0.004    2  1 
  51305.0922   14.780  0.004    2  1 
  51305.1235   14.817  0.005    2  1 
  51305.1269   14.812  0.005    2  1 
  51305.1509   14.803  0.005    2  1 
  51305.1547   14.798  0.005    2  1 
  51305.1853   14.654  0.004    2  1 
  51305.1885   14.626  0.005    2  1 
  51305.2098   14.421  0.004    2  1 
  51305.2128   14.392  0.004    2  1 
  51305.2431   14.361  0.004    2  1 
  51305.2461   14.356  0.004    2  1 
  51305.2704   14.329  0.004    2  1 
  51305.2734   14.322  0.004    2  1 
  51305.2966   14.368  0.004    2  1 
  51305.2995   14.367  0.004    2  1 
  51305.9857   14.369  0.003    2  1 
  51305.9885   14.373  0.003    2  1 
  51305.9912   14.379  0.003    2  1 
  51306.0256   14.456  0.003    2  1 
  51306.0285   14.463  0.003    2  1 
  51306.0465   14.523  0.004    2  1 
  51306.0498   14.534  0.004    2  1 
  51306.0896   14.688  0.004    2  1 
  51306.0930   14.699  0.004    2  1 
  51306.1123   14.751  0.004    2  1 
  51306.1151   14.753  0.004    2  1 
  51306.1375   14.788  0.004    2  1 
  51306.1405   14.793  0.004    2  1 
  51306.1636   14.810  0.004    2  1 
  51306.1673   14.807  0.004    2  1 
  51306.1937   14.781  0.004    2  1 
  51306.1966   14.769  0.004    2  1 
  51306.2146   14.682  0.004    2  1 
  51306.2178   14.660  0.004    2  1 
  51306.2343   14.500  0.003    2  1 
  51306.2380   14.469  0.003    2  1 
  51306.2574   14.369  0.003    2  1 
  51306.2602   14.372  0.003    2  1 
  51306.2805   14.362  0.003    2  1 
  51306.2835   14.348  0.003    2  1 
  51306.3009   14.321  0.003    2  1 
  51306.3038   14.324  0.003    2  1 
  51306.3135   14.337  0.003    2  1 
  51306.3184   14.342  0.004    2  1 
  51307.0456   14.412  0.004    2  1 
  51307.0501   14.424  0.004    2  1 
  51307.0593   14.449  0.003    2  1 
  51307.0645   14.464  0.003    2  1 
  51307.0699   14.472  0.007    2  1 
  51307.0747   14.500  0.005    2  1 
  51308.0084   14.332  0.003    2  1 
  51308.0112   14.328  0.003    2  1 
  51308.0334   14.340  0.003    2  1 
  51308.0362   14.345  0.003    2  1 
  51308.0394   14.338  0.003    2  1 
  51308.0633   14.390  0.003    2  1 
  51308.0663   14.395  0.003    2  1 
  51308.0995   14.481  0.003    2  1 
  51308.1031   14.495  0.003    2  1 
  51308.1280   14.586  0.004    2  1 
  51308.1309   14.593  0.004    2  1 
  51310.0850   14.320  0.002    2  1 
  51310.0874   14.315  0.002    2  1 
  51310.0897   14.323  0.002    2  1 
  51310.0922   14.317  0.002    2  1 
  51310.1430   14.419  0.003    2  1 
  51310.1458   14.426  0.003    2  1 
  51310.1486   14.433  0.003    2  1 
  51311.0244   14.759  0.006    2  1 
  51311.0302   14.726  0.005    2  1 
  51311.0334   14.705  0.005    2  1 
  51311.0506   14.552  0.003    2  1 
  51311.0539   14.521  0.003    2  1 
  51311.0637   14.428  0.003    2  1 
  51311.0669   14.413  0.004    2  1 
  51311.0702   14.400  0.003    2  1 
  51311.0907   14.379  0.004    2  1 
  51311.0946   14.375  0.004    2  1 
  51311.0980   14.368  0.003    2  1 
  51311.1015   14.353  0.004    2  1 
  51311.1071   14.334  0.004    2  1 
  51311.1298   14.315  0.004    2  1 
  51311.1327   14.323  0.004    2  1 
  51311.1357   14.326  0.004    2  1 
  51311.1398   14.329  0.004    2  1 
  51311.1447   14.337  0.004    2  1 
  51311.9726   14.761  0.005    2  1 
  51311.9755   14.767  0.005    2  1 
  51312.0020   14.801  0.004    2  1 
  51312.0049   14.789  0.004    2  1 
  51312.0255   14.803  0.004    2  1 
  51312.0284   14.808  0.004    2  1 
  51312.0314   14.802  0.004    2  1 
  51312.0584   14.742  0.004    2  1 
  51312.0611   14.732  0.004    2  1 
  51312.0638   14.712  0.004    2  1 
  51312.0903   14.489  0.003    2  1 
  51312.0929   14.468  0.003    2  1 
  51312.0955   14.439  0.003    2  1 
  51312.1146   14.364  0.003    2  1 
  51312.1173   14.364  0.003    2  1 
  51312.1200   14.378  0.003    2  1 
  51312.9860   14.707  0.003    2  1 
  51312.9887   14.718  0.003    2  1 
  51312.9913   14.728  0.003    2  1 
  51313.0096   14.768  0.004    2  1 
  51313.0123   14.771  0.004    2  1 
  51313.0149   14.777  0.004    2  1 
  51313.0333   14.796  0.004    2  1 
  51313.0360   14.801  0.004    2  1 
  51313.0386   14.806  0.004    2  1 
  51313.0413   14.810  0.004    2  1 
  51313.0595   14.808  0.004    2  1 
  51313.0622   14.811  0.004    2  1 
  51313.0648   14.803  0.004    2  1 
  51313.0911   14.749  0.004    2  1 
  51313.0937   14.742  0.004    2  1 
  51313.0964   14.719  0.003    2  1 
  51313.1146   14.577  0.003    2  1 
  51313.1172   14.556  0.003    2  1 
  51313.1199   14.529  0.003    2  1 
  51313.1226   14.499  0.003    2  1 
  51313.9843   14.586  0.004    2  1 
  51313.9872   14.599  0.004    2  1 
  51313.9901   14.607  0.004    2  1 
  51314.0178   14.709  0.004    2  1 
  51314.0207   14.718  0.004    2  1 
  51314.0236   14.721  0.004    2  1 
  51314.0432   14.769  0.004    2  1 
  51314.0461   14.772  0.004    2  1 
  51314.0490   14.785  0.004    2  1 
  51314.0772   14.809  0.004    2  1 
  51314.0802   14.804  0.004    2  1 
  51314.0831   14.808  0.004    2  1 
  51314.1030   14.804  0.005    2  1 
  51314.1059   14.795  0.005    2  1 
  51314.1088   14.789  0.004    2  1 
  51314.1289   14.726  0.004    2  1 
  51314.1333   14.699  0.004    2  1 
  51314.1363   14.675  0.004    2  1 
  51314.9827   14.458  0.004    2  1 
  51314.9856   14.467  0.004    2  1 
  51314.9885   14.476  0.004    2  1 
  51315.0015   14.521  0.004    2  1 
  51315.0043   14.531  0.003    2  1 
  51315.0069   14.542  0.003    2  1 
  51315.0251   14.617  0.003    2  1 
  51315.0277   14.618  0.003    2  1 
  51315.0304   14.637  0.003    2  1 
  51315.0489   14.701  0.004    2  1 
  51315.0516   14.708  0.004    2  1 
  51315.0542   14.714  0.003    2  1 
  51315.0780   14.773  0.004    2  1 
  51315.0807   14.777  0.004    2  1 
  51315.0833   14.782  0.004    2  1 
  51315.1015   14.804  0.004    2  1 
  51315.1041   14.802  0.004    2  1 
  51315.1068   14.812  0.004    2  1 
  51315.1290   14.811  0.005    2  1 
  51315.1319   14.813  0.005    2  1 
  51316.0194   14.474  0.003    2  1 
  51316.0221   14.475  0.003    2  1 
  51316.0247   14.484  0.003    2  1 
  51316.0431   14.557  0.003    2  1 
  51316.0458   14.560  0.003    2  1 
  51316.0485   14.568  0.003    2  1 
  51316.0667   14.650  0.004    2  1 
  51316.0693   14.652  0.004    2  1 
  51316.0720   14.669  0.004    2  1 
  51316.0905   14.731  0.004    2  1 
  51316.0934   14.738  0.004    2  1 
  51316.0963   14.739  0.004    2  1 
  51316.1148   14.773  0.004    2  1 
  51316.1175   14.788  0.004    2  1 
  51316.1201   14.794  0.004    2  1 
  51316.9647   14.328  0.003    2  1 
  51316.9676   14.318  0.004    2  1 
  51316.9705   14.322  0.004    2  1 
  51316.9896   14.340  0.003    2  1 
  51316.9923   14.345  0.003    2  1 
  51316.9949   14.337  0.003    2  1 
  51317.0088   14.362  0.004    2  1 
  51317.0117   14.374  0.004    2  1 
  51317.0321   14.415  0.004    2  1 
  51317.0351   14.419  0.004    2  1 
  51317.0391   14.431  0.004    2  1 
  51317.0602   14.491  0.004    2  1 
  51317.0631   14.508  0.004    2  1 
  51317.0660   14.512  0.004    2  1 
  51317.0858   14.584  0.004    2  1 
  51317.0887   14.598  0.004    2  1 
  51317.0916   14.610  0.004    2  1 
  51317.1111   14.687  0.004    2  1 
  51317.1140   14.697  0.004    2  1 
  51317.1169   14.705  0.004    2  1 
  51317.9628   14.375  0.004    2  1 
  51317.9657   14.361  0.004    2  1 
  51317.9685   14.354  0.004    2  1 
  51317.9883   14.356  0.004    2  1 
  51317.9912   14.352  0.004    2  1 
  51317.9941   14.337  0.004    2  1 
  51318.0135   14.323  0.004    2  1 
  51318.0164   14.323  0.004    2  1 
  51318.0194   14.330  0.004    2  1 
  51318.0413   14.368  0.004    2  1 
  51318.0445   14.368  0.004    2  1 
  51318.0477   14.377  0.004    2  1 
  51318.0697   14.429  0.004    2  1 
  51318.0730   14.436  0.005    2  1 
  51318.0762   14.443  0.005    2  1 
  51318.0981   14.514  0.005    2  1 
  51318.1014   14.525  0.005    2  1 
  51318.1046   14.533  0.005    2  1 
  51318.1265   14.613  0.005    2  1 
  51318.1298   14.634  0.005    2  1 
  51318.9642   14.642  0.003    2  1 
  51318.9680   14.614  0.004    2  1 
  51318.9708   14.577  0.004    2  1 
  51318.9737   14.554  0.004    2  1 
  51318.9929   14.386  0.003    2  1 
  51318.9956   14.370  0.003    2  1 
  51318.9983   14.358  0.003    2  1 
  51319.0180   14.362  0.004    2  1 
  51319.0209   14.362  0.004    2  1 
  51319.0238   14.350  0.003    2  1 
  51319.0443   14.322  0.004    2  1 
  51319.0474   14.324  0.004    2  1 
  51319.0505   14.321  0.004    2  1 
  51319.0793   14.374  0.003    2  1 
  51319.0820   14.381  0.003    2  1 
  51319.0847   14.392  0.003    2  1 
  51319.1030   14.433  0.004    2  1 
  51319.1084   14.447  0.003    2  1 
  51319.1110   14.450  0.003    2  1 
  51320.1030   14.348  0.002    2  1 
  51320.1053   14.363  0.002    2  1 
  51320.1076   14.359  0.003    2  1 
  51320.1238   14.399  0.003    2  1 
  51320.1261   14.407  0.003    2  1 
  51320.1284   14.414  0.003    2  1 
  51320.1450   14.452  0.003    2  1 
  51320.1477   14.466  0.003    2  1 
  51320.1503   14.476  0.003    2  1 
  51320.9635   14.801  0.004    2  1 
  51320.9664   14.803  0.004    2  1 
  51320.9693   14.809  0.004    2  1 
  51320.9887   14.804  0.003    2  1 
  51320.9911   14.802  0.003    2  1 
  51320.9936   14.799  0.003    2  1 
  51321.0102   14.760  0.003    2  1 
  51321.0126   14.755  0.003    2  1 
  51321.0150   14.742  0.003    2  1 
  51321.0318   14.633  0.003    2  1 
  51321.0344   14.616  0.003    2  1 
  51321.0369   14.589  0.003    2  1 
  51321.0543   14.430  0.003    2  1 
  51321.0568   14.410  0.003    2  1 
  51321.0594   14.393  0.003    2  1 
  51321.0847   14.378  0.003    2  1 
  51321.0873   14.367  0.003    2  1 
  51321.0898   14.356  0.003    2  1 
  51321.1133   14.316  0.003    2  1 
  51321.1159   14.323  0.003    2  1 
  51321.1186   14.326  0.003    2  1 
  51321.1339   14.342  0.003    2  1 
  51321.1365   14.349  0.003    2  1 
  51332.9696   14.730  0.006    2  1 
  51332.9739   14.743  0.006    2  1 
  51332.9891   14.765  0.005    2  1 
  51332.9928   14.782  0.006    2  1 
  51332.9965   14.779  0.006    2  1 
  51333.0083   14.793  0.005    2  1 
  51333.0120   14.796  0.005    2  1 
  51333.0226   14.801  0.005    2  1 
  51333.0264   14.807  0.005    2  1 
  51333.0514   14.801  0.005    2  1 
  51333.0552   14.804  0.006    2  1 
  51333.0742   14.734  0.005    2  1 
  51333.0779   14.717  0.006    2  1 
  51333.0907   14.615  0.005    2  1 
  51333.0945   14.587  0.005    2  1 
  51333.1178   14.394  0.004    2  1 
  51333.1221   14.381  0.004    2  1 
  51333.1335   14.381  0.005    2  1 
  51333.1369   14.384  0.005    2  1 
  51333.1529   14.357  0.004    2  1 
  51333.1565   14.340  0.005    2  1 
  51333.1716   14.338  0.005    2  1 
  51333.1752   14.340  0.005    2  1 
  51334.9841   14.551  0.004    2  1 
  51334.9871   14.565  0.004    2  1 
  51335.0175   14.682  0.004    2  1 
  51335.0204   14.686  0.004    2  1 
  51335.0301   14.709  0.004    2  1 
  51335.0334   14.724  0.004    2  1 
  51335.0517   14.772  0.005    2  1 
  51335.0552   14.777  0.005    2  1 
  51335.0692   14.797  0.005    2  1 
  51335.0727   14.796  0.005    2  1 
  51335.0833   14.812  0.005    2  1 
  51335.0867   14.814  0.005    2  1 
  51335.1133   14.804  0.005    2  1 
  51335.1167   14.810  0.005    2  1 
  51335.9535   14.351  0.004    2  1 
  51335.9726   14.394  0.004    2  1 
  51335.9768   14.402  0.004    2  1 
  51335.9997   14.478  0.004    2  1 
  51336.0027   14.495  0.004    2  1 
  51336.0203   14.559  0.004    2  1 
  51336.0236   14.567  0.004    2  1 
  51336.0357   14.608  0.004    2  1 
  51336.0388   14.628  0.004    2  1 
  51336.0593   14.700  0.005    2  1 
  51336.0629   14.712  0.005    2  1 
  51336.0769   14.754  0.005    2  1 
  51336.0803   14.761  0.005    2  1 
  51336.1025   14.796  0.005    2  1 
  51336.1059   14.799  0.005    2  1 
  51336.1206   14.813  0.005    2  1 
  51336.1240   14.809  0.005    2  1 
  51337.0101   14.409  0.004    2  1 
  51337.9904   14.328  0.004    2  1 
  51337.9940   14.327  0.004    2  1 
  51338.0162   14.347  0.004    2  1 
  51338.0196   14.351  0.004    2  1 
  51338.0339   14.375  0.005    2  1 
  51338.0376   14.380  0.005    2  1 
  51338.9901   14.378  0.003    2  1 
  51338.9938   14.373  0.003    2  1 
  51339.0226   14.321  0.004    2  1 
  51339.0269   14.328  0.004    2  1 
  51339.0867   14.429  0.005    2  1 
  51339.0905   14.442  0.005    2  1 
  51339.1139   14.532  0.004    2  1 
  51339.1177   14.551  0.005    2  1 
  51339.1448   14.653  0.005    2  1 
  51339.1482   14.666  0.004    2  1 
  51339.9766   14.645  0.004    2  1 
  51339.9795   14.616  0.004    2  1 
  51340.0044   14.387  0.003    2  1 
  51340.0078   14.373  0.003    2  1 
  51340.0274   14.372  0.004    2  1 
  51340.0306   14.363  0.004    2  1 
  51340.0540   14.333  0.004    2  1 
  51340.0572   14.333  0.004    2  1 
  51340.0857   14.371  0.004    2  1 
  51340.0892   14.374  0.004    2  1 
  51340.1152   14.430  0.004    2  1 
  51340.1197   14.442  0.004    2  1 
  51340.1229   14.448  0.004    2  1 
  51340.1263   14.460  0.004    2  1 
  51340.1404   14.506  0.004    2  1 
  51340.1437   14.521  0.004    2  1 
  51344.9924   14.607  0.004    2  1 
  51344.9958   14.628  0.003    2  1 
  51344.9988   14.639  0.003    2  1 
  51345.0216   14.717  0.004    2  1 
  51345.0255   14.724  0.005    2  1 
  51345.0302   14.742  0.005    2  1 
  51345.0553   14.792  0.004    2  1 
  51345.0603   14.789  0.004    2  1 
  51345.9856   14.457  0.005    2  1 
  51345.9896   14.469  0.004    2  1 
  51346.0219   14.597  0.005    2  1 
  51346.0264   14.611  0.004    2  1 
  51346.0486   14.701  0.005    2  1 
  51346.0523   14.713  0.005    2  1 
  51346.0791   14.785  0.005    2  1 
  51346.0826   14.786  0.004    2  1 
  51347.0416   14.546  0.004    2  1 
  51347.0453   14.561  0.003    2  1 
  51347.0743   14.678  0.004    2  1 
  51347.0777   14.685  0.004    2  1 
  51347.0990   14.756  0.004    2  1 
  51347.1022   14.763  0.003    2  1 
  51347.9769   14.327  0.004    2  1 
  51347.9802   14.329  0.004    2  1 
  51347.9834   14.332  0.004    2  1 
  51347.9983   14.345  0.004    2  1 
  51348.0028   14.354  0.004    2  1 
  51348.0063   14.356  0.004    2  1 
  51348.0242   14.386  0.004    2  1 
  51348.0274   14.393  0.004    2  1 
  51348.0943   14.626  0.005    2  1 
  51348.0983   14.644  0.006    2  1 
  51348.1018   14.654  0.005    2  1 
  51348.9650   14.378  0.004    2  1 
  51348.9682   14.375  0.004    2  1 
  51348.9853   14.385  0.003    2  1 
  51348.9883   14.380  0.003    2  1 
  51348.9912   14.376  0.003    2  1 
  51349.0316   14.353  0.004    2  1 
  51349.0346   14.357  0.004    2  1 
  51349.9815   14.502  0.004    2  1 
  51349.9851   14.467  0.003    2  1 
  51349.9973   14.387  0.003    2  1 
  51350.0033   14.376  0.004    2  1 
  51350.0066   14.376  0.004    2  1 
  51350.0164   14.388  0.004    2  1 
  51350.0197   14.385  0.004    2  1 
  51350.0296   14.361  0.004    2  1 
  51380.9973   14.415  0.003    2  1 
  51381.0004   14.401  0.003    2  1 
  51381.0031   14.385  0.003    2  1 
  51381.0187   14.388  0.003    2  1 
  51381.0214   14.380  0.003    2  1 
  51381.0242   14.375  0.003    2  1 
  51381.9830   14.770  0.004    2  1 
  51381.9859   14.763  0.005    2  1 
  51381.9888   14.750  0.005    2  1 
  51382.0000   14.681  0.004    2  1 
  51382.0029   14.659  0.004    2  1 
  51382.9793   14.818  0.005    2  1 
  51382.9826   14.818  0.004    2  1 
  51382.9857   14.814  0.005    2  1 
  51382.9965   14.818  0.005    2  1 
  51382.9995   14.809  0.005    2  1 
  51383.9746   14.780  0.004    2  1 
  51383.9773   14.785  0.004    2  1 
  51383.9799   14.790  0.004    2  1 
  51383.9899   14.807  0.004    2  1 
  51383.9926   14.815  0.004    2  1 
  51384.9751   14.706  0.003    2  1 
  51384.9777   14.704  0.003    2  1 
  51384.9802   14.720  0.003    2  1 
  51384.9896   14.746  0.003    2  1 
  51384.9921   14.753  0.003    2  1 
  51385.9711   14.560  0.003    2  1 
  51385.9737   14.573  0.003    2  1 
  51385.9763   14.588  0.003    2  1 
  51385.9857   14.617  0.004    2  1 
  51385.9884   14.628  0.004    2  1 
  51386.9965   14.518  0.004    2  1 
  51387.0003   14.539  0.004    2  1 
  51387.0041   14.554  0.004    2  1 
  51387.0216   14.625  0.004    2  1 
  51387.0254   14.636  0.004    2  1 
  51387.0293   14.657  0.005    2  1 
  51388.9801   14.338  0.004    2  1 
  51388.9834   14.346  0.004    2  1 
  51388.9866   14.342  0.004    2  1 
  51388.9984   14.356  0.004    2  1 
  51389.0017   14.369  0.004    2  1 
  51389.9783   14.395  0.003    2  1 
  51389.9809   14.385  0.003    2  1 
  51389.9836   14.381  0.003    2  1 
  51390.9729   14.519  0.003    2  1 
  51390.9756   14.496  0.003    2  1 
  51390.9783   14.473  0.003    2  1 
  51391.9728   14.776  0.003    2  1 
  51391.9754   14.761  0.003    2  1 
  51391.9779   14.752  0.003    2  1 
  51671.0871   14.359  0.004    2  1 
  51671.0917   14.363  0.004    2  1 
  51671.0952   14.369  0.004    2  1 
  51671.1189   14.332  0.004    2  1 
  51671.1232   14.328  0.004    2  1 
  51671.9996   14.800  0.004    2  1 
  51672.0039   14.804  0.004    2  1 
  51672.0350   14.816  0.004    2  1 
  51672.0382   14.818  0.004    2  1 
  51673.0232   14.789  0.003    2  1 
  51674.0574   14.790  0.006    2  1 
  51674.0620   14.797  0.006    2  1 
  51674.0938   14.821  0.006    2  1 
  51674.0985   14.815  0.006    2  1 
  51674.1159   14.803  0.005    2  1 
  51674.1223   14.792  0.005    2  1 
  51674.9763   14.422  0.005    2  1 
  51674.9824   14.445  0.005    2  1 
  51675.0212   14.582  0.005    2  1 
  51676.0163   14.445  0.004    2  1 
  51692.9816   14.745  0.004    2  1 
  51692.9854   14.752  0.004    2  1 
  51693.9780   14.605  0.004    2  1 
  51693.9814   14.618  0.004    2  1 
  51694.9914   14.533  0.003    2  1 
  51694.9946   14.538  0.004    2  1 
  51765.9974   14.658  0.004    2  1 
  51766.0012   14.675  0.004    2  1 
  51766.0048   14.687  0.004    2  1 
  51766.0266   14.761  0.005    2  1 
  51766.0301   14.775  0.005    2  1 
  51216.3144   15.022  0.003    3  1 
  51216.3408   14.677  0.003    3  1 
  51216.3905   14.594  0.003    3  1 
  51217.3019   15.307  0.005    3  1 
  51217.3494   15.001  0.003    3  1 
  51217.3710   14.710  0.003    3  1 
  51217.3906   14.654  0.003    3  1 
  51218.2854   15.266  0.005    3  1 
  51218.3156   15.297  0.005    3  1 
  51218.3347   15.238  0.004    3  1 
  51218.3653   15.155  0.004    3  1 
  51218.3848   14.980  0.004    3  1 
  51219.2918   15.160  0.004    3  1 
  51219.3100   15.237  0.004    3  1 
  51219.3296   15.256  0.004    3  1 
  51219.3536   15.286  0.004    3  1 
  51219.3723   15.273  0.004    3  1 
  51220.2720   14.855  0.003    3  1 
  51220.2946   14.981  0.003    3  1 
  51220.3117   15.073  0.004    3  1 
  51220.3299   15.145  0.004    3  1 
  51220.3473   15.232  0.004    3  1 
  51220.3643   15.258  0.004    3  1 
  51220.3816   15.261  0.004    3  1 
  51221.2763   14.734  0.003    3  1 
  51221.2964   14.812  0.003    3  1 
  51221.3145   14.911  0.003    3  1 
  51221.3318   14.998  0.003    3  1 
  51221.3496   15.106  0.004    3  1 
  51221.3673   15.173  0.004    3  1 
  51283.2546   14.677  0.003    3  1 
  51283.2783   14.726  0.003    3  1 
  51283.3008   14.811  0.003    3  1 
  51283.3322   14.988  0.003    3  1 
  51283.3553   15.115  0.003    3  1 
  51283.3773   15.218  0.004    3  1 
  51284.2134   14.621  0.003    3  1 
  51284.2375   14.592  0.003    3  1 
  51284.2581   14.565  0.003    3  1 
  51284.2875   14.636  0.003    3  1 
  51284.3124   14.716  0.003    3  1 
  51284.3383   14.824  0.004    3  1 
  51285.0451   14.947  0.003    3  1 
  51285.0691   15.062  0.003    3  1 
  51285.0932   15.204  0.004    3  1 
  51285.1257   15.253  0.004    3  1 
  51285.1514   15.281  0.004    3  1 
  51285.1754   15.248  0.004    3  1 
  51285.2060   15.030  0.003    3  1 
  51285.2321   14.672  0.003    3  1 
  51285.2586   14.642  0.003    3  1 
  51285.2928   14.555  0.003    3  1 
  51285.3257   14.633  0.003    3  1 
  51286.0393   14.779  0.002    3  1 
  51286.0670   14.883  0.003    3  1 
  51286.0977   15.023  0.002    3  1 
  51286.1302   15.129  0.003    3  1 
  51286.1560   15.182  0.003    3  1 
  51286.1833   15.246  0.003    3  1 
  51286.2193   15.186  0.003    3  1 
  51286.2434   14.967  0.003    3  1 
  51286.2655   14.682  0.003    3  1 
  51286.2958   14.659  0.003    3  1 
  51286.3291   14.579  0.003    3  1 
  51286.3521   14.622  0.003    3  1 
  51304.9838   14.741  0.003    3  1 
  51305.0251   14.930  0.004    3  1 
  51305.0718   15.182  0.004    3  1 
  51305.0961   15.245  0.004    3  1 
  51305.1465   15.279  0.005    3  1 
  51305.1755   15.142  0.004    3  1 
  51305.2054   14.737  0.004    3  1 
  51305.2345   14.616  0.003    3  1 
  51305.2666   14.588  0.003    3  1 
  51305.2880   14.633  0.003    3  1 
  51305.9773   14.703  0.002    3  1 
  51306.0428   14.862  0.003    3  1 
  51306.0809   15.043  0.003    3  1 
  51306.1087   15.113  0.003    3  1 
  51306.1330   15.234  0.004    3  1 
  51306.1578   15.198  0.004    3  1 
  51306.1875   15.210  0.004    3  1 
  51306.2101   15.109  0.003    3  1 
  51306.2308   14.884  0.003    3  1 
  51306.2771   14.631  0.002    3  1 
  51306.2972   14.573  0.003    3  1 
  51308.0025   14.665  0.002    3  1 
  51308.0294   14.658  0.002    3  1 
  51308.0600   14.672  0.002    3  1 
  51308.0919   14.779  0.002    3  1 
  51308.0958   14.809  0.002    3  1 
  51308.1244   14.935  0.003    3  1 
  51310.1057   14.603  0.002    3  1 
  51310.1100   14.609  0.002    3  1 
  51310.1132   14.628  0.002    3  1 
  51311.9792   15.294  0.006    3  1 
  51311.9983   15.266  0.004    3  1 
  51312.0087   15.283  0.004    3  1 
  51312.0350   15.239  0.004    3  1 
  51312.0550   15.190  0.004    3  1 
  51312.0672   15.094  0.003    3  1 
  51312.0870   14.862  0.003    3  1 
  51312.0988   14.702  0.003    3  1 
  51312.9828   15.139  0.003    3  1 
  51313.0063   15.226  0.003    3  1 
  51313.0300   15.262  0.003    3  1 
  51313.0562   15.262  0.003    3  1 
  51313.0838   15.182  0.003    3  1 
  51313.1113   14.989  0.003    3  1 
  51313.9807   14.956  0.003    3  1 
  51314.0143   15.144  0.004    3  1 
  51314.0397   15.239  0.004    3  1 
  51314.1124   15.267  0.004    3  1 
  51314.9752   14.759  0.003    3  1 
  51315.0102   14.927  0.003    3  1 
  51315.0336   15.057  0.003    3  1 
  51315.0747   15.236  0.004    3  1 
  51315.0982   15.289  0.004    3  1 
  51315.1216   15.298  0.004    3  1 
  51316.0399   14.897  0.003    3  1 
  51316.0634   15.032  0.003    3  1 
  51316.0869   15.162  0.004    3  1 
  51316.1115   15.238  0.004    3  1 
  51316.9740   14.592  0.003    3  1 
  51317.0052   14.601  0.004    3  1 
  51317.0282   14.611  0.005    3  1 
  51317.0566   14.805  0.003    3  1 
  51317.0822   14.942  0.004    3  1 
  51317.1075   15.087  0.004    3  1 
  51317.9847   14.650  0.003    3  1 
  51318.0099   14.549  0.004    3  1 
  51318.0374   14.569  0.004    3  1 
  51318.1226   14.978  0.005    3  1 
  51318.9772   14.862  0.003    3  1 
  51319.0019   14.634  0.003    3  1 
  51319.0274   14.614  0.003    3  1 
  51319.0757   14.634  0.003    3  1 
  51319.0997   14.715  0.003    3  1 
  51320.1000   14.603  0.002    3  1 
  51320.1208   14.707  0.002    3  1 
  51320.1417   14.758  0.003    3  1 
  51320.9728   15.263  0.004    3  1 
  51320.9965   15.134  0.002    3  1 
  51321.0180   15.136  0.003    3  1 
  51321.0400   14.911  0.003    3  1 
  51321.0624   14.691  0.002    3  1 
  51321.0930   14.632  0.003    3  1 
  51321.1217   14.589  0.002    3  1 
  51380.9937   14.738  0.003    3  1 
  51381.9793   15.218  0.004    3  1 
  51382.9755   15.354  0.006    3  1 
  51383.9715   15.189  0.003    3  1 
  51385.9679   14.914  0.003    3  1 
  51386.9917   14.839  0.003    3  1 
  51388.9755   14.553  0.003    3  1 
  51389.9750   14.704  0.003    3  1 
  51693.9923   15.064  0.003    3  1 
  51695.0052   14.954  0.003    3  1 
 56468.97641   13.366  0.024   -1  1 
 56469.04707   13.322  0.026   -1  1 
 56469.10896   13.401  0.025   -1  1 
 56469.17285   13.475  0.010   -1  1 
 56471.00364   13.490  0.015   -1  1 
 56471.06640   13.338  0.010   -1  1 
 56471.12490   13.405  0.009   -1  1 
 56471.18188   13.349  0.007   -1  1 
 56471.96759   13.508  0.024   -1  1 
 56472.03374   13.578  0.044   -1  1 
 56472.09484   13.729  0.028   -1  1 
 56472.15243   13.369  0.007   -1  1 
 56468.95296   13.573  0.035   -2  1 
 56469.02441   13.398  0.019   -2  1 
 56469.08813   13.585  0.023   -2  1 
 56469.15134   13.387  0.017   -2  1 
 56471.02588   13.395  0.013   -2  1 
 56471.08671   13.342  0.015   -2  1 
 56471.14302   13.327  0.015   -2  1 
 56471.94704   13.452  0.015   -2  1 
 56472.01085   13.331  0.029   -2  1 
 56472.07480   13.419  0.037   -2  1 
 56472.13240   13.394  0.009   -2  1 
 56472.19216   13.322  0.007   -2  1 
 56469.00041   13.601  0.011   -5  1 
 56469.06767   13.643  0.010   -5  1 
 56469.13003   13.641  0.019   -5  1 
 56469.19349   13.760  0.009   -5  1 
 56470.98130   13.686  0.018   -5  1 
 56471.04693   13.596  0.012   -5  1 
 56471.10523   13.574  0.013   -5  1 
 56471.16397   13.623  0.008   -5  1 
 56471.98857   13.809  0.011   -5  1 
 56472.05430   13.585  0.021   -5  1 
 56472.11383   13.575  0.010   -5  1 
 56472.17109   13.588  0.006   -5  1 
