  51216.3218   14.414  0.004    2  1 
  51216.3464   14.372  0.004    2  1 
  51216.3689   14.318  0.004    2  1 
  51216.3980   14.243  0.004    2  1 
  51217.3101   14.411  0.004    2  1 
  51217.3328   14.422  0.004    2  1 
  51217.3552   14.433  0.004    2  1 
  51217.3759   14.430  0.004    2  1 
  51217.3953   14.407  0.004    2  1 
  51218.2773   14.252  0.004    2  1 
  51218.3093   14.320  0.004    2  1 
  51218.3298   14.351  0.004    2  1 
  51218.3573   14.384  0.004    2  1 
  51218.3794   14.417  0.004    2  1 
  51219.3336   14.229  0.004    2  1 
  51219.3596   14.289  0.004    2  1 
  51219.3768   14.321  0.004    2  1 
  51220.2621   14.069  0.003    2  1 
  51220.2906   14.033  0.003    2  1 
  51220.3077   14.035  0.003    2  1 
  51220.3257   14.052  0.003    2  1 
  51220.3432   14.089  0.003    2  1 
  51220.3602   14.120  0.004    2  1 
  51220.3776   14.172  0.004    2  1 
  51221.2835   14.147  0.004    2  1 
  51221.3009   14.125  0.004    2  1 
  51221.3188   14.099  0.003    2  1 
  51221.3358   14.068  0.003    2  1 
  51221.3538   14.042  0.003    2  1 
  51221.3722   14.033  0.003    2  1 
  51283.2451   14.230  0.003    2  1 
  51283.2493   14.231  0.003    2  1 
  51283.2714   14.200  0.003    2  1 
  51283.2748   14.191  0.003    2  1 
  51283.2939   14.154  0.003    2  1 
  51283.2972   14.159  0.003    2  1 
  51283.3202   14.108  0.003    2  1 
  51283.3234   14.104  0.003    2  1 
  51283.3487   14.058  0.003    2  1 
  51283.3518   14.050  0.003    2  1 
  51283.3707   14.037  0.003    2  1 
  51283.3738   14.036  0.003    2  1 
  51284.2195   14.386  0.004    2  1 
  51284.2229   14.374  0.004    2  1 
  51284.2413   14.341  0.004    2  1 
  51284.2443   14.330  0.003    2  1 
  51284.2617   14.298  0.003    2  1 
  51284.2648   14.288  0.003    2  1 
  51284.2942   14.249  0.003    2  1 
  51284.2973   14.246  0.003    2  1 
  51284.3168   14.228  0.003    2  1 
  51284.3211   14.223  0.003    2  1 
  51284.3428   14.175  0.003    2  1 
  51284.3464   14.169  0.003    2  1 
  51285.0513   14.147  0.003    2  1 
  51285.0543   14.153  0.003    2  1 
  51285.0739   14.198  0.003    2  1 
  51285.0778   14.205  0.003    2  1 
  51285.0975   14.257  0.003    2  1 
  51285.1006   14.268  0.003    2  1 
  51285.1324   14.318  0.003    2  1 
  51285.1360   14.326  0.003    2  1 
  51285.1558   14.348  0.003    2  1 
  51285.1588   14.362  0.003    2  1 
  51285.1796   14.380  0.004    2  1 
  51285.1830   14.386  0.003    2  1 
  51285.2125   14.419  0.004    2  1 
  51285.2157   14.421  0.004    2  1 
  51285.2362   14.429  0.004    2  1 
  51285.2426   14.425  0.004    2  1 
  51285.2630   14.420  0.004    2  1 
  51285.2666   14.420  0.004    2  1 
  51285.2998   14.381  0.004    2  1 
  51285.3033   14.377  0.004    2  1 
  51285.3308   14.306  0.004    2  1 
  51285.3348   14.296  0.003    2  1 
  51285.3382   14.291  0.003    2  1 
  51286.0461   14.032  0.003    2  1 
  51286.0493   14.029  0.003    2  1 
  51286.0716   14.047  0.003    2  1 
  51286.0753   14.053  0.003    2  1 
  51286.1026   14.121  0.003    2  1 
  51286.1061   14.112  0.003    2  1 
  51286.1365   14.218  0.003    2  1 
  51286.1398   14.193  0.003    2  1 
  51286.1608   14.238  0.003    2  1 
  51286.1639   14.253  0.003    2  1 
  51286.1669   14.263  0.003    2  1 
  51286.1875   14.297  0.003    2  1 
  51286.1908   14.304  0.003    2  1 
  51286.2255   14.353  0.003    2  1 
  51286.2285   14.358  0.003    2  1 
  51286.2476   14.388  0.003    2  1 
  51286.2508   14.392  0.003    2  1 
  51286.2697   14.406  0.004    2  1 
  51286.2727   14.408  0.004    2  1 
  51286.3022   14.423  0.004    2  1 
  51286.3055   14.428  0.004    2  1 
  51286.3218   14.433  0.004    2  1 
  51286.3250   14.429  0.004    2  1 
  51286.3450   14.416  0.004    2  1 
  51286.3481   14.416  0.004    2  1 
  51304.9873   14.408  0.004    2  1 
  51304.9926   14.405  0.003    2  1 
  51305.0328   14.422  0.004    2  1 
  51305.0362   14.409  0.004    2  1 
  51305.0559   14.406  0.004    2  1 
  51305.0599   14.402  0.004    2  1 
  51305.0890   14.341  0.004    2  1 
  51305.0922   14.336  0.004    2  1 
  51305.1235   14.244  0.004    2  1 
  51305.1269   14.234  0.004    2  1 
  51305.1509   14.217  0.004    2  1 
  51305.1547   14.218  0.004    2  1 
  51305.1853   14.191  0.004    2  1 
  51305.1885   14.190  0.004    2  1 
  51305.2098   14.159  0.003    2  1 
  51305.2128   14.151  0.003    2  1 
  51305.2431   14.107  0.003    2  1 
  51305.2461   14.101  0.003    2  1 
  51305.2704   14.071  0.003    2  1 
  51305.2734   14.055  0.003    2  1 
  51305.2966   14.052  0.003    2  1 
  51305.2995   14.058  0.003    2  1 
  51305.9857   14.335  0.003    2  1 
  51305.9885   14.344  0.003    2  1 
  51305.9912   14.340  0.003    2  1 
  51306.0256   14.384  0.003    2  1 
  51306.0285   14.382  0.003    2  1 
  51306.0465   14.405  0.004    2  1 
  51306.0498   14.411  0.004    2  1 
  51306.0896   14.420  0.003    2  1 
  51306.0930   14.418  0.003    2  1 
  51306.1123   14.412  0.003    2  1 
  51306.1151   14.415  0.003    2  1 
  51306.1375   14.385  0.003    2  1 
  51306.1405   14.383  0.003    2  1 
  51306.1636   14.323  0.003    2  1 
  51306.1673   14.312  0.003    2  1 
  51306.1937   14.249  0.003    2  1 
  51306.1966   14.246  0.003    2  1 
  51306.2146   14.226  0.003    2  1 
  51306.2178   14.221  0.003    2  1 
  51306.2343   14.208  0.003    2  1 
  51306.2380   14.209  0.003    2  1 
  51306.2574   14.190  0.002    2  1 
  51306.2602   14.175  0.003    2  1 
  51306.2805   14.145  0.003    2  1 
  51306.2835   14.142  0.003    2  1 
  51306.3009   14.114  0.003    2  1 
  51306.3038   14.107  0.003    2  1 
  51306.3135   14.092  0.003    2  1 
  51306.3184   14.083  0.003    2  1 
  51307.0456   14.320  0.004    2  1 
  51307.0501   14.332  0.004    2  1 
  51307.0593   14.333  0.003    2  1 
  51307.0645   14.340  0.002    2  1 
  51307.0699   14.352  0.005    2  1 
  51307.0747   14.358  0.004    2  1 
  51308.0084   14.091  0.003    2  1 
  51308.0112   14.093  0.003    2  1 
  51308.0334   14.134  0.003    2  1 
  51308.0362   14.140  0.003    2  1 
  51308.0394   14.152  0.003    2  1 
  51308.0633   14.205  0.003    2  1 
  51308.0663   14.217  0.003    2  1 
  51308.0995   14.289  0.003    2  1 
  51308.1031   14.292  0.003    2  1 
  51308.1280   14.337  0.003    2  1 
  51308.1309   14.342  0.003    2  1 
  51310.0850   14.033  0.002    2  1 
  51310.0874   14.037  0.002    2  1 
  51310.0897   14.030  0.002    2  1 
  51310.0922   14.032  0.002    2  1 
  51310.1430   14.083  0.003    2  1 
  51310.1458   14.086  0.003    2  1 
  51310.1486   14.094  0.003    2  1 
  51311.0244   14.255  0.004    2  1 
  51311.0302   14.241  0.004    2  1 
  51311.0334   14.238  0.004    2  1 
  51311.0506   14.224  0.002    2  1 
  51311.0539   14.223  0.002    2  1 
  51311.0637   14.206  0.003    2  1 
  51311.0669   14.198  0.003    2  1 
  51311.0702   14.200  0.002    2  1 
  51311.0907   14.156  0.003    2  1 
  51311.0946   14.147  0.003    2  1 
  51311.0980   14.136  0.003    2  1 
  51311.1015   14.126  0.003    2  1 
  51311.1071   14.123  0.003    2  1 
  51311.1298   14.078  0.003    2  1 
  51311.1327   14.077  0.003    2  1 
  51311.1357   14.075  0.003    2  1 
  51311.1398   14.069  0.003    2  1 
  51311.1447   14.072  0.003    2  1 
  51311.9726   14.439  0.004    2  1 
  51311.9755   14.429  0.004    2  1 
  51312.0020   14.416  0.004    2  1 
  51312.0049   14.417  0.004    2  1 
  51312.0255   14.385  0.004    2  1 
  51312.0284   14.384  0.003    2  1 
  51312.0314   14.374  0.003    2  1 
  51312.0584   14.308  0.003    2  1 
  51312.0611   14.303  0.003    2  1 
  51312.0638   14.297  0.003    2  1 
  51312.0903   14.227  0.003    2  1 
  51312.0929   14.226  0.003    2  1 
  51312.0955   14.229  0.003    2  1 
  51312.1146   14.205  0.003    2  1 
  51312.1173   14.199  0.003    2  1 
  51312.1200   14.199  0.003    2  1 
  51312.9860   14.396  0.003    2  1 
  51312.9887   14.407  0.003    2  1 
  51312.9913   14.405  0.003    2  1 
  51313.0096   14.421  0.003    2  1 
  51313.0123   14.421  0.003    2  1 
  51313.0149   14.423  0.003    2  1 
  51313.0333   14.430  0.003    2  1 
  51313.0360   14.433  0.003    2  1 
  51313.0386   14.433  0.003    2  1 
  51313.0413   14.436  0.004    2  1 
  51313.0595   14.421  0.003    2  1 
  51313.0622   14.429  0.003    2  1 
  51313.0648   14.432  0.003    2  1 
  51313.0911   14.389  0.003    2  1 
  51313.0937   14.383  0.003    2  1 
  51313.0964   14.379  0.003    2  1 
  51313.1146   14.338  0.003    2  1 
  51313.1172   14.331  0.003    2  1 
  51313.1199   14.319  0.003    2  1 
  51313.1226   14.312  0.003    2  1 
  51313.9843   14.303  0.003    2  1 
  51313.9872   14.314  0.003    2  1 
  51313.9901   14.317  0.003    2  1 
  51314.0178   14.351  0.004    2  1 
  51314.0207   14.359  0.004    2  1 
  51314.0236   14.365  0.003    2  1 
  51314.0432   14.389  0.004    2  1 
  51314.0461   14.389  0.004    2  1 
  51314.0490   14.392  0.004    2  1 
  51314.0772   14.412  0.004    2  1 
  51314.0802   14.409  0.004    2  1 
  51314.0831   14.415  0.004    2  1 
  51314.1030   14.423  0.004    2  1 
  51314.1059   14.417  0.004    2  1 
  51314.1088   14.421  0.004    2  1 
  51314.1289   14.414  0.004    2  1 
  51314.1333   14.409  0.004    2  1 
  51314.1363   14.410  0.004    2  1 
  51314.9827   14.141  0.003    2  1 
  51314.9856   14.144  0.003    2  1 
  51314.9885   14.153  0.003    2  1 
  51315.0015   14.186  0.003    2  1 
  51315.0043   14.190  0.003    2  1 
  51315.0069   14.201  0.003    2  1 
  51315.0251   14.238  0.003    2  1 
  51315.0277   14.253  0.003    2  1 
  51315.0304   14.250  0.003    2  1 
  51315.0489   14.291  0.003    2  1 
  51315.0516   14.299  0.003    2  1 
  51315.0542   14.302  0.003    2  1 
  51315.0780   14.341  0.003    2  1 
  51315.0807   14.345  0.003    2  1 
  51315.0833   14.348  0.003    2  1 
  51315.1015   14.375  0.003    2  1 
  51315.1041   14.376  0.003    2  1 
  51315.1068   14.376  0.003    2  1 
  51315.1290   14.398  0.004    2  1 
  51315.1319   14.394  0.004    2  1 
  51316.0194   14.081  0.003    2  1 
  51316.0221   14.079  0.003    2  1 
  51316.0247   14.084  0.003    2  1 
  51316.0431   14.125  0.003    2  1 
  51316.0458   14.129  0.003    2  1 
  51316.0485   14.139  0.003    2  1 
  51316.0667   14.184  0.003    2  1 
  51316.0693   14.190  0.003    2  1 
  51316.0720   14.192  0.003    2  1 
  51316.0905   14.239  0.003    2  1 
  51316.0934   14.239  0.003    2  1 
  51316.0963   14.246  0.003    2  1 
  51316.1148   14.283  0.003    2  1 
  51316.1175   14.288  0.003    2  1 
  51316.1201   14.292  0.003    2  1 
  51316.9647   14.153  0.003    2  1 
  51316.9676   14.153  0.003    2  1 
  51316.9705   14.152  0.003    2  1 
  51316.9896   14.111  0.003    2  1 
  51316.9923   14.107  0.003    2  1 
  51316.9949   14.101  0.003    2  1 
  51317.0088   14.085  0.003    2  1 
  51317.0117   14.070  0.003    2  1 
  51317.0321   14.045  0.004    2  1 
  51317.0351   14.048  0.003    2  1 
  51317.0391   14.035  0.003    2  1 
  51317.0602   14.039  0.003    2  1 
  51317.0631   14.038  0.003    2  1 
  51317.0660   14.044  0.003    2  1 
  51317.0858   14.064  0.003    2  1 
  51317.0887   14.085  0.003    2  1 
  51317.0916   14.073  0.003    2  1 
  51317.1111   14.115  0.003    2  1 
  51317.1140   14.121  0.003    2  1 
  51317.1169   14.136  0.003    2  1 
  51317.9628   14.247  0.003    2  1 
  51317.9657   14.256  0.003    2  1 
  51317.9685   14.247  0.003    2  1 
  51317.9883   14.223  0.003    2  1 
  51317.9912   14.216  0.003    2  1 
  51317.9941   14.212  0.003    2  1 
  51318.0135   14.191  0.003    2  1 
  51318.0164   14.190  0.003    2  1 
  51318.0194   14.183  0.004    2  1 
  51318.0413   14.145  0.004    2  1 
  51318.0445   14.144  0.004    2  1 
  51318.0477   14.131  0.004    2  1 
  51318.0697   14.104  0.004    2  1 
  51318.0730   14.105  0.004    2  1 
  51318.0762   14.099  0.004    2  1 
  51318.0981   14.084  0.004    2  1 
  51318.1014   14.069  0.004    2  1 
  51318.1046   14.084  0.004    2  1 
  51318.1265   14.072  0.004    2  1 
  51318.1298   14.074  0.004    2  1 
  51318.9642   14.395  0.003    2  1 
  51318.9680   14.391  0.004    2  1 
  51318.9708   14.386  0.003    2  1 
  51318.9737   14.377  0.003    2  1 
  51318.9929   14.335  0.003    2  1 
  51318.9956   14.324  0.003    2  1 
  51318.9983   14.318  0.003    2  1 
  51319.0180   14.269  0.003    2  1 
  51319.0209   14.260  0.003    2  1 
  51319.0238   14.249  0.003    2  1 
  51319.0443   14.222  0.004    2  1 
  51319.0474   14.220  0.004    2  1 
  51319.0505   14.222  0.004    2  1 
  51319.0793   14.189  0.003    2  1 
  51319.0820   14.182  0.003    2  1 
  51319.0847   14.182  0.003    2  1 
  51319.1030   14.157  0.003    2  1 
  51319.1084   14.149  0.003    2  1 
  51319.1110   14.146  0.003    2  1 
  51320.1030   14.241  0.002    2  1 
  51320.1053   14.240  0.002    2  1 
  51320.1076   14.240  0.002    2  1 
  51320.1238   14.232  0.002    2  1 
  51320.1261   14.231  0.002    2  1 
  51320.1284   14.234  0.003    2  1 
  51320.1450   14.212  0.003    2  1 
  51320.1477   14.209  0.003    2  1 
  51320.1503   14.201  0.003    2  1 
  51320.9635   14.342  0.003    2  1 
  51320.9664   14.352  0.003    2  1 
  51320.9693   14.350  0.003    2  1 
  51320.9887   14.369  0.003    2  1 
  51320.9911   14.374  0.003    2  1 
  51320.9936   14.377  0.003    2  1 
  51321.0102   14.405  0.003    2  1 
  51321.0126   14.394  0.003    2  1 
  51321.0150   14.395  0.003    2  1 
  51321.0318   14.407  0.003    2  1 
  51321.0344   14.411  0.003    2  1 
  51321.0369   14.415  0.003    2  1 
  51321.0543   14.411  0.003    2  1 
  51321.0568   14.410  0.003    2  1 
  51321.0594   14.420  0.003    2  1 
  51321.0847   14.411  0.003    2  1 
  51321.0873   14.405  0.003    2  1 
  51321.0898   14.406  0.003    2  1 
  51321.1133   14.371  0.003    2  1 
  51321.1159   14.365  0.003    2  1 
  51321.1186   14.362  0.003    2  1 
  51321.1339   14.325  0.003    2  1 
  51321.1365   14.319  0.003    2  1 
  51332.9696   14.214  0.005    2  1 
  51332.9739   14.209  0.004    2  1 
  51332.9891   14.191  0.004    2  1 
  51332.9928   14.192  0.004    2  1 
  51332.9965   14.188  0.004    2  1 
  51333.0083   14.168  0.004    2  1 
  51333.0120   14.158  0.004    2  1 
  51333.0226   14.144  0.004    2  1 
  51333.0264   14.129  0.004    2  1 
  51333.0514   14.083  0.004    2  1 
  51333.0552   14.085  0.004    2  1 
  51333.0742   14.054  0.004    2  1 
  51333.0779   14.055  0.004    2  1 
  51333.0907   14.044  0.004    2  1 
  51333.0945   14.043  0.004    2  1 
  51333.1178   14.063  0.004    2  1 
  51333.1221   14.079  0.004    2  1 
  51333.1335   14.101  0.004    2  1 
  51333.1369   14.104  0.004    2  1 
  51333.1529   14.129  0.004    2  1 
  51333.1565   14.139  0.004    2  1 
  51333.1716   14.171  0.004    2  1 
  51333.1752   14.186  0.004    2  1 
  51334.9841   14.415  0.003    2  1 
  51334.9871   14.410  0.003    2  1 
  51335.0175   14.372  0.003    2  1 
  51335.0204   14.371  0.003    2  1 
  51335.0301   14.345  0.004    2  1 
  51335.0334   14.342  0.004    2  1 
  51335.0517   14.296  0.004    2  1 
  51335.0552   14.292  0.004    2  1 
  51335.0692   14.258  0.004    2  1 
  51335.0727   14.254  0.004    2  1 
  51335.0833   14.243  0.004    2  1 
  51335.0867   14.239  0.004    2  1 
  51335.1133   14.214  0.004    2  1 
  51335.1167   14.208  0.004    2  1 
  51335.9535   14.379  0.004    2  1 
  51335.9726   14.397  0.004    2  1 
  51335.9768   14.407  0.004    2  1 
  51335.9997   14.419  0.004    2  1 
  51336.0027   14.425  0.004    2  1 
  51336.0203   14.428  0.004    2  1 
  51336.0236   14.430  0.004    2  1 
  51336.0357   14.430  0.004    2  1 
  51336.0388   14.428  0.004    2  1 
  51336.0593   14.417  0.004    2  1 
  51336.0629   14.415  0.004    2  1 
  51336.0769   14.402  0.004    2  1 
  51336.0803   14.396  0.004    2  1 
  51336.1025   14.346  0.004    2  1 
  51336.1059   14.340  0.004    2  1 
  51336.1206   14.299  0.004    2  1 
  51336.1240   14.292  0.004    2  1 
  51337.0101   14.363  0.003    2  1 
  51337.9904   14.201  0.004    2  1 
  51337.9940   14.207  0.004    2  1 
  51338.0162   14.258  0.004    2  1 
  51338.0196   14.265  0.004    2  1 
  51338.0339   14.296  0.004    2  1 
  51338.0376   14.305  0.004    2  1 
  51338.9901   14.059  0.003    2  1 
  51338.9938   14.056  0.003    2  1 
  51339.0226   14.119  0.004    2  1 
  51339.0269   14.119  0.004    2  1 
  51339.0867   14.269  0.004    2  1 
  51339.0905   14.264  0.004    2  1 
  51339.1139   14.303  0.004    2  1 
  51339.1177   14.322  0.004    2  1 
  51339.1448   14.355  0.004    2  1 
  51339.1482   14.357  0.004    2  1 
  51339.9766   14.123  0.003    2  1 
  51339.9795   14.120  0.003    2  1 
  51340.0044   14.069  0.003    2  1 
  51340.0078   14.062  0.003    2  1 
  51340.0274   14.058  0.003    2  1 
  51340.0306   14.045  0.003    2  1 
  51340.0540   14.049  0.003    2  1 
  51340.0572   14.045  0.003    2  1 
  51340.0857   14.094  0.003    2  1 
  51340.0892   14.101  0.004    2  1 
  51340.1152   14.169  0.004    2  1 
  51340.1197   14.168  0.004    2  1 
  51340.1229   14.172  0.003    2  1 
  51340.1263   14.185  0.004    2  1 
  51340.1404   14.216  0.004    2  1 
  51340.1437   14.228  0.004    2  1 
  51344.9924   14.295  0.003    2  1 
  51344.9958   14.302  0.003    2  1 
  51344.9988   14.306  0.003    2  1 
  51345.0216   14.344  0.004    2  1 
  51345.0255   14.355  0.004    2  1 
  51345.0302   14.358  0.004    2  1 
  51345.0553   14.389  0.004    2  1 
  51345.0603   14.391  0.003    2  1 
  51345.9856   14.134  0.004    2  1 
  51345.9896   14.138  0.004    2  1 
  51346.0219   14.214  0.004    2  1 
  51346.0264   14.226  0.004    2  1 
  51346.0486   14.270  0.004    2  1 
  51346.0523   14.277  0.004    2  1 
  51346.0791   14.323  0.004    2  1 
  51346.0826   14.337  0.004    2  1 
  51347.0416   14.097  0.004    2  1 
  51347.0453   14.097  0.003    2  1 
  51347.0743   14.171  0.003    2  1 
  51347.0777   14.175  0.003    2  1 
  51347.0990   14.228  0.003    2  1 
  51347.1022   14.234  0.002    2  1 
  51347.9769   14.163  0.003    2  1 
  51347.9802   14.157  0.003    2  1 
  51347.9834   14.150  0.003    2  1 
  51347.9983   14.126  0.003    2  1 
  51348.0028   14.110  0.003    2  1 
  51348.0063   14.105  0.003    2  1 
  51348.0242   14.075  0.003    2  1 
  51348.0274   14.078  0.003    2  1 
  51348.0943   14.074  0.004    2  1 
  51348.0983   14.095  0.004    2  1 
  51348.1018   14.092  0.004    2  1 
  51348.9650   14.256  0.004    2  1 
  51348.9682   14.248  0.003    2  1 
  51348.9853   14.229  0.003    2  1 
  51348.9883   14.227  0.003    2  1 
  51348.9912   14.229  0.003    2  1 
  51349.0316   14.171  0.003    2  1 
  51349.0346   14.174  0.003    2  1 
  51349.9815   14.388  0.003    2  1 
  51349.9851   14.382  0.003    2  1 
  51349.9973   14.352  0.003    2  1 
  51350.0033   14.338  0.004    2  1 
  51350.0066   14.324  0.004    2  1 
  51350.0164   14.294  0.004    2  1 
  51350.0197   14.288  0.004    2  1 
  51350.0296   14.266  0.003    2  1 
  51380.9973   14.391  0.003    2  1 
  51381.0004   14.375  0.003    2  1 
  51381.0031   14.373  0.003    2  1 
  51381.0187   14.334  0.003    2  1 
  51381.0214   14.331  0.003    2  1 
  51381.0242   14.321  0.003    2  1 
  51381.9830   14.421  0.004    2  1 
  51381.9859   14.418  0.004    2  1 
  51381.9888   14.416  0.004    2  1 
  51382.0000   14.427  0.004    2  1 
  51382.0029   14.425  0.004    2  1 
  51382.9793   14.339  0.004    2  1 
  51382.9826   14.347  0.004    2  1 
  51382.9857   14.352  0.004    2  1 
  51382.9965   14.363  0.004    2  1 
  51382.9995   14.373  0.004    2  1 
  51383.9746   14.176  0.003    2  1 
  51383.9773   14.186  0.003    2  1 
  51383.9799   14.197  0.003    2  1 
  51383.9899   14.224  0.003    2  1 
  51383.9926   14.227  0.003    2  1 
  51384.9751   14.050  0.002    2  1 
  51384.9777   14.032  0.002    2  1 
  51384.9802   14.047  0.002    2  1 
  51384.9896   14.049  0.003    2  1 
  51384.9921   14.058  0.002    2  1 
  51385.9711   14.094  0.003    2  1 
  51385.9737   14.083  0.003    2  1 
  51385.9763   14.083  0.003    2  1 
  51385.9857   14.067  0.003    2  1 
  51385.9884   14.059  0.003    2  1 
  51386.9965   14.178  0.003    2  1 
  51387.0003   14.163  0.003    2  1 
  51387.0041   14.162  0.003    2  1 
  51387.0216   14.132  0.003    2  1 
  51387.0254   14.121  0.003    2  1 
  51387.0293   14.119  0.003    2  1 
  51388.9801   14.433  0.004    2  1 
  51388.9834   14.435  0.004    2  1 
  51388.9866   14.426  0.004    2  1 
  51388.9984   14.428  0.004    2  1 
  51389.0017   14.410  0.004    2  1 
  51389.9783   14.399  0.003    2  1 
  51389.9809   14.397  0.003    2  1 
  51389.9836   14.409  0.003    2  1 
  51390.9729   14.299  0.003    2  1 
  51390.9756   14.296  0.003    2  1 
  51390.9783   14.303  0.003    2  1 
  51391.9728   14.144  0.002    2  1 
  51391.9754   14.151  0.002    2  1 
  51391.9779   14.147  0.002    2  1 
  51671.0871   14.036  0.003    2  1 
  51671.0917   14.040  0.003    2  1 
  51671.0952   14.035  0.003    2  1 
  51671.1189   14.053  0.003    2  1 
  51671.1232   14.064  0.003    2  1 
  51671.9996   14.225  0.003    2  1 
  51672.0039   14.221  0.003    2  1 
  51672.0350   14.188  0.003    2  1 
  51672.0382   14.178  0.003    2  1 
  51673.0232   14.344  0.003    2  1 
  51674.0574   14.415  0.005    2  1 
  51674.0620   14.420  0.005    2  1 
  51674.0938   14.348  0.004    2  1 
  51674.0985   14.337  0.004    2  1 
  51674.1159   14.288  0.004    2  1 
  51674.1223   14.273  0.004    2  1 
  51674.9763   14.316  0.004    2  1 
  51674.9824   14.323  0.004    2  1 
  51675.0212   14.387  0.005    2  1 
  51676.0163   14.262  0.003    2  1 
  51692.9816   14.055  0.003    2  1 
  51692.9854   14.044  0.003    2  1 
  51693.9780   14.164  0.003    2  1 
  51693.9814   14.159  0.003    2  1 
  51694.9914   14.254  0.003    2  1 
  51694.9946   14.328  0.003    2  1 
  51765.9974   14.418  0.004    2  1 
  51766.0012   14.414  0.004    2  1 
  51766.0048   14.413  0.004    2  1 
  51766.0266   14.382  0.004    2  1 
  51766.0301   14.373  0.004    2  1 
  51216.3408   14.883  0.003    3  1 
  51216.3905   14.668  0.003    3  1 
  51217.3019   14.905  0.004    3  1 
  51217.3906   14.921  0.004    3  1 
  51218.2854   14.720  0.003    3  1 
  51218.3156   14.789  0.004    3  1 
  51218.3347   14.856  0.003    3  1 
  51218.3848   14.943  0.004    3  1 
  51219.2918   14.504  0.003    3  1 
  51219.3100   14.563  0.003    3  1 
  51219.3296   14.633  0.003    3  1 
  51219.3536   14.711  0.003    3  1 
  51219.3723   14.774  0.003    3  1 
  51220.2720   14.395  0.003    3  1 
  51220.2946   14.378  0.002    3  1 
  51220.3117   14.381  0.003    3  1 
  51220.3299   14.409  0.003    3  1 
  51220.3473   14.458  0.003    3  1 
  51220.3643   14.513  0.003    3  1 
  51220.3816   14.568  0.003    3  1 
  51221.2763   14.555  0.003    3  1 
  51221.2964   14.498  0.003    3  1 
  51221.3145   14.460  0.003    3  1 
  51221.3318   14.429  0.003    3  1 
  51221.3496   14.388  0.003    3  1 
  51221.3673   14.371  0.003    3  1 
  51283.2546   14.625  0.002    3  1 
  51283.2783   14.582  0.003    3  1 
  51283.3008   14.532  0.002    3  1 
  51283.3322   14.452  0.002    3  1 
  51283.3553   14.412  0.002    3  1 
  51283.3773   14.468  0.002    3  1 
  51284.2134   14.892  0.003    3  1 
  51284.2375   14.812  0.003    3  1 
  51284.2581   14.750  0.003    3  1 
  51284.2875   14.690  0.003    3  1 
  51284.3124   14.657  0.003    3  1 
  51284.3383   14.591  0.003    3  1 
  51285.0451   14.532  0.002    3  1 
  51285.0691   14.605  0.002    3  1 
  51285.0932   14.684  0.003    3  1 
  51285.1257   14.772  0.003    3  1 
  51285.1514   14.845  0.003    3  1 
  51285.1754   14.876  0.003    3  1 
  51285.2060   14.904  0.003    3  1 
  51285.2321   14.924  0.003    3  1 
  51285.2586   14.923  0.003    3  1 
  51285.2928   14.885  0.003    3  1 
  51285.3257   14.785  0.003    3  1 
  51286.0393   14.366  0.002    3  1 
  51286.0670   14.392  0.002    3  1 
  51286.0977   14.529  0.002    3  1 
  51286.1302   14.585  0.002    3  1 
  51286.1560   14.605  0.002    3  1 
  51286.1833   14.763  0.003    3  1 
  51286.2193   14.836  0.003    3  1 
  51286.2434   14.891  0.003    3  1 
  51286.2655   14.919  0.003    3  1 
  51286.2958   14.937  0.003    3  1 
  51286.3291   14.929  0.003    3  1 
  51286.3521   14.919  0.003    3  1 
  51304.9838   14.928  0.003    3  1 
  51305.0251   14.936  0.004    3  1 
  51305.0718   14.862  0.003    3  1 
  51305.0961   14.776  0.003    3  1 
  51305.1465   14.619  0.003    3  1 
  51305.1755   14.621  0.003    3  1 
  51305.2054   14.559  0.003    3  1 
  51305.2345   14.504  0.003    3  1 
  51305.2666   14.436  0.003    3  1 
  51305.2880   14.418  0.003    3  1 
  51305.9773   14.810  0.003    3  1 
  51306.0428   14.916  0.003    3  1 
  51306.0809   14.923  0.003    3  1 
  51306.1330   14.868  0.003    3  1 
  51306.2771   14.565  0.002    3  1 
  51306.2972   14.530  0.003    3  1 
  51308.0025   14.480  0.002    3  1 
  51308.0600   14.619  0.002    3  1 
  51308.1244   14.812  0.003    3  1 
  51310.1132   14.348  0.001    3  1 
  51311.9792   14.920  0.004    3  1 
  51311.9983   14.944  0.004    3  1 
  51312.0087   14.920  0.003    3  1 
  51312.0350   14.862  0.003    3  1 
  51312.0550   14.781  0.003    3  1 
  51312.0672   14.730  0.003    3  1 
  51312.0870   14.654  0.003    3  1 
  51312.0988   14.624  0.003    3  1 
  51312.9828   14.921  0.003    3  1 
  51313.0063   14.943  0.003    3  1 
  51313.0300   14.951  0.003    3  1 
  51313.0562   14.933  0.003    3  1 
  51313.0838   14.939  0.003    3  1 
  51313.1113   14.817  0.003    3  1 
  51313.9807   14.775  0.003    3  1 
  51314.0143   14.852  0.003    3  1 
  51314.0397   14.893  0.003    3  1 
  51314.1124   14.932  0.003    3  1 
  51314.9752   14.520  0.003    3  1 
  51315.0102   14.624  0.003    3  1 
  51315.0336   14.717  0.003    3  1 
  51315.0747   14.819  0.003    3  1 
  51315.0982   14.860  0.003    3  1 
  51315.1216   14.901  0.003    3  1 
  51316.0399   14.489  0.002    3  1 
  51316.0634   14.576  0.002    3  1 
  51316.0869   14.656  0.003    3  1 
  51316.1115   14.737  0.003    3  1 
  51316.9740   14.528  0.003    3  1 
  51317.0052   14.452  0.003    3  1 
  51317.0282   14.420  0.003    3  1 
  51317.0566   14.386  0.002    3  1 
  51317.0822   14.412  0.003    3  1 
  51317.1075   14.483  0.003    3  1 
  51317.9847   14.631  0.003    3  1 
  51318.0099   14.590  0.003    3  1 
  51318.0374   14.537  0.003    3  1 
  51318.1226   14.415  0.003    3  1 
  51318.9772   14.859  0.003    3  1 
  51319.0019   14.756  0.003    3  1 
  51319.0274   14.659  0.003    3  1 
  51319.0757   14.601  0.003    3  1 
  51319.0997   14.552  0.002    3  1 
  51320.1208   14.650  0.002    3  1 
  51320.1417   14.630  0.003    3  1 
  51320.9728   14.853  0.003    3  1 
  51320.9965   14.861  0.002    3  1 
  51321.0400   14.921  0.003    3  1 
  51321.0624   14.927  0.003    3  1 
  51321.0930   14.892  0.003    3  1 
  51321.1217   14.826  0.003    3  1 
  51380.9937   14.893  0.003    3  1 
  51381.9793   14.930  0.003    3  1 
  51382.9755   14.793  0.003    3  1 
  51384.9721   14.467  0.002    3  1 
  51385.9679   14.441  0.002    3  1 
  51388.9755   14.941  0.004    3  1 
  51389.9750   14.904  0.003    3  1 
  51391.9697   14.569  0.002    3  1 
  51693.9923   14.530  0.002    3  1 
 56468.97641   13.037  0.015   -1  1 
 56469.04707   12.786  0.018   -1  1 
 56469.10896   12.889  0.018   -1  1 
 56469.17285   12.928  0.012   -1  1 
 56471.00364   13.069  0.015   -1  1 
 56471.06640   12.985  0.007   -1  1 
 56471.12490   13.122  0.014   -1  1 
 56471.18188   13.102  0.023   -1  1 
 56471.96759   13.243  0.023   -1  1 
 56472.03374   12.996  0.011   -1  1 
 56472.09484   12.983  0.008   -1  1 
 56472.15243   12.973  0.009   -1  1 
 56468.95296   12.985  0.019   -2  1 
 56469.02441   12.864  0.013   -2  1 
 56469.08813   12.952  0.011   -2  1 
 56469.15134   13.066  0.018   -2  1 
 56471.02588   12.980  0.011   -2  1 
 56471.08671   12.972  0.009   -2  1 
 56471.14302   13.009  0.010   -2  1 
 56471.94704   12.919  0.013   -2  1 
 56472.01085   12.912  0.022   -2  1 
 56472.07480   13.125  0.017   -2  1 
 56472.13240   12.927  0.017   -2  1 
 56472.19216   12.948  0.006   -2  1 
 56469.00041   13.167  0.012   -5  1 
 56469.06767   13.181  0.010   -5  1 
 56469.13003   13.132  0.011   -5  1 
 56469.19349   13.200  0.013   -5  1 
 56470.98130   13.486  0.060   -5  1 
 56471.04693   13.316  0.007   -5  1 
 56471.10523   13.242  0.008   -5  1 
 56471.16397   13.273  0.013   -5  1 
 56471.98857   13.263  0.008   -5  1 
 56472.05430   13.299  0.016   -5  1 
 56472.11383   13.303  0.007   -5  1 
 56472.17109   13.278  0.020   -5  1 
