  51216.2987   14.769  0.005    2  1 
  51216.3275   14.773  0.004    2  1 
  51216.3519   14.768  0.004    2  1 
  51216.3771   14.700  0.004    2  1 
  51217.2851   14.339  0.004    2  1 
  51217.3152   14.383  0.004    2  1 
  51217.3378   14.438  0.004    2  1 
  51217.3598   14.495  0.004    2  1 
  51217.3804   14.567  0.004    2  1 
  51218.3013   14.767  0.004    2  1 
  51218.3254   14.706  0.004    2  1 
  51218.3504   14.583  0.004    2  1 
  51218.3753   14.480  0.004    2  1 
  51219.2775   14.405  0.004    2  1 
  51219.3014   14.467  0.004    2  1 
  51219.3186   14.510  0.004    2  1 
  51219.3397   14.580  0.004    2  1 
  51219.3635   14.656  0.004    2  1 
  51219.3810   14.700  0.004    2  1 
  51220.2867   14.683  0.004    2  1 
  51220.3036   14.593  0.004    2  1 
  51220.3219   14.499  0.004    2  1 
  51220.3391   14.475  0.004    2  1 
  51220.3564   14.430  0.004    2  1 
  51220.3729   14.401  0.004    2  1 
  51220.3920   14.357  0.004    2  1 
  51221.2619   14.477  0.004    2  1 
  51221.2873   14.561  0.004    2  1 
  51221.3052   14.616  0.004    2  1 
  51221.3230   14.664  0.004    2  1 
  51221.3396   14.709  0.004    2  1 
  51221.3577   14.738  0.004    2  1 
  51221.3762   14.761  0.004    2  1 
  51283.2102   14.503  0.003    2  1 
  51283.2288   14.470  0.003    2  1 
  51283.2338   14.458  0.003    2  1 
  51283.2391   14.452  0.003    2  1 
  51283.2642   14.406  0.003    2  1 
  51283.2680   14.390  0.003    2  1 
  51283.2868   14.344  0.003    2  1 
  51283.2902   14.338  0.003    2  1 
  51283.3138   14.352  0.003    2  1 
  51283.3170   14.355  0.003    2  1 
  51283.3408   14.392  0.003    2  1 
  51283.3447   14.401  0.003    2  1 
  51283.3642   14.454  0.003    2  1 
  51283.3673   14.467  0.003    2  1 
  51284.1955   14.610  0.004    2  1 
  51284.1993   14.619  0.004    2  1 
  51284.2266   14.693  0.004    2  1 
  51284.2298   14.707  0.004    2  1 
  51284.2475   14.738  0.004    2  1 
  51284.2506   14.741  0.004    2  1 
  51284.2679   14.766  0.004    2  1 
  51284.2711   14.765  0.004    2  1 
  51284.3004   14.770  0.004    2  1 
  51284.3036   14.779  0.004    2  1 
  51284.3257   14.752  0.004    2  1 
  51284.3289   14.741  0.004    2  1 
  51285.0269   14.725  0.003    2  1 
  51285.0299   14.736  0.003    2  1 
  51285.0577   14.778  0.004    2  1 
  51285.0607   14.772  0.004    2  1 
  51285.0814   14.780  0.004    2  1 
  51285.0847   14.779  0.004    2  1 
  51285.1052   14.756  0.004    2  1 
  51285.1084   14.749  0.004    2  1 
  51285.1396   14.639  0.003    2  1 
  51285.1427   14.613  0.003    2  1 
  51285.1624   14.506  0.003    2  1 
  51285.1654   14.485  0.003    2  1 
  51285.1891   14.450  0.003    2  1 
  51285.1924   14.438  0.003    2  1 
  51285.2195   14.368  0.003    2  1 
  51285.2227   14.368  0.003    2  1 
  51285.2468   14.355  0.003    2  1 
  51285.2498   14.352  0.003    2  1 
  51285.2738   14.383  0.003    2  1 
  51285.2775   14.382  0.003    2  1 
  51285.3077   14.434  0.003    2  1 
  51285.3112   14.452  0.003    2  1 
  51285.3425   14.546  0.003    2  1 
  51285.3456   14.546  0.003    2  1 
  51286.0177   14.354  0.003    2  1 
  51286.0241   14.346  0.003    2  1 
  51286.0574   14.367  0.003    2  1 
  51286.0794   14.406  0.003    2  1 
  51286.0832   14.416  0.003    2  1 
  51286.1105   14.491  0.003    2  1 
  51286.1136   14.491  0.003    2  1 
  51286.1441   14.595  0.003    2  1 
  51286.1472   14.598  0.003    2  1 
  51286.1708   14.667  0.004    2  1 
  51286.1740   14.683  0.004    2  1 
  51286.1969   14.721  0.004    2  1 
  51286.2002   14.735  0.004    2  1 
  51286.2322   14.770  0.004    2  1 
  51286.2352   14.767  0.004    2  1 
  51286.2544   14.782  0.004    2  1 
  51286.2573   14.778  0.004    2  1 
  51286.2785   14.753  0.004    2  1 
  51286.2816   14.754  0.004    2  1 
  51286.3149   14.612  0.004    2  1 
  51286.3179   14.593  0.003    2  1 
  51286.3375   14.489  0.003    2  1 
  51286.3409   14.480  0.003    2  1 
  51286.3604   14.462  0.003    2  1 
  51286.3635   14.449  0.003    2  1 
  51286.3665   14.444  0.003    2  1 
  51304.9667   14.745  0.003    2  1 
  51304.9697   14.763  0.003    2  1 
  51304.9956   14.788  0.004    2  1 
  51304.9985   14.781  0.004    2  1 
  51305.0393   14.721  0.004    2  1 
  51305.0423   14.708  0.004    2  1 
  51305.0812   14.527  0.004    2  1 
  51305.0852   14.508  0.004    2  1 
  51305.1040   14.446  0.003    2  1 
  51305.1077   14.449  0.003    2  1 
  51305.1328   14.437  0.003    2  1 
  51305.1357   14.402  0.003    2  1 
  51305.1582   14.393  0.004    2  1 
  51305.1616   14.382  0.004    2  1 
  51305.1919   14.381  0.004    2  1 
  51305.1953   14.370  0.004    2  1 
  51305.2170   14.407  0.003    2  1 
  51305.2202   14.410  0.003    2  1 
  51305.2493   14.486  0.003    2  1 
  51305.2523   14.492  0.003    2  1 
  51305.2764   14.580  0.004    2  1 
  51305.2796   14.597  0.004    2  1 
  51305.3025   14.661  0.004    2  1 
  51305.3054   14.668  0.004    2  1 
  51305.9643   14.360  0.003    2  1 
  51305.9672   14.351  0.003    2  1 
  51305.9970   14.359  0.003    2  1 
  51305.9997   14.402  0.003    2  1 
  51306.0313   14.474  0.003    2  1 
  51306.0340   14.482  0.003    2  1 
  51306.0638   14.589  0.003    2  1 
  51306.0674   14.594  0.003    2  1 
  51306.0960   14.674  0.003    2  1 
  51306.0990   14.686  0.004    2  1 
  51306.1183   14.726  0.003    2  1 
  51306.1209   14.733  0.003    2  1 
  51306.1434   14.751  0.004    2  1 
  51306.1474   14.757  0.004    2  1 
  51306.1743   14.781  0.003    2  1 
  51306.1770   14.784  0.003    2  1 
  51306.1996   14.755  0.003    2  1 
  51306.2025   14.750  0.003    2  1 
  51306.2235   14.679  0.003    2  1 
  51306.2458   14.555  0.003    2  1 
  51306.2665   14.465  0.003    2  1 
  51306.2691   14.458  0.003    2  1 
  51306.2895   14.440  0.003    2  1 
  51306.3068   14.402  0.003    2  1 
  51306.3101   14.397  0.003    2  1 
  51306.9828   14.754  0.004    2  1 
  51306.9870   14.748  0.003    2  1 
  51307.0161   14.644  0.003    2  1 
  51307.0270   14.590  0.003    2  1 
  51307.0388   14.524  0.003    2  1 
  51307.0824   14.478  0.003    2  1 
  51307.9862   14.482  0.003    2  1 
  51307.9901   14.487  0.003    2  1 
  51308.0178   14.580  0.003    2  1 
  51308.0212   14.591  0.003    2  1 
  51308.0443   14.652  0.003    2  1 
  51308.1072   14.767  0.004    2  1 
  51308.1114   14.771  0.004    2  1 
  51310.1342   14.683  0.003    2  1 
  51310.1371   14.664  0.003    2  1 
  51310.1402   14.650  0.003    2  1 
  51314.9621   14.406  0.003    2  1 
  51314.9650   14.348  0.003    2  1 
  51314.9679   14.366  0.003    2  1 
  51314.9914   14.390  0.003    2  1 
  51314.9943   14.400  0.003    2  1 
  51314.9972   14.410  0.003    2  1 
  51315.0171   14.474  0.003    2  1 
  51315.0197   14.493  0.003    2  1 
  51315.0224   14.491  0.003    2  1 
  51315.0409   14.559  0.003    2  1 
  51315.0436   14.571  0.003    2  1 
  51315.0462   14.578  0.003    2  1 
  51315.0650   14.640  0.003    2  1 
  51315.0677   14.642  0.003    2  1 
  51315.0860   14.699  0.003    2  1 
  51315.0887   14.702  0.003    2  1 
  51315.0913   14.704  0.003    2  1 
  51315.1094   14.749  0.003    2  1 
  51315.1121   14.752  0.003    2  1 
  51315.1148   14.758  0.003    2  1 
  51316.0277   14.485  0.003    2  1 
  51316.0303   14.471  0.003    2  1 
  51316.0330   14.464  0.003    2  1 
  51316.0511   14.449  0.003    2  1 
  51316.0538   14.440  0.003    2  1 
  51316.0565   14.433  0.003    2  1 
  51316.0746   14.416  0.003    2  1 
  51316.0773   14.410  0.003    2  1 
  51316.0800   14.406  0.003    2  1 
  51316.0992   14.382  0.003    2  1 
  51316.1228   14.367  0.003    2  1 
  51316.1255   14.373  0.003    2  1 
  51316.1281   14.382  0.003    2  1 
  51316.9815   14.518  0.003    2  1 
  51316.9843   14.520  0.003    2  1 
  51316.9869   14.526  0.003    2  1 
  51316.9978   14.563  0.003    2  1 
  51317.0147   14.615  0.004    2  1 
  51317.0176   14.628  0.004    2  1 
  51317.0205   14.630  0.003    2  1 
  51317.0420   14.687  0.004    2  1 
  51317.0450   14.688  0.004    2  1 
  51317.0483   14.698  0.004    2  1 
  51317.0689   14.744  0.004    2  1 
  51317.0718   14.725  0.004    2  1 
  51317.0747   14.736  0.004    2  1 
  51317.0946   14.772  0.004    2  1 
  51317.0974   14.778  0.003    2  1 
  51317.1000   14.773  0.004    2  1 
  51317.1199   14.775  0.004    2  1 
  51317.1228   14.769  0.004    2  1 
  51317.1257   14.774  0.004    2  1 
  51317.9715   14.565  0.003    2  1 
  51317.9744   14.536  0.003    2  1 
  51317.9772   14.523  0.003    2  1 
  51317.9970   14.484  0.003    2  1 
  51317.9998   14.460  0.003    2  1 
  51318.0025   14.460  0.003    2  1 
  51318.0227   14.422  0.004    2  1 
  51318.0260   14.445  0.003    2  1 
  51318.0292   14.478  0.003    2  1 
  51318.0510   14.382  0.004    2  1 
  51318.0542   14.389  0.004    2  1 
  51318.0575   14.397  0.004    2  1 
  51318.0795   14.375  0.004    2  1 
  51318.0827   14.378  0.004    2  1 
  51318.0859   14.373  0.004    2  1 
  51318.1111   14.434  0.003    2  1 
  51318.9846   14.657  0.004    2  1 
  51318.9874   14.669  0.004    2  1 
  51318.9902   14.678  0.003    2  1 
  51319.0093   14.715  0.004    2  1 
  51319.0122   14.718  0.004    2  1 
  51319.0151   14.723  0.004    2  1 
  51319.0351   14.743  0.004    2  1 
  51319.0380   14.754  0.004    2  1 
  51319.0411   14.762  0.004    2  1 
  51319.0623   14.788  0.004    2  1 
  51319.0653   14.782  0.004    2  1 
  51319.0682   14.776  0.004    2  1 
  51319.0874   14.774  0.003    2  1 
  51319.0902   14.766  0.003    2  1 
  51319.0928   14.763  0.003    2  1 
  51319.1137   14.710  0.003    2  1 
  51319.1164   14.698  0.003    2  1 
  51319.1190   14.687  0.003    2  1 
  51320.1531   14.655  0.003    2  1 
  51320.1557   14.660  0.003    2  1 
  51320.1584   14.669  0.003    2  1 
  51320.9810   14.754  0.004    2  1 
  51320.9838   14.746  0.003    2  1 
  51321.0292   14.787  0.003    2  1 
  51321.0466   14.762  0.003    2  1 
  51321.0491   14.756  0.003    2  1 
  51321.0517   14.751  0.003    2  1 
  51321.0689   14.696  0.003    2  1 
  51321.0714   14.685  0.003    2  1 
  51321.0740   14.690  0.003    2  1 
  51321.0997   14.528  0.003    2  1 
  51321.1023   14.505  0.003    2  1 
  51321.1049   14.493  0.003    2  1 
  51321.1074   14.484  0.003    2  1 
  51321.1100   14.471  0.003    2  1 
  51321.1285   14.452  0.003    2  1 
  51321.1311   14.447  0.003    2  1 
  51332.9607   14.426  0.004    2  1 
  51332.9651   14.442  0.004    2  1 
  51332.9797   14.448  0.004    2  1 
  51332.9834   14.452  0.004    2  1 
  51333.0005   14.498  0.004    2  1 
  51333.0039   14.519  0.004    2  1 
  51333.0156   14.545  0.004    2  1 
  51333.0192   14.564  0.004    2  1 
  51333.0445   14.638  0.004    2  1 
  51333.0479   14.647  0.004    2  1 
  51333.0636   14.682  0.005    2  1 
  51333.0681   14.691  0.005    2  1 
  51333.0834   14.725  0.004    2  1 
  51333.0869   14.734  0.005    2  1 
  51333.0981   14.745  0.004    2  1 
  51333.1018   14.750  0.004    2  1 
  51333.1258   14.762  0.004    2  1 
  51333.1294   14.758  0.005    2  1 
  51333.1410   14.759  0.005    2  1 
  51333.1452   14.770  0.005    2  1 
  51333.1492   14.767  0.005    2  1 
  51333.1642   14.746  0.005    2  1 
  51333.1679   14.742  0.005    2  1 
  51334.9778   14.579  0.003    2  1 
  51334.9806   14.593  0.003    2  1 
  51335.0115   14.684  0.004    2  1 
  51335.0145   14.686  0.004    2  1 
  51335.0237   14.707  0.004    2  1 
  51335.0269   14.717  0.004    2  1 
  51335.0365   14.732  0.004    2  1 
  51335.0396   14.728  0.004    2  1 
  51335.0624   14.757  0.004    2  1 
  51335.0658   14.765  0.004    2  1 
  51335.0766   14.771  0.004    2  1 
  51335.0800   14.774  0.004    2  1 
  51335.1009   14.768  0.004    2  1 
  51335.1041   14.767  0.004    2  1 
  51335.9585   14.481  0.004    2  1 
  51335.9619   14.471  0.004    2  1 
  51335.9661   14.459  0.004    2  1 
  51335.9693   14.452  0.003    2  1 
  51335.9855   14.420  0.003    2  1 
  51335.9915   14.411  0.003    2  1 
  51335.9966   14.402  0.003    2  1 
  51336.0139   14.390  0.003    2  1 
  51336.0172   14.394  0.003    2  1 
  51336.0275   14.388  0.003    2  1 
  51336.0306   14.385  0.003    2  1 
  51336.0439   14.379  0.003    2  1 
  51336.0470   14.382  0.003    2  1 
  51336.0662   14.391  0.004    2  1 
  51336.0696   14.387  0.004    2  1 
  51336.0728   14.395  0.004    2  1 
  51336.0954   14.427  0.004    2  1 
  51336.0989   14.439  0.004    2  1 
  51336.1119   14.474  0.004    2  1 
  51336.1153   14.473  0.004    2  1 
  51336.1297   14.526  0.004    2  1 
  51336.1557   14.619  0.004    2  1 
  51336.1600   14.622  0.005    2  1 
  51336.1647   14.634  0.004    2  1 
  51336.9567   14.649  0.002    2  1 
  51337.0022   14.710  0.003    2  1 
  51337.9827   14.397  0.004    2  1 
  51337.9868   14.406  0.003    2  1 
  51337.9997   14.374  0.004    2  1 
  51338.0033   14.375  0.004    2  1 
  51338.0231   14.385  0.004    2  1 
  51338.0265   14.391  0.004    2  1 
  51338.0304   14.410  0.003    2  1 
  51338.9791   14.775  0.004    2  1 
  51338.9849   14.776  0.004    2  1 
  51339.0116   14.759  0.004    2  1 
  51339.0151   14.747  0.004    2  1 
  51339.0441   14.702  0.004    2  1 
  51339.0477   14.685  0.004    2  1 
  51339.0513   14.667  0.004    2  1 
  51339.0774   14.529  0.004    2  1 
  51339.0807   14.513  0.004    2  1 
  51339.1053   14.459  0.004    2  1 
  51339.1093   14.451  0.004    2  1 
  51339.1327   14.404  0.004    2  1 
  51339.1363   14.394  0.004    2  1 
  51339.9588   14.351  0.003    2  1 
  51339.9627   14.350  0.003    2  1 
  51339.9835   14.369  0.003    2  1 
  51339.9874   14.378  0.003    2  1 
  51340.0115   14.449  0.003    2  1 
  51340.0146   14.446  0.003    2  1 
  51340.0349   14.521  0.003    2  1 
  51340.0380   14.533  0.003    2  1 
  51340.0659   14.615  0.004    2  1 
  51340.0696   14.624  0.004    2  1 
  51340.0938   14.684  0.004    2  1 
  51340.0983   14.689  0.004    2  1 
  51340.1334   14.749  0.004    2  1 
  51340.1366   14.758  0.004    2  1 
  51344.9654   14.441  0.003    2  1 
  51344.9786   14.424  0.003    2  1 
  51344.9829   14.419  0.004    2  1 
  51345.0052   14.395  0.003    2  1 
  51345.0132   14.390  0.003    2  1 
  51345.0170   14.381  0.003    2  1 
  51345.0353   14.356  0.003    2  1 
  51345.0390   14.370  0.003    2  1 
  51345.0645   14.371  0.003    2  1 
  51345.0690   14.368  0.003    2  1 
  51345.9658   14.696  0.004    2  1 
  51345.9696   14.707  0.004    2  1 
  51345.9999   14.762  0.005    2  1 
  51346.0043   14.766  0.005    2  1 
  51346.0310   14.783  0.004    2  1 
  51346.0343   14.777  0.004    2  1 
  51346.0571   14.742  0.004    2  1 
  51346.0604   14.732  0.004    2  1 
  51347.0221   14.370  0.004    2  1 
  51347.0274   14.381  0.002    2  1 
  51347.0562   14.467  0.003    2  1 
  51347.0597   14.476  0.004    2  1 
  51347.0815   14.548  0.003    2  1 
  51347.0850   14.563  0.003    2  1 
  51347.9550   14.750  0.004    2  1 
  51347.9581   14.761  0.004    2  1 
  51347.9877   14.773  0.004    2  1 
  51347.9914   14.769  0.004    2  1 
  51347.9948   14.768  0.004    2  1 
  51348.0181   14.731  0.004    2  1 
  51348.0211   14.721  0.004    2  1 
  51348.0849   14.493  0.004    2  1 
  51348.0897   14.493  0.004    2  1 
  51348.1054   14.463  0.004    2  1 
  51348.1088   14.458  0.004    2  1 
  51348.1122   14.454  0.004    2  1 
  51348.9557   14.358  0.003    2  1 
  51348.9795   14.380  0.003    2  1 
  51348.9824   14.387  0.003    2  1 
  51348.9941   14.421  0.003    2  1 
  51349.0152   14.481  0.003    2  1 
  51349.0189   14.492  0.003    2  1 
  51349.9596   14.748  0.004    2  1 
  51349.9627   14.749  0.004    2  1 
  51349.9911   14.665  0.004    2  1 
  51349.9944   14.645  0.004    2  1 
  51350.0097   14.558  0.003    2  1 
  51350.0228   14.500  0.003    2  1 
  51364.9643   14.346  0.003    2  1 
  51364.9677   14.362  0.003    2  1 
  51380.9769   14.347  0.003    2  1 
  51380.9801   14.345  0.003    2  1 
  51380.9845   14.343  0.003    2  1 
  51381.0066   14.351  0.003    2  1 
  51381.0096   14.353  0.003    2  1 
  51381.0136   14.365  0.003    2  1 
  51381.9638   14.778  0.003    2  1 
  51381.9679   14.765  0.003    2  1 
  51381.9716   14.756  0.004    2  1 
  51381.9917   14.756  0.004    2  1 
  51381.9946   14.759  0.004    2  1 
  51382.9605   14.363  0.003    2  1 
  51382.9652   14.365  0.003    2  1 
  51382.9682   14.422  0.003    2  1 
  51382.9887   14.430  0.003    2  1 
  51382.9916   14.441  0.003    2  1 
  51383.9595   14.758  0.003    2  1 
  51383.9648   14.745  0.003    2  1 
  51383.9826   14.694  0.003    2  1 
  51383.9853   14.676  0.003    2  1 
  51384.9657   14.480  0.003    2  1 
  51385.9788   14.463  0.003    2  1 
  51385.9814   14.464  0.003    2  1 
  51386.9731   14.653  0.004    2  1 
  51386.9769   14.666  0.004    2  1 
  51386.9807   14.673  0.004    2  1 
  51387.0101   14.743  0.004    2  1 
  51387.0139   14.747  0.004    2  1 
  51387.0177   14.760  0.004    2  1 
  51388.9571   14.703  0.003    2  1 
  51388.9622   14.718  0.004    2  1 
  51388.9659   14.733  0.004    2  1 
  51388.9899   14.765  0.004    2  1 
  51388.9932   14.774  0.004    2  1 
  51389.9629   14.354  0.003    2  1 
  51389.9656   14.356  0.003    2  1 
  51389.9683   14.353  0.003    2  1 
  51390.9578   14.791  0.003    2  1 
  51390.9631   14.754  0.003    2  1 
  51646.1374   14.670  0.003    2  1 
  51646.1447   14.628  0.004    2  1 
  51646.1486   14.606  0.004    2  1 
  51646.1532   14.581  0.004    2  1 
  51646.1570   14.582  0.003    2  1 
  51646.1609   14.558  0.004    2  1 
  51646.1649   14.530  0.004    2  1 
  51646.1687   14.514  0.004    2  1 
  51646.1727   14.481  0.004    2  1 
  51646.1764   14.467  0.004    2  1 
  51646.1801   14.456  0.004    2  1 
  51646.1837   14.456  0.003    2  1 
  51646.1871   14.478  0.003    2  1 
  51646.1907   14.469  0.004    2  1 
  51646.1944   14.463  0.004    2  1 
  51646.1983   14.434  0.004    2  1 
  51646.2025   14.432  0.004    2  1 
  51646.2065   14.436  0.003    2  1 
  51646.2100   14.404  0.003    2  1 
  51646.2138   14.397  0.003    2  1 
  51646.2172   14.384  0.003    2  1 
  51646.2206   14.388  0.003    2  1 
  51646.2245   14.387  0.003    2  1 
  51646.2283   14.377  0.003    2  1 
  51646.2320   14.380  0.003    2  1 
  51646.2362   14.360  0.003    2  1 
  51646.2394   14.352  0.003    2  1 
  51646.2426   14.356  0.003    2  1 
  51646.2457   14.357  0.003    2  1 
  51646.2489   14.366  0.003    2  1 
  51646.2523   14.411  0.003    2  1 
  51646.2557   14.369  0.003    2  1 
  51646.2591   14.363  0.003    2  1 
  51646.2626   14.416  0.003    2  1 
  51646.2660   14.380  0.003    2  1 
  51646.2895   14.423  0.004    2  1 
  51646.3070   14.463  0.004    2  1 
  51646.3111   14.461  0.004    2  1 
  51646.3151   14.449  0.004    2  1 
  51646.3189   14.462  0.003    2  1 
  51646.3225   14.468  0.003    2  1 
  51646.3260   14.476  0.004    2  1 
  51646.3296   14.497  0.003    2  1 
  51646.3330   14.499  0.004    2  1 
  51646.3377   14.515  0.004    2  1 
  51646.3414   14.539  0.003    2  1 
  51646.3451   14.543  0.004    2  1 
  51646.3496   14.558  0.004    2  1 
  51646.3530   14.568  0.004    2  1 
  51646.3568   14.578  0.004    2  1 
  51646.3602   14.612  0.003    2  1 
  51646.3637   14.611  0.003    2  1 
  51646.3679   14.617  0.003    2  1 
  51646.3713   14.624  0.004    2  1 
  51646.3746   14.637  0.003    2  1 
  51671.0353   14.727  0.004    2  1 
  51671.0585   14.804  0.004    2  1 
  51671.0721   14.783  0.004    2  1 
  51671.0771   14.758  0.004    2  1 
  51671.1013   14.770  0.004    2  1 
  51671.1053   14.770  0.004    2  1 
  51671.1107   14.752  0.004    2  1 
  51671.1151   14.744  0.004    2  1 
  51671.1292   14.705  0.004    2  1 
  51671.9878   14.412  0.003    2  1 
  51671.9920   14.403  0.003    2  1 
  51672.0277   14.357  0.003    2  1 
  51672.0316   14.353  0.003    2  1 
  51672.0822   14.397  0.003    2  1 
  51674.0685   14.508  0.004    2  1 
  51674.0726   14.532  0.004    2  1 
  51674.1052   14.618  0.004    2  1 
  51674.1117   14.641  0.004    2  1 
  51674.1260   14.676  0.004    2  1 
  51674.1296   14.685  0.004    2  1 
  51674.1332   14.705  0.004    2  1 
  51674.1368   14.704  0.004    2  1 
  51674.1405   14.712  0.004    2  1 
  51674.1444   14.720  0.004    2  1 
  51674.9689   14.773  0.004    2  1 
  51674.9724   14.784  0.004    2  1 
  51674.9867   14.790  0.005    2  1 
  51674.9911   14.780  0.005    2  1 
  51675.0041   14.766  0.005    2  1 
  51675.0121   14.751  0.004    2  1 
  51675.0159   14.737  0.004    2  1 
  51675.0253   14.742  0.004    2  1 
  51675.0289   14.733  0.004    2  1 
  51675.0351   14.703  0.004    2  1 
  51675.0465   14.656  0.004    2  1 
  51675.0521   14.622  0.004    2  1 
  51675.0558   14.594  0.004    2  1 
  51675.0622   14.566  0.004    2  1 
  51675.0661   14.539  0.004    2  1 
  51675.0719   14.519  0.004    2  1 
  51675.0756   14.501  0.004    2  1 
  51675.0814   14.478  0.004    2  1 
  51675.0858   14.471  0.004    2  1 
  51675.0927   14.457  0.004    2  1 
  51675.0970   14.456  0.003    2  1 
  51675.9751   14.372  0.003    2  1 
  51675.9802   14.390  0.003    2  1 
  51675.9906   14.406  0.003    2  1 
  51675.9939   14.411  0.003    2  1 
  51675.9971   14.425  0.003    2  1 
  51676.0005   14.429  0.003    2  1 
  51676.0036   14.439  0.003    2  1 
  51676.0067   14.462  0.003    2  1 
  51676.0112   14.467  0.003    2  1 
  51676.0240   14.513  0.004    2  1 
  51676.0301   14.528  0.004    2  1 
  51676.9616   14.766  0.005    2  1 
  51676.9713   14.749  0.005    2  1 
  51676.9757   14.740  0.005    2  1 
  51676.9867   14.704  0.004    2  1 
  51676.9919   14.675  0.004    2  1 
  51676.9969   14.664  0.004    2  1 
  51677.0090   14.610  0.004    2  1 
  51677.0126   14.591  0.004    2  1 
  51677.0180   14.560  0.005    2  1 
  51677.0226   14.529  0.005    2  1 
  51677.0271   14.522  0.004    2  1 
  51677.0318   14.498  0.004    2  1 
  51677.0362   14.484  0.004    2  1 
  51677.0410   14.486  0.004    2  1 
  51677.0453   14.474  0.004    2  1 
  51677.0499   14.470  0.004    2  1 
  51677.0580   14.465  0.004    2  1 
  51677.0628   14.455  0.004    2  1 
  51677.0672   14.432  0.004    2  1 
  51677.0713   14.429  0.004    2  1 
  51677.0751   14.426  0.004    2  1 
  51677.0793   14.411  0.004    2  1 
  51677.0835   14.398  0.004    2  1 
  51677.0877   14.389  0.004    2  1 
  51677.0918   14.379  0.004    2  1 
  51677.0956   14.393  0.004    2  1 
  51677.1044   14.405  0.004    2  1 
  51677.1121   14.395  0.004    2  1 
  51677.1160   14.402  0.004    2  1 
  51677.1199   14.414  0.004    2  1 
  51677.1238   14.386  0.004    2  1 
  51677.1276   14.406  0.004    2  1 
  51677.1315   14.411  0.004    2  1 
  51677.1353   14.403  0.004    2  1 
  51677.1396   14.406  0.004    2  1 
  51677.1434   14.407  0.004    2  1 
  51677.1476   14.407  0.004    2  1 
  51677.1520   14.416  0.004    2  1 
  51677.1564   14.434  0.004    2  1 
  51677.1603   14.422  0.004    2  1 
  51677.1642   14.427  0.004    2  1 
  51677.1680   14.450  0.004    2  1 
  51677.1719   14.448  0.004    2  1 
  51677.1759   14.464  0.004    2  1 
  51677.1797   14.478  0.004    2  1 
  51677.1836   14.509  0.004    2  1 
  51677.1883   14.508  0.004    2  1 
  51677.1922   14.503  0.004    2  1 
  51677.1960   14.522  0.004    2  1 
  51677.1999   14.538  0.004    2  1 
  51677.2038   14.540  0.004    2  1 
  51677.2083   14.565  0.004    2  1 
  51677.2133   14.581  0.004    2  1 
  51677.2176   14.607  0.004    2  1 
  51677.2233   14.617  0.004    2  1 
  51677.2285   14.628  0.004    2  1 
  51677.2335   14.631  0.005    2  1 
  51677.2391   14.646  0.004    2  1 
  51677.2465   14.657  0.004    2  1 
  51677.2524   14.681  0.005    2  1 
  51677.2571   14.692  0.005    2  1 
  51677.2620   14.699  0.005    2  1 
  51677.2664   14.708  0.005    2  1 
  51677.2708   14.724  0.005    2  1 
  51691.0375   14.749  0.002    2  1 
  51691.0409   14.735  0.003    2  1 
  51691.0444   14.723  0.004    2  1 
  51691.0509   14.702  0.003    2  1 
  51691.0543   14.682  0.004    2  1 
  51691.0579   14.670  0.004    2  1 
  51691.0633   14.626  0.002    2  1 
  51691.0670   14.613  0.002    2  1 
  51691.0711   14.595  0.003    2  1 
  51691.0770   14.555  0.003    2  1 
  51691.0805   14.540  0.003    2  1 
  51691.0840   14.525  0.003    2  1 
  51691.0896   14.500  0.003    2  1 
  51691.0931   14.485  0.003    2  1 
  51691.0971   14.479  0.003    2  1 
  51691.1040   14.469  0.003    2  1 
  51691.1083   14.465  0.003    2  1 
  51691.1122   14.462  0.003    2  1 
  51691.1180   14.447  0.003    2  1 
  51691.1214   14.438  0.003    2  1 
  51691.1249   14.435  0.003    2  1 
  51691.1323   14.411  0.003    2  1 
  51691.1357   14.404  0.002    2  1 
  51691.1392   14.397  0.003    2  1 
  51691.1448   14.386  0.003    2  1 
  51691.1522   14.372  0.002    2  1 
  51691.1561   14.368  0.002    2  1 
  51693.0130   14.660  0.004    2  1 
  51693.0165   14.639  0.002    2  1 
  51693.0248   14.591  0.004    2  1 
  51693.0305   14.548  0.003    2  1 
  51693.0340   14.541  0.004    2  1 
  51693.0378   14.515  0.003    2  1 
  51694.0082   14.542  0.003    2  1 
  51694.0114   14.552  0.003    2  1 
  51694.0202   14.582  0.003    2  1 
  51694.0234   14.588  0.003    2  1 
  51694.0267   14.608  0.003    2  1 
  51694.0319   14.624  0.003    2  1 
  51694.0351   14.630  0.004    2  1 
  51694.0384   14.639  0.004    2  1 
  51694.0418   14.647  0.004    2  1 
  51694.0505   14.678  0.004    2  1 
  51694.0537   14.687  0.004    2  1 
  51694.0590   14.701  0.004    2  1 
  51694.0623   14.703  0.004    2  1 
  51694.0656   14.709  0.004    2  1 
  51694.0714   14.723  0.004    2  1 
  51694.0781   14.737  0.004    2  1 
  51694.0836   14.744  0.004    2  1 
  51694.0868   14.752  0.004    2  1 
  51694.0901   14.775  0.004    2  1 
  51694.0957   14.760  0.004    2  1 
  51694.0989   14.777  0.004    2  1 
  51694.1075   14.790  0.004    2  1 
  51694.1190   14.794  0.004    2  1 
  51694.1221   14.792  0.004    2  1 
  51694.1252   14.794  0.004    2  1 
  51694.1286   14.795  0.004    2  1 
  51695.0280   14.443  0.003    2  1 
  51695.0317   14.425  0.003    2  1 
  51697.9712   14.710  0.004    2  1 
  51697.9818   14.735  0.004    2  1 
  51765.9746   14.768  0.004    2  1 
  51765.9783   14.770  0.004    2  1 
  51765.9820   14.777  0.004    2  1 
  51766.0194   14.750  0.004    2  1 
  51766.0229   14.750  0.004    2  1 
  51216.3063   15.188  0.004    3  1 
  51216.3342   15.176  0.004    3  1 
  51216.3572   15.197  0.004    3  1 
  51216.3847   15.037  0.003    3  1 
  51217.2936   14.624  0.003    3  1 
  51217.3214   14.701  0.003    3  1 
  51217.3432   14.808  0.003    3  1 
  51217.3852   14.958  0.003    3  1 
  51218.2935   15.216  0.004    3  1 
  51218.3212   15.140  0.004    3  1 
  51218.3442   14.983  0.003    3  1 
  51218.3704   14.818  0.003    3  1 
  51219.2811   14.749  0.002    3  1 
  51219.2844   14.734  0.003    3  1 
  51219.3053   14.816  0.003    3  1 
  51219.3228   14.889  0.003    3  1 
  51219.3465   14.991  0.003    3  1 
  51219.3676   15.072  0.004    3  1 
  51219.3851   15.123  0.004    3  1 
  51220.2805   15.093  0.003    3  1 
  51220.2995   14.985  0.003    3  1 
  51220.3171   14.862  0.003    3  1 
  51220.3349   14.817  0.003    3  1 
  51220.3523   14.781  0.003    3  1 
  51220.3689   14.738  0.003    3  1 
  51220.3877   14.800  0.002    3  1 
  51221.2691   14.885  0.002    3  1 
  51221.2915   14.955  0.003    3  1 
  51221.3097   15.002  0.002    3  1 
  51221.3270   15.048  0.003    3  1 
  51221.3437   15.108  0.003    3  1 
  51221.3619   15.176  0.004    3  1 
  51221.3854   15.201  0.004    3  1 
  51283.2237   14.893  0.002    3  1 
  51283.2601   14.810  0.002    3  1 
  51283.2830   14.728  0.002    3  1 
  51283.3050   14.664  0.003    3  1 
  51283.3367   14.730  0.003    3  1 
  51283.3600   14.817  0.003    3  1 
  51284.2056   15.040  0.003    3  1 
  51284.2337   15.119  0.003    3  1 
  51284.2542   15.189  0.003    3  1 
  51284.2806   15.199  0.003    3  1 
  51284.3075   15.223  0.003    3  1 
  51284.3333   15.167  0.003    3  1 
  51285.0371   15.182  0.003    3  1 
  51285.0646   15.123  0.002    3  1 
  51285.0885   15.218  0.004    3  1 
  51285.1182   15.095  0.003    3  1 
  51285.1470   15.146  0.002    3  1 
  51285.1698   14.980  0.001    3  1 
  51285.1988   14.741  0.003    3  1 
  51285.2270   14.679  0.003    3  1 
  51285.2539   14.645  0.003    3  1 
  51285.2851   14.702  0.003    3  1 
  51285.3202   14.845  0.003    3  1 
  51285.3496   14.985  0.003    3  1 
  51286.0308   14.719  0.002    3  1 
  51286.0619   14.677  0.002    3  1 
  51286.0871   14.784  0.002    3  1 
  51286.0921   14.786  0.003    3  1 
  51286.1226   14.930  0.002    3  1 
  51286.1512   14.970  0.001    3  1 
  51286.1789   14.996  0.001    3  1 
  51286.2389   15.063  0.002    3  1 
  51286.2613   15.179  0.003    3  1 
  51286.2889   15.164  0.003    3  1 
  51286.3108   15.050  0.003    3  1 
  51286.3335   14.896  0.003    3  1 
  51286.3566   14.838  0.003    3  1 
  51304.9734   15.081  0.002    3  1 
  51305.0076   15.185  0.003    3  1 
  51305.0510   15.042  0.003    3  1 
  51305.0770   14.923  0.003    3  1 
  51305.1004   14.783  0.003    3  1 
  51305.1407   14.720  0.003    3  1 
  51305.1707   14.760  0.003    3  1 
  51305.1996   14.712  0.003    3  1 
  51305.2299   14.759  0.003    3  1 
  51305.2561   14.879  0.003    3  1 
  51305.2836   15.005  0.004    3  1 
  51305.3139   15.135  0.004    3  1 
  51305.9733   14.782  0.002    3  1 
  51306.0117   14.876  0.002    3  1 
  51306.0157   14.862  0.002    3  1 
  51306.0375   14.853  0.003    3  1 
  51306.0735   14.997  0.003    3  1 
  51306.1026   15.125  0.004    3  1 
  51306.1285   15.133  0.003    3  1 
  51306.1517   15.183  0.004    3  1 
  51306.1807   15.061  0.002    3  1 
  51306.2059   15.074  0.002    3  1 
  51306.2269   15.064  0.003    3  1 
  51306.2491   14.931  0.002    3  1 
  51306.2725   14.868  0.002    3  1 
  51306.2932   14.883  0.002    3  1 
  51307.9986   14.893  0.002    3  1 
  51308.0249   14.972  0.001    3  1 
  51308.0524   15.087  0.003    3  1 
  51308.0811   15.164  0.003    3  1 
  51308.0851   15.183  0.003    3  1 
  51308.1202   15.227  0.004    3  1 
  51310.1272   15.095  0.003    3  1 
  51310.1308   15.059  0.002    3  1 
  51314.9714   14.663  0.003    3  1 
  51315.0138   14.812  0.003    3  1 
  51315.0372   14.914  0.003    3  1 
  51315.0710   15.047  0.003    3  1 
  51315.0946   15.116  0.003    3  1 
  51315.1180   15.163  0.003    3  1 
  51316.0363   14.777  0.003    3  1 
  51316.0597   14.756  0.003    3  1 
  51316.0832   14.740  0.002    3  1 
  51316.1079   14.719  0.002    3  1 
  51316.9780   14.939  0.001    3  1 
  51317.0013   14.957  0.003    3  1 
  51317.0241   15.037  0.003    3  1 
  51317.0523   15.122  0.004    3  1 
  51317.0782   15.183  0.004    3  1 
  51317.1035   15.222  0.004    3  1 
  51317.9808   14.927  0.002    3  1 
  51318.0060   14.793  0.003    3  1 
  51318.0331   14.753  0.003    3  1 
  51318.0898   14.699  0.003    3  1 
  51318.1183   14.793  0.003    3  1 
  51318.9811   15.009  0.002    3  1 
  51319.0058   15.092  0.003    3  1 
  51319.0315   15.196  0.004    3  1 
  51319.0717   15.216  0.004    3  1 
  51319.0961   15.170  0.003    3  1 
  51320.0968   14.830  0.002    3  1 
  51320.1175   14.944  0.001    3  1 
  51320.9771   15.157  0.003    3  1 
  51321.0212   15.215  0.003    3  1 
  51321.0434   15.096  0.002    3  1 
  51321.0658   15.026  0.002    3  1 
  51321.0965   14.924  0.002    3  1 
  51321.1252   14.867  0.002    3  1 
  51333.0403   15.022  0.003    3  1 
  51333.1062   15.197  0.004    3  1 
  51334.9989   15.007  0.002    3  1 
  51335.0432   15.121  0.003    3  1 
  51335.0972   15.206  0.004    3  1 
  51335.1083   15.187  0.004    3  1 
  51336.0103   14.695  0.003    3  1 
  51336.0508   14.691  0.003    3  1 
  51336.0891   14.736  0.003    3  1 
  51338.0075   14.665  0.003    3  1 
  51338.9740   15.230  0.002    3  1 
  51339.0046   15.156  0.003    3  1 
  51339.0385   15.089  0.003    3  1 
  51339.0685   14.954  0.003    3  1 
  51339.1006   14.828  0.003    3  1 
  51339.1280   14.748  0.003    3  1 
  51339.9665   14.781  0.002    3  1 
  51339.9935   14.815  0.002    3  1 
  51340.0189   14.868  0.002    3  1 
  51340.0441   14.920  0.003    3  1 
  51340.0753   15.010  0.002    3  1 
  51340.1041   15.120  0.004    3  1 
  51345.0430   14.709  0.002    3  1 
  51345.0736   14.702  0.002    3  1 
  51345.9747   15.147  0.004    3  1 
  51346.0101   15.200  0.004    3  1 
  51346.0388   15.192  0.003    3  1 
  51346.0670   15.130  0.003    3  1 
  51347.0317   14.755  0.002    3  1 
  51347.0645   14.879  0.003    3  1 
  51347.0896   14.966  0.002    3  1 
  51347.9638   15.138  0.003    3  1 
  51348.0146   15.153  0.003    3  1 
  51348.9591   14.664  0.003    3  1 
  51349.0243   14.922  0.002    3  1 
  51349.9679   15.074  0.002    3  1 
  51364.9721   14.738  0.002    3  1 
  51380.9890   14.662  0.003    3  1 
  51381.9751   15.226  0.003    3  1 
  51382.9716   14.714  0.003    3  1 
  51383.9680   15.040  0.002    3  1 
  51385.9645   14.930  0.002    3  1 
  51386.9859   15.146  0.004    3  1 
  51388.9699   15.187  0.003    3  1 
  51389.9715   14.777  0.002    3  1 
  51390.9663   15.053  0.001    3  1 
  51672.0213   14.722  0.002    3  1 
  51674.0796   14.907  0.003    3  1 
  51674.9989   15.219  0.004    3  1 
  51675.0396   15.055  0.003    3  1 
  51693.0053   15.068  0.003    3  1 
  51694.0012   14.900  0.003    3  1 
  51695.0214   14.866  0.002    3  1 
  51765.9863   15.259  0.004    3  1 
  51766.0153   15.221  0.004    3  1 
 56468.97641   13.283  0.050   -1  1 
 56469.04707   13.201  0.049   -1  1 
 56469.10896   13.398  0.032   -1  1 
 56469.17285   13.355  0.012   -1  1 
 56471.00364   13.244  0.023   -1  1 
 56471.06640   13.423  0.035   -1  1 
 56471.12490   13.297  0.014   -1  1 
 56471.18188   13.258  0.009   -1  1 
 56471.96759   13.105  0.031   -1  1 
 56472.03374   13.262  0.013   -1  1 
 56472.09484   13.293  0.031   -1  1 
 56472.15243   13.303  0.014   -1  1 
 56468.95296   13.121  0.041   -2  1 
 56469.02441   13.255  0.027   -2  1 
 56469.08813   13.306  0.030   -2  1 
 56469.15134   13.234  0.013   -2  1 
 56471.02588   13.283  0.024   -2  1 
 56471.08671   13.386  0.024   -2  1 
 56471.14302   13.239  0.011   -2  1 
 56471.94704   13.203  0.015   -2  1 
 56472.01085   13.263  0.018   -2  1 
 56472.07480   13.273  0.017   -2  1 
 56472.13240   13.244  0.017   -2  1 
 56472.19216   13.264  0.009   -2  1 
 56469.00041   13.599  0.020   -5  1 
 56469.06767   13.610  0.019   -5  1 
 56469.13003   13.509  0.015   -5  1 
 56469.19349   13.451  0.009   -5  1 
 56470.98130   13.561  0.008   -5  1 
 56471.04693   13.569  0.013   -5  1 
 56471.10523   13.523  0.011   -5  1 
 56471.16397   13.429  0.008   -5  1 
 56471.98857   13.454  0.009   -5  1 
 56472.05430   13.479  0.017   -5  1 
 56472.11383   13.580  0.011   -5  1 
 56472.17109   13.606  0.009   -5  1 
