  51216.2987   14.904  0.005    2  1 
  51216.3275   14.991  0.005    2  1 
  51216.3519   15.007  0.005    2  1 
  51216.3771   15.020  0.005    2  1 
  51217.2851   14.861  0.005    2  1 
  51217.3152   14.932  0.005    2  1 
  51217.3378   14.976  0.004    2  1 
  51217.3598   15.003  0.005    2  1 
  51217.3804   15.009  0.005    2  1 
  51218.3013   14.876  0.004    2  1 
  51218.3254   14.938  0.004    2  1 
  51218.3504   14.977  0.004    2  1 
  51218.3753   15.005  0.004    2  1 
  51219.2775   14.799  0.004    2  1 
  51219.3014   14.857  0.004    2  1 
  51219.3186   14.906  0.004    2  1 
  51219.3397   14.948  0.004    2  1 
  51219.3635   14.991  0.004    2  1 
  51219.3810   15.004  0.005    2  1 
  51220.2867   14.796  0.004    2  1 
  51220.3036   14.850  0.004    2  1 
  51220.3219   14.901  0.004    2  1 
  51220.3564   14.977  0.005    2  1 
  51220.3729   15.012  0.005    2  1 
  51220.3920   15.015  0.005    2  1 
  51221.2619   14.705  0.004    2  1 
  51221.2873   14.778  0.004    2  1 
  51221.3052   14.828  0.004    2  1 
  51221.3230   14.882  0.004    2  1 
  51221.3396   14.923  0.004    2  1 
  51221.3577   14.973  0.005    2  1 
  51221.3762   14.996  0.005    2  1 
  51283.2102   14.851  0.004    2  1 
  51283.2288   14.900  0.004    2  1 
  51283.2338   14.913  0.004    2  1 
  51283.2391   14.926  0.004    2  1 
  51283.2642   14.975  0.004    2  1 
  51283.2680   14.980  0.004    2  1 
  51283.2868   14.990  0.004    2  1 
  51283.2902   14.988  0.004    2  1 
  51283.3138   14.988  0.004    2  1 
  51283.3170   14.982  0.004    2  1 
  51283.3408   14.971  0.004    2  1 
  51283.3447   14.972  0.004    2  1 
  51283.3642   14.994  0.004    2  1 
  51283.3673   14.991  0.004    2  1 
  51284.1955   14.795  0.004    2  1 
  51284.1993   14.805  0.004    2  1 
  51284.2266   14.880  0.004    2  1 
  51284.2298   14.891  0.004    2  1 
  51284.2475   14.934  0.004    2  1 
  51284.2506   14.946  0.004    2  1 
  51284.2679   14.971  0.004    2  1 
  51284.2711   14.985  0.004    2  1 
  51284.3004   15.009  0.004    2  1 
  51284.3036   15.009  0.004    2  1 
  51284.3257   14.993  0.005    2  1 
  51284.3289   14.993  0.005    2  1 
  51285.0269   14.068  0.002    2  1 
  51285.0299   14.065  0.002    2  1 
  51285.0577   14.123  0.003    2  1 
  51285.0607   14.226  0.003    2  1 
  51285.0814   14.358  0.003    2  1 
  51285.0847   14.364  0.003    2  1 
  51285.1052   14.463  0.003    2  1 
  51285.1084   14.470  0.003    2  1 
  51285.1396   14.596  0.004    2  1 
  51285.1427   14.612  0.003    2  1 
  51285.1624   14.684  0.003    2  1 
  51285.1654   14.688  0.004    2  1 
  51285.1891   14.764  0.004    2  1 
  51285.1924   14.763  0.004    2  1 
  51285.2195   14.843  0.004    2  1 
  51285.2227   14.855  0.004    2  1 
  51285.2468   14.915  0.004    2  1 
  51285.2498   14.927  0.004    2  1 
  51285.2738   14.988  0.005    2  1 
  51285.2775   14.984  0.004    2  1 
  51285.3077   14.998  0.004    2  1 
  51285.3112   14.998  0.004    2  1 
  51285.3425   14.977  0.004    2  1 
  51285.3456   14.977  0.004    2  1 
  51286.0177   13.966  0.002    2  1 
  51286.0241   13.983  0.002    2  1 
  51286.0542   14.161  0.003    2  1 
  51286.0574   14.176  0.003    2  1 
  51286.0794   14.295  0.003    2  1 
  51286.0832   14.329  0.003    2  1 
  51286.1105   14.462  0.003    2  1 
  51286.1136   14.474  0.003    2  1 
  51286.1441   14.598  0.003    2  1 
  51286.1472   14.617  0.003    2  1 
  51286.1708   14.683  0.003    2  1 
  51286.1740   14.686  0.003    2  1 
  51286.1969   14.752  0.004    2  1 
  51286.2002   14.767  0.004    2  1 
  51286.2322   14.860  0.004    2  1 
  51286.2352   14.860  0.004    2  1 
  51286.2544   14.907  0.004    2  1 
  51286.2573   14.919  0.004    2  1 
  51286.2785   14.969  0.004    2  1 
  51286.2816   14.967  0.004    2  1 
  51286.3149   14.997  0.004    2  1 
  51286.3179   14.992  0.004    2  1 
  51286.3375   14.988  0.004    2  1 
  51286.3409   14.989  0.004    2  1 
  51286.3604   14.985  0.005    2  1 
  51286.3635   14.977  0.004    2  1 
  51286.3665   14.978  0.004    2  1 
  51304.9667   14.981  0.003    2  1 
  51304.9697   14.982  0.003    2  1 
  51304.9956   14.978  0.004    2  1 
  51304.9985   14.986  0.004    2  1 
  51305.0393   14.976  0.004    2  1 
  51305.0423   14.981  0.004    2  1 
  51305.0812   15.008  0.004    2  1 
  51305.0852   14.995  0.005    2  1 
  51305.1040   14.604  0.003    2  1 
  51305.1077   14.477  0.003    2  1 
  51305.1328   13.808  0.003    2  1 
  51305.1357   13.871  0.003    2  1 
  51305.1582   13.998  0.003    2  1 
  51305.1616   13.986  0.003    2  1 
  51305.1919   14.185  0.004    2  1 
  51305.1953   14.246  0.003    2  1 
  51305.2170   14.359  0.003    2  1 
  51305.2202   14.370  0.003    2  1 
  51305.2493   14.521  0.003    2  1 
  51305.2523   14.542  0.003    2  1 
  51305.2764   14.615  0.004    2  1 
  51305.2796   14.615  0.004    2  1 
  51305.3025   14.714  0.004    2  1 
  51305.3054   14.720  0.004    2  1 
  51305.9643   14.989  0.004    2  1 
  51305.9672   14.983  0.003    2  1 
  51305.9940   14.868  0.002    2  1 
  51305.9970   14.995  0.003    2  1 
  51305.9997   14.987  0.003    2  1 
  51306.0313   14.959  0.003    2  1 
  51306.0340   14.962  0.003    2  1 
  51306.0638   15.036  0.004    2  1 
  51306.0674   15.045  0.004    2  1 
  51306.0960   14.850  0.004    2  1 
  51306.0990   14.827  0.004    2  1 
  51306.1183   14.326  0.002    2  1 
  51306.1209   14.250  0.002    2  1 
  51306.1434   13.864  0.003    2  1 
  51306.1474   13.907  0.003    2  1 
  51306.1743   14.070  0.002    2  1 
  51306.1770   14.111  0.002    2  1 
  51306.1996   14.248  0.003    2  1 
  51306.2025   14.272  0.002    2  1 
  51306.2207   14.343  0.003    2  1 
  51306.2235   14.407  0.002    2  1 
  51306.2407   14.441  0.003    2  1 
  51306.2432   14.497  0.003    2  1 
  51306.2458   14.500  0.003    2  1 
  51306.2665   14.582  0.003    2  1 
  51306.2691   14.598  0.003    2  1 
  51306.2862   14.602  0.003    2  1 
  51306.2895   14.662  0.003    2  1 
  51306.3068   14.704  0.003    2  1 
  51306.3101   14.717  0.003    2  1 
  51306.9828   15.004  0.005    2  1 
  51306.9870   15.006  0.004    2  1 
  51307.0161   15.042  0.004    2  1 
  51307.0270   15.022  0.005    2  1 
  51307.0388   15.005  0.005    2  1 
  51307.0824   15.114  0.007    2  1 
  51307.9862   14.990  0.003    2  1 
  51307.9901   14.983  0.003    2  1 
  51308.0178   14.974  0.003    2  1 
  51308.0212   14.977  0.003    2  1 
  51308.0443   14.970  0.003    2  1 
  51308.0713   15.029  0.003    2  1 
  51308.0779   15.046  0.003    2  1 
  51308.1072   14.975  0.004    2  1 
  51308.1114   14.923  0.004    2  1 
  51310.1342   14.686  0.003    2  1 
  51310.1371   14.576  0.003    2  1 
  51310.1402   14.467  0.003    2  1 
  51314.9621   14.995  0.005    2  1 
  51314.9650   14.983  0.004    2  1 
  51314.9679   14.989  0.004    2  1 
  51314.9914   15.002  0.004    2  1 
  51314.9943   15.003  0.004    2  1 
  51314.9972   15.001  0.004    2  1 
  51315.0171   15.000  0.003    2  1 
  51315.0197   15.000  0.003    2  1 
  51315.0224   14.991  0.003    2  1 
  51315.0409   14.992  0.003    2  1 
  51315.0436   14.985  0.003    2  1 
  51315.0462   14.992  0.004    2  1 
  51315.0650   15.007  0.004    2  1 
  51315.0677   15.009  0.003    2  1 
  51315.0860   14.977  0.003    2  1 
  51315.0887   14.978  0.004    2  1 
  51315.0913   14.984  0.004    2  1 
  51315.1094   15.008  0.004    2  1 
  51315.1121   15.012  0.004    2  1 
  51315.1148   15.018  0.004    2  1 
  51316.0277   14.934  0.003    2  1 
  51316.0303   14.986  0.003    2  1 
  51316.0330   14.984  0.003    2  1 
  51316.0511   14.987  0.004    2  1 
  51316.0538   14.986  0.004    2  1 
  51316.0565   14.979  0.003    2  1 
  51316.0746   15.016  0.004    2  1 
  51316.0773   15.019  0.004    2  1 
  51316.0800   15.001  0.004    2  1 
  51316.0992   14.980  0.004    2  1 
  51316.1020   14.970  0.003    2  1 
  51316.1046   14.983  0.003    2  1 
  51316.1228   15.019  0.004    2  1 
  51316.1255   15.038  0.004    2  1 
  51316.1281   15.055  0.004    2  1 
  51316.9815   14.979  0.004    2  1 
  51316.9843   14.998  0.004    2  1 
  51316.9869   14.988  0.003    2  1 
  51316.9978   15.013  0.004    2  1 
  51317.0147   15.015  0.004    2  1 
  51317.0176   15.016  0.004    2  1 
  51317.0205   15.018  0.005    2  1 
  51317.0420   15.013  0.005    2  1 
  51317.0450   15.006  0.006    2  1 
  51317.0483   15.002  0.005    2  1 
  51317.0689   14.994  0.004    2  1 
  51317.0718   15.019  0.005    2  1 
  51317.0747   15.013  0.005    2  1 
  51317.0946   14.982  0.004    2  1 
  51317.0974   14.984  0.004    2  1 
  51317.1000   14.996  0.004    2  1 
  51317.1199   15.004  0.004    2  1 
  51317.1228   15.022  0.005    2  1 
  51317.1257   15.026  0.004    2  1 
  51317.9715   14.978  0.005    2  1 
  51317.9744   14.968  0.004    2  1 
  51317.9772   14.972  0.004    2  1 
  51317.9970   14.983  0.003    2  1 
  51317.9998   14.986  0.003    2  1 
  51318.0025   15.012  0.004    2  1 
  51318.0227   15.026  0.005    2  1 
  51318.0260   15.037  0.006    2  1 
  51318.0292   15.079  0.008    2  1 
  51318.0510   15.005  0.005    2  1 
  51318.0542   15.009  0.005    2  1 
  51318.0575   15.016  0.006    2  1 
  51318.0795   15.005  0.005    2  1 
  51318.0827   15.015  0.005    2  1 
  51318.0859   15.015  0.005    2  1 
  51318.1079   15.023  0.007    2  1 
  51318.1111   14.999  0.006    2  1 
  51318.1144   15.047  0.009    2  1 
  51318.9846   14.961  0.004    2  1 
  51318.9874   14.980  0.004    2  1 
  51318.9902   14.981  0.004    2  1 
  51319.0093   14.995  0.004    2  1 
  51319.0122   15.015  0.004    2  1 
  51319.0151   15.033  0.005    2  1 
  51319.0351   15.016  0.005    2  1 
  51319.0380   15.009  0.005    2  1 
  51319.0411   15.004  0.005    2  1 
  51319.0623   14.990  0.004    2  1 
  51319.0928   14.989  0.003    2  1 
  51319.1137   14.976  0.004    2  1 
  51319.1164   14.977  0.004    2  1 
  51319.1190   14.969  0.004    2  1 
  51320.0869   14.918  0.003    2  1 
  51320.0909   14.970  0.003    2  1 
  51320.1531   15.031  0.004    2  1 
  51320.1557   15.042  0.004    2  1 
  51320.1584   15.047  0.003    2  1 
  51320.9810   14.931  0.004    2  1 
  51320.9838   14.949  0.003    2  1 
  51321.0292   14.985  0.003    2  1 
  51321.0466   15.002  0.003    2  1 
  51321.0491   15.011  0.003    2  1 
  51321.0517   15.028  0.003    2  1 
  51321.0689   14.983  0.003    2  1 
  51321.0714   14.983  0.003    2  1 
  51321.0740   14.987  0.003    2  1 
  51321.0997   15.000  0.004    2  1 
  51321.1023   15.009  0.004    2  1 
  51321.1049   15.006  0.003    2  1 
  51321.1074   15.010  0.004    2  1 
  51321.1100   15.005  0.004    2  1 
  51321.1285   14.978  0.004    2  1 
  51321.1311   14.977  0.004    2  1 
  51332.9607   14.629  0.006    2  1 
  51332.9651   14.645  0.006    2  1 
  51332.9797   14.710  0.005    2  1 
  51332.9834   14.722  0.005    2  1 
  51333.0005   14.769  0.005    2  1 
  51333.0039   14.782  0.005    2  1 
  51333.0156   14.820  0.004    2  1 
  51333.0192   14.828  0.005    2  1 
  51333.0445   14.905  0.005    2  1 
  51333.0479   14.906  0.005    2  1 
  51333.0636   14.950  0.006    2  1 
  51333.0681   14.963  0.006    2  1 
  51333.0834   14.982  0.005    2  1 
  51333.0869   14.990  0.005    2  1 
  51333.0981   15.007  0.005    2  1 
  51333.1018   15.003  0.005    2  1 
  51333.1258   15.007  0.005    2  1 
  51333.1294   15.018  0.006    2  1 
  51333.1410   15.003  0.006    2  1 
  51333.1452   14.990  0.006    2  1 
  51333.1492   14.986  0.006    2  1 
  51333.1642   14.988  0.005    2  1 
  51333.1679   14.983  0.005    2  1 
  51334.9778   14.690  0.003    2  1 
  51334.9806   14.693  0.003    2  1 
  51335.0115   14.784  0.003    2  1 
  51335.0145   14.788  0.003    2  1 
  51335.0237   14.812  0.004    2  1 
  51335.0269   14.821  0.004    2  1 
  51335.0365   14.845  0.004    2  1 
  51335.0396   14.854  0.004    2  1 
  51335.0624   14.923  0.005    2  1 
  51335.0658   14.927  0.005    2  1 
  51335.0766   14.949  0.005    2  1 
  51335.0800   14.952  0.005    2  1 
  51335.1009   14.995  0.004    2  1 
  51335.1041   15.004  0.005    2  1 
  51335.9585   14.573  0.004    2  1 
  51335.9619   14.588  0.004    2  1 
  51335.9661   14.602  0.004    2  1 
  51335.9693   14.617  0.004    2  1 
  51335.9855   14.670  0.004    2  1 
  51335.9915   14.698  0.003    2  1 
  51335.9966   14.710  0.003    2  1 
  51336.0139   14.758  0.004    2  1 
  51336.0172   14.766  0.004    2  1 
  51336.0275   14.792  0.004    2  1 
  51336.0306   14.808  0.004    2  1 
  51336.0439   14.850  0.004    2  1 
  51336.0470   14.859  0.004    2  1 
  51336.0662   14.911  0.005    2  1 
  51336.0696   14.913  0.004    2  1 
  51336.0728   14.921  0.004    2  1 
  51336.0954   14.963  0.005    2  1 
  51336.0989   14.977  0.005    2  1 
  51336.1119   15.002  0.005    2  1 
  51336.1153   14.995  0.004    2  1 
  51336.1297   15.016  0.006    2  1 
  51336.1557   15.070  0.012    2  1 
  51336.1600   15.009  0.008    2  1 
  51336.1647   15.024  0.009    2  1 
  51336.9567   14.523  0.002    2  1 
  51337.0022   14.680  0.005    2  1 
  51337.9827   14.596  0.005    2  1 
  51337.9868   14.606  0.005    2  1 
  51337.9997   14.664  0.005    2  1 
  51338.0033   14.679  0.004    2  1 
  51338.0231   14.744  0.005    2  1 
  51338.0265   14.746  0.005    2  1 
  51338.0304   14.763  0.005    2  1 
  51338.9791   14.580  0.003    2  1 
  51338.9849   14.610  0.003    2  1 
  51339.0116   14.673  0.004    2  1 
  51339.0151   14.689  0.005    2  1 
  51339.0441   14.792  0.004    2  1 
  51339.0477   14.801  0.004    2  1 
  51339.0513   14.808  0.004    2  1 
  51339.0774   14.891  0.005    2  1 
  51339.0807   14.897  0.005    2  1 
  51339.1053   14.951  0.005    2  1 
  51339.1093   14.971  0.005    2  1 
  51339.1327   15.002  0.005    2  1 
  51339.1363   15.001  0.005    2  1 
  51339.9588   14.485  0.003    2  1 
  51339.9627   14.506  0.003    2  1 
  51339.9835   14.582  0.003    2  1 
  51339.9874   14.587  0.003    2  1 
  51340.0115   14.675  0.004    2  1 
  51340.0146   14.688  0.003    2  1 
  51340.0349   14.744  0.004    2  1 
  51340.0380   14.749  0.004    2  1 
  51340.0659   14.842  0.004    2  1 
  51340.0696   14.849  0.004    2  1 
  51340.0938   14.921  0.005    2  1 
  51340.0983   14.933  0.005    2  1 
  51340.1334   15.004  0.005    2  1 
  51340.1366   15.000  0.005    2  1 
  51344.9654   14.340  0.003    2  1 
  51344.9786   14.435  0.003    2  1 
  51344.9829   14.433  0.003    2  1 
  51345.0052   14.520  0.003    2  1 
  51345.0092   14.506  0.004    2  1 
  51345.0132   14.562  0.003    2  1 
  51345.0170   14.573  0.004    2  1 
  51345.0353   14.647  0.003    2  1 
  51345.0390   14.659  0.003    2  1 
  51345.0645   14.735  0.004    2  1 
  51345.0690   14.759  0.004    2  1 
  51345.9658   14.229  0.004    2  1 
  51345.9696   14.264  0.004    2  1 
  51345.9999   14.468  0.004    2  1 
  51346.0043   14.493  0.004    2  1 
  51346.0310   14.615  0.004    2  1 
  51346.0343   14.618  0.004    2  1 
  51346.0571   14.696  0.004    2  1 
  51346.0604   14.703  0.004    2  1 
  51347.0221   14.566  0.004    2  1 
  51347.0274   14.574  0.002    2  1 
  51347.0562   14.666  0.004    2  1 
  51347.0597   14.692  0.004    2  1 
  51347.0815   14.749  0.003    2  1 
  51347.0850   14.771  0.003    2  1 
  51347.9550   14.175  0.003    2  1 
  51347.9581   14.185  0.003    2  1 
  51347.9877   14.372  0.003    2  1 
  51347.9914   14.390  0.003    2  1 
  51347.9948   14.406  0.003    2  1 
  51348.0181   14.506  0.003    2  1 
  51348.0211   14.508  0.004    2  1 
  51348.0849   14.728  0.006    2  1 
  51348.0897   14.750  0.005    2  1 
  51348.1054   14.793  0.005    2  1 
  51348.1088   14.807  0.005    2  1 
  51348.1122   14.821  0.005    2  1 
  51348.9528   14.136  0.003    2  1 
  51348.9557   14.101  0.003    2  1 
  51348.9795   14.290  0.003    2  1 
  51348.9824   14.301  0.003    2  1 
  51348.9941   14.357  0.003    2  1 
  51349.0152   14.464  0.003    2  1 
  51349.0189   14.484  0.003    2  1 
  51349.9596   14.138  0.003    2  1 
  51349.9627   14.163  0.003    2  1 
  51349.9911   14.312  0.003    2  1 
  51349.9944   14.331  0.003    2  1 
  51350.0097   14.406  0.003    2  1 
  51350.0128   14.425  0.003    2  1 
  51350.0228   14.467  0.003    2  1 
  51364.9643   15.019  0.004    2  1 
  51364.9677   14.992  0.004    2  1 
  51380.9714   14.963  0.003    2  1 
  51380.9769   14.980  0.003    2  1 
  51380.9801   14.977  0.003    2  1 
  51380.9845   14.991  0.004    2  1 
  51381.0066   14.958  0.003    2  1 
  51381.0096   14.958  0.003    2  1 
  51381.0136   14.955  0.003    2  1 
  51381.9638   14.970  0.004    2  1 
  51381.9679   14.987  0.004    2  1 
  51381.9716   14.985  0.005    2  1 
  51381.9917   15.008  0.005    2  1 
  51381.9946   15.023  0.005    2  1 
  51382.9605   14.982  0.004    2  1 
  51382.9652   14.982  0.004    2  1 
  51382.9682   15.004  0.006    2  1 
  51382.9887   14.986  0.004    2  1 
  51382.9916   14.982  0.004    2  1 
  51383.9595   14.976  0.003    2  1 
  51383.9648   14.974  0.004    2  1 
  51383.9826   14.978  0.004    2  1 
  51383.9853   14.981  0.004    2  1 
  51384.9827   14.905  0.003    2  1 
  51384.9853   15.027  0.003    2  1 
  51385.9557   15.004  0.004    2  1 
  51385.9589   14.900  0.003    2  1 
  51385.9615   14.992  0.003    2  1 
  51385.9788   14.972  0.003    2  1 
  51385.9814   14.985  0.003    2  1 
  51386.9731   15.005  0.005    2  1 
  51386.9769   14.988  0.005    2  1 
  51386.9807   14.988  0.004    2  1 
  51387.0101   14.977  0.004    2  1 
  51387.0139   14.977  0.005    2  1 
  51387.0177   14.983  0.005    2  1 
  51388.9571   15.039  0.007    2  1 
  51388.9622   15.037  0.006    2  1 
  51388.9659   15.042  0.006    2  1 
  51388.9899   15.000  0.005    2  1 
  51388.9932   15.003  0.005    2  1 
  51389.9629   14.995  0.003    2  1 
  51389.9656   14.990  0.003    2  1 
  51389.9683   14.996  0.003    2  1 
  51390.9578   14.972  0.003    2  1 
  51390.9604   14.983  0.003    2  1 
  51390.9631   15.006  0.005    2  1 
  51391.9583   14.885  0.003    2  1 
  51391.9609   14.970  0.003    2  1 
  51646.1374   15.001  0.005    2  1 
  51646.1447   15.015  0.007    2  1 
  51646.1486   14.993  0.005    2  1 
  51646.1532   14.996  0.005    2  1 
  51646.1570   15.029  0.008    2  1 
  51646.1609   15.011  0.007    2  1 
  51646.1649   15.019  0.007    2  1 
  51646.1687   15.019  0.006    2  1 
  51646.1727   14.999  0.005    2  1 
  51646.1764   15.005  0.005    2  1 
  51646.1801   15.012  0.005    2  1 
  51646.1837   15.013  0.005    2  1 
  51646.1871   15.024  0.006    2  1 
  51646.1907   15.017  0.006    2  1 
  51646.1944   15.001  0.006    2  1 
  51646.1983   14.983  0.005    2  1 
  51646.2025   14.978  0.005    2  1 
  51646.2065   14.984  0.005    2  1 
  51646.2100   14.981  0.005    2  1 
  51646.2138   14.985  0.004    2  1 
  51646.2172   14.992  0.004    2  1 
  51646.2206   15.009  0.004    2  1 
  51646.2245   15.017  0.005    2  1 
  51646.2283   15.026  0.004    2  1 
  51646.2320   15.037  0.004    2  1 
  51646.2362   15.040  0.004    2  1 
  51646.2394   15.034  0.003    2  1 
  51646.2426   15.043  0.004    2  1 
  51646.2457   15.053  0.004    2  1 
  51646.2489   15.047  0.004    2  1 
  51646.2523   15.074  0.005    2  1 
  51646.2557   15.032  0.004    2  1 
  51646.2591   15.016  0.004    2  1 
  51646.2626   15.015  0.006    2  1 
  51646.2660   14.952  0.004    2  1 
  51646.2694   14.913  0.006    2  1 
  51646.2730   14.814  0.007    2  1 
  51646.2769   14.627  0.008    2  1 
  51646.2811   14.363  0.009    2  1 
  51646.2852   14.306  0.005    2  1 
  51646.2895   14.213  0.004    2  1 
  51646.2939   13.945  0.004    2  1 
  51646.2986   13.812  0.004    2  1 
  51646.3027   13.719  0.005    2  1 
  51646.3070   13.816  0.004    2  1 
  51646.3111   13.820  0.003    2  1 
  51646.3151   13.874  0.003    2  1 
  51646.3189   13.910  0.003    2  1 
  51646.3225   13.938  0.003    2  1 
  51646.3260   13.915  0.003    2  1 
  51646.3296   13.913  0.003    2  1 
  51646.3330   13.951  0.003    2  1 
  51646.3377   13.983  0.003    2  1 
  51646.3414   13.974  0.003    2  1 
  51646.3451   14.027  0.003    2  1 
  51646.3496   14.064  0.003    2  1 
  51646.3530   14.050  0.003    2  1 
  51646.3568   14.095  0.003    2  1 
  51646.3637   14.060  0.004    2  1 
  51646.3679   14.125  0.004    2  1 
  51646.3713   14.159  0.004    2  1 
  51671.0353   14.316  0.003    2  1 
  51671.0475   14.361  0.003    2  1 
  51671.0585   14.439  0.003    2  1 
  51671.0649   14.456  0.003    2  1 
  51671.0721   14.474  0.004    2  1 
  51671.0771   14.459  0.005    2  1 
  51671.1013   14.610  0.004    2  1 
  51671.1053   14.631  0.004    2  1 
  51671.1107   14.631  0.004    2  1 
  51671.1151   14.647  0.004    2  1 
  51671.1292   14.699  0.004    2  1 
  51671.9878   13.990  0.002    2  1 
  51671.9920   14.016  0.002    2  1 
  51672.0277   14.228  0.003    2  1 
  51672.0316   14.262  0.003    2  1 
  51672.0822   14.503  0.003    2  1 
  51674.0685   14.321  0.004    2  1 
  51674.0726   14.324  0.005    2  1 
  51674.1052   14.536  0.004    2  1 
  51674.1117   14.550  0.004    2  1 
  51674.1260   14.613  0.004    2  1 
  51674.1296   14.627  0.004    2  1 
  51674.1332   14.643  0.004    2  1 
  51674.1368   14.653  0.004    2  1 
  51674.1405   14.662  0.004    2  1 
  51674.1444   14.679  0.004    2  1 
  51674.9689   14.340  0.003    2  1 
  51674.9724   14.226  0.003    2  1 
  51674.9867   13.942  0.003    2  1 
  51674.9911   13.882  0.003    2  1 
  51675.0041   13.875  0.003    2  1 
  51675.0121   13.913  0.004    2  1 
  51675.0159   13.892  0.004    2  1 
  51675.0253   14.085  0.003    2  1 
  51675.0289   14.107  0.003    2  1 
  51675.0351   14.141  0.003    2  1 
  51675.0465   14.169  0.003    2  1 
  51675.0521   14.185  0.004    2  1 
  51675.0558   14.261  0.003    2  1 
  51675.0622   14.281  0.004    2  1 
  51675.0661   14.310  0.004    2  1 
  51675.0719   14.321  0.004    2  1 
  51675.0756   14.344  0.004    2  1 
  51675.0814   14.387  0.004    2  1 
  51675.0858   14.409  0.004    2  1 
  51675.0927   14.464  0.004    2  1 
  51675.0970   14.481  0.003    2  1 
  51675.9751   14.355  0.003    2  1 
  51675.9802   14.190  0.003    2  1 
  51675.9906   14.001  0.003    2  1 
  51675.9939   13.940  0.002    2  1 
  51675.9971   13.920  0.002    2  1 
  51676.0005   13.931  0.002    2  1 
  51676.0036   13.909  0.002    2  1 
  51676.0067   13.886  0.003    2  1 
  51676.0112   13.911  0.003    2  1 
  51676.0240   13.960  0.003    2  1 
  51676.0301   14.044  0.003    2  1 
  51676.9616   14.951  0.006    2  1 
  51676.9713   14.721  0.005    2  1 
  51676.9757   14.543  0.005    2  1 
  51676.9867   14.123  0.004    2  1 
  51676.9919   13.867  0.005    2  1 
  51676.9969   13.846  0.004    2  1 
  51677.0090   13.758  0.004    2  1 
  51677.0126   13.846  0.003    2  1 
  51677.0180   13.854  0.004    2  1 
  51677.0226   13.905  0.004    2  1 
  51677.0271   13.895  0.004    2  1 
  51677.0318   13.953  0.004    2  1 
  51677.0362   14.001  0.004    2  1 
  51677.0410   13.994  0.004    2  1 
  51677.0453   14.025  0.004    2  1 
  51677.0499   14.063  0.004    2  1 
  51677.0580   14.110  0.004    2  1 
  51677.0628   14.146  0.004    2  1 
  51677.0672   14.195  0.004    2  1 
  51677.0713   14.211  0.004    2  1 
  51677.0751   14.230  0.004    2  1 
  51677.0793   14.261  0.004    2  1 
  51677.0835   14.296  0.004    2  1 
  51677.0877   14.322  0.004    2  1 
  51677.0918   14.358  0.004    2  1 
  51677.0956   14.363  0.004    2  1 
  51677.0996   14.324  0.005    2  1 
  51677.1044   14.379  0.005    2  1 
  51677.1082   14.343  0.006    2  1 
  51677.1121   14.424  0.005    2  1 
  51677.1160   14.433  0.005    2  1 
  51677.1199   14.450  0.005    2  1 
  51677.1238   14.493  0.005    2  1 
  51677.1276   14.508  0.005    2  1 
  51677.1315   14.520  0.005    2  1 
  51677.1353   14.543  0.005    2  1 
  51677.1396   14.557  0.005    2  1 
  51677.1434   14.576  0.005    2  1 
  51677.1476   14.601  0.005    2  1 
  51677.1520   14.609  0.005    2  1 
  51677.1564   14.634  0.005    2  1 
  51677.1603   14.658  0.005    2  1 
  51677.1642   14.665  0.005    2  1 
  51677.1680   14.675  0.005    2  1 
  51677.1719   14.695  0.005    2  1 
  51677.1759   14.711  0.005    2  1 
  51677.1797   14.720  0.005    2  1 
  51677.1836   14.720  0.006    2  1 
  51677.1883   14.748  0.006    2  1 
  51677.1922   14.760  0.005    2  1 
  51677.1960   14.768  0.005    2  1 
  51677.1999   14.780  0.006    2  1 
  51677.2038   14.799  0.005    2  1 
  51677.2083   14.807  0.006    2  1 
  51677.2133   14.826  0.006    2  1 
  51677.2176   14.840  0.008    2  1 
  51677.2233   14.862  0.008    2  1 
  51677.2285   14.893  0.014    2  1 
  51677.2335   14.891  0.009    2  1 
  51677.2391   14.911  0.009    2  1 
  51677.2465   14.942  0.011    2  1 
  51677.2524   14.950  0.007    2  1 
  51677.2571   14.956  0.007    2  1 
  51677.2620   14.969  0.007    2  1 
  51677.2664   14.983  0.007    2  1 
  51677.2708   14.983  0.006    2  1 
  51691.0375   15.028  0.002    2  1 
  51691.0409   15.025  0.003    2  1 
  51691.0509   14.943  0.003    2  1 
  51691.0543   14.904  0.004    2  1 
  51691.0579   14.836  0.004    2  1 
  51691.0633   14.691  0.003    2  1 
  51691.0670   14.557  0.002    2  1 
  51691.0711   14.420  0.002    2  1 
  51691.0770   14.219  0.002    2  1 
  51691.0805   14.121  0.003    2  1 
  51691.0840   14.043  0.003    2  1 
  51691.0896   13.963  0.002    2  1 
  51691.0931   13.935  0.002    2  1 
  51691.0971   13.908  0.002    2  1 
  51691.1040   13.930  0.002    2  1 
  51691.1083   13.961  0.003    2  1 
  51691.1122   13.979  0.002    2  1 
  51691.1180   14.020  0.002    2  1 
  51691.1214   14.031  0.002    2  1 
  51691.1249   14.052  0.002    2  1 
  51691.1323   14.086  0.002    2  1 
  51691.1357   14.124  0.002    2  1 
  51691.1392   14.150  0.002    2  1 
  51691.1448   14.190  0.002    2  1 
  51691.1522   14.234  0.002    2  1 
  51691.1561   14.242  0.002    2  1 
  51693.0130   14.995  0.004    2  1 
  51693.0248   15.015  0.004    2  1 
  51693.0305   15.035  0.004    2  1 
  51693.0340   15.050  0.004    2  1 
  51693.0378   15.048  0.004    2  1 
  51694.0082   14.962  0.004    2  1 
  51694.0114   14.968  0.004    2  1 
  51694.0148   14.956  0.004    2  1 
  51694.0202   14.970  0.004    2  1 
  51694.0234   14.985  0.004    2  1 
  51694.0267   14.994  0.004    2  1 
  51694.0319   15.006  0.004    2  1 
  51694.0351   15.025  0.004    2  1 
  51694.0384   15.038  0.004    2  1 
  51694.0472   15.049  0.004    2  1 
  51694.0505   15.053  0.004    2  1 
  51694.0537   15.043  0.004    2  1 
  51694.0590   15.034  0.004    2  1 
  51694.0656   14.994  0.004    2  1 
  51694.0714   14.935  0.004    2  1 
  51694.0748   14.887  0.004    2  1 
  51694.0781   14.817  0.004    2  1 
  51694.0836   14.661  0.003    2  1 
  51694.0868   14.555  0.003    2  1 
  51694.0901   14.441  0.003    2  1 
  51694.0957   14.284  0.003    2  1 
  51694.1021   14.106  0.003    2  1 
  51694.1075   14.016  0.002    2  1 
  51694.1106   13.988  0.002    2  1 
  51694.1190   13.937  0.002    2  1 
  51694.1221   13.953  0.002    2  1 
  51694.1252   13.981  0.002    2  1 
  51694.1286   13.953  0.002    2  1 
  51695.0280   14.984  0.004    2  1 
  51695.0317   14.990  0.003    2  1 
  51697.9712   15.000  0.005    2  1 
  51697.9818   14.990  0.005    2  1 
  51765.9746   14.978  0.005    2  1 
  51765.9783   14.988  0.005    2  1 
  51765.9820   14.986  0.004    2  1 
  51766.0194   15.058  0.006    2  1 
  51766.0229   15.017  0.005    2  1 
  51216.3063   15.414  0.005    3  1 
  51216.3342   15.498  0.005    3  1 
  51216.3572   15.532  0.005    3  1 
  51216.3847   15.533  0.005    3  1 
  51217.2936   15.333  0.004    3  1 
  51217.3214   15.444  0.005    3  1 
  51217.3852   15.553  0.005    3  1 
  51218.2935   15.305  0.004    3  1 
  51218.3212   15.416  0.005    3  1 
  51218.3442   15.484  0.005    3  1 
  51218.3704   15.531  0.005    3  1 
  51219.2811   15.215  0.002    3  1 
  51219.2844   15.247  0.004    3  1 
  51219.3053   15.325  0.004    3  1 
  51219.3228   15.393  0.004    3  1 
  51219.3465   15.474  0.005    3  1 
  51219.3676   15.540  0.005    3  1 
  51219.3851   15.530  0.005    3  1 
  51220.2805   15.186  0.004    3  1 
  51220.2995   15.261  0.004    3  1 
  51220.3171   15.336  0.004    3  1 
  51220.3349   15.568  0.005    3  1 
  51220.3523   15.480  0.005    3  1 
  51220.3689   15.529  0.005    3  1 
  51220.3877   15.567  0.005    3  1 
  51221.2691   15.091  0.004    3  1 
  51221.2915   15.196  0.004    3  1 
  51221.3097   15.288  0.004    3  1 
  51221.3270   15.354  0.004    3  1 
  51221.3437   15.425  0.004    3  1 
  51221.3619   15.495  0.005    3  1 
  51221.3854   15.534  0.005    3  1 
  51283.2237   15.371  0.004    3  1 
  51283.2601   15.497  0.004    3  1 
  51283.2830   15.535  0.004    3  1 
  51283.3050   15.529  0.004    3  1 
  51283.3367   15.493  0.004    3  1 
  51283.3600   15.520  0.004    3  1 
  51284.2056   15.273  0.004    3  1 
  51284.2337   15.393  0.004    3  1 
  51284.2542   15.466  0.004    3  1 
  51284.2806   15.537  0.004    3  1 
  51284.3075   15.536  0.004    3  1 
  51284.3333   15.501  0.004    3  1 
  51285.0371   14.111  0.002    3  1 
  51285.0646   14.341  0.002    3  1 
  51285.0885   14.538  0.003    3  1 
  51285.1182   14.761  0.003    3  1 
  51285.1470   14.934  0.003    3  1 
  51285.1698   15.053  0.003    3  1 
  51285.1988   15.192  0.004    3  1 
  51285.2270   15.329  0.004    3  1 
  51285.2539   15.428  0.004    3  1 
  51285.2851   15.517  0.004    3  1 
  51285.3202   15.532  0.004    3  1 
  51285.3496   15.491  0.004    3  1 
  51286.0308   14.013  0.002    3  1 
  51286.0619   14.257  0.002    3  1 
  51286.0871   14.463  0.002    3  1 
  51286.0921   14.498  0.002    3  1 
  51286.1226   14.740  0.003    3  1 
  51286.1512   14.927  0.003    3  1 
  51286.1789   15.066  0.003    3  1 
  51286.2076   15.214  0.004    3  1 
  51286.2389   15.343  0.004    3  1 
  51286.2613   15.434  0.004    3  1 
  51286.2889   15.522  0.004    3  1 
  51286.3108   15.540  0.004    3  1 
  51286.3335   15.520  0.004    3  1 
  51286.3566   15.496  0.004    3  1 
  51304.9734   15.508  0.004    3  1 
  51305.0076   15.539  0.005    3  1 
  51305.0510   15.515  0.005    3  1 
  51305.0770   15.542  0.005    3  1 
  51305.1004   15.073  0.003    3  1 
  51305.1407   13.919  0.002    3  1 
  51305.1707   14.136  0.002    3  1 
  51305.1996   14.395  0.003    3  1 
  51305.2299   14.655  0.003    3  1 
  51305.2561   14.841  0.003    3  1 
  51305.2836   15.008  0.004    3  1 
  51305.3139   15.182  0.004    3  1 
  51305.9733   15.529  0.004    3  1 
  51306.0117   15.519  0.004    3  1 
  51306.0157   15.517  0.004    3  1 
  51306.0375   15.457  0.004    3  1 
  51306.0735   15.557  0.005    3  1 
  51306.1285   14.083  0.002    3  1 
  51306.1517   13.941  0.002    3  1 
  51306.1807   14.177  0.002    3  1 
  51306.2059   14.400  0.002    3  1 
  51306.2269   14.576  0.003    3  1 
  51306.2491   14.761  0.003    3  1 
  51306.2725   14.912  0.003    3  1 
  51306.2932   15.035  0.003    3  1 
  51307.9986   15.470  0.003    3  1 
  51308.0249   15.513  0.004    3  1 
  51308.0524   15.465  0.004    3  1 
  51308.0811   15.549  0.004    3  1 
  51308.0851   15.551  0.004    3  1 
  51308.1202   15.048  0.003    3  1 
  51310.1272   15.276  0.003    3  1 
  51310.1308   15.139  0.003    3  1 
  51314.9714   15.535  0.004    3  1 
  51315.0138   15.533  0.004    3  1 
  51315.0372   15.495  0.004    3  1 
  51315.0710   15.514  0.004    3  1 
  51315.0946   15.460  0.004    3  1 
  51315.1180   15.528  0.004    3  1 
  51316.0363   15.651  0.004    3  1 
  51316.0597   15.485  0.004    3  1 
  51316.0832   15.511  0.004    3  1 
  51316.1079   15.468  0.004    3  1 
  51316.9780   15.491  0.004    3  1 
  51317.0013   15.539  0.005    3  1 
  51317.0241   15.527  0.005    3  1 
  51317.0523   15.479  0.005    3  1 
  51317.0782   15.517  0.005    3  1 
  51317.1035   15.465  0.004    3  1 
  51317.9808   15.503  0.004    3  1 
  51318.0060   15.551  0.005    3  1 
  51318.0331   15.532  0.006    3  1 
  51318.0898   15.532  0.006    3  1 
  51318.1183   15.469  0.006    3  1 
  51318.9811   15.490  0.004    3  1 
  51319.0058   15.538  0.004    3  1 
  51319.0315   15.534  0.005    3  1 
  51319.0717   15.483  0.004    3  1 
  51319.0961   15.517  0.004    3  1 
  51320.1175   15.478  0.004    3  1 
  51320.9998   15.448  0.003    3  1 
  51321.0212   15.530  0.004    3  1 
  51321.0434   15.525  0.004    3  1 
  51321.0658   15.500  0.004    3  1 
  51321.0965   15.495  0.004    3  1 
  51321.1252   15.467  0.004    3  1 
  51333.0403   15.367  0.004    3  1 
  51333.1062   15.543  0.005    3  1 
  51334.9989   15.122  0.003    3  1 
  51335.0432   15.332  0.004    3  1 
  51335.0972   15.524  0.004    3  1 
  51335.1083   15.541  0.005    3  1 
  51336.0103   15.152  0.003    3  1 
  51336.0508   15.327  0.004    3  1 
  51336.0891   15.478  0.005    3  1 
  51338.0075   15.085  0.004    3  1 
  51338.9740   14.842  0.003    3  1 
  51339.0046   15.024  0.004    3  1 
  51339.0385   15.188  0.004    3  1 
  51339.0685   15.326  0.004    3  1 
  51339.1006   15.457  0.005    3  1 
  51339.1280   15.537  0.005    3  1 
  51339.9665   14.753  0.003    3  1 
  51339.9935   14.935  0.003    3  1 
  51340.0189   15.068  0.003    3  1 
  51340.0441   15.197  0.004    3  1 
  51340.0753   15.329  0.004    3  1 
  51340.1041   15.455  0.005    3  1 
  51345.0430   15.024  0.003    3  1 
  51345.0736   15.189  0.003    3  1 
  51345.9747   14.526  0.003    3  1 
  51346.0101   14.796  0.003    3  1 
  51346.0388   14.973  0.004    3  1 
  51346.0670   15.116  0.004    3  1 
  51347.0317   14.891  0.003    3  1 
  51347.0645   15.076  0.003    3  1 
  51347.0896   15.196  0.003    3  1 
  51347.9638   14.311  0.002    3  1 
  51348.0146   14.744  0.003    3  1 
  51348.9591   14.229  0.002    3  1 
  51349.0243   14.764  0.003    3  1 
  51349.9679   14.229  0.002    3  1 
  51364.9721   15.405  0.004    3  1 
  51380.9890   15.515  0.004    3  1 
  51381.9751   15.479  0.004    3  1 
  51382.9716   15.472  0.005    3  1 
  51383.9680   15.489  0.004    3  1 
  51384.9688   15.505  0.004    3  1 
  51385.9645   15.514  0.004    3  1 
  51386.9859   15.499  0.005    3  1 
  51388.9699   15.537  0.005    3  1 
  51389.9715   15.548  0.004    3  1 
  51390.9663   15.534  0.004    3  1 
  51672.0213   14.252  0.002    3  1 
  51674.0796   14.648  0.003    3  1 
  51674.9989   13.952  0.002    3  1 
  51675.0396   14.258  0.002    3  1 
  51693.0053   15.457  0.004    3  1 
  51694.0012   15.470  0.004    3  1 
  51695.0214   15.379  0.004    3  1 
  51765.9863   15.500  0.005    3  1 
  51766.0153   15.555  0.006    3  1 
 56468.97641   13.315  0.018   -1  1 
 56469.04707   13.720  0.019   -1  1 
 56469.10896   13.413  0.019   -1  1 
 56469.17285   13.272  0.008   -1  1 
 56471.00364   13.451  0.015   -1  1 
 56471.06640   13.583  0.007   -1  1 
 56471.12490   13.332  0.014   -1  1 
 56471.18188   13.426  0.014   -1  1 
 56471.96759   13.624  0.023   -1  1 
 56472.03374   13.606  0.019   -1  1 
 56472.09484   13.568  0.008   -1  1 
 56472.15243   13.283  0.015   -1  1 
 56468.95296   13.433  0.020   -2  1 
 56469.02441   13.462  0.011   -2  1 
 56469.08813   13.479  0.012   -2  1 
 56469.15134   13.225  0.008   -2  1 
 56471.02588   13.486  0.011   -2  1 
 56471.08671   13.606  0.018   -2  1 
 56471.14302   13.222  0.008   -2  1 
 56471.94704   13.354  0.011   -2  1 
 56472.01085   13.570  0.021   -2  1 
 56472.07480   13.708  0.030   -2  1 
 56472.13240   13.222  0.005   -2  1 
 56472.19216   13.230  0.004   -2  1 
 56469.00041   13.811  0.010   -5  1 
 56469.06767   13.857  0.008   -5  1 
 56469.13003   13.358  0.007   -5  1 
 56469.19349   13.464  0.007   -5  1 
 56470.98130   13.739  0.004   -5  1 
 56471.04693   13.848  0.007   -5  1 
 56471.10523   13.662  0.009   -5  1 
 56471.16397   13.337  0.010   -5  1 
 56471.98857   13.758  0.006   -5  1 
 56472.05430   13.836  0.006   -5  1 
 56472.11383   13.628  0.008   -5  1 
 56472.17109   13.383  0.007   -5  1 
