  51216.2987   14.302  0.004    2  1 
  51216.3275   14.312  0.004    2  1 
  51216.3519   14.363  0.004    2  1 
  51216.3771   14.411  0.004    2  1 
  51217.2851   14.579  0.004    2  1 
  51217.3152   14.640  0.004    2  1 
  51217.3378   14.653  0.004    2  1 
  51217.3598   14.673  0.004    2  1 
  51217.3804   14.665  0.004    2  1 
  51218.3013   14.431  0.004    2  1 
  51218.3254   14.407  0.004    2  1 
  51218.3504   14.359  0.003    2  1 
  51218.3753   14.318  0.003    2  1 
  51219.2775   14.314  0.003    2  1 
  51219.3014   14.351  0.003    2  1 
  51219.3186   14.388  0.004    2  1 
  51219.3397   14.447  0.004    2  1 
  51219.3635   14.513  0.004    2  1 
  51219.3810   14.558  0.004    2  1 
  51220.2867   14.650  0.004    2  1 
  51220.3036   14.665  0.004    2  1 
  51220.3219   14.672  0.004    2  1 
  51220.3564   14.635  0.004    2  1 
  51220.3729   14.581  0.004    2  1 
  51220.3920   14.493  0.004    2  1 
  51221.2619   14.435  0.004    2  1 
  51221.2873   14.391  0.004    2  1 
  51221.3052   14.361  0.003    2  1 
  51221.3230   14.328  0.003    2  1 
  51221.3396   14.310  0.003    2  1 
  51221.3577   14.301  0.004    2  1 
  51221.3762   14.302  0.003    2  1 
  51283.2102   14.689  0.004    2  1 
  51283.2288   14.693  0.004    2  1 
  51283.2338   14.688  0.004    2  1 
  51283.2391   14.684  0.004    2  1 
  51283.2642   14.648  0.004    2  1 
  51283.2680   14.630  0.004    2  1 
  51283.2868   14.552  0.003    2  1 
  51283.2902   14.536  0.003    2  1 
  51283.3138   14.429  0.003    2  1 
  51283.3170   14.420  0.003    2  1 
  51283.3408   14.406  0.003    2  1 
  51283.3447   14.399  0.003    2  1 
  51283.3642   14.351  0.003    2  1 
  51283.3673   14.353  0.003    2  1 
  51284.1955   14.378  0.003    2  1 
  51284.1993   14.369  0.003    2  1 
  51284.2266   14.332  0.003    2  1 
  51284.2298   14.326  0.003    2  1 
  51284.2475   14.305  0.003    2  1 
  51284.2506   14.302  0.003    2  1 
  51284.2679   14.300  0.003    2  1 
  51284.2711   14.304  0.003    2  1 
  51284.3004   14.320  0.003    2  1 
  51284.3036   14.331  0.003    2  1 
  51284.3257   14.379  0.003    2  1 
  51284.3289   14.379  0.003    2  1 
  51285.0269   14.399  0.003    2  1 
  51285.0299   14.399  0.003    2  1 
  51285.0607   14.341  0.003    2  1 
  51285.0814   14.329  0.003    2  1 
  51285.0847   14.323  0.003    2  1 
  51285.1052   14.305  0.003    2  1 
  51285.1084   14.306  0.003    2  1 
  51285.1396   14.318  0.003    2  1 
  51285.1427   14.326  0.003    2  1 
  51285.1624   14.353  0.003    2  1 
  51285.1654   14.354  0.003    2  1 
  51285.1891   14.418  0.003    2  1 
  51285.1924   14.428  0.003    2  1 
  51285.2195   14.509  0.003    2  1 
  51285.2227   14.515  0.004    2  1 
  51285.2468   14.578  0.004    2  1 
  51285.2498   14.586  0.004    2  1 
  51285.2738   14.631  0.004    2  1 
  51285.2775   14.646  0.004    2  1 
  51285.3077   14.679  0.004    2  1 
  51285.3112   14.680  0.004    2  1 
  51285.3425   14.686  0.004    2  1 
  51285.3456   14.684  0.004    2  1 
  51286.0177   14.381  0.003    2  1 
  51286.0241   14.392  0.003    2  1 
  51286.0542   14.463  0.003    2  1 
  51286.0574   14.482  0.003    2  1 
  51286.0794   14.545  0.003    2  1 
  51286.0832   14.551  0.003    2  1 
  51286.1105   14.609  0.003    2  1 
  51286.1136   14.616  0.003    2  1 
  51286.1441   14.655  0.003    2  1 
  51286.1472   14.657  0.003    2  1 
  51286.1708   14.674  0.003    2  1 
  51286.1740   14.678  0.004    2  1 
  51286.1969   14.684  0.004    2  1 
  51286.2002   14.674  0.004    2  1 
  51286.2322   14.602  0.003    2  1 
  51286.2352   14.594  0.003    2  1 
  51286.2544   14.505  0.003    2  1 
  51286.2573   14.483  0.003    2  1 
  51286.2785   14.418  0.003    2  1 
  51286.2816   14.420  0.003    2  1 
  51286.3149   14.367  0.003    2  1 
  51286.3179   14.365  0.003    2  1 
  51286.3375   14.330  0.003    2  1 
  51286.3409   14.322  0.003    2  1 
  51286.3604   14.308  0.003    2  1 
  51286.3635   14.306  0.003    2  1 
  51286.3665   14.298  0.003    2  1 
  51304.9667   14.298  0.002    2  1 
  51304.9697   14.302  0.002    2  1 
  51304.9956   14.337  0.003    2  1 
  51304.9985   14.349  0.003    2  1 
  51305.0393   14.446  0.003    2  1 
  51305.0423   14.456  0.003    2  1 
  51305.0812   14.561  0.004    2  1 
  51305.0852   14.572  0.004    2  1 
  51305.1040   14.615  0.004    2  1 
  51305.1077   14.617  0.004    2  1 
  51305.1328   14.664  0.004    2  1 
  51305.1357   14.670  0.004    2  1 
  51305.1582   14.678  0.004    2  1 
  51305.1616   14.690  0.005    2  1 
  51305.1919   14.684  0.005    2  1 
  51305.1953   14.671  0.004    2  1 
  51305.2170   14.635  0.004    2  1 
  51305.2202   14.626  0.004    2  1 
  51305.2493   14.499  0.003    2  1 
  51305.2523   14.481  0.003    2  1 
  51305.2764   14.399  0.003    2  1 
  51305.2796   14.403  0.004    2  1 
  51305.3025   14.365  0.003    2  1 
  51305.3054   14.353  0.003    2  1 
  51305.9643   14.642  0.003    2  1 
  51305.9672   14.634  0.003    2  1 
  51306.0313   14.678  0.003    2  1 
  51306.0340   14.681  0.003    2  1 
  51306.0638   14.640  0.003    2  1 
  51306.0674   14.625  0.003    2  1 
  51306.1209   14.392  0.003    2  1 
  51306.1434   14.350  0.003    2  1 
  51306.1474   14.348  0.004    2  1 
  51306.1743   14.320  0.003    2  1 
  51306.1770   14.320  0.003    2  1 
  51306.1996   14.304  0.003    2  1 
  51306.2025   14.302  0.002    2  1 
  51306.2235   14.302  0.002    2  1 
  51306.2432   14.316  0.002    2  1 
  51306.2458   14.311  0.003    2  1 
  51306.2665   14.352  0.002    2  1 
  51306.2691   14.358  0.002    2  1 
  51306.2895   14.404  0.003    2  1 
  51306.3068   14.445  0.003    2  1 
  51306.3101   14.462  0.003    2  1 
  51306.9828   14.380  0.004    2  1 
  51306.9870   14.374  0.003    2  1 
  51307.0161   14.317  0.003    2  1 
  51307.0270   14.313  0.003    2  1 
  51307.0388   14.295  0.003    2  1 
  51307.0824   14.288  0.004    2  1 
  51307.9862   14.422  0.003    2  1 
  51307.9901   14.440  0.003    2  1 
  51308.0178   14.512  0.003    2  1 
  51308.0212   14.530  0.003    2  1 
  51308.0443   14.577  0.003    2  1 
  51308.1072   14.680  0.004    2  1 
  51308.1114   14.688  0.004    2  1 
  51310.1342   14.529  0.003    2  1 
  51310.1371   14.538  0.003    2  1 
  51310.1402   14.552  0.003    2  1 
  51314.9621   14.473  0.004    2  1 
  51314.9650   14.461  0.003    2  1 
  51314.9679   14.442  0.004    2  1 
  51314.9914   14.407  0.003    2  1 
  51314.9943   14.413  0.003    2  1 
  51314.9972   14.405  0.003    2  1 
  51315.0171   14.356  0.003    2  1 
  51315.0197   14.348  0.003    2  1 
  51315.0224   14.350  0.003    2  1 
  51315.0409   14.336  0.003    2  1 
  51315.0436   14.332  0.003    2  1 
  51315.0462   14.326  0.003    2  1 
  51315.0650   14.315  0.003    2  1 
  51315.0677   14.315  0.003    2  1 
  51315.0860   14.313  0.003    2  1 
  51315.0887   14.308  0.003    2  1 
  51315.0913   14.299  0.003    2  1 
  51315.1094   14.318  0.003    2  1 
  51315.1121   14.325  0.003    2  1 
  51315.1148   14.327  0.003    2  1 
  51316.0303   14.491  0.003    2  1 
  51316.0330   14.497  0.003    2  1 
  51316.0511   14.542  0.003    2  1 
  51316.0538   14.560  0.003    2  1 
  51316.0565   14.561  0.003    2  1 
  51316.0746   14.613  0.003    2  1 
  51316.0773   14.608  0.003    2  1 
  51316.0800   14.616  0.003    2  1 
  51316.0992   14.643  0.003    2  1 
  51316.1020   14.652  0.003    2  1 
  51316.1046   14.645  0.003    2  1 
  51316.1228   14.678  0.003    2  1 
  51316.1255   14.684  0.003    2  1 
  51316.1281   14.691  0.003    2  1 
  51316.9815   14.672  0.003    2  1 
  51316.9843   14.685  0.003    2  1 
  51316.9869   14.675  0.003    2  1 
  51316.9978   14.690  0.004    2  1 
  51317.0147   14.682  0.004    2  1 
  51317.0176   14.676  0.004    2  1 
  51317.0205   14.671  0.004    2  1 
  51317.0420   14.619  0.004    2  1 
  51317.0450   14.611  0.004    2  1 
  51317.0483   14.607  0.004    2  1 
  51317.0689   14.496  0.003    2  1 
  51317.0718   14.487  0.004    2  1 
  51317.0747   14.473  0.004    2  1 
  51317.0946   14.421  0.003    2  1 
  51317.0974   14.421  0.003    2  1 
  51317.1000   14.422  0.003    2  1 
  51317.1199   14.379  0.003    2  1 
  51317.1228   14.377  0.003    2  1 
  51317.1257   14.367  0.003    2  1 
  51317.9715   14.364  0.003    2  1 
  51317.9744   14.362  0.003    2  1 
  51317.9772   14.352  0.003    2  1 
  51317.9970   14.340  0.003    2  1 
  51317.9998   14.330  0.003    2  1 
  51318.0025   14.312  0.003    2  1 
  51318.0227   14.282  0.004    2  1 
  51318.0260   14.275  0.004    2  1 
  51318.0292   14.277  0.004    2  1 
  51318.0510   14.291  0.004    2  1 
  51318.0542   14.291  0.004    2  1 
  51318.0575   14.298  0.004    2  1 
  51318.0795   14.336  0.004    2  1 
  51318.0827   14.340  0.004    2  1 
  51318.0859   14.346  0.004    2  1 
  51318.1079   14.403  0.004    2  1 
  51318.1111   14.412  0.004    2  1 
  51318.1144   14.422  0.005    2  1 
  51318.9846   14.490  0.003    2  1 
  51318.9874   14.497  0.003    2  1 
  51318.9902   14.507  0.003    2  1 
  51319.0093   14.557  0.003    2  1 
  51319.0122   14.566  0.004    2  1 
  51319.0151   14.575  0.004    2  1 
  51319.0351   14.619  0.004    2  1 
  51319.0380   14.631  0.004    2  1 
  51319.0411   14.628  0.004    2  1 
  51319.0623   14.661  0.004    2  1 
  51319.0928   14.675  0.003    2  1 
  51319.1137   14.684  0.003    2  1 
  51319.1164   14.685  0.003    2  1 
  51319.1190   14.678  0.003    2  1 
  51320.1531   14.300  0.003    2  1 
  51320.1557   14.303  0.003    2  1 
  51320.1584   14.307  0.003    2  1 
  51321.0292   14.329  0.003    2  1 
  51321.0466   14.359  0.003    2  1 
  51321.0491   14.366  0.003    2  1 
  51321.0517   14.340  0.002    2  1 
  51321.0689   14.422  0.003    2  1 
  51321.0714   14.424  0.003    2  1 
  51321.0740   14.426  0.003    2  1 
  51321.0997   14.498  0.003    2  1 
  51321.1023   14.513  0.003    2  1 
  51321.1049   14.519  0.003    2  1 
  51321.1074   14.520  0.003    2  1 
  51321.1100   14.526  0.003    2  1 
  51321.1285   14.583  0.003    2  1 
  51321.1311   14.584  0.003    2  1 
  51332.9607   14.614  0.005    2  1 
  51332.9651   14.617  0.006    2  1 
  51332.9797   14.642  0.005    2  1 
  51332.9834   14.654  0.005    2  1 
  51333.0005   14.675  0.004    2  1 
  51333.0039   14.685  0.005    2  1 
  51333.0156   14.686  0.004    2  1 
  51333.0192   14.700  0.005    2  1 
  51333.0445   14.692  0.004    2  1 
  51333.0479   14.692  0.004    2  1 
  51333.0636   14.679  0.006    2  1 
  51333.0681   14.668  0.006    2  1 
  51333.0834   14.626  0.004    2  1 
  51333.0869   14.621  0.004    2  1 
  51333.0981   14.568  0.004    2  1 
  51333.1018   14.545  0.004    2  1 
  51333.1258   14.416  0.004    2  1 
  51333.1294   14.407  0.005    2  1 
  51333.1410   14.378  0.005    2  1 
  51333.1452   14.385  0.004    2  1 
  51333.1492   14.381  0.004    2  1 
  51333.1642   14.361  0.004    2  1 
  51333.1679   14.355  0.004    2  1 
  51334.9778   14.371  0.003    2  1 
  51334.9806   14.379  0.003    2  1 
  51335.0115   14.457  0.003    2  1 
  51335.0145   14.467  0.003    2  1 
  51335.0237   14.492  0.004    2  1 
  51335.0269   14.496  0.003    2  1 
  51335.0365   14.524  0.003    2  1 
  51335.0396   14.536  0.004    2  1 
  51335.0624   14.593  0.004    2  1 
  51335.0658   14.601  0.004    2  1 
  51335.0766   14.623  0.004    2  1 
  51335.0800   14.626  0.004    2  1 
  51335.1009   14.665  0.004    2  1 
  51335.1041   14.671  0.004    2  1 
  51335.9585   14.679  0.004    2  1 
  51335.9619   14.684  0.004    2  1 
  51335.9661   14.682  0.004    2  1 
  51335.9693   14.685  0.004    2  1 
  51335.9855   14.688  0.004    2  1 
  51335.9915   14.685  0.004    2  1 
  51335.9966   14.684  0.004    2  1 
  51336.0139   14.676  0.004    2  1 
  51336.0172   14.671  0.004    2  1 
  51336.0275   14.652  0.004    2  1 
  51336.0306   14.642  0.004    2  1 
  51336.0439   14.596  0.004    2  1 
  51336.0470   14.592  0.004    2  1 
  51336.0662   14.480  0.004    2  1 
  51336.0696   14.466  0.004    2  1 
  51336.0728   14.449  0.004    2  1 
  51336.0954   14.401  0.004    2  1 
  51336.0989   14.404  0.004    2  1 
  51336.1119   14.386  0.004    2  1 
  51336.1153   14.386  0.004    2  1 
  51336.1297   14.350  0.004    2  1 
  51336.1557   14.316  0.006    2  1 
  51336.1600   14.307  0.005    2  1 
  51336.1647   14.296  0.005    2  1 
  51336.9567   14.383  0.002    2  1 
  51337.0022   14.297  0.003    2  1 
  51337.9827   14.494  0.005    2  1 
  51337.9868   14.504  0.004    2  1 
  51337.9997   14.542  0.004    2  1 
  51338.0033   14.547  0.004    2  1 
  51338.0231   14.603  0.004    2  1 
  51338.0265   14.607  0.004    2  1 
  51338.0304   14.619  0.004    2  1 
  51338.9791   14.650  0.004    2  1 
  51338.9849   14.630  0.003    2  1 
  51339.0116   14.538  0.004    2  1 
  51339.0151   14.512  0.004    2  1 
  51339.0441   14.416  0.004    2  1 
  51339.0477   14.414  0.004    2  1 
  51339.0513   14.409  0.004    2  1 
  51339.0774   14.359  0.004    2  1 
  51339.0807   14.351  0.004    2  1 
  51339.1053   14.316  0.004    2  1 
  51339.1093   14.309  0.004    2  1 
  51339.1327   14.293  0.004    2  1 
  51339.1363   14.290  0.004    2  1 
  51339.9588   14.313  0.003    2  1 
  51339.9627   14.307  0.003    2  1 
  51339.9835   14.292  0.003    2  1 
  51339.9874   14.298  0.003    2  1 
  51340.0115   14.309  0.003    2  1 
  51340.0146   14.313  0.003    2  1 
  51340.0349   14.340  0.003    2  1 
  51340.0380   14.349  0.003    2  1 
  51340.0659   14.416  0.004    2  1 
  51340.0696   14.424  0.004    2  1 
  51340.0938   14.491  0.004    2  1 
  51340.0983   14.506  0.004    2  1 
  51340.1334   14.591  0.004    2  1 
  51340.1366   14.599  0.004    2  1 
  51344.9654   14.403  0.003    2  1 
  51344.9786   14.388  0.003    2  1 
  51344.9829   14.375  0.003    2  1 
  51345.0052   14.328  0.003    2  1 
  51345.0092   14.313  0.003    2  1 
  51345.0132   14.313  0.003    2  1 
  51345.0170   14.307  0.003    2  1 
  51345.0353   14.290  0.003    2  1 
  51345.0390   14.285  0.003    2  1 
  51345.0645   14.296  0.003    2  1 
  51345.0690   14.302  0.003    2  1 
  51345.9658   14.391  0.004    2  1 
  51345.9696   14.411  0.005    2  1 
  51345.9999   14.487  0.004    2  1 
  51346.0043   14.494  0.004    2  1 
  51346.0310   14.576  0.004    2  1 
  51346.0343   14.578  0.004    2  1 
  51346.0571   14.638  0.004    2  1 
  51346.0604   14.638  0.004    2  1 
  51347.0221   14.595  0.004    2  1 
  51347.0274   14.567  0.002    2  1 
  51347.0562   14.431  0.003    2  1 
  51347.0597   14.424  0.003    2  1 
  51347.0815   14.391  0.003    2  1 
  51347.0850   14.386  0.003    2  1 
  51347.9550   14.344  0.003    2  1 
  51347.9581   14.342  0.003    2  1 
  51347.9877   14.312  0.003    2  1 
  51347.9914   14.303  0.003    2  1 
  51347.9948   14.303  0.003    2  1 
  51348.0181   14.297  0.003    2  1 
  51348.0211   14.304  0.003    2  1 
  51348.0849   14.412  0.005    2  1 
  51348.0897   14.421  0.004    2  1 
  51348.1054   14.471  0.004    2  1 
  51348.1088   14.480  0.004    2  1 
  51348.1122   14.482  0.004    2  1 
  51348.9528   14.487  0.003    2  1 
  51348.9557   14.501  0.003    2  1 
  51348.9795   14.560  0.003    2  1 
  51348.9824   14.569  0.003    2  1 
  51348.9941   14.592  0.003    2  1 
  51349.0152   14.640  0.004    2  1 
  51349.0189   14.642  0.004    2  1 
  51349.9596   14.634  0.003    2  1 
  51349.9627   14.625  0.003    2  1 
  51349.9911   14.506  0.003    2  1 
  51349.9944   14.490  0.003    2  1 
  51350.0097   14.422  0.003    2  1 
  51350.0128   14.418  0.003    2  1 
  51350.0228   14.404  0.003    2  1 
  51364.9643   14.411  0.003    2  1 
  51364.9677   14.422  0.003    2  1 
  51380.9714   14.337  0.002    2  1 
  51380.9769   14.337  0.003    2  1 
  51380.9801   14.344  0.003    2  1 
  51380.9845   14.350  0.003    2  1 
  51381.0066   14.400  0.003    2  1 
  51381.0096   14.408  0.003    2  1 
  51381.0136   14.415  0.003    2  1 
  51381.9638   14.659  0.003    2  1 
  51381.9679   14.672  0.004    2  1 
  51381.9716   14.677  0.004    2  1 
  51381.9917   14.692  0.004    2  1 
  51381.9946   14.696  0.004    2  1 
  51382.9605   14.396  0.003    2  1 
  51382.9652   14.393  0.003    2  1 
  51382.9682   14.385  0.004    2  1 
  51382.9887   14.345  0.003    2  1 
  51382.9916   14.345  0.003    2  1 
  51383.9595   14.402  0.003    2  1 
  51383.9648   14.413  0.003    2  1 
  51383.9826   14.458  0.003    2  1 
  51383.9853   14.460  0.003    2  1 
  51385.9557   14.322  0.003    2  1 
  51385.9615   14.345  0.002    2  1 
  51385.9788   14.315  0.003    2  1 
  51385.9814   14.310  0.003    2  1 
  51386.9731   14.562  0.004    2  1 
  51386.9769   14.570  0.004    2  1 
  51386.9807   14.573  0.003    2  1 
  51387.0101   14.626  0.004    2  1 
  51387.0139   14.638  0.004    2  1 
  51387.0177   14.642  0.004    2  1 
  51388.9571   14.291  0.004    2  1 
  51388.9622   14.292  0.004    2  1 
  51388.9659   14.286  0.004    2  1 
  51388.9899   14.316  0.004    2  1 
  51388.9932   14.325  0.004    2  1 
  51389.9629   14.634  0.003    2  1 
  51389.9656   14.632  0.003    2  1 
  51389.9683   14.638  0.003    2  1 
  51390.9604   14.417  0.003    2  1 
  51390.9631   14.426  0.004    2  1 
  51646.1374   14.402  0.003    2  1 
  51646.1447   14.420  0.005    2  1 
  51646.1486   14.430  0.004    2  1 
  51646.1532   14.446  0.004    2  1 
  51646.1570   14.459  0.005    2  1 
  51646.1609   14.468  0.005    2  1 
  51646.1649   14.474  0.005    2  1 
  51646.1687   14.486  0.004    2  1 
  51646.1727   14.497  0.004    2  1 
  51646.1764   14.507  0.004    2  1 
  51646.1801   14.514  0.004    2  1 
  51646.1837   14.528  0.004    2  1 
  51646.1871   14.536  0.004    2  1 
  51646.1907   14.545  0.005    2  1 
  51646.1944   14.557  0.005    2  1 
  51646.1983   14.563  0.004    2  1 
  51646.2025   14.571  0.004    2  1 
  51646.2065   14.583  0.004    2  1 
  51646.2100   14.589  0.004    2  1 
  51646.2138   14.601  0.004    2  1 
  51646.2172   14.606  0.004    2  1 
  51646.2206   14.617  0.004    2  1 
  51646.2245   14.620  0.004    2  1 
  51646.2283   14.625  0.004    2  1 
  51646.2320   14.631  0.004    2  1 
  51646.2362   14.637  0.004    2  1 
  51646.2394   14.632  0.003    2  1 
  51646.2426   14.640  0.003    2  1 
  51646.2457   14.650  0.003    2  1 
  51646.2489   14.651  0.003    2  1 
  51646.2523   14.660  0.004    2  1 
  51646.2557   14.666  0.004    2  1 
  51646.2591   14.671  0.004    2  1 
  51646.2626   14.682  0.004    2  1 
  51646.2660   14.675  0.004    2  1 
  51646.2694   14.685  0.005    2  1 
  51646.2730   14.686  0.005    2  1 
  51646.2769   14.684  0.006    2  1 
  51646.2811   14.689  0.006    2  1 
  51646.2852   14.694  0.006    2  1 
  51646.2895   14.697  0.005    2  1 
  51646.2939   14.693  0.005    2  1 
  51646.2986   14.693  0.006    2  1 
  51646.3027   14.689  0.006    2  1 
  51646.3070   14.691  0.005    2  1 
  51646.3111   14.682  0.005    2  1 
  51646.3151   14.687  0.004    2  1 
  51646.3189   14.665  0.004    2  1 
  51646.3225   14.664  0.004    2  1 
  51646.3260   14.660  0.004    2  1 
  51646.3296   14.659  0.004    2  1 
  51646.3330   14.641  0.004    2  1 
  51646.3377   14.634  0.004    2  1 
  51646.3414   14.624  0.004    2  1 
  51646.3451   14.608  0.004    2  1 
  51646.3496   14.581  0.004    2  1 
  51646.3530   14.565  0.004    2  1 
  51646.3568   14.550  0.004    2  1 
  51646.3602   14.537  0.005    2  1 
  51646.3637   14.517  0.004    2  1 
  51646.3679   14.483  0.004    2  1 
  51646.3713   14.470  0.004    2  1 
  51646.3746   14.452  0.004    2  1 
  51671.0353   14.383  0.003    2  1 
  51671.0475   14.409  0.003    2  1 
  51671.0585   14.440  0.003    2  1 
  51671.0649   14.457  0.003    2  1 
  51671.0721   14.468  0.004    2  1 
  51671.0771   14.480  0.004    2  1 
  51671.1013   14.551  0.004    2  1 
  51671.1053   14.557  0.004    2  1 
  51671.1107   14.572  0.004    2  1 
  51671.1151   14.583  0.004    2  1 
  51671.1292   14.617  0.004    2  1 
  51671.9878   14.629  0.003    2  1 
  51671.9920   14.635  0.003    2  1 
  51672.0277   14.668  0.004    2  1 
  51672.0316   14.668  0.003    2  1 
  51672.0822   14.644  0.004    2  1 
  51674.0685   14.586  0.005    2  1 
  51674.0726   14.593  0.005    2  1 
  51674.1052   14.650  0.004    2  1 
  51674.1117   14.662  0.005    2  1 
  51674.1260   14.672  0.004    2  1 
  51674.1296   14.682  0.004    2  1 
  51674.1332   14.675  0.004    2  1 
  51674.1368   14.686  0.004    2  1 
  51674.1405   14.682  0.004    2  1 
  51674.1444   14.684  0.004    2  1 
  51674.9689   14.677  0.004    2  1 
  51674.9724   14.679  0.004    2  1 
  51674.9867   14.680  0.004    2  1 
  51674.9911   14.687  0.005    2  1 
  51675.0041   14.693  0.005    2  1 
  51675.0121   14.687  0.005    2  1 
  51675.0159   14.683  0.005    2  1 
  51675.0253   14.662  0.004    2  1 
  51675.0289   14.659  0.004    2  1 
  51675.0351   14.648  0.004    2  1 
  51675.0465   14.621  0.004    2  1 
  51675.0521   14.601  0.004    2  1 
  51675.0558   14.579  0.004    2  1 
  51675.0622   14.545  0.004    2  1 
  51675.0661   14.517  0.004    2  1 
  51675.0719   14.491  0.004    2  1 
  51675.0756   14.468  0.004    2  1 
  51675.0814   14.441  0.004    2  1 
  51675.0858   14.427  0.004    2  1 
  51675.0927   14.415  0.004    2  1 
  51675.0970   14.409  0.003    2  1 
  51675.9751   14.356  0.003    2  1 
  51675.9802   14.343  0.003    2  1 
  51675.9906   14.341  0.003    2  1 
  51675.9939   14.341  0.003    2  1 
  51675.9971   14.336  0.003    2  1 
  51676.0005   14.333  0.003    2  1 
  51676.0036   14.323  0.003    2  1 
  51676.0067   14.318  0.003    2  1 
  51676.0112   14.307  0.003    2  1 
  51676.0240   14.296  0.004    2  1 
  51676.0301   14.301  0.003    2  1 
  51676.9616   14.402  0.004    2  1 
  51676.9713   14.432  0.004    2  1 
  51676.9757   14.447  0.005    2  1 
  51676.9867   14.485  0.005    2  1 
  51676.9919   14.498  0.006    2  1 
  51676.9969   14.512  0.005    2  1 
  51677.0090   14.546  0.005    2  1 
  51677.0126   14.555  0.004    2  1 
  51677.0180   14.570  0.005    2  1 
  51677.0226   14.585  0.005    2  1 
  51677.0271   14.594  0.005    2  1 
  51677.0318   14.604  0.005    2  1 
  51677.0362   14.612  0.005    2  1 
  51677.0410   14.623  0.006    2  1 
  51677.0453   14.632  0.006    2  1 
  51677.0499   14.640  0.005    2  1 
  51677.0580   14.651  0.006    2  1 
  51677.0628   14.658  0.006    2  1 
  51677.0672   14.665  0.005    2  1 
  51677.0713   14.677  0.005    2  1 
  51677.0751   14.679  0.005    2  1 
  51677.0793   14.678  0.005    2  1 
  51677.0835   14.681  0.005    2  1 
  51677.0877   14.690  0.005    2  1 
  51677.0918   14.688  0.005    2  1 
  51677.0956   14.691  0.005    2  1 
  51677.0996   14.693  0.006    2  1 
  51677.1044   14.696  0.005    2  1 
  51677.1082   14.696  0.006    2  1 
  51677.1121   14.693  0.005    2  1 
  51677.1160   14.694  0.005    2  1 
  51677.1199   14.686  0.005    2  1 
  51677.1238   14.682  0.005    2  1 
  51677.1276   14.687  0.005    2  1 
  51677.1315   14.680  0.005    2  1 
  51677.1353   14.684  0.005    2  1 
  51677.1396   14.670  0.005    2  1 
  51677.1434   14.662  0.005    2  1 
  51677.1476   14.652  0.005    2  1 
  51677.1520   14.642  0.005    2  1 
  51677.1564   14.627  0.005    2  1 
  51677.1603   14.613  0.005    2  1 
  51677.1642   14.592  0.005    2  1 
  51677.1680   14.571  0.005    2  1 
  51677.1719   14.554  0.005    2  1 
  51677.1759   14.536  0.005    2  1 
  51677.1797   14.515  0.005    2  1 
  51677.1836   14.491  0.005    2  1 
  51677.1883   14.468  0.005    2  1 
  51677.1922   14.447  0.004    2  1 
  51677.1960   14.434  0.004    2  1 
  51677.1999   14.424  0.005    2  1 
  51677.2038   14.414  0.004    2  1 
  51677.2083   14.417  0.005    2  1 
  51677.2133   14.419  0.005    2  1 
  51677.2176   14.418  0.005    2  1 
  51677.2233   14.410  0.005    2  1 
  51677.2285   14.397  0.007    2  1 
  51677.2335   14.385  0.006    2  1 
  51677.2391   14.365  0.006    2  1 
  51677.2465   14.348  0.006    2  1 
  51677.2524   14.331  0.005    2  1 
  51677.2571   14.330  0.005    2  1 
  51677.2620   14.316  0.005    2  1 
  51677.2664   14.317  0.005    2  1 
  51677.2708   14.307  0.004    2  1 
  51691.0375   14.673  0.002    2  1 
  51691.0409   14.674  0.003    2  1 
  51691.0444   14.666  0.003    2  1 
  51691.0509   14.679  0.003    2  1 
  51691.0543   14.679  0.004    2  1 
  51691.0579   14.675  0.004    2  1 
  51691.0633   14.667  0.003    2  1 
  51691.0670   14.663  0.002    2  1 
  51691.0711   14.650  0.003    2  1 
  51691.0770   14.640  0.003    2  1 
  51691.0805   14.639  0.004    2  1 
  51691.0840   14.621  0.003    2  1 
  51691.0896   14.605  0.003    2  1 
  51691.0931   14.594  0.003    2  1 
  51691.0971   14.579  0.003    2  1 
  51691.1040   14.548  0.003    2  1 
  51691.1083   14.524  0.003    2  1 
  51691.1122   14.510  0.003    2  1 
  51691.1180   14.478  0.003    2  1 
  51691.1214   14.459  0.003    2  1 
  51691.1249   14.443  0.003    2  1 
  51691.1323   14.418  0.003    2  1 
  51691.1357   14.411  0.002    2  1 
  51691.1392   14.411  0.003    2  1 
  51691.1448   14.408  0.003    2  1 
  51691.1522   14.391  0.002    2  1 
  51691.1561   14.395  0.002    2  1 
  51693.0130   14.424  0.004    2  1 
  51693.0248   14.462  0.004    2  1 
  51693.0305   14.473  0.003    2  1 
  51693.0340   14.483  0.003    2  1 
  51693.0378   14.496  0.003    2  1 
  51694.0082   14.675  0.003    2  1 
  51694.0114   14.673  0.003    2  1 
  51694.0148   14.654  0.003    2  1 
  51694.0202   14.668  0.003    2  1 
  51694.0234   14.660  0.003    2  1 
  51694.0267   14.653  0.003    2  1 
  51694.0319   14.645  0.003    2  1 
  51694.0351   14.646  0.004    2  1 
  51694.0384   14.639  0.004    2  1 
  51694.0418   14.618  0.003    2  1 
  51694.0472   14.613  0.003    2  1 
  51694.0505   14.599  0.003    2  1 
  51694.0537   14.582  0.003    2  1 
  51694.0590   14.567  0.003    2  1 
  51694.0623   14.544  0.003    2  1 
  51694.0656   14.525  0.003    2  1 
  51694.0714   14.496  0.003    2  1 
  51694.0748   14.480  0.003    2  1 
  51694.0781   14.462  0.003    2  1 
  51694.0836   14.443  0.003    2  1 
  51694.0901   14.418  0.003    2  1 
  51694.0957   14.414  0.003    2  1 
  51694.0989   14.408  0.003    2  1 
  51694.1021   14.407  0.003    2  1 
  51694.1075   14.400  0.003    2  1 
  51694.1190   14.371  0.003    2  1 
  51694.1221   14.366  0.003    2  1 
  51694.1252   14.356  0.003    2  1 
  51694.1286   14.349  0.003    2  1 
  51695.0280   14.319  0.003    2  1 
  51697.9712   14.312  0.004    2  1 
  51697.9818   14.306  0.003    2  1 
  51765.9746   14.300  0.003    2  1 
  51765.9783   14.296  0.003    2  1 
  51765.9820   14.306  0.003    2  1 
  51766.0194   14.358  0.004    2  1 
  51766.0229   14.362  0.004    2  1 
  51216.3063   14.602  0.003    3  1 
  51216.3342   14.637  0.003    3  1 
  51216.3572   14.721  0.003    3  1 
  51216.3847   14.788  0.004    3  1 
  51217.2936   15.046  0.004    3  1 
  51217.3214   15.102  0.004    3  1 
  51217.3648   15.144  0.002    3  1 
  51217.3852   15.103  0.004    3  1 
  51218.2935   14.801  0.004    3  1 
  51218.3212   14.769  0.003    3  1 
  51218.3442   14.710  0.003    3  1 
  51218.3704   14.647  0.003    3  1 
  51219.2811   14.655  0.001    3  1 
  51219.2844   14.641  0.003    3  1 
  51219.3053   14.687  0.003    3  1 
  51219.3228   14.758  0.003    3  1 
  51219.3465   14.852  0.003    3  1 
  51219.3676   14.931  0.004    3  1 
  51219.3851   14.987  0.003    3  1 
  51220.2805   15.094  0.003    3  1 
  51220.2995   15.126  0.004    3  1 
  51220.3171   15.144  0.004    3  1 
  51220.3349   15.063  0.004    3  1 
  51220.3523   15.077  0.004    3  1 
  51220.3689   15.007  0.003    3  1 
  51220.3877   14.876  0.004    3  1 
  51221.2691   14.779  0.003    3  1 
  51221.2915   14.729  0.003    3  1 
  51221.3097   14.710  0.003    3  1 
  51221.3270   14.654  0.003    3  1 
  51221.3437   14.622  0.003    3  1 
  51221.3619   14.600  0.003    3  1 
  51221.3854   14.624  0.003    3  1 
  51283.2237   15.136  0.003    3  1 
  51283.2601   15.087  0.003    3  1 
  51283.2830   14.970  0.003    3  1 
  51283.3050   14.826  0.003    3  1 
  51283.3367   14.766  0.003    3  1 
  51283.3600   14.701  0.003    3  1 
  51284.2056   14.678  0.003    3  1 
  51284.2337   14.621  0.003    3  1 
  51284.2542   14.598  0.003    3  1 
  51284.2806   14.600  0.003    3  1 
  51284.3075   14.662  0.003    3  1 
  51284.3333   14.722  0.003    3  1 
  51285.0371   14.709  0.003    3  1 
  51285.0646   14.700  0.002    3  1 
  51285.0885   14.614  0.003    3  1 
  51285.1182   14.624  0.003    3  1 
  51285.1698   14.748  0.002    3  1 
  51285.1988   14.825  0.003    3  1 
  51285.2270   14.938  0.003    3  1 
  51285.2539   15.031  0.003    3  1 
  51285.2851   15.099  0.003    3  1 
  51285.3202   15.135  0.003    3  1 
  51285.3496   15.142  0.003    3  1 
  51286.0308   14.788  0.002    3  1 
  51286.0619   14.894  0.003    3  1 
  51286.0871   14.993  0.003    3  1 
  51286.0921   14.974  0.002    3  1 
  51286.1226   15.031  0.002    3  1 
  51286.1512   15.064  0.002    3  1 
  51286.1789   15.106  0.003    3  1 
  51286.2076   15.098  0.003    3  1 
  51286.2389   14.974  0.003    3  1 
  51286.2613   14.824  0.003    3  1 
  51286.2889   14.747  0.003    3  1 
  51286.3108   14.704  0.003    3  1 
  51286.3335   14.670  0.003    3  1 
  51286.3566   14.613  0.003    3  1 
  51304.9734   14.671  0.002    3  1 
  51305.0076   14.700  0.003    3  1 
  51305.0510   14.879  0.003    3  1 
  51305.0770   14.982  0.003    3  1 
  51305.1004   15.050  0.003    3  1 
  51305.1407   15.160  0.005    3  1 
  51305.1707   15.162  0.004    3  1 
  51305.1996   15.140  0.004    3  1 
  51305.2299   15.035  0.004    3  1 
  51305.2561   14.825  0.003    3  1 
  51305.2836   14.741  0.004    3  1 
  51305.3139   14.650  0.003    3  1 
  51305.9733   15.116  0.003    3  1 
  51306.0117   15.175  0.003    3  1 
  51306.0375   15.125  0.003    3  1 
  51306.0735   15.039  0.004    3  1 
  51306.1517   14.639  0.004    3  1 
  51306.2269   14.647  0.002    3  1 
  51306.2491   14.606  0.003    3  1 
  51306.2725   14.707  0.002    3  1 
  51306.2932   14.777  0.003    3  1 
  51308.0249   14.951  0.002    3  1 
  51308.0524   15.044  0.003    3  1 
  51308.0851   15.038  0.002    3  1 
  51308.1202   15.148  0.003    3  1 
  51310.1272   14.915  0.003    3  1 
  51310.1308   14.922  0.003    3  1 
  51314.9714   14.789  0.003    3  1 
  51315.0138   14.707  0.003    3  1 
  51315.0372   14.658  0.003    3  1 
  51315.0710   14.622  0.003    3  1 
  51315.0946   14.596  0.003    3  1 
  51315.1180   14.633  0.003    3  1 
  51316.0597   14.995  0.003    3  1 
  51316.0832   15.066  0.003    3  1 
  51316.1079   15.128  0.003    3  1 
  51316.9780   15.177  0.004    3  1 
  51317.0013   15.179  0.004    3  1 
  51317.0241   15.193  0.006    3  1 
  51317.0523   15.004  0.004    3  1 
  51317.0782   14.799  0.004    3  1 
  51317.1035   14.753  0.003    3  1 
  51317.9808   14.700  0.003    3  1 
  51318.0060   14.593  0.003    3  1 
  51318.0898   14.643  0.005    3  1 
  51318.1183   14.776  0.008    3  1 
  51318.9811   14.877  0.003    3  1 
  51319.0058   14.964  0.003    3  1 
  51319.0315   15.068  0.004    3  1 
  51319.0717   15.145  0.004    3  1 
  51319.0961   15.158  0.003    3  1 
  51320.1175   14.633  0.002    3  1 
  51320.9998   14.639  0.002    3  1 
  51321.0212   14.644  0.002    3  1 
  51321.0434   14.695  0.002    3  1 
  51321.0658   14.789  0.002    3  1 
  51321.0965   14.880  0.003    3  1 
  51321.1252   14.995  0.003    3  1 
  51333.0403   15.166  0.004    3  1 
  51333.1062   14.893  0.003    3  1 
  51334.9989   14.789  0.003    3  1 
  51335.0432   14.954  0.003    3  1 
  51335.0972   15.124  0.004    3  1 
  51335.1083   15.151  0.004    3  1 
  51336.0103   15.135  0.003    3  1 
  51336.0508   14.987  0.004    3  1 
  51336.0891   14.721  0.003    3  1 
  51338.0075   14.988  0.004    3  1 
  51338.9740   15.103  0.003    3  1 
  51339.0046   14.987  0.004    3  1 
  51339.0385   14.769  0.003    3  1 
  51339.0685   14.721  0.003    3  1 
  51339.1006   14.616  0.003    3  1 
  51339.1280   14.579  0.003    3  1 
  51339.9665   14.602  0.003    3  1 
  51339.9935   14.592  0.003    3  1 
  51340.0189   14.639  0.003    3  1 
  51340.0441   14.677  0.004    3  1 
  51340.0753   14.802  0.003    3  1 
  51340.1041   14.931  0.005    3  1 
  51345.0430   14.573  0.003    3  1 
  51345.0736   14.611  0.002    3  1 
  51345.9747   14.762  0.004    3  1 
  51346.0101   14.909  0.004    3  1 
  51346.0388   15.012  0.004    3  1 
  51346.0670   15.100  0.004    3  1 
  51347.0317   14.949  0.003    3  1 
  51347.0645   14.758  0.003    3  1 
  51347.0896   14.708  0.002    3  1 
  51347.9638   14.658  0.003    3  1 
  51348.0146   14.590  0.003    3  1 
  51348.9591   14.902  0.004    3  1 
  51349.0243   15.123  0.004    3  1 
  51349.9679   15.037  0.003    3  1 
  51364.9721   14.778  0.003    3  1 
  51380.9890   14.671  0.003    3  1 
  51381.9751   15.149  0.004    3  1 
  51382.9716   14.690  0.003    3  1 
  51383.9680   14.785  0.003    3  1 
  51385.9645   14.645  0.002    3  1 
  51386.9859   15.013  0.003    3  1 
  51388.9699   14.559  0.003    3  1 
  51389.9715   15.106  0.003    3  1 
  51390.9663   14.741  0.003    3  1 
  51672.0213   15.141  0.004    3  1 
  51674.0796   15.092  0.005    3  1 
  51674.9989   15.190  0.005    3  1 
  51675.0396   15.073  0.003    3  1 
  51693.0053   14.776  0.003    3  1 
  51694.0012   15.160  0.003    3  1 
  51695.0214   14.555  0.002    3  1 
  51765.9863   14.603  0.003    3  1 
  51766.0153   14.628  0.004    3  1 
 56468.97641   12.895  0.045   -1  1 
 56469.04707   13.220  0.046   -1  1 
 56469.10896   13.276  0.037   -1  1 
 56469.17285   13.166  0.008   -1  1 
 56471.00364   13.108  0.019   -1  1 
 56471.06640   13.109  0.009   -1  1 
 56471.12490   13.127  0.016   -1  1 
 56471.18188   13.271  0.010   -1  1 
 56471.96759   13.306  0.050   -1  1 
 56472.03374   13.249  0.017   -1  1 
 56472.09484   13.169  0.013   -1  1 
 56472.15243   13.278  0.011   -1  1 
 56468.95296   13.071  0.052   -2  1 
 56469.02441   13.117  0.025   -2  1 
 56469.08813   13.149  0.026   -2  1 
 56469.15134   13.152  0.012   -2  1 
 56471.02588   13.115  0.021   -2  1 
 56471.08671   13.076  0.012   -2  1 
 56471.14302   13.139  0.024   -2  1 
 56471.94704   13.082  0.016   -2  1 
 56472.01085   13.091  0.030   -2  1 
 56472.07480   13.306  0.031   -2  1 
 56472.13240   13.163  0.009   -2  1 
 56472.19216   13.208  0.010   -2  1 
 56469.00041   13.351  0.015   -5  1 
 56469.06767   13.384  0.010   -5  1 
 56469.13003   13.492  0.009   -5  1 
 56469.19349   13.532  0.012   -5  1 
 56470.98130   13.395  0.006   -5  1 
 56471.04693   13.351  0.013   -5  1 
 56471.10523   13.349  0.021   -5  1 
 56471.16397   13.336  0.008   -5  1 
 56471.98857   13.333  0.010   -5  1 
 56472.05430   13.441  0.008   -5  1 
 56472.11383   13.483  0.009   -5  1 
 56472.17109   13.501  0.006   -5  1 
