  51216.2987   14.703  0.004    2  1 
  51216.3275   14.642  0.004    2  1 
  51216.3519   14.522  0.004    2  1 
  51216.3771   14.409  0.004    2  1 
  51217.2851   14.707  0.004    2  1 
  51217.3152   14.700  0.004    2  1 
  51217.3378   14.643  0.004    2  1 
  51217.3598   14.555  0.004    2  1 
  51217.3804   14.445  0.004    2  1 
  51218.3013   14.702  0.004    2  1 
  51218.3254   14.690  0.004    2  1 
  51218.3504   14.637  0.004    2  1 
  51218.3753   14.541  0.004    2  1 
  51219.2775   14.653  0.004    2  1 
  51219.3014   14.692  0.004    2  1 
  51219.3186   14.701  0.004    2  1 
  51219.3397   14.691  0.004    2  1 
  51219.3635   14.646  0.004    2  1 
  51219.3810   14.580  0.004    2  1 
  51220.2867   14.645  0.004    2  1 
  51220.3036   14.679  0.004    2  1 
  51220.3219   14.693  0.004    2  1 
  51220.3564   14.697  0.004    2  1 
  51220.3729   14.666  0.004    2  1 
  51220.3920   14.602  0.004    2  1 
  51221.2619   14.543  0.004    2  1 
  51221.2873   14.619  0.004    2  1 
  51221.3052   14.657  0.004    2  1 
  51221.3230   14.688  0.004    2  1 
  51221.3396   14.702  0.004    2  1 
  51221.3577   14.708  0.004    2  1 
  51221.3762   14.692  0.004    2  1 
  51283.2102   14.726  0.004    2  1 
  51283.2288   14.708  0.004    2  1 
  51283.2338   14.694  0.004    2  1 
  51283.2391   14.684  0.004    2  1 
  51283.2642   14.573  0.003    2  1 
  51283.2680   14.546  0.003    2  1 
  51283.2868   14.443  0.003    2  1 
  51283.2902   14.432  0.003    2  1 
  51283.3138   14.382  0.003    2  1 
  51283.3170   14.376  0.003    2  1 
  51283.3408   14.333  0.003    2  1 
  51283.3447   14.330  0.003    2  1 
  51283.3642   14.333  0.003    2  1 
  51283.3673   14.331  0.003    2  1 
  51284.1955   14.713  0.004    2  1 
  51284.1993   14.719  0.004    2  1 
  51284.2266   14.715  0.004    2  1 
  51284.2298   14.711  0.004    2  1 
  51284.2475   14.691  0.004    2  1 
  51284.2506   14.674  0.004    2  1 
  51284.2679   14.614  0.004    2  1 
  51284.2711   14.605  0.004    2  1 
  51284.3004   14.451  0.003    2  1 
  51284.3036   14.430  0.003    2  1 
  51284.3257   14.377  0.003    2  1 
  51284.3289   14.374  0.003    2  1 
  51285.0299   14.334  0.003    2  1 
  51285.0607   14.347  0.003    2  1 
  51285.0847   14.385  0.003    2  1 
  51285.1052   14.431  0.003    2  1 
  51285.1084   14.436  0.003    2  1 
  51285.1396   14.545  0.004    2  1 
  51285.1427   14.551  0.003    2  1 
  51285.1624   14.610  0.003    2  1 
  51285.1654   14.608  0.004    2  1 
  51285.1891   14.682  0.004    2  1 
  51285.1924   14.674  0.004    2  1 
  51285.2195   14.709  0.004    2  1 
  51285.2227   14.708  0.004    2  1 
  51285.2468   14.700  0.004    2  1 
  51285.2498   14.704  0.004    2  1 
  51285.2738   14.653  0.004    2  1 
  51285.2775   14.639  0.004    2  1 
  51285.3077   14.470  0.003    2  1 
  51285.3112   14.455  0.004    2  1 
  51285.3425   14.375  0.003    2  1 
  51285.3456   14.368  0.003    2  1 
  51286.0177   14.381  0.003    2  1 
  51286.0241   14.371  0.003    2  1 
  51286.0542   14.345  0.003    2  1 
  51286.0574   14.336  0.003    2  1 
  51286.0794   14.355  0.003    2  1 
  51286.0832   14.364  0.003    2  1 
  51286.1105   14.419  0.003    2  1 
  51286.1136   14.422  0.003    2  1 
  51286.1441   14.514  0.003    2  1 
  51286.1472   14.525  0.003    2  1 
  51286.1708   14.603  0.003    2  1 
  51286.1740   14.611  0.003    2  1 
  51286.1969   14.682  0.004    2  1 
  51286.2002   14.678  0.004    2  1 
  51286.2322   14.710  0.004    2  1 
  51286.2352   14.712  0.004    2  1 
  51286.2544   14.713  0.004    2  1 
  51286.2573   14.713  0.004    2  1 
  51286.2785   14.679  0.004    2  1 
  51286.2816   14.673  0.004    2  1 
  51286.3149   14.508  0.003    2  1 
  51286.3179   14.488  0.003    2  1 
  51286.3375   14.405  0.003    2  1 
  51286.3409   14.395  0.003    2  1 
  51286.3604   14.377  0.004    2  1 
  51286.3635   14.363  0.003    2  1 
  51286.3665   14.359  0.003    2  1 
  51304.9667   14.361  0.002    2  1 
  51304.9697   14.357  0.003    2  1 
  51304.9956   14.368  0.003    2  1 
  51305.0393   14.435  0.003    2  1 
  51305.0423   14.431  0.003    2  1 
  51305.0812   14.545  0.004    2  1 
  51305.0852   14.560  0.004    2  1 
  51305.1040   14.620  0.004    2  1 
  51305.1077   14.625  0.004    2  1 
  51305.1328   14.685  0.004    2  1 
  51305.1357   14.689  0.004    2  1 
  51305.1582   14.693  0.004    2  1 
  51305.1616   14.703  0.004    2  1 
  51305.1919   14.686  0.004    2  1 
  51305.1953   14.672  0.004    2  1 
  51305.2170   14.625  0.004    2  1 
  51305.2202   14.605  0.004    2  1 
  51305.2493   14.450  0.003    2  1 
  51305.2523   14.437  0.003    2  1 
  51305.2764   14.387  0.003    2  1 
  51305.2796   14.386  0.004    2  1 
  51305.3025   14.361  0.003    2  1 
  51305.3054   14.353  0.003    2  1 
  51305.9643   14.376  0.003    2  1 
  51305.9672   14.377  0.003    2  1 
  51306.0313   14.393  0.003    2  1 
  51306.0340   14.392  0.003    2  1 
  51306.0638   14.455  0.003    2  1 
  51306.0674   14.462  0.003    2  1 
  51306.1209   14.622  0.003    2  1 
  51306.1434   14.673  0.004    2  1 
  51306.1474   14.674  0.004    2  1 
  51306.1743   14.696  0.003    2  1 
  51306.1770   14.690  0.003    2  1 
  51306.1996   14.690  0.003    2  1 
  51306.2458   14.543  0.003    2  1 
  51306.3068   14.375  0.003    2  1 
  51306.3101   14.368  0.003    2  1 
  51306.9828   14.377  0.004    2  1 
  51306.9870   14.373  0.003    2  1 
  51307.0161   14.349  0.003    2  1 
  51307.0270   14.357  0.003    2  1 
  51307.0388   14.376  0.003    2  1 
  51307.0824   14.466  0.004    2  1 
  51307.9862   14.390  0.003    2  1 
  51307.9901   14.385  0.003    2  1 
  51308.0178   14.365  0.002    2  1 
  51308.0212   14.360  0.002    2  1 
  51308.0443   14.365  0.003    2  1 
  51308.0713   14.335  0.002    2  1 
  51308.0779   14.362  0.002    2  1 
  51308.1072   14.496  0.003    2  1 
  51308.1114   14.509  0.003    2  1 
  51310.1342   14.496  0.003    2  1 
  51310.1371   14.499  0.003    2  1 
  51310.1402   14.502  0.003    2  1 
  51314.9621   14.711  0.004    2  1 
  51314.9650   14.709  0.004    2  1 
  51314.9679   14.717  0.004    2  1 
  51314.9914   14.701  0.003    2  1 
  51314.9943   14.694  0.003    2  1 
  51314.9972   14.685  0.003    2  1 
  51315.0171   14.646  0.003    2  1 
  51315.0197   14.640  0.003    2  1 
  51315.0224   14.625  0.003    2  1 
  51315.0409   14.531  0.003    2  1 
  51315.0436   14.516  0.003    2  1 
  51315.0462   14.500  0.003    2  1 
  51315.0650   14.417  0.003    2  1 
  51315.0677   14.412  0.003    2  1 
  51315.0860   14.388  0.003    2  1 
  51315.0887   14.384  0.003    2  1 
  51315.0913   14.377  0.003    2  1 
  51315.1094   14.342  0.003    2  1 
  51315.1121   14.348  0.003    2  1 
  51315.1148   14.332  0.003    2  1 
  51316.0303   14.649  0.003    2  1 
  51316.0330   14.633  0.003    2  1 
  51316.0511   14.553  0.003    2  1 
  51316.0538   14.541  0.003    2  1 
  51316.0565   14.522  0.003    2  1 
  51316.0746   14.422  0.003    2  1 
  51316.0773   14.419  0.003    2  1 
  51316.0800   14.408  0.003    2  1 
  51316.0992   14.386  0.003    2  1 
  51316.1020   14.384  0.003    2  1 
  51316.1046   14.382  0.003    2  1 
  51316.1228   14.345  0.003    2  1 
  51316.1255   14.338  0.003    2  1 
  51316.1281   14.337  0.003    2  1 
  51316.9815   14.697  0.003    2  1 
  51316.9843   14.707  0.003    2  1 
  51316.9869   14.708  0.003    2  1 
  51316.9978   14.712  0.004    2  1 
  51317.0147   14.721  0.004    2  1 
  51317.0176   14.711  0.004    2  1 
  51317.0205   14.706  0.004    2  1 
  51317.0420   14.658  0.004    2  1 
  51317.0450   14.661  0.004    2  1 
  51317.0483   14.640  0.004    2  1 
  51317.0689   14.537  0.003    2  1 
  51317.0718   14.523  0.004    2  1 
  51317.0747   14.498  0.004    2  1 
  51317.0946   14.410  0.003    2  1 
  51317.0974   14.405  0.003    2  1 
  51317.1000   14.404  0.003    2  1 
  51317.1199   14.382  0.003    2  1 
  51317.1228   14.376  0.003    2  1 
  51317.1257   14.370  0.003    2  1 
  51317.9715   14.679  0.004    2  1 
  51317.9744   14.679  0.004    2  1 
  51317.9772   14.686  0.004    2  1 
  51317.9970   14.697  0.003    2  1 
  51317.9998   14.702  0.003    2  1 
  51318.0025   14.710  0.003    2  1 
  51318.0227   14.723  0.004    2  1 
  51318.0260   14.719  0.005    2  1 
  51318.0292   14.711  0.005    2  1 
  51318.0510   14.676  0.004    2  1 
  51318.0542   14.673  0.004    2  1 
  51318.0575   14.663  0.004    2  1 
  51318.0795   14.563  0.004    2  1 
  51318.0827   14.540  0.004    2  1 
  51318.0859   14.519  0.004    2  1 
  51318.1079   14.420  0.004    2  1 
  51318.1111   14.413  0.004    2  1 
  51318.1144   14.409  0.004    2  1 
  51318.9846   14.675  0.004    2  1 
  51318.9874   14.681  0.004    2  1 
  51318.9902   14.685  0.003    2  1 
  51319.0093   14.707  0.004    2  1 
  51319.0122   14.717  0.004    2  1 
  51319.0151   14.704  0.004    2  1 
  51319.0351   14.715  0.004    2  1 
  51319.0380   14.712  0.004    2  1 
  51319.0411   14.717  0.004    2  1 
  51319.0623   14.683  0.004    2  1 
  51319.0928   14.553  0.003    2  1 
  51319.1137   14.441  0.003    2  1 
  51319.1164   14.427  0.003    2  1 
  51319.1190   14.427  0.003    2  1 
  51320.0909   14.563  0.003    2  1 
  51320.1531   14.377  0.003    2  1 
  51320.1557   14.383  0.003    2  1 
  51320.1584   14.374  0.003    2  1 
  51320.9810   14.584  0.003    2  1 
  51321.0292   14.682  0.003    2  1 
  51321.0466   14.715  0.003    2  1 
  51321.0491   14.715  0.003    2  1 
  51321.0689   14.713  0.003    2  1 
  51321.0714   14.705  0.003    2  1 
  51321.0740   14.705  0.003    2  1 
  51321.0997   14.663  0.003    2  1 
  51321.1023   14.642  0.003    2  1 
  51321.1049   14.629  0.003    2  1 
  51321.1074   14.621  0.003    2  1 
  51321.1100   14.615  0.003    2  1 
  51321.1285   14.504  0.003    2  1 
  51321.1311   14.489  0.003    2  1 
  51332.9607   14.462  0.005    2  1 
  51332.9651   14.438  0.005    2  1 
  51332.9797   14.392  0.004    2  1 
  51332.9834   14.380  0.004    2  1 
  51333.0005   14.366  0.004    2  1 
  51333.0039   14.368  0.004    2  1 
  51333.0156   14.347  0.004    2  1 
  51333.0192   14.333  0.004    2  1 
  51333.0445   14.350  0.004    2  1 
  51333.0479   14.351  0.004    2  1 
  51333.0636   14.375  0.005    2  1 
  51333.0681   14.382  0.005    2  1 
  51333.0834   14.419  0.004    2  1 
  51333.0869   14.428  0.004    2  1 
  51333.0981   14.456  0.004    2  1 
  51333.1018   14.468  0.004    2  1 
  51333.1258   14.544  0.004    2  1 
  51333.1294   14.556  0.005    2  1 
  51333.1410   14.591  0.005    2  1 
  51333.1452   14.604  0.005    2  1 
  51333.1492   14.612  0.005    2  1 
  51333.1642   14.653  0.005    2  1 
  51333.1679   14.660  0.005    2  1 
  51334.9778   14.514  0.003    2  1 
  51334.9806   14.499  0.003    2  1 
  51335.0115   14.380  0.003    2  1 
  51335.0145   14.379  0.003    2  1 
  51335.0237   14.370  0.003    2  1 
  51335.0269   14.371  0.003    2  1 
  51335.0365   14.363  0.003    2  1 
  51335.0396   14.354  0.003    2  1 
  51335.0624   14.345  0.004    2  1 
  51335.0658   14.348  0.004    2  1 
  51335.0766   14.356  0.004    2  1 
  51335.0800   14.363  0.004    2  1 
  51335.1009   14.397  0.003    2  1 
  51335.1041   14.400  0.004    2  1 
  51335.9585   14.669  0.004    2  1 
  51335.9619   14.654  0.004    2  1 
  51335.9661   14.639  0.004    2  1 
  51335.9693   14.629  0.004    2  1 
  51335.9855   14.547  0.004    2  1 
  51335.9915   14.508  0.003    2  1 
  51335.9966   14.478  0.003    2  1 
  51336.0139   14.406  0.003    2  1 
  51336.0172   14.397  0.003    2  1 
  51336.0275   14.380  0.003    2  1 
  51336.0306   14.376  0.003    2  1 
  51336.0439   14.369  0.003    2  1 
  51336.0470   14.363  0.003    2  1 
  51336.0662   14.340  0.004    2  1 
  51336.0696   14.338  0.003    2  1 
  51336.0728   14.344  0.003    2  1 
  51336.0954   14.362  0.004    2  1 
  51336.0989   14.368  0.004    2  1 
  51336.1119   14.392  0.004    2  1 
  51336.1153   14.401  0.004    2  1 
  51336.1297   14.435  0.004    2  1 
  51336.1557   14.504  0.006    2  1 
  51336.1600   14.516  0.005    2  1 
  51336.1647   14.534  0.006    2  1 
  51336.9567   14.692  0.002    2  1 
  51337.0022   14.531  0.004    2  1 
  51337.9827   14.683  0.005    2  1 
  51337.9868   14.673  0.004    2  1 
  51337.9997   14.622  0.004    2  1 
  51338.0033   14.607  0.004    2  1 
  51338.0231   14.487  0.004    2  1 
  51338.0265   14.472  0.004    2  1 
  51338.0304   14.448  0.004    2  1 
  51338.9791   14.703  0.004    2  1 
  51338.9849   14.692  0.004    2  1 
  51339.0116   14.626  0.004    2  1 
  51339.0151   14.613  0.004    2  1 
  51339.0441   14.454  0.004    2  1 
  51339.0477   14.430  0.004    2  1 
  51339.0513   14.413  0.004    2  1 
  51339.0774   14.368  0.004    2  1 
  51339.0807   14.367  0.004    2  1 
  51339.1053   14.351  0.004    2  1 
  51339.1093   14.341  0.004    2  1 
  51339.1327   14.360  0.004    2  1 
  51339.1363   14.363  0.004    2  1 
  51339.9588   14.696  0.004    2  1 
  51339.9627   14.705  0.004    2  1 
  51339.9835   14.704  0.004    2  1 
  51339.9874   14.697  0.004    2  1 
  51340.0115   14.666  0.004    2  1 
  51340.0146   14.659  0.003    2  1 
  51340.0349   14.582  0.004    2  1 
  51340.0380   14.570  0.004    2  1 
  51340.0659   14.415  0.004    2  1 
  51340.0696   14.404  0.004    2  1 
  51340.0938   14.373  0.004    2  1 
  51340.0983   14.369  0.004    2  1 
  51340.1334   14.345  0.004    2  1 
  51340.1366   14.349  0.003    2  1 
  51344.9654   14.563  0.003    2  1 
  51344.9786   14.599  0.003    2  1 
  51344.9829   14.614  0.004    2  1 
  51345.0052   14.669  0.004    2  1 
  51345.0092   14.689  0.004    2  1 
  51345.0132   14.685  0.003    2  1 
  51345.0170   14.685  0.004    2  1 
  51345.0353   14.706  0.004    2  1 
  51345.0390   14.706  0.003    2  1 
  51345.0645   14.700  0.004    2  1 
  51345.0690   14.690  0.004    2  1 
  51345.9658   14.529  0.005    2  1 
  51345.9696   14.536  0.005    2  1 
  51345.9999   14.625  0.004    2  1 
  51346.0043   14.638  0.004    2  1 
  51346.0310   14.682  0.004    2  1 
  51346.0343   14.695  0.004    2  1 
  51346.0571   14.707  0.004    2  1 
  51346.0604   14.708  0.004    2  1 
  51347.0221   14.645  0.004    2  1 
  51347.0274   14.658  0.003    2  1 
  51347.0562   14.693  0.004    2  1 
  51347.0597   14.696  0.004    2  1 
  51347.0815   14.706  0.003    2  1 
  51347.0850   14.698  0.003    2  1 
  51347.9550   14.431  0.003    2  1 
  51347.9581   14.424  0.003    2  1 
  51347.9877   14.498  0.003    2  1 
  51347.9914   14.510  0.004    2  1 
  51347.9948   14.520  0.004    2  1 
  51348.0181   14.593  0.004    2  1 
  51348.0211   14.603  0.004    2  1 
  51348.0849   14.707  0.005    2  1 
  51348.0897   14.707  0.005    2  1 
  51348.1054   14.702  0.005    2  1 
  51348.1088   14.697  0.005    2  1 
  51348.1122   14.696  0.005    2  1 
  51348.9528   14.384  0.003    2  1 
  51348.9557   14.390  0.003    2  1 
  51348.9795   14.438  0.003    2  1 
  51348.9824   14.443  0.003    2  1 
  51348.9941   14.472  0.003    2  1 
  51349.0152   14.534  0.003    2  1 
  51349.0189   14.545  0.004    2  1 
  51349.9596   14.363  0.003    2  1 
  51349.9627   14.364  0.003    2  1 
  51349.9911   14.435  0.003    2  1 
  51349.9944   14.435  0.003    2  1 
  51350.0097   14.477  0.003    2  1 
  51350.0128   14.485  0.003    2  1 
  51350.0228   14.518  0.004    2  1 
  51364.9643   14.713  0.004    2  1 
  51364.9677   14.705  0.003    2  1 
  51380.9714   14.389  0.003    2  1 
  51380.9769   14.377  0.003    2  1 
  51380.9801   14.378  0.003    2  1 
  51380.9845   14.384  0.003    2  1 
  51381.0066   14.356  0.003    2  1 
  51381.0096   14.358  0.003    2  1 
  51381.0136   14.346  0.003    2  1 
  51381.9638   14.457  0.003    2  1 
  51381.9679   14.439  0.003    2  1 
  51381.9716   14.421  0.004    2  1 
  51381.9917   14.376  0.003    2  1 
  51381.9946   14.377  0.003    2  1 
  51382.9605   14.559  0.003    2  1 
  51382.9652   14.526  0.003    2  1 
  51382.9682   14.511  0.004    2  1 
  51382.9887   14.408  0.003    2  1 
  51382.9916   14.398  0.003    2  1 
  51383.9595   14.631  0.003    2  1 
  51383.9621   14.563  0.003    2  1 
  51383.9648   14.608  0.003    2  1 
  51383.9826   14.521  0.003    2  1 
  51383.9853   14.509  0.003    2  1 
  51384.9657   14.710  0.003    2  1 
  51385.9615   14.689  0.003    2  1 
  51385.9788   14.667  0.003    2  1 
  51385.9814   14.665  0.003    2  1 
  51386.9731   14.706  0.004    2  1 
  51386.9769   14.692  0.004    2  1 
  51386.9807   14.686  0.004    2  1 
  51387.0101   14.602  0.004    2  1 
  51387.0139   14.584  0.004    2  1 
  51387.0177   14.566  0.004    2  1 
  51388.9571   14.690  0.005    2  1 
  51388.9622   14.705  0.005    2  1 
  51388.9659   14.691  0.004    2  1 
  51388.9899   14.706  0.004    2  1 
  51388.9932   14.703  0.004    2  1 
  51389.9629   14.675  0.003    2  1 
  51389.9656   14.682  0.003    2  1 
  51389.9683   14.690  0.003    2  1 
  51390.9578   14.608  0.003    2  1 
  51390.9631   14.673  0.004    2  1 
  51646.1374   14.690  0.004    2  1 
  51646.1447   14.703  0.005    2  1 
  51646.1486   14.711  0.005    2  1 
  51646.1532   14.716  0.005    2  1 
  51646.1570   14.704  0.005    2  1 
  51646.1609   14.718  0.005    2  1 
  51646.1649   14.718  0.005    2  1 
  51646.1687   14.730  0.005    2  1 
  51646.1727   14.730  0.005    2  1 
  51646.1764   14.726  0.004    2  1 
  51646.1801   14.722  0.005    2  1 
  51646.1837   14.727  0.004    2  1 
  51646.1871   14.722  0.004    2  1 
  51646.1907   14.721  0.005    2  1 
  51646.1944   14.715  0.005    2  1 
  51646.1983   14.714  0.004    2  1 
  51646.2025   14.712  0.004    2  1 
  51646.2065   14.708  0.004    2  1 
  51646.2100   14.697  0.004    2  1 
  51646.2138   14.685  0.004    2  1 
  51646.2172   14.674  0.004    2  1 
  51646.2206   14.669  0.004    2  1 
  51646.2245   14.651  0.004    2  1 
  51646.2283   14.630  0.004    2  1 
  51646.2320   14.613  0.004    2  1 
  51646.2362   14.588  0.004    2  1 
  51646.2394   14.561  0.003    2  1 
  51646.2426   14.549  0.003    2  1 
  51646.2457   14.542  0.003    2  1 
  51646.2489   14.519  0.003    2  1 
  51646.2523   14.504  0.003    2  1 
  51646.2557   14.476  0.004    2  1 
  51646.2591   14.459  0.003    2  1 
  51646.2626   14.446  0.004    2  1 
  51646.2660   14.428  0.003    2  1 
  51646.2694   14.419  0.004    2  1 
  51646.2730   14.410  0.004    2  1 
  51646.2769   14.401  0.005    2  1 
  51646.2811   14.400  0.005    2  1 
  51646.2852   14.392  0.005    2  1 
  51646.2895   14.384  0.004    2  1 
  51646.2939   14.388  0.004    2  1 
  51646.2986   14.373  0.005    2  1 
  51646.3027   14.368  0.005    2  1 
  51646.3070   14.350  0.004    2  1 
  51646.3111   14.342  0.004    2  1 
  51646.3151   14.336  0.004    2  1 
  51646.3189   14.333  0.003    2  1 
  51646.3225   14.328  0.003    2  1 
  51646.3260   14.328  0.003    2  1 
  51646.3296   14.328  0.004    2  1 
  51646.3330   14.328  0.003    2  1 
  51646.3377   14.330  0.004    2  1 
  51646.3414   14.336  0.004    2  1 
  51646.3451   14.334  0.004    2  1 
  51646.3496   14.332  0.003    2  1 
  51646.3530   14.342  0.004    2  1 
  51646.3568   14.348  0.003    2  1 
  51646.3602   14.366  0.004    2  1 
  51646.3637   14.368  0.004    2  1 
  51646.3679   14.374  0.004    2  1 
  51646.3713   14.385  0.004    2  1 
  51646.3746   14.402  0.004    2  1 
  51671.0353   14.404  0.003    2  1 
  51671.0475   14.426  0.003    2  1 
  51671.0585   14.460  0.003    2  1 
  51671.0649   14.470  0.003    2  1 
  51671.0721   14.489  0.004    2  1 
  51671.0771   14.503  0.004    2  1 
  51671.1013   14.571  0.004    2  1 
  51671.1053   14.586  0.004    2  1 
  51671.1107   14.599  0.004    2  1 
  51671.1151   14.613  0.004    2  1 
  51671.1292   14.642  0.004    2  1 
  51671.9878   14.371  0.003    2  1 
  51671.9920   14.358  0.003    2  1 
  51672.0277   14.369  0.003    2  1 
  51672.0316   14.378  0.003    2  1 
  51672.0822   14.476  0.003    2  1 
  51674.0685   14.384  0.004    2  1 
  51674.0726   14.389  0.004    2  1 
  51674.1052   14.456  0.004    2  1 
  51674.1117   14.472  0.004    2  1 
  51674.1260   14.512  0.004    2  1 
  51674.1296   14.529  0.004    2  1 
  51674.1332   14.538  0.004    2  1 
  51674.1368   14.547  0.004    2  1 
  51674.1405   14.558  0.004    2  1 
  51674.1444   14.572  0.004    2  1 
  51674.9689   14.530  0.004    2  1 
  51674.9724   14.502  0.004    2  1 
  51674.9867   14.426  0.004    2  1 
  51674.9911   14.410  0.004    2  1 
  51675.0041   14.382  0.004    2  1 
  51675.0121   14.384  0.004    2  1 
  51675.0159   14.390  0.004    2  1 
  51675.0253   14.375  0.003    2  1 
  51675.0289   14.369  0.003    2  1 
  51675.0351   14.354  0.003    2  1 
  51675.0465   14.340  0.003    2  1 
  51675.0521   14.351  0.004    2  1 
  51675.0558   14.345  0.003    2  1 
  51675.0622   14.350  0.004    2  1 
  51675.0661   14.352  0.004    2  1 
  51675.0719   14.363  0.004    2  1 
  51675.0756   14.370  0.004    2  1 
  51675.0814   14.375  0.004    2  1 
  51675.0858   14.383  0.004    2  1 
  51675.0927   14.389  0.004    2  1 
  51675.0970   14.406  0.003    2  1 
  51675.9751   14.565  0.003    2  1 
  51675.9802   14.539  0.004    2  1 
  51675.9906   14.476  0.003    2  1 
  51675.9939   14.470  0.003    2  1 
  51675.9971   14.447  0.003    2  1 
  51676.0005   14.431  0.003    2  1 
  51676.0036   14.418  0.003    2  1 
  51676.0067   14.415  0.003    2  1 
  51676.0112   14.402  0.003    2  1 
  51676.0240   14.393  0.004    2  1 
  51676.0301   14.386  0.003    2  1 
  51676.9616   14.679  0.005    2  1 
  51676.9713   14.653  0.005    2  1 
  51676.9757   14.641  0.005    2  1 
  51676.9867   14.589  0.005    2  1 
  51676.9919   14.559  0.006    2  1 
  51676.9969   14.531  0.005    2  1 
  51677.0090   14.464  0.005    2  1 
  51677.0126   14.451  0.004    2  1 
  51677.0180   14.428  0.005    2  1 
  51677.0226   14.410  0.005    2  1 
  51677.0271   14.404  0.005    2  1 
  51677.0318   14.394  0.005    2  1 
  51677.0362   14.394  0.005    2  1 
  51677.0410   14.388  0.005    2  1 
  51677.0453   14.388  0.005    2  1 
  51677.0499   14.383  0.005    2  1 
  51677.0580   14.371  0.005    2  1 
  51677.0628   14.364  0.005    2  1 
  51677.0672   14.358  0.005    2  1 
  51677.0713   14.350  0.004    2  1 
  51677.0751   14.351  0.004    2  1 
  51677.0793   14.345  0.004    2  1 
  51677.0835   14.347  0.004    2  1 
  51677.0877   14.349  0.004    2  1 
  51677.0918   14.353  0.004    2  1 
  51677.0956   14.356  0.004    2  1 
  51677.0996   14.357  0.005    2  1 
  51677.1044   14.370  0.004    2  1 
  51677.1082   14.380  0.005    2  1 
  51677.1121   14.381  0.004    2  1 
  51677.1160   14.385  0.004    2  1 
  51677.1199   14.390  0.005    2  1 
  51677.1238   14.399  0.004    2  1 
  51677.1276   14.405  0.004    2  1 
  51677.1315   14.415  0.004    2  1 
  51677.1353   14.424  0.004    2  1 
  51677.1396   14.434  0.005    2  1 
  51677.1434   14.443  0.005    2  1 
  51677.1476   14.450  0.004    2  1 
  51677.1520   14.467  0.004    2  1 
  51677.1564   14.479  0.004    2  1 
  51677.1603   14.484  0.004    2  1 
  51677.1642   14.499  0.004    2  1 
  51677.1680   14.510  0.004    2  1 
  51677.1719   14.524  0.004    2  1 
  51677.1759   14.528  0.004    2  1 
  51677.1797   14.546  0.005    2  1 
  51677.1836   14.563  0.005    2  1 
  51677.1883   14.575  0.005    2  1 
  51677.1922   14.589  0.005    2  1 
  51677.1960   14.602  0.005    2  1 
  51677.1999   14.611  0.005    2  1 
  51677.2038   14.623  0.005    2  1 
  51677.2083   14.636  0.005    2  1 
  51677.2133   14.648  0.005    2  1 
  51677.2176   14.653  0.005    2  1 
  51677.2233   14.664  0.005    2  1 
  51677.2285   14.660  0.007    2  1 
  51677.2335   14.683  0.007    2  1 
  51677.2391   14.692  0.007    2  1 
  51677.2465   14.691  0.007    2  1 
  51677.2524   14.700  0.006    2  1 
  51677.2571   14.707  0.006    2  1 
  51677.2620   14.713  0.006    2  1 
  51677.2664   14.708  0.006    2  1 
  51677.2708   14.711  0.005    2  1 
  51691.0375   14.557  0.002    2  1 
  51691.0444   14.577  0.003    2  1 
  51691.0509   14.603  0.003    2  1 
  51691.0543   14.613  0.004    2  1 
  51691.0579   14.621  0.004    2  1 
  51691.0633   14.636  0.003    2  1 
  51691.0670   14.658  0.002    2  1 
  51691.0711   14.664  0.003    2  1 
  51691.0770   14.667  0.003    2  1 
  51691.0805   14.682  0.004    2  1 
  51691.0840   14.685  0.003    2  1 
  51691.0896   14.694  0.004    2  1 
  51691.0931   14.695  0.003    2  1 
  51691.0971   14.704  0.003    2  1 
  51691.1040   14.709  0.004    2  1 
  51691.1083   14.710  0.004    2  1 
  51691.1122   14.718  0.003    2  1 
  51691.1180   14.704  0.003    2  1 
  51691.1214   14.714  0.003    2  1 
  51691.1249   14.715  0.003    2  1 
  51691.1323   14.710  0.003    2  1 
  51691.1357   14.716  0.003    2  1 
  51691.1392   14.706  0.003    2  1 
  51691.1448   14.699  0.003    2  1 
  51691.1522   14.696  0.002    2  1 
  51691.1561   14.682  0.002    2  1 
  51693.0130   14.401  0.003    2  1 
  51693.0248   14.429  0.003    2  1 
  51693.0305   14.444  0.003    2  1 
  51693.0340   14.447  0.003    2  1 
  51693.0378   14.471  0.003    2  1 
  51694.0082   14.363  0.003    2  1 
  51694.0114   14.371  0.003    2  1 
  51694.0148   14.375  0.003    2  1 
  51694.0202   14.383  0.003    2  1 
  51694.0234   14.396  0.003    2  1 
  51694.0319   14.417  0.003    2  1 
  51694.0351   14.425  0.003    2  1 
  51694.0384   14.430  0.003    2  1 
  51694.0418   14.438  0.003    2  1 
  51694.0472   14.457  0.003    2  1 
  51694.0505   14.468  0.003    2  1 
  51694.0537   14.475  0.003    2  1 
  51694.0590   14.494  0.003    2  1 
  51694.0623   14.507  0.003    2  1 
  51694.0656   14.509  0.003    2  1 
  51694.0714   14.534  0.003    2  1 
  51694.0748   14.542  0.003    2  1 
  51694.0781   14.551  0.003    2  1 
  51694.0836   14.571  0.003    2  1 
  51694.0868   14.580  0.003    2  1 
  51694.0901   14.597  0.003    2  1 
  51694.0957   14.609  0.003    2  1 
  51694.0989   14.619  0.003    2  1 
  51694.1021   14.633  0.003    2  1 
  51694.1075   14.646  0.003    2  1 
  51694.1190   14.676  0.003    2  1 
  51694.1221   14.678  0.003    2  1 
  51694.1252   14.682  0.003    2  1 
  51694.1286   14.695  0.003    2  1 
  51695.0280   14.379  0.003    2  1 
  51695.0317   14.341  0.003    2  1 
  51697.9712   14.417  0.004    2  1 
  51697.9818   14.381  0.003    2  1 
  51765.9746   14.333  0.003    2  1 
  51765.9783   14.334  0.003    2  1 
  51765.9820   14.344  0.003    2  1 
  51766.0194   14.409  0.004    2  1 
  51766.0229   14.416  0.004    2  1 
  51216.3063   15.111  0.004    3  1 
  51216.3342   14.987  0.004    3  1 
  51216.3572   14.820  0.004    3  1 
  51216.3847   14.671  0.003    3  1 
  51217.2936   15.149  0.004    3  1 
  51217.3214   15.117  0.004    3  1 
  51217.3432   14.934  0.003    3  1 
  51217.3852   14.716  0.003    3  1 
  51218.2935   15.129  0.004    3  1 
  51218.3212   15.136  0.004    3  1 
  51218.3442   15.078  0.004    3  1 
  51218.3704   14.926  0.004    3  1 
  51219.2811   15.091  0.002    3  1 
  51219.2844   15.099  0.004    3  1 
  51219.3053   15.118  0.004    3  1 
  51219.3228   15.145  0.004    3  1 
  51219.3465   15.112  0.004    3  1 
  51219.3676   15.032  0.004    3  1 
  51219.3851   14.927  0.004    3  1 
  51220.2805   15.038  0.004    3  1 
  51220.2995   15.089  0.004    3  1 
  51220.3171   15.121  0.004    3  1 
  51220.3349   15.210  0.004    3  1 
  51220.3523   15.134  0.004    3  1 
  51220.3689   15.092  0.004    3  1 
  51220.3877   14.978  0.004    3  1 
  51221.2691   14.925  0.003    3  1 
  51221.2915   15.021  0.004    3  1 
  51221.3097   15.095  0.004    3  1 
  51221.3270   15.102  0.004    3  1 
  51221.3437   15.139  0.004    3  1 
  51221.3619   15.142  0.004    3  1 
  51221.3854   15.096  0.004    3  1 
  51283.2237   15.146  0.004    3  1 
  51283.2601   14.975  0.003    3  1 
  51283.2830   14.790  0.003    3  1 
  51283.3050   14.695  0.003    3  1 
  51283.3367   14.640  0.003    3  1 
  51283.3600   14.636  0.003    3  1 
  51284.2056   15.155  0.004    3  1 
  51284.2337   15.145  0.004    3  1 
  51284.2542   15.085  0.004    3  1 
  51284.2806   14.918  0.003    3  1 
  51284.3075   14.731  0.003    3  1 
  51284.3333   14.674  0.003    3  1 
  51285.0371   14.576  0.002    3  1 
  51285.0646   14.615  0.003    3  1 
  51285.0885   14.675  0.003    3  1 
  51285.1182   14.782  0.003    3  1 
  51285.1470   14.934  0.003    3  1 
  51285.1698   15.046  0.004    3  1 
  51285.1988   15.139  0.004    3  1 
  51285.2270   15.156  0.004    3  1 
  51285.2539   15.129  0.004    3  1 
  51285.2851   14.988  0.003    3  1 
  51285.3202   14.724  0.003    3  1 
  51285.3496   14.675  0.003    3  1 
  51286.0308   14.648  0.002    3  1 
  51286.0619   14.580  0.003    3  1 
  51286.0871   14.632  0.003    3  1 
  51286.0921   14.646  0.003    3  1 
  51286.1226   14.746  0.003    3  1 
  51286.1512   14.889  0.003    3  1 
  51286.1789   15.031  0.003    3  1 
  51286.2076   15.141  0.004    3  1 
  51286.2389   15.171  0.004    3  1 
  51286.2613   15.160  0.004    3  1 
  51286.2889   15.061  0.003    3  1 
  51286.3108   14.899  0.003    3  1 
  51286.3335   14.726  0.003    3  1 
  51286.3566   14.691  0.003    3  1 
  51304.9734   14.628  0.003    3  1 
  51305.0076   14.644  0.003    3  1 
  51305.0510   14.777  0.003    3  1 
  51305.0770   14.892  0.004    3  1 
  51305.1004   14.998  0.004    3  1 
  51305.1407   15.118  0.005    3  1 
  51305.1707   15.137  0.004    3  1 
  51305.1996   15.101  0.004    3  1 
  51305.2299   14.944  0.004    3  1 
  51305.2561   14.748  0.003    3  1 
  51305.2836   14.699  0.003    3  1 
  51305.3139   14.674  0.003    3  1 
  51305.9733   14.652  0.003    3  1 
  51306.0117   14.630  0.002    3  1 
  51306.0157   14.652  0.003    3  1 
  51306.0375   14.680  0.003    3  1 
  51306.0735   14.813  0.003    3  1 
  51306.1026   14.912  0.003    3  1 
  51306.1285   15.042  0.003    3  1 
  51306.1517   15.099  0.004    3  1 
  51306.1807   15.148  0.004    3  1 
  51306.2059   15.110  0.003    3  1 
  51306.2269   15.046  0.003    3  1 
  51306.2491   14.904  0.003    3  1 
  51306.2725   14.728  0.003    3  1 
  51306.2932   14.705  0.003    3  1 
  51308.0249   14.613  0.002    3  1 
  51308.0524   14.648  0.003    3  1 
  51308.0811   14.717  0.002    3  1 
  51308.0851   14.733  0.002    3  1 
  51308.1202   14.880  0.003    3  1 
  51310.1272   14.788  0.003    3  1 
  51310.1308   14.807  0.003    3  1 
  51314.9714   15.162  0.004    3  1 
  51315.0138   15.066  0.003    3  1 
  51315.0372   14.900  0.003    3  1 
  51315.0710   14.664  0.003    3  1 
  51315.0946   14.645  0.003    3  1 
  51315.1180   14.592  0.003    3  1 
  51316.0597   14.821  0.003    3  1 
  51316.0832   14.672  0.003    3  1 
  51316.1079   14.645  0.003    3  1 
  51316.9780   15.146  0.004    3  1 
  51317.0013   15.153  0.004    3  1 
  51317.0241   15.108  0.004    3  1 
  51317.0523   15.013  0.004    3  1 
  51317.0782   14.790  0.003    3  1 
  51317.1035   14.676  0.003    3  1 
  51317.9808   15.126  0.004    3  1 
  51318.0060   15.145  0.004    3  1 
  51318.0331   15.097  0.004    3  1 
  51318.0898   14.808  0.004    3  1 
  51318.1183   14.703  0.004    3  1 
  51318.9811   15.094  0.004    3  1 
  51319.0058   15.154  0.004    3  1 
  51319.0315   15.149  0.004    3  1 
  51319.0717   15.061  0.004    3  1 
  51319.0961   14.877  0.003    3  1 
  51320.1175   14.813  0.003    3  1 
  51321.0434   15.141  0.003    3  1 
  51321.0965   15.073  0.003    3  1 
  51321.1252   14.852  0.003    3  1 
  51333.0403   14.603  0.003    3  1 
  51333.1062   14.808  0.003    3  1 
  51334.9989   14.697  0.003    3  1 
  51335.0432   14.623  0.003    3  1 
  51335.0972   14.681  0.003    3  1 
  51335.1083   14.709  0.003    3  1 
  51336.0103   14.696  0.003    3  1 
  51336.0508   14.636  0.003    3  1 
  51336.0891   14.620  0.003    3  1 
  51338.0075   14.929  0.004    3  1 
  51338.9740   15.114  0.003    3  1 
  51339.0046   15.036  0.004    3  1 
  51339.0385   14.781  0.003    3  1 
  51339.0685   14.651  0.003    3  1 
  51339.1006   14.622  0.003    3  1 
  51339.1280   14.629  0.003    3  1 
  51339.9665   15.133  0.004    3  1 
  51339.9935   15.119  0.004    3  1 
  51340.0189   15.041  0.003    3  1 
  51340.0441   14.860  0.003    3  1 
  51340.0753   14.671  0.003    3  1 
  51340.1041   14.656  0.003    3  1 
  51345.0430   15.142  0.004    3  1 
  51345.0736   15.115  0.003    3  1 
  51345.9747   14.903  0.004    3  1 
  51346.0101   15.055  0.004    3  1 
  51346.0388   15.127  0.004    3  1 
  51346.0670   15.157  0.004    3  1 
  51347.0317   15.086  0.003    3  1 
  51347.0645   15.144  0.004    3  1 
  51347.0896   15.143  0.003    3  1 
  51347.9638   14.743  0.003    3  1 
  51348.0146   14.959  0.003    3  1 
  51348.9591   14.672  0.003    3  1 
  51349.0243   14.942  0.003    3  1 
  51349.9679   14.641  0.003    3  1 
  51364.9721   15.159  0.004    3  1 
  51380.9890   14.664  0.003    3  1 
  51381.9751   14.693  0.003    3  1 
  51382.9716   14.820  0.003    3  1 
  51383.9680   14.975  0.003    3  1 
  51384.9688   15.032  0.003    3  1 
  51385.9645   15.131  0.003    3  1 
  51386.9859   15.109  0.004    3  1 
  51388.9699   15.119  0.004    3  1 
  51389.9715   15.130  0.003    3  1 
  51390.9663   15.087  0.003    3  1 
  51672.0213   14.624  0.003    3  1 
  51674.0796   14.699  0.003    3  1 
  51674.9989   14.672  0.003    3  1 
  51675.0396   14.613  0.003    3  1 
  51693.0053   14.648  0.003    3  1 
  51694.0012   14.614  0.003    3  1 
  51765.9863   14.646  0.003    3  1 
  51766.0153   14.729  0.004    3  1 
 56468.97641   13.267  0.016   -1  1 
 56469.04707   13.509  0.019   -1  1 
 56469.10896   13.316  0.021   -1  1 
 56469.17285   13.494  0.007   -1  1 
 56471.00364   13.404  0.018   -1  1 
 56471.06640   13.440  0.009   -1  1 
 56471.12490   13.519  0.016   -1  1 
 56471.18188   13.766  0.024   -1  1 
 56471.96759   13.726  0.021   -1  1 
 56472.03374   13.515  0.014   -1  1 
 56472.09484   13.394  0.006   -1  1 
 56472.15243   13.622  0.025   -1  1 
 56468.95296   13.468  0.023   -2  1 
 56469.02441   13.371  0.019   -2  1 
 56469.08813   13.421  0.017   -2  1 
 56469.15134   13.430  0.013   -2  1 
 56471.02588   13.403  0.013   -2  1 
 56471.08671   13.434  0.020   -2  1 
 56471.14302   13.486  0.015   -2  1 
 56471.94704   13.468  0.015   -2  1 
 56472.01085   13.514  0.039   -2  1 
 56472.07480   13.575  0.025   -2  1 
 56472.13240   13.375  0.006   -2  1 
 56472.19216   13.454  0.004   -2  1 
 56469.00041   13.576  0.011   -5  1 
 56469.06767   13.562  0.006   -5  1 
 56469.13003   13.674  0.004   -5  1 
 56469.19349   13.753  0.019   -5  1 
 56470.98130   13.669  0.008   -5  1 
 56471.04693   13.596  0.012   -5  1 
 56471.10523   13.614  0.015   -5  1 
 56471.16397   13.698  0.012   -5  1 
 56471.98857   13.625  0.011   -5  1 
 56472.05430   13.600  0.008   -5  1 
 56472.11383   13.576  0.007   -5  1 
 56472.17109   13.684  0.018   -5  1 
