  51216.2987   14.688  0.004    2  1 
  51216.3275   14.751  0.004    2  1 
  51216.3519   14.773  0.004    2  1 
  51216.3771   14.773  0.004    2  1 
  51217.2851   14.620  0.004    2  1 
  51217.3152   14.714  0.004    2  1 
  51217.3378   14.758  0.004    2  1 
  51217.3598   14.774  0.004    2  1 
  51217.3804   14.779  0.004    2  1 
  51218.3013   14.635  0.004    2  1 
  51218.3254   14.709  0.004    2  1 
  51218.3504   14.758  0.004    2  1 
  51218.3753   14.771  0.004    2  1 
  51219.2775   14.535  0.004    2  1 
  51219.3014   14.615  0.004    2  1 
  51219.3186   14.670  0.004    2  1 
  51219.3397   14.725  0.004    2  1 
  51219.3635   14.761  0.004    2  1 
  51219.3810   14.777  0.004    2  1 
  51220.2867   14.538  0.004    2  1 
  51220.3036   14.593  0.004    2  1 
  51220.3219   14.659  0.004    2  1 
  51220.3391   14.708  0.004    2  1 
  51220.3564   14.749  0.004    2  1 
  51220.3729   14.767  0.004    2  1 
  51220.3920   14.771  0.004    2  1 
  51221.2619   14.445  0.004    2  1 
  51221.2873   14.518  0.004    2  1 
  51221.3052   14.576  0.004    2  1 
  51221.3230   14.636  0.004    2  1 
  51221.3396   14.687  0.004    2  1 
  51221.3577   14.733  0.004    2  1 
  51221.3762   14.763  0.004    2  1 
  51283.2102   14.733  0.004    2  1 
  51283.2288   14.683  0.004    2  1 
  51283.2338   14.647  0.004    2  1 
  51283.2391   14.617  0.004    2  1 
  51283.2642   14.442  0.003    2  1 
  51283.2680   14.425  0.003    2  1 
  51283.2868   14.415  0.003    2  1 
  51283.2902   14.418  0.003    2  1 
  51283.3138   14.390  0.003    2  1 
  51283.3170   14.392  0.003    2  1 
  51283.3408   14.404  0.003    2  1 
  51283.3447   14.408  0.003    2  1 
  51283.3642   14.449  0.003    2  1 
  51283.3673   14.453  0.003    2  1 
  51284.1955   14.755  0.004    2  1 
  51284.1993   14.759  0.004    2  1 
  51284.2266   14.718  0.004    2  1 
  51284.2298   14.696  0.004    2  1 
  51284.2475   14.606  0.004    2  1 
  51284.2506   14.581  0.003    2  1 
  51284.2679   14.455  0.003    2  1 
  51284.2711   14.441  0.003    2  1 
  51284.3004   14.414  0.003    2  1 
  51284.3036   14.412  0.003    2  1 
  51284.3257   14.384  0.003    2  1 
  51284.3289   14.388  0.003    2  1 
  51285.0269   14.402  0.003    2  1 
  51285.0299   14.406  0.003    2  1 
  51285.0577   14.460  0.003    2  1 
  51285.0607   14.468  0.003    2  1 
  51285.0814   14.524  0.003    2  1 
  51285.0847   14.531  0.003    2  1 
  51285.1052   14.590  0.003    2  1 
  51285.1084   14.602  0.003    2  1 
  51285.1396   14.697  0.004    2  1 
  51285.1427   14.709  0.003    2  1 
  51285.1624   14.745  0.004    2  1 
  51285.1654   14.743  0.004    2  1 
  51285.1891   14.758  0.004    2  1 
  51285.1924   14.760  0.004    2  1 
  51285.2195   14.746  0.004    2  1 
  51285.2227   14.744  0.004    2  1 
  51285.2468   14.657  0.003    2  1 
  51285.2498   14.639  0.003    2  1 
  51285.2738   14.466  0.003    2  1 
  51285.2775   14.441  0.003    2  1 
  51285.3077   14.408  0.003    2  1 
  51285.3112   14.411  0.003    2  1 
  51285.3425   14.389  0.003    2  1 
  51285.3456   14.390  0.003    2  1 
  51286.0177   14.374  0.003    2  1 
  51286.0241   14.386  0.003    2  1 
  51286.0542   14.438  0.003    2  1 
  51286.0574   14.439  0.003    2  1 
  51286.0794   14.494  0.003    2  1 
  51286.0832   14.508  0.003    2  1 
  51286.1105   14.597  0.003    2  1 
  51286.1136   14.599  0.003    2  1 
  51286.1441   14.687  0.003    2  1 
  51286.1472   14.701  0.003    2  1 
  51286.1708   14.746  0.004    2  1 
  51286.1740   14.751  0.004    2  1 
  51286.1969   14.764  0.004    2  1 
  51286.2002   14.766  0.004    2  1 
  51286.2322   14.738  0.004    2  1 
  51286.2352   14.735  0.004    2  1 
  51286.2544   14.655  0.003    2  1 
  51286.2573   14.640  0.004    2  1 
  51286.2785   14.491  0.003    2  1 
  51286.2816   14.469  0.003    2  1 
  51286.3149   14.413  0.003    2  1 
  51286.3179   14.409  0.003    2  1 
  51286.3375   14.384  0.003    2  1 
  51286.3409   14.387  0.003    2  1 
  51286.3604   14.397  0.003    2  1 
  51286.3635   14.403  0.003    2  1 
  51286.3665   14.407  0.003    2  1 
  51304.9667   14.733  0.003    2  1 
  51304.9697   14.748  0.003    2  1 
  51304.9956   14.765  0.003    2  1 
  51304.9985   14.764  0.003    2  1 
  51305.0393   14.747  0.004    2  1 
  51305.0423   14.739  0.003    2  1 
  51305.0812   14.529  0.004    2  1 
  51305.0852   14.501  0.004    2  1 
  51305.1040   14.426  0.003    2  1 
  51305.1077   14.417  0.003    2  1 
  51305.1328   14.400  0.003    2  1 
  51305.1357   14.388  0.003    2  1 
  51305.1582   14.370  0.004    2  1 
  51305.1616   14.374  0.004    2  1 
  51305.1919   14.427  0.004    2  1 
  51305.1953   14.434  0.004    2  1 
  51305.2170   14.482  0.004    2  1 
  51305.2202   14.494  0.004    2  1 
  51305.2493   14.582  0.003    2  1 
  51305.2523   14.593  0.003    2  1 
  51305.2764   14.673  0.004    2  1 
  51305.2796   14.671  0.004    2  1 
  51305.3025   14.739  0.004    2  1 
  51305.3054   14.733  0.004    2  1 
  51305.9643   14.716  0.003    2  1 
  51305.9672   14.718  0.003    2  1 
  51305.9940   14.762  0.003    2  1 
  51305.9970   14.768  0.003    2  1 
  51305.9997   14.772  0.003    2  1 
  51306.0313   14.767  0.003    2  1 
  51306.0340   14.767  0.003    2  1 
  51306.0638   14.690  0.003    2  1 
  51306.0674   14.669  0.003    2  1 
  51306.0960   14.478  0.003    2  1 
  51306.0990   14.467  0.003    2  1 
  51306.1183   14.416  0.003    2  1 
  51306.1209   14.413  0.003    2  1 
  51306.1434   14.383  0.003    2  1 
  51306.1474   14.370  0.004    2  1 
  51306.1743   14.384  0.003    2  1 
  51306.1770   14.384  0.003    2  1 
  51306.1996   14.424  0.003    2  1 
  51306.2025   14.427  0.002    2  1 
  51306.2207   14.468  0.003    2  1 
  51306.2235   14.479  0.003    2  1 
  51306.2407   14.532  0.003    2  1 
  51306.2432   14.541  0.003    2  1 
  51306.2458   14.549  0.003    2  1 
  51306.2665   14.616  0.003    2  1 
  51306.2691   14.630  0.003    2  1 
  51306.2862   14.687  0.003    2  1 
  51306.2895   14.690  0.003    2  1 
  51306.3068   14.737  0.003    2  1 
  51306.3101   14.741  0.004    2  1 
  51306.9828   14.740  0.005    2  1 
  51306.9870   14.748  0.003    2  1 
  51307.0161   14.767  0.003    2  1 
  51307.0270   14.773  0.004    2  1 
  51307.0388   14.764  0.004    2  1 
  51307.0824   14.630  0.004    2  1 
  51307.9862   14.740  0.003    2  1 
  51307.9901   14.739  0.003    2  1 
  51308.0178   14.766  0.003    2  1 
  51308.0212   14.762  0.003    2  1 
  51308.0443   14.771  0.003    2  1 
  51308.0713   14.722  0.003    2  1 
  51308.0749   14.710  0.003    2  1 
  51308.0779   14.697  0.003    2  1 
  51308.1072   14.507  0.003    2  1 
  51308.1114   14.478  0.003    2  1 
  51310.1342   14.437  0.003    2  1 
  51310.1371   14.431  0.003    2  1 
  51310.1402   14.419  0.003    2  1 
  51314.9621   14.488  0.004    2  1 
  51314.9650   14.512  0.003    2  1 
  51314.9679   14.518  0.003    2  1 
  51314.9914   14.597  0.003    2  1 
  51314.9943   14.608  0.003    2  1 
  51314.9972   14.616  0.003    2  1 
  51315.0171   14.682  0.003    2  1 
  51315.0197   14.697  0.003    2  1 
  51315.0224   14.700  0.003    2  1 
  51315.0409   14.745  0.003    2  1 
  51315.0436   14.745  0.003    2  1 
  51315.0462   14.750  0.003    2  1 
  51315.0650   14.777  0.003    2  1 
  51315.0677   14.774  0.003    2  1 
  51315.0860   14.779  0.003    2  1 
  51315.0887   14.778  0.003    2  1 
  51315.0913   14.777  0.003    2  1 
  51315.1094   14.759  0.003    2  1 
  51315.1121   14.756  0.003    2  1 
  51315.1148   14.753  0.003    2  1 
  51316.0277   14.700  0.003    2  1 
  51316.0303   14.705  0.003    2  1 
  51316.0330   14.707  0.003    2  1 
  51316.0511   14.748  0.003    2  1 
  51316.0538   14.756  0.003    2  1 
  51316.0565   14.760  0.003    2  1 
  51316.0746   14.774  0.003    2  1 
  51316.0773   14.771  0.003    2  1 
  51316.0800   14.783  0.003    2  1 
  51316.0992   14.775  0.004    2  1 
  51316.1020   14.775  0.003    2  1 
  51316.1046   14.770  0.003    2  1 
  51316.1228   14.748  0.003    2  1 
  51316.1255   14.746  0.003    2  1 
  51316.1281   14.735  0.003    2  1 
  51316.9815   14.512  0.003    2  1 
  51316.9843   14.520  0.003    2  1 
  51316.9869   14.536  0.003    2  1 
  51316.9978   14.570  0.003    2  1 
  51317.0147   14.628  0.003    2  1 
  51317.0176   14.639  0.004    2  1 
  51317.0205   14.647  0.004    2  1 
  51317.0420   14.711  0.004    2  1 
  51317.0450   14.719  0.004    2  1 
  51317.0483   14.729  0.004    2  1 
  51317.0689   14.765  0.004    2  1 
  51317.0718   14.766  0.004    2  1 
  51317.0747   14.770  0.004    2  1 
  51317.0946   14.774  0.004    2  1 
  51317.0974   14.781  0.003    2  1 
  51317.1000   14.776  0.004    2  1 
  51317.1199   14.769  0.004    2  1 
  51317.1228   14.762  0.004    2  1 
  51317.1257   14.759  0.004    2  1 
  51317.9715   14.472  0.003    2  1 
  51317.9744   14.466  0.003    2  1 
  51317.9772   14.477  0.003    2  1 
  51317.9970   14.540  0.003    2  1 
  51317.9998   14.547  0.003    2  1 
  51318.0025   14.563  0.003    2  1 
  51318.0227   14.631  0.004    2  1 
  51318.0260   14.641  0.004    2  1 
  51318.0292   14.646  0.004    2  1 
  51318.0510   14.718  0.004    2  1 
  51318.0542   14.722  0.004    2  1 
  51318.0575   14.738  0.004    2  1 
  51318.0795   14.765  0.004    2  1 
  51318.0827   14.766  0.004    2  1 
  51318.0859   14.770  0.004    2  1 
  51318.1079   14.761  0.005    2  1 
  51318.1111   14.771  0.005    2  1 
  51318.1144   14.757  0.005    2  1 
  51318.9846   14.476  0.003    2  1 
  51318.9874   14.483  0.003    2  1 
  51318.9902   14.495  0.003    2  1 
  51319.0093   14.552  0.003    2  1 
  51319.0122   14.566  0.003    2  1 
  51319.0151   14.578  0.004    2  1 
  51319.0351   14.642  0.004    2  1 
  51319.0380   14.652  0.004    2  1 
  51319.0411   14.661  0.004    2  1 
  51319.0623   14.720  0.004    2  1 
  51319.0653   14.729  0.004    2  1 
  51319.0682   14.734  0.004    2  1 
  51319.0874   14.764  0.003    2  1 
  51319.0902   14.773  0.003    2  1 
  51319.0928   14.767  0.003    2  1 
  51319.1137   14.771  0.003    2  1 
  51319.1164   14.776  0.003    2  1 
  51319.1190   14.776  0.003    2  1 
  51320.0869   14.761  0.003    2  1 
  51320.0909   14.756  0.003    2  1 
  51320.1531   14.747  0.003    2  1 
  51320.1557   14.739  0.003    2  1 
  51320.1584   14.728  0.003    2  1 
  51320.9810   14.432  0.003    2  1 
  51320.9838   14.440  0.003    2  1 
  51321.0292   14.574  0.003    2  1 
  51321.0466   14.634  0.003    2  1 
  51321.0491   14.648  0.003    2  1 
  51321.0517   14.649  0.003    2  1 
  51321.0689   14.708  0.003    2  1 
  51321.0714   14.712  0.003    2  1 
  51321.0740   14.714  0.003    2  1 
  51321.0997   14.767  0.003    2  1 
  51321.1023   14.756  0.003    2  1 
  51321.1049   14.770  0.003    2  1 
  51321.1074   14.768  0.003    2  1 
  51321.1100   14.771  0.003    2  1 
  51321.1285   14.776  0.003    2  1 
  51321.1311   14.774  0.003    2  1 
  51332.9607   14.469  0.005    2  1 
  51332.9651   14.450  0.005    2  1 
  51332.9797   14.417  0.004    2  1 
  51332.9834   14.418  0.004    2  1 
  51333.0005   14.404  0.004    2  1 
  51333.0039   14.406  0.004    2  1 
  51333.0156   14.382  0.004    2  1 
  51333.0192   14.385  0.004    2  1 
  51333.0445   14.403  0.004    2  1 
  51333.0479   14.407  0.004    2  1 
  51333.0636   14.429  0.005    2  1 
  51333.0681   14.443  0.005    2  1 
  51333.0834   14.473  0.004    2  1 
  51333.0869   14.477  0.004    2  1 
  51333.0981   14.511  0.004    2  1 
  51333.1018   14.517  0.004    2  1 
  51333.1258   14.596  0.004    2  1 
  51333.1294   14.611  0.005    2  1 
  51333.1410   14.647  0.005    2  1 
  51333.1452   14.656  0.005    2  1 
  51333.1492   14.670  0.005    2  1 
  51333.1642   14.710  0.005    2  1 
  51333.1679   14.717  0.004    2  1 
  51334.9778   14.445  0.003    2  1 
  51334.9806   14.434  0.003    2  1 
  51335.0115   14.400  0.003    2  1 
  51335.0145   14.395  0.003    2  1 
  51335.0237   14.383  0.003    2  1 
  51335.0269   14.376  0.003    2  1 
  51335.0365   14.380  0.003    2  1 
  51335.0396   14.383  0.003    2  1 
  51335.0624   14.405  0.004    2  1 
  51335.0658   14.406  0.004    2  1 
  51335.0766   14.426  0.004    2  1 
  51335.0800   14.431  0.004    2  1 
  51335.1009   14.478  0.003    2  1 
  51335.1041   14.480  0.004    2  1 
  51335.9585   14.609  0.004    2  1 
  51335.9619   14.583  0.004    2  1 
  51335.9661   14.550  0.004    2  1 
  51335.9693   14.535  0.004    2  1 
  51335.9855   14.440  0.003    2  1 
  51335.9915   14.420  0.003    2  1 
  51335.9966   14.413  0.003    2  1 
  51336.0139   14.403  0.003    2  1 
  51336.0172   14.404  0.003    2  1 
  51336.0275   14.392  0.003    2  1 
  51336.0306   14.383  0.003    2  1 
  51336.0439   14.379  0.003    2  1 
  51336.0470   14.378  0.003    2  1 
  51336.0662   14.401  0.004    2  1 
  51336.0696   14.402  0.004    2  1 
  51336.0728   14.406  0.004    2  1 
  51336.0954   14.448  0.004    2  1 
  51336.0989   14.461  0.004    2  1 
  51336.1119   14.491  0.004    2  1 
  51336.1153   14.497  0.004    2  1 
  51336.1297   14.537  0.004    2  1 
  51336.1557   14.621  0.005    2  1 
  51336.1600   14.635  0.005    2  1 
  51336.1647   14.647  0.006    2  1 
  51336.9567   14.661  0.002    2  1 
  51337.0022   14.432  0.003    2  1 
  51337.9827   14.543  0.004    2  1 
  51337.9868   14.518  0.004    2  1 
  51337.9997   14.450  0.004    2  1 
  51338.0033   14.439  0.004    2  1 
  51338.0231   14.409  0.004    2  1 
  51338.0265   14.414  0.004    2  1 
  51338.0304   14.414  0.004    2  1 
  51338.9791   14.618  0.003    2  1 
  51338.9849   14.584  0.003    2  1 
  51339.0116   14.438  0.004    2  1 
  51339.0151   14.434  0.004    2  1 
  51339.0441   14.400  0.004    2  1 
  51339.0477   14.393  0.004    2  1 
  51339.0513   14.394  0.004    2  1 
  51339.0774   14.392  0.004    2  1 
  51339.0807   14.396  0.004    2  1 
  51339.1053   14.416  0.004    2  1 
  51339.1093   14.441  0.004    2  1 
  51339.1327   14.485  0.004    2  1 
  51339.1363   14.499  0.004    2  1 
  51339.9588   14.730  0.004    2  1 
  51339.9627   14.720  0.004    2  1 
  51339.9835   14.633  0.003    2  1 
  51339.9874   14.609  0.003    2  1 
  51340.0115   14.465  0.003    2  1 
  51340.0146   14.456  0.003    2  1 
  51340.0349   14.429  0.003    2  1 
  51340.0380   14.428  0.003    2  1 
  51340.0659   14.395  0.003    2  1 
  51340.0696   14.394  0.003    2  1 
  51340.0938   14.407  0.004    2  1 
  51340.0983   14.422  0.004    2  1 
  51340.1334   14.480  0.004    2  1 
  51340.1366   14.482  0.004    2  1 
  51344.9654   14.753  0.003    2  1 
  51344.9786   14.751  0.003    2  1 
  51344.9829   14.752  0.004    2  1 
  51345.0052   14.715  0.004    2  1 
  51345.0092   14.694  0.003    2  1 
  51345.0132   14.684  0.003    2  1 
  51345.0170   14.667  0.004    2  1 
  51345.0353   14.557  0.003    2  1 
  51345.0390   14.533  0.003    2  1 
  51345.0645   14.432  0.003    2  1 
  51345.0690   14.429  0.003    2  1 
  51345.9658   14.749  0.005    2  1 
  51345.9696   14.748  0.005    2  1 
  51345.9999   14.739  0.005    2  1 
  51346.0043   14.729  0.005    2  1 
  51346.0310   14.624  0.004    2  1 
  51346.0343   14.605  0.004    2  1 
  51346.0571   14.471  0.004    2  1 
  51346.0604   14.459  0.004    2  1 
  51347.0221   14.699  0.004    2  1 
  51347.0274   14.683  0.003    2  1 
  51347.0562   14.507  0.003    2  1 
  51347.0597   14.493  0.003    2  1 
  51347.0815   14.429  0.003    2  1 
  51347.0850   14.425  0.003    2  1 
  51347.9581   14.733  0.004    2  1 
  51347.9877   14.756  0.004    2  1 
  51347.9914   14.754  0.004    2  1 
  51347.9948   14.756  0.004    2  1 
  51348.0181   14.737  0.004    2  1 
  51348.0211   14.726  0.004    2  1 
  51348.0849   14.450  0.005    2  1 
  51348.0897   14.431  0.004    2  1 
  51348.1054   14.427  0.004    2  1 
  51348.1088   14.418  0.004    2  1 
  51348.1122   14.414  0.004    2  1 
  51348.9528   14.717  0.003    2  1 
  51348.9557   14.717  0.004    2  1 
  51348.9795   14.742  0.004    2  1 
  51348.9824   14.748  0.004    2  1 
  51348.9941   14.753  0.004    2  1 
  51349.0152   14.743  0.004    2  1 
  51349.0189   14.742  0.004    2  1 
  51349.9596   14.706  0.003    2  1 
  51349.9627   14.711  0.003    2  1 
  51349.9911   14.748  0.004    2  1 
  51349.9944   14.745  0.004    2  1 
  51350.0097   14.748  0.004    2  1 
  51350.0128   14.749  0.004    2  1 
  51350.0228   14.742  0.004    2  1 
  51380.9714   14.428  0.003    2  1 
  51380.9769   14.404  0.003    2  1 
  51380.9801   14.400  0.003    2  1 
  51380.9845   14.402  0.003    2  1 
  51381.0066   14.399  0.003    2  1 
  51381.0096   14.393  0.003    2  1 
  51381.0136   14.381  0.003    2  1 
  51381.9638   14.522  0.003    2  1 
  51381.9679   14.500  0.003    2  1 
  51381.9716   14.475  0.004    2  1 
  51381.9917   14.413  0.003    2  1 
  51381.9946   14.420  0.003    2  1 
  51382.9605   14.608  0.003    2  1 
  51382.9652   14.569  0.003    2  1 
  51382.9682   14.555  0.004    2  1 
  51382.9887   14.422  0.003    2  1 
  51382.9916   14.416  0.003    2  1 
  51383.9595   14.655  0.003    2  1 
  51383.9621   14.638  0.003    2  1 
  51383.9648   14.625  0.003    2  1 
  51383.9826   14.497  0.003    2  1 
  51383.9853   14.484  0.003    2  1 
  51384.9606   14.689  0.003    2  1 
  51384.9631   14.673  0.003    2  1 
  51384.9657   14.665  0.003    2  1 
  51384.9827   14.550  0.003    2  1 
  51384.9853   14.533  0.003    2  1 
  51385.9557   14.725  0.003    2  1 
  51385.9589   14.715  0.003    2  1 
  51385.9615   14.711  0.003    2  1 
  51385.9788   14.634  0.003    2  1 
  51385.9814   14.613  0.003    2  1 
  51386.9731   14.697  0.004    2  1 
  51386.9769   14.673  0.004    2  1 
  51386.9807   14.659  0.004    2  1 
  51387.0101   14.454  0.003    2  1 
  51387.0139   14.433  0.003    2  1 
  51387.0177   14.418  0.003    2  1 
  51388.9571   14.745  0.004    2  1 
  51388.9622   14.749  0.004    2  1 
  51388.9659   14.745  0.004    2  1 
  51388.9899   14.696  0.004    2  1 
  51388.9932   14.681  0.004    2  1 
  51389.9629   14.757  0.003    2  1 
  51389.9656   14.756  0.003    2  1 
  51389.9683   14.760  0.003    2  1 
  51390.9578   14.761  0.003    2  1 
  51390.9604   14.765  0.003    2  1 
  51390.9631   14.744  0.004    2  1 
  51391.9583   14.759  0.003    2  1 
  51391.9609   14.756  0.003    2  1 
  51391.9634   14.762  0.003    2  1 
  51646.1374   14.769  0.004    2  1 
  51646.1447   14.755  0.005    2  1 
  51646.1486   14.763  0.005    2  1 
  51646.1532   14.763  0.004    2  1 
  51646.1570   14.740  0.005    2  1 
  51646.1609   14.745  0.005    2  1 
  51646.1649   14.744  0.005    2  1 
  51646.1687   14.744  0.005    2  1 
  51646.1727   14.736  0.004    2  1 
  51646.1764   14.722  0.004    2  1 
  51646.1801   14.712  0.004    2  1 
  51646.1837   14.699  0.004    2  1 
  51646.1871   14.680  0.004    2  1 
  51646.1907   14.665  0.004    2  1 
  51646.1944   14.641  0.004    2  1 
  51646.1983   14.615  0.004    2  1 
  51646.2025   14.578  0.004    2  1 
  51646.2065   14.547  0.004    2  1 
  51646.2100   14.518  0.004    2  1 
  51646.2138   14.483  0.004    2  1 
  51646.2172   14.456  0.003    2  1 
  51646.2206   14.436  0.003    2  1 
  51646.2245   14.415  0.003    2  1 
  51646.2283   14.404  0.003    2  1 
  51646.2320   14.392  0.003    2  1 
  51646.2362   14.387  0.003    2  1 
  51646.2394   14.391  0.003    2  1 
  51646.2426   14.395  0.003    2  1 
  51646.2457   14.400  0.003    2  1 
  51646.2489   14.401  0.003    2  1 
  51646.2523   14.410  0.003    2  1 
  51646.2557   14.391  0.003    2  1 
  51646.2591   14.385  0.003    2  1 
  51646.2626   14.384  0.004    2  1 
  51646.2660   14.371  0.003    2  1 
  51646.2694   14.391  0.004    2  1 
  51646.2730   14.384  0.004    2  1 
  51646.2769   14.408  0.004    2  1 
  51646.2811   14.412  0.004    2  1 
  51646.2852   14.390  0.004    2  1 
  51646.2895   14.378  0.004    2  1 
  51646.2939   14.410  0.004    2  1 
  51646.2986   14.409  0.004    2  1 
  51646.3027   14.424  0.004    2  1 
  51646.3070   14.408  0.004    2  1 
  51646.3111   14.413  0.004    2  1 
  51646.3151   14.414  0.004    2  1 
  51646.3189   14.421  0.003    2  1 
  51646.3225   14.431  0.003    2  1 
  51646.3260   14.434  0.003    2  1 
  51646.3296   14.450  0.004    2  1 
  51646.3330   14.453  0.003    2  1 
  51646.3377   14.472  0.004    2  1 
  51646.3414   14.474  0.004    2  1 
  51646.3451   14.477  0.004    2  1 
  51646.3496   14.494  0.003    2  1 
  51646.3530   14.508  0.004    2  1 
  51646.3568   14.514  0.004    2  1 
  51646.3602   14.537  0.004    2  1 
  51646.3637   14.540  0.004    2  1 
  51646.3679   14.548  0.004    2  1 
  51646.3713   14.565  0.004    2  1 
  51646.3746   14.569  0.004    2  1 
  51671.0353   14.664  0.004    2  1 
  51671.0475   14.560  0.003    2  1 
  51671.0585   14.494  0.003    2  1 
  51671.0649   14.448  0.003    2  1 
  51671.0721   14.406  0.003    2  1 
  51671.0771   14.404  0.004    2  1 
  51671.1013   14.395  0.003    2  1 
  51671.1053   14.383  0.003    2  1 
  51671.1107   14.377  0.003    2  1 
  51671.1151   14.366  0.003    2  1 
  51671.1292   14.362  0.003    2  1 
  51671.9878   14.776  0.003    2  1 
  51671.9920   14.771  0.003    2  1 
  51672.0277   14.779  0.004    2  1 
  51672.0316   14.755  0.004    2  1 
  51672.0822   14.437  0.003    2  1 
  51674.0685   14.596  0.004    2  1 
  51674.0726   14.564  0.005    2  1 
  51674.1052   14.401  0.004    2  1 
  51674.1117   14.408  0.004    2  1 
  51674.1260   14.394  0.003    2  1 
  51674.1296   14.385  0.003    2  1 
  51674.1332   14.373  0.003    2  1 
  51674.1368   14.374  0.003    2  1 
  51674.1405   14.368  0.003    2  1 
  51674.1444   14.370  0.003    2  1 
  51674.9689   14.755  0.004    2  1 
  51674.9724   14.744  0.004    2  1 
  51674.9867   14.765  0.004    2  1 
  51674.9911   14.766  0.005    2  1 
  51675.0041   14.771  0.005    2  1 
  51675.0121   14.772  0.005    2  1 
  51675.0159   14.769  0.005    2  1 
  51675.0253   14.772  0.004    2  1 
  51675.0289   14.763  0.004    2  1 
  51675.0351   14.763  0.004    2  1 
  51675.0465   14.754  0.004    2  1 
  51675.0521   14.724  0.004    2  1 
  51675.0558   14.717  0.004    2  1 
  51675.0622   14.686  0.004    2  1 
  51675.0661   14.661  0.004    2  1 
  51675.0719   14.629  0.004    2  1 
  51675.0756   14.599  0.004    2  1 
  51675.0814   14.550  0.004    2  1 
  51675.0858   14.513  0.004    2  1 
  51675.0927   14.453  0.004    2  1 
  51675.0970   14.427  0.003    2  1 
  51675.9751   14.820  0.004    2  1 
  51675.9802   14.796  0.004    2  1 
  51675.9906   14.825  0.004    2  1 
  51675.9971   14.758  0.004    2  1 
  51676.0005   14.839  0.004    2  1 
  51676.0036   14.769  0.004    2  1 
  51676.0240   14.776  0.005    2  1 
  51676.0301   14.773  0.004    2  1 
  51676.9616   14.682  0.005    2  1 
  51676.9713   14.713  0.005    2  1 
  51676.9757   14.725  0.005    2  1 
  51676.9867   14.738  0.005    2  1 
  51676.9919   14.739  0.006    2  1 
  51676.9969   14.754  0.006    2  1 
  51677.0090   14.818  0.005    2  1 
  51677.0126   14.763  0.005    2  1 
  51677.0180   14.808  0.006    2  1 
  51677.0226   14.808  0.005    2  1 
  51677.0271   14.807  0.006    2  1 
  51677.0318   14.807  0.005    2  1 
  51677.0362   14.812  0.005    2  1 
  51677.0410   14.812  0.006    2  1 
  51677.0453   14.762  0.005    2  1 
  51677.0499   14.806  0.006    2  1 
  51677.0580   14.797  0.006    2  1 
  51677.0628   14.776  0.005    2  1 
  51677.0672   14.761  0.005    2  1 
  51677.0713   14.705  0.005    2  1 
  51677.0751   14.735  0.005    2  1 
  51677.0793   14.710  0.005    2  1 
  51677.0835   14.686  0.005    2  1 
  51677.0877   14.647  0.005    2  1 
  51677.0918   14.621  0.005    2  1 
  51677.0956   14.554  0.004    2  1 
  51677.0996   14.524  0.005    2  1 
  51677.1044   14.518  0.005    2  1 
  51677.1082   14.463  0.004    2  1 
  51677.1121   14.462  0.004    2  1 
  51677.1160   14.411  0.004    2  1 
  51677.1199   14.407  0.004    2  1 
  51677.1238   14.425  0.004    2  1 
  51677.1276   14.399  0.004    2  1 
  51677.1315   14.406  0.004    2  1 
  51677.1353   14.408  0.004    2  1 
  51677.1396   14.429  0.004    2  1 
  51677.1434   14.405  0.004    2  1 
  51677.1476   14.417  0.004    2  1 
  51677.1520   14.399  0.004    2  1 
  51677.1564   14.392  0.004    2  1 
  51677.1603   14.378  0.004    2  1 
  51677.1642   14.364  0.004    2  1 
  51677.1680   14.369  0.004    2  1 
  51677.1719   14.367  0.004    2  1 
  51677.1759   14.380  0.004    2  1 
  51677.1797   14.383  0.004    2  1 
  51677.1836   14.396  0.004    2  1 
  51677.1883   14.399  0.004    2  1 
  51677.1922   14.401  0.004    2  1 
  51677.1960   14.410  0.004    2  1 
  51677.1999   14.420  0.004    2  1 
  51677.2038   14.420  0.004    2  1 
  51677.2083   14.442  0.004    2  1 
  51677.2133   14.446  0.004    2  1 
  51677.2176   14.490  0.005    2  1 
  51677.2233   14.490  0.005    2  1 
  51677.2285   14.515  0.006    2  1 
  51677.2335   14.493  0.006    2  1 
  51677.2391   14.520  0.006    2  1 
  51677.2465   14.542  0.006    2  1 
  51677.2524   14.554  0.005    2  1 
  51677.2571   14.586  0.005    2  1 
  51677.2620   14.601  0.005    2  1 
  51677.2664   14.615  0.005    2  1 
  51677.2708   14.618  0.005    2  1 
  51691.0375   14.575  0.002    2  1 
  51691.0409   14.592  0.003    2  1 
  51691.0444   14.604  0.003    2  1 
  51691.0509   14.627  0.003    2  1 
  51691.0543   14.644  0.004    2  1 
  51691.0579   14.650  0.003    2  1 
  51691.0633   14.675  0.002    2  1 
  51691.0670   14.680  0.002    2  1 
  51691.0711   14.688  0.003    2  1 
  51691.0770   14.713  0.003    2  1 
  51691.0805   14.720  0.004    2  1 
  51691.0840   14.729  0.003    2  1 
  51691.0896   14.742  0.004    2  1 
  51691.0931   14.750  0.003    2  1 
  51691.0971   14.754  0.003    2  1 
  51691.1040   14.760  0.004    2  1 
  51691.1083   14.761  0.004    2  1 
  51691.1122   14.769  0.003    2  1 
  51691.1180   14.768  0.003    2  1 
  51691.1214   14.767  0.003    2  1 
  51691.1249   14.764  0.003    2  1 
  51691.1323   14.767  0.003    2  1 
  51691.1357   14.774  0.003    2  1 
  51691.1392   14.767  0.003    2  1 
  51691.1448   14.761  0.003    2  1 
  51691.1522   14.757  0.002    2  1 
  51691.1561   14.756  0.002    2  1 
  51693.0130   14.458  0.004    2  1 
  51693.0165   14.512  0.003    2  1 
  51693.0248   14.492  0.003    2  1 
  51693.0305   14.509  0.003    2  1 
  51693.0340   14.520  0.003    2  1 
  51693.0378   14.539  0.003    2  1 
  51694.0082   14.432  0.003    2  1 
  51694.0114   14.441  0.003    2  1 
  51694.0148   14.433  0.003    2  1 
  51694.0202   14.459  0.003    2  1 
  51694.0234   14.468  0.003    2  1 
  51694.0267   14.478  0.003    2  1 
  51694.0319   14.495  0.003    2  1 
  51694.0351   14.506  0.003    2  1 
  51694.0384   14.516  0.003    2  1 
  51694.0418   14.526  0.003    2  1 
  51694.0472   14.545  0.003    2  1 
  51694.0505   14.558  0.003    2  1 
  51694.0537   14.569  0.003    2  1 
  51694.0590   14.588  0.003    2  1 
  51694.0623   14.599  0.003    2  1 
  51694.0656   14.609  0.003    2  1 
  51694.0714   14.628  0.003    2  1 
  51694.0748   14.641  0.003    2  1 
  51694.0781   14.649  0.003    2  1 
  51694.0836   14.669  0.003    2  1 
  51694.0868   14.679  0.003    2  1 
  51694.0901   14.690  0.003    2  1 
  51694.0957   14.704  0.003    2  1 
  51694.0989   14.720  0.003    2  1 
  51694.1021   14.723  0.003    2  1 
  51694.1075   14.740  0.003    2  1 
  51694.1106   14.743  0.003    2  1 
  51694.1190   14.755  0.003    2  1 
  51694.1221   14.757  0.003    2  1 
  51694.1252   14.765  0.003    2  1 
  51694.1286   14.768  0.003    2  1 
  51695.0280   14.466  0.003    2  1 
  51695.0317   14.472  0.003    2  1 
  51697.9712   14.379  0.003    2  1 
  51697.9818   14.370  0.003    2  1 
  51765.9746   14.754  0.004    2  1 
  51765.9783   14.756  0.004    2  1 
  51765.9820   14.766  0.004    2  1 
  51766.0194   14.771  0.004    2  1 
  51766.0229   14.770  0.004    2  1 
  51216.3847   15.250  0.005    3  1 
  51217.2936   15.060  0.004    3  1 
  51217.3214   15.185  0.004    3  1 
  51217.3432   15.154  0.004    3  1 
  51217.3648   15.158  0.002    3  1 
  51217.3852   15.240  0.004    3  1 
  51218.2935   15.006  0.004    3  1 
  51218.3212   15.142  0.004    3  1 
  51218.3442   15.217  0.004    3  1 
  51218.3704   15.256  0.004    3  1 
  51219.2811   14.914  0.002    3  1 
  51219.2844   14.932  0.004    3  1 
  51219.3053   15.035  0.004    3  1 
  51219.3228   15.115  0.004    3  1 
  51219.3465   15.204  0.004    3  1 
  51219.3676   15.237  0.004    3  1 
  51219.3851   15.251  0.004    3  1 
  51220.2805   14.882  0.003    3  1 
  51220.2995   14.975  0.004    3  1 
  51220.3171   15.050  0.004    3  1 
  51220.3349   15.139  0.004    3  1 
  51220.3523   15.205  0.004    3  1 
  51220.3689   15.236  0.004    3  1 
  51220.3877   15.262  0.005    3  1 
  51221.2691   14.800  0.003    3  1 
  51221.2915   14.894  0.003    3  1 
  51221.3097   14.928  0.003    3  1 
  51221.3437   15.146  0.004    3  1 
  51221.3619   15.201  0.004    3  1 
  51221.3854   15.244  0.004    3  1 
  51283.2237   15.151  0.004    3  1 
  51283.2601   14.787  0.003    3  1 
  51283.2830   14.722  0.003    3  1 
  51283.3050   14.721  0.003    3  1 
  51283.3367   14.727  0.003    3  1 
  51283.3600   14.793  0.003    3  1 
  51284.2056   15.235  0.004    3  1 
  51284.2337   15.124  0.004    3  1 
  51284.2542   14.928  0.003    3  1 
  51284.2806   14.720  0.003    3  1 
  51284.3075   14.724  0.003    3  1 
  51284.3333   14.693  0.003    3  1 
  51285.0371   14.769  0.003    3  1 
  51285.0646   14.818  0.003    3  1 
  51285.0885   14.910  0.003    3  1 
  51285.1182   15.052  0.003    3  1 
  51285.1470   15.170  0.003    3  1 
  51285.1698   15.232  0.004    3  1 
  51285.1988   15.230  0.004    3  1 
  51285.2270   15.203  0.004    3  1 
  51285.2539   15.018  0.004    3  1 
  51285.2851   14.726  0.003    3  1 
  51285.3202   14.732  0.003    3  1 
  51285.3496   14.728  0.003    3  1 
  51286.0308   14.741  0.002    3  1 
  51286.0619   14.782  0.003    3  1 
  51286.0871   14.883  0.003    3  1 
  51286.0921   14.911  0.003    3  1 
  51286.2076   15.241  0.004    3  1 
  51286.2389   15.188  0.004    3  1 
  51286.2613   15.027  0.003    3  1 
  51286.2889   14.754  0.003    3  1 
  51286.3108   14.756  0.003    3  1 
  51286.3335   14.723  0.003    3  1 
  51286.3566   14.728  0.003    3  1 
  51304.9734   15.204  0.003    3  1 
  51305.0076   15.245  0.004    3  1 
  51305.0510   15.153  0.004    3  1 
  51305.0770   14.937  0.004    3  1 
  51305.1004   14.725  0.003    3  1 
  51305.1407   14.660  0.004    3  1 
  51305.1707   14.677  0.003    3  1 
  51305.1996   14.759  0.004    3  1 
  51305.2299   14.896  0.004    3  1 
  51305.2561   15.010  0.004    3  1 
  51305.2836   15.169  0.005    3  1 
  51305.3139   15.267  0.005    3  1 
  51305.9733   15.204  0.003    3  1 
  51306.0375   15.226  0.004    3  1 
  51306.0735   15.032  0.004    3  1 
  51306.1026   14.860  0.003    3  1 
  51306.1285   14.702  0.003    3  1 
  51306.2725   15.083  0.003    3  1 
  51306.2932   15.186  0.004    3  1 
  51307.9986   15.098  0.003    3  1 
  51308.0524   15.218  0.004    3  1 
  51308.1202   14.732  0.003    3  1 
  51310.1272   14.795  0.003    3  1 
  51310.1308   14.771  0.003    3  1 
  51314.9714   14.873  0.003    3  1 
  51315.0138   15.106  0.003    3  1 
  51315.0372   15.192  0.004    3  1 
  51315.0710   15.238  0.004    3  1 
  51315.0946   15.251  0.004    3  1 
  51315.1180   15.201  0.004    3  1 
  51316.0597   15.222  0.004    3  1 
  51316.0832   15.249  0.004    3  1 
  51316.1079   15.238  0.004    3  1 
  51316.9780   14.869  0.003    3  1 
  51317.0013   14.949  0.004    3  1 
  51317.0241   15.065  0.005    3  1 
  51317.0523   15.190  0.004    3  1 
  51317.0782   15.247  0.005    3  1 
  51317.1035   15.265  0.004    3  1 
  51317.9808   14.824  0.003    3  1 
  51318.0060   14.931  0.004    3  1 
  51318.0331   15.088  0.007    3  1 
  51318.0898   15.280  0.007    3  1 
  51318.9811   14.803  0.003    3  1 
  51319.0058   14.908  0.003    3  1 
  51319.0315   15.035  0.004    3  1 
  51319.0717   15.200  0.004    3  1 
  51319.0961   15.245  0.004    3  1 
  51320.1175   15.231  0.003    3  1 
  51320.9998   14.818  0.002    3  1 
  51321.0212   14.920  0.003    3  1 
  51321.0434   15.031  0.003    3  1 
  51321.0658   15.127  0.003    3  1 
  51321.0965   15.214  0.004    3  1 
  51321.1252   15.239  0.004    3  1 
  51333.0403   14.690  0.003    3  1 
  51333.1062   14.897  0.004    3  1 
  51335.0432   14.661  0.003    3  1 
  51335.0972   14.801  0.003    3  1 
  51335.1083   14.835  0.004    3  1 
  51336.0103   14.723  0.003    3  1 
  51336.0508   14.674  0.003    3  1 
  51336.0891   14.759  0.004    3  1 
  51338.0075   14.714  0.004    3  1 
  51338.9740   15.053  0.003    3  1 
  51339.0046   14.776  0.003    3  1 
  51339.0385   14.722  0.003    3  1 
  51339.0685   14.678  0.003    3  1 
  51339.1006   14.732  0.004    3  1 
  51339.1280   14.829  0.004    3  1 
  51339.9665   15.136  0.003    3  1 
  51339.9935   14.936  0.003    3  1 
  51340.0189   14.754  0.003    3  1 
  51340.0441   14.706  0.004    3  1 
  51340.0753   14.689  0.003    3  1 
  51340.1041   14.700  0.004    3  1 
  51345.0430   14.846  0.003    3  1 
  51345.0736   14.749  0.003    3  1 
  51345.9747   15.229  0.005    3  1 
  51346.0101   15.166  0.004    3  1 
  51346.0388   14.962  0.004    3  1 
  51346.0670   14.764  0.003    3  1 
  51347.0317   15.086  0.003    3  1 
  51347.0645   14.812  0.003    3  1 
  51347.0896   14.744  0.003    3  1 
  51347.9638   15.206  0.004    3  1 
  51348.0146   15.206  0.004    3  1 
  51348.9591   15.189  0.004    3  1 
  51349.0243   15.199  0.004    3  1 
  51349.9679   15.167  0.003    3  1 
  51380.9890   14.725  0.003    3  1 
  51381.9751   14.761  0.003    3  1 
  51382.9716   14.876  0.004    3  1 
  51385.9645   15.149  0.003    3  1 
  51386.9859   15.028  0.004    3  1 
  51388.9699   15.230  0.005    3  1 
  51389.9715   15.228  0.004    3  1 
  51390.9663   15.230  0.003    3  1 
  51391.9664   15.226  0.002    3  1 
  51672.0213   15.202  0.004    3  1 
  51674.0796   14.816  0.004    3  1 
  51674.9989   15.269  0.005    3  1 
  51693.0053   14.785  0.003    3  1 
  51694.0012   14.731  0.003    3  1 
  51765.9863   15.263  0.005    3  1 
 56468.97641   13.325  0.036   -1  1 
 56469.04707   13.155  0.032   -1  1 
 56469.10896   13.072  0.031   -1  1 
 56469.17285   13.347  0.011   -1  1 
 56471.00364   13.329  0.019   -1  1 
 56471.06640   13.597  0.032   -1  1 
 56471.12490   13.330  0.014   -1  1 
 56471.18188   13.350  0.009   -1  1 
 56471.96759   13.242  0.030   -1  1 
 56472.03374   13.410  0.016   -1  1 
 56472.09484   13.451  0.025   -1  1 
 56472.15243   13.377  0.007   -1  1 
 56468.95296   13.165  0.030   -2  1 
 56469.02441   13.253  0.020   -2  1 
 56469.08813   13.223  0.021   -2  1 
 56469.15134   13.282  0.015   -2  1 
 56471.02588   13.372  0.023   -2  1 
 56471.08671   13.413  0.024   -2  1 
 56471.14302   13.323  0.010   -2  1 
 56471.94704   13.315  0.008   -2  1 
 56472.01085   13.314  0.014   -2  1 
 56472.07480   13.326  0.019   -2  1 
 56472.13240   13.279  0.007   -2  1 
 56472.19216   13.305  0.006   -2  1 
 56469.00041   13.570  0.019   -5  1 
 56469.06767   13.541  0.018   -5  1 
 56469.13003   13.511  0.008   -5  1 
 56469.19349   13.537  0.011   -5  1 
 56470.98130   13.744  0.037   -5  1 
 56471.04693   13.681  0.009   -5  1 
 56471.10523   13.524  0.006   -5  1 
 56471.16397   13.485  0.006   -5  1 
 56471.98857   13.646  0.015   -5  1 
 56472.05430   13.663  0.007   -5  1 
 56472.11383   13.536  0.007   -5  1 
 56472.17109   13.540  0.018   -5  1 
