  51219.3336   14.455  0.004    2  1 
  51219.3596   14.533  0.004    2  1 
  51219.3768   14.590  0.004    2  1 
  51220.2621   14.757  0.005    2  1 
  51221.2835   14.397  0.004    2  1 
  51221.3009   14.377  0.004    2  1 
  51283.2451   14.384  0.003    2  1 
  51283.2493   14.388  0.003    2  1 
  51283.2714   14.369  0.004    2  1 
  51283.2748   14.365  0.003    2  1 
  51283.2939   14.376  0.003    2  1 
  51283.2972   14.373  0.003    2  1 
  51283.3202   14.418  0.004    2  1 
  51283.3234   14.428  0.003    2  1 
  51283.3487   14.494  0.004    2  1 
  51283.3518   14.505  0.004    2  1 
  51283.3738   14.576  0.004    2  1 
  51284.2195   14.658  0.004    2  1 
  51284.2229   14.673  0.004    2  1 
  51284.2413   14.711  0.004    2  1 
  51284.2443   14.723  0.004    2  1 
  51284.2617   14.754  0.004    2  1 
  51284.2648   14.759  0.004    2  1 
  51284.2942   14.789  0.004    2  1 
  51284.2973   14.776  0.004    2  1 
  51284.3168   14.780  0.004    2  1 
  51284.3211   14.752  0.004    2  1 
  51284.3428   14.753  0.005    2  1 
  51284.3464   14.726  0.004    2  1 
  51285.0513   14.716  0.004    2  1 
  51285.0543   14.718  0.004    2  1 
  51285.0739   14.756  0.004    2  1 
  51285.0778   14.764  0.004    2  1 
  51285.0975   14.783  0.004    2  1 
  51285.1006   14.777  0.004    2  1 
  51285.1324   14.767  0.004    2  1 
  51285.1360   14.774  0.004    2  1 
  51285.1558   14.746  0.004    2  1 
  51285.1588   14.745  0.004    2  1 
  51285.1796   14.631  0.004    2  1 
  51285.1830   14.619  0.004    2  1 
  51285.2125   14.454  0.004    2  1 
  51285.2157   14.461  0.004    2  1 
  51285.2362   14.451  0.004    2  1 
  51285.2426   14.431  0.004    2  1 
  51285.2630   14.407  0.004    2  1 
  51285.2666   14.401  0.004    2  1 
  51286.0461   14.460  0.003    2  1 
  51286.0493   14.441  0.003    2  1 
  51286.0716   14.404  0.003    2  1 
  51286.0753   14.394  0.003    2  1 
  51286.1026   14.364  0.003    2  1 
  51286.1061   14.371  0.003    2  1 
  51286.1365   14.386  0.003    2  1 
  51286.1398   14.377  0.003    2  1 
  51286.1608   14.411  0.004    2  1 
  51286.1639   14.430  0.003    2  1 
  51286.1669   14.437  0.003    2  1 
  51286.1875   14.494  0.003    2  1 
  51286.1908   14.510  0.003    2  1 
  51286.2255   14.610  0.004    2  1 
  51286.2285   14.619  0.004    2  1 
  51286.2476   14.663  0.004    2  1 
  51286.2508   14.676  0.004    2  1 
  51286.2697   14.709  0.004    2  1 
  51286.2727   14.723  0.004    2  1 
  51286.3022   14.768  0.004    2  1 
  51286.3055   14.767  0.004    2  1 
  51286.3218   14.780  0.004    2  1 
  51286.3250   14.785  0.004    2  1 
  51286.3450   14.770  0.004    2  1 
  51286.3481   14.768  0.004    2  1 
  51304.9873   14.776  0.004    2  1 
  51304.9926   14.763  0.004    2  1 
  51305.0328   14.624  0.004    2  1 
  51305.0362   14.601  0.004    2  1 
  51305.0559   14.486  0.004    2  1 
  51305.0599   14.484  0.004    2  1 
  51305.0890   14.443  0.004    2  1 
  51305.0922   14.427  0.004    2  1 
  51305.1235   14.388  0.004    2  1 
  51305.1269   14.397  0.004    2  1 
  51305.1509   14.383  0.004    2  1 
  51305.1547   14.380  0.004    2  1 
  51305.1853   14.394  0.004    2  1 
  51305.1885   14.396  0.004    2  1 
  51305.2098   14.440  0.004    2  1 
  51305.2128   14.453  0.004    2  1 
  51305.2431   14.546  0.004    2  1 
  51305.2461   14.548  0.004    2  1 
  51305.2704   14.630  0.004    2  1 
  51305.2734   14.632  0.004    2  1 
  51305.2966   14.696  0.004    2  1 
  51305.2995   14.697  0.004    2  1 
  51305.9857   14.386  0.003    2  1 
  51305.9885   14.381  0.003    2  1 
  51305.9912   14.382  0.003    2  1 
  51306.0256   14.460  0.003    2  1 
  51306.0285   14.461  0.003    2  1 
  51306.0465   14.516  0.004    2  1 
  51306.0498   14.530  0.004    2  1 
  51306.0896   14.651  0.004    2  1 
  51306.0930   14.662  0.004    2  1 
  51306.1123   14.703  0.003    2  1 
  51306.1151   14.715  0.003    2  1 
  51306.1375   14.741  0.004    2  1 
  51306.1405   14.735  0.004    2  1 
  51306.1636   14.760  0.004    2  1 
  51306.1673   14.781  0.004    2  1 
  51306.1937   14.787  0.004    2  1 
  51306.1966   14.775  0.003    2  1 
  51306.2146   14.761  0.004    2  1 
  51306.2178   14.743  0.004    2  1 
  51306.2343   14.691  0.003    2  1 
  51306.2380   14.681  0.003    2  1 
  51307.0456   14.683  0.004    2  1 
  51307.0501   14.661  0.004    2  1 
  51307.0593   14.619  0.003    2  1 
  51307.0645   14.588  0.003    2  1 
  51307.0699   14.554  0.005    2  1 
  51307.0747   14.531  0.004    2  1 
  51308.0084   14.384  0.003    2  1 
  51308.0112   14.374  0.003    2  1 
  51308.0334   14.412  0.003    2  1 
  51308.0362   14.406  0.003    2  1 
  51308.0394   14.408  0.003    2  1 
  51308.0633   14.488  0.003    2  1 
  51308.0663   14.495  0.003    2  1 
  51308.0995   14.606  0.003    2  1 
  51308.1031   14.620  0.003    2  1 
  51308.1280   14.676  0.004    2  1 
  51308.1309   14.689  0.004    2  1 
  51310.0850   14.471  0.003    2  1 
  51310.0874   14.481  0.002    2  1 
  51310.0897   14.490  0.002    2  1 
  51310.0922   14.505  0.003    2  1 
  51310.1430   14.661  0.003    2  1 
  51310.1458   14.671  0.003    2  1 
  51310.1486   14.680  0.004    2  1 
  51311.0244   14.733  0.004    2  1 
  51311.0302   14.771  0.005    2  1 
  51311.0334   14.779  0.005    2  1 
  51311.0506   14.788  0.003    2  1 
  51311.0539   14.788  0.003    2  1 
  51311.0637   14.783  0.004    2  1 
  51311.0669   14.774  0.004    2  1 
  51311.0702   14.761  0.003    2  1 
  51311.0907   14.721  0.004    2  1 
  51311.0946   14.701  0.004    2  1 
  51311.0980   14.693  0.004    2  1 
  51311.1015   14.676  0.004    2  1 
  51311.1071   14.643  0.004    2  1 
  51311.1298   14.514  0.004    2  1 
  51311.1327   14.511  0.004    2  1 
  51311.1357   14.487  0.004    2  1 
  51311.1398   14.485  0.004    2  1 
  51311.1447   14.474  0.004    2  1 
  51311.9726   14.447  0.004    2  1 
  51311.9755   14.444  0.004    2  1 
  51312.0020   14.392  0.003    2  1 
  51312.0049   14.393  0.004    2  1 
  51312.0255   14.375  0.003    2  1 
  51312.0284   14.368  0.003    2  1 
  51312.0314   14.376  0.003    2  1 
  51312.0584   14.378  0.003    2  1 
  51312.0611   14.394  0.003    2  1 
  51312.0638   14.384  0.003    2  1 
  51312.0903   14.434  0.003    2  1 
  51312.0929   14.439  0.003    2  1 
  51312.0955   14.437  0.003    2  1 
  51312.1146   14.497  0.003    2  1 
  51312.1173   14.502  0.003    2  1 
  51312.1200   14.510  0.003    2  1 
  51312.9860   14.678  0.003    2  1 
  51312.9887   14.683  0.003    2  1 
  51312.9913   14.692  0.003    2  1 
  51313.0096   14.718  0.004    2  1 
  51313.0123   14.735  0.004    2  1 
  51313.0149   14.731  0.003    2  1 
  51313.0333   14.767  0.004    2  1 
  51313.0360   14.771  0.004    2  1 
  51313.0386   14.763  0.004    2  1 
  51313.0413   14.780  0.004    2  1 
  51313.0595   14.776  0.003    2  1 
  51313.0622   14.791  0.004    2  1 
  51313.0648   14.792  0.004    2  1 
  51313.0911   14.781  0.004    2  1 
  51313.0937   14.785  0.004    2  1 
  51313.0964   14.782  0.004    2  1 
  51313.1146   14.730  0.003    2  1 
  51313.1172   14.712  0.003    2  1 
  51313.1199   14.708  0.004    2  1 
  51313.1226   14.693  0.003    2  1 
  51313.9843   14.449  0.003    2  1 
  51313.9872   14.458  0.004    2  1 
  51313.9901   14.461  0.004    2  1 
  51314.0178   14.399  0.004    2  1 
  51314.0207   14.388  0.003    2  1 
  51314.0236   14.390  0.003    2  1 
  51314.0432   14.377  0.003    2  1 
  51314.0461   14.361  0.003    2  1 
  51314.0490   14.368  0.003    2  1 
  51314.0772   14.365  0.003    2  1 
  51314.0802   14.371  0.003    2  1 
  51314.0831   14.382  0.003    2  1 
  51314.1030   14.404  0.004    2  1 
  51314.1059   14.409  0.004    2  1 
  51314.1088   14.426  0.004    2  1 
  51314.1289   14.467  0.004    2  1 
  51314.1333   14.480  0.004    2  1 
  51314.1363   14.484  0.004    2  1 
  51314.9827   14.575  0.004    2  1 
  51314.9856   14.592  0.004    2  1 
  51314.9885   14.602  0.004    2  1 
  51315.0015   14.651  0.004    2  1 
  51315.0043   14.642  0.004    2  1 
  51315.0069   14.659  0.004    2  1 
  51315.0251   14.703  0.004    2  1 
  51315.0277   14.707  0.004    2  1 
  51315.0304   14.709  0.003    2  1 
  51315.0489   14.740  0.003    2  1 
  51315.0516   14.749  0.004    2  1 
  51315.0542   14.754  0.004    2  1 
  51315.0780   14.778  0.004    2  1 
  51315.0807   14.769  0.004    2  1 
  51315.0833   14.789  0.004    2  1 
  51315.1015   14.782  0.004    2  1 
  51315.1041   14.783  0.004    2  1 
  51315.1068   14.786  0.004    2  1 
  51315.1290   14.752  0.004    2  1 
  51315.1319   14.745  0.004    2  1 
  51316.0194   14.462  0.003    2  1 
  51316.0221   14.446  0.003    2  1 
  51316.0247   14.450  0.003    2  1 
  51316.0431   14.407  0.003    2  1 
  51316.0458   14.409  0.003    2  1 
  51316.0485   14.391  0.003    2  1 
  51316.0667   14.374  0.003    2  1 
  51316.0693   14.371  0.003    2  1 
  51316.0720   14.384  0.003    2  1 
  51316.0905   14.374  0.003    2  1 
  51316.0934   14.368  0.003    2  1 
  51316.0963   14.371  0.003    2  1 
  51316.1148   14.386  0.003    2  1 
  51316.1175   14.385  0.003    2  1 
  51316.1201   14.386  0.003    2  1 
  51316.9647   14.448  0.004    2  1 
  51316.9676   14.470  0.004    2  1 
  51316.9705   14.478  0.004    2  1 
  51316.9896   14.528  0.003    2  1 
  51316.9923   14.537  0.003    2  1 
  51316.9949   14.543  0.003    2  1 
  51317.0088   14.589  0.004    2  1 
  51317.0117   14.599  0.004    2  1 
  51317.0321   14.651  0.005    2  1 
  51317.0351   14.665  0.004    2  1 
  51317.0391   14.670  0.004    2  1 
  51317.0602   14.724  0.004    2  1 
  51317.0631   14.740  0.004    2  1 
  51317.0660   14.730  0.004    2  1 
  51317.0858   14.761  0.004    2  1 
  51317.0887   14.753  0.004    2  1 
  51317.0916   14.768  0.004    2  1 
  51317.1111   14.784  0.004    2  1 
  51317.1140   14.775  0.004    2  1 
  51317.1169   14.784  0.004    2  1 
  51317.9628   14.739  0.004    2  1 
  51317.9657   14.736  0.004    2  1 
  51317.9685   14.734  0.004    2  1 
  51317.9883   14.640  0.004    2  1 
  51317.9912   14.627  0.004    2  1 
  51317.9941   14.625  0.004    2  1 
  51318.0135   14.502  0.004    2  1 
  51318.0164   14.497  0.004    2  1 
  51318.0194   14.479  0.004    2  1 
  51318.0413   14.459  0.004    2  1 
  51318.0445   14.465  0.004    2  1 
  51318.0477   14.454  0.004    2  1 
  51318.0697   14.411  0.004    2  1 
  51318.0730   14.408  0.004    2  1 
  51318.0762   14.392  0.004    2  1 
  51318.0981   14.388  0.004    2  1 
  51318.1014   14.380  0.004    2  1 
  51318.1046   14.382  0.004    2  1 
  51318.1265   14.392  0.004    2  1 
  51318.1298   14.392  0.004    2  1 
  51318.9642   14.395  0.003    2  1 
  51318.9680   14.413  0.004    2  1 
  51318.9708   14.419  0.003    2  1 
  51318.9737   14.414  0.003    2  1 
  51318.9929   14.466  0.003    2  1 
  51318.9956   14.483  0.003    2  1 
  51318.9983   14.480  0.004    2  1 
  51319.0180   14.543  0.004    2  1 
  51319.0209   14.553  0.004    2  1 
  51319.0238   14.559  0.004    2  1 
  51319.0443   14.628  0.004    2  1 
  51319.0474   14.635  0.004    2  1 
  51319.0505   14.642  0.004    2  1 
  51319.0793   14.722  0.004    2  1 
  51319.0820   14.723  0.004    2  1 
  51319.0847   14.728  0.003    2  1 
  51319.1030   14.764  0.004    2  1 
  51319.1084   14.765  0.004    2  1 
  51319.1110   14.769  0.004    2  1 
  51320.1030   14.400  0.002    2  1 
  51320.1053   14.406  0.002    2  1 
  51320.1076   14.396  0.003    2  1 
  51320.1238   14.377  0.002    2  1 
  51320.1261   14.380  0.002    2  1 
  51320.1284   14.366  0.003    2  1 
  51320.1450   14.376  0.003    2  1 
  51320.1477   14.380  0.003    2  1 
  51320.1503   14.385  0.003    2  1 
  51320.9635   14.373  0.003    2  1 
  51320.9664   14.368  0.003    2  1 
  51320.9693   14.378  0.003    2  1 
  51320.9887   14.409  0.002    2  1 
  51320.9911   14.410  0.003    2  1 
  51320.9936   14.410  0.003    2  1 
  51321.0102   14.452  0.003    2  1 
  51321.0126   14.460  0.003    2  1 
  51321.0150   14.469  0.003    2  1 
  51321.0318   14.507  0.003    2  1 
  51321.0344   14.515  0.003    2  1 
  51321.0369   14.516  0.003    2  1 
  51321.0543   14.565  0.003    2  1 
  51321.0568   14.572  0.003    2  1 
  51321.0594   14.585  0.003    2  1 
  51321.0847   14.651  0.003    2  1 
  51321.0873   14.663  0.003    2  1 
  51321.0898   14.674  0.003    2  1 
  51321.1133   14.729  0.003    2  1 
  51321.1159   14.732  0.004    2  1 
  51321.1186   14.729  0.004    2  1 
  51321.1339   14.741  0.003    2  1 
  51321.1365   14.757  0.004    2  1 
  51332.9696   14.680  0.006    2  1 
  51332.9739   14.662  0.005    2  1 
  51332.9891   14.574  0.005    2  1 
  51332.9928   14.549  0.005    2  1 
  51332.9965   14.528  0.005    2  1 
  51333.0083   14.471  0.004    2  1 
  51333.0120   14.462  0.004    2  1 
  51333.0226   14.464  0.004    2  1 
  51333.0264   14.456  0.004    2  1 
  51333.0514   14.425  0.004    2  1 
  51333.0552   14.421  0.005    2  1 
  51333.0742   14.387  0.004    2  1 
  51333.0779   14.382  0.004    2  1 
  51333.0907   14.359  0.004    2  1 
  51333.0945   14.361  0.004    2  1 
  51333.1178   14.357  0.004    2  1 
  51333.1221   14.362  0.004    2  1 
  51333.1335   14.384  0.005    2  1 
  51333.1369   14.389  0.005    2  1 
  51334.9841   14.721  0.004    2  1 
  51334.9871   14.708  0.004    2  1 
  51335.0175   14.551  0.004    2  1 
  51335.0204   14.532  0.004    2  1 
  51335.0301   14.492  0.004    2  1 
  51335.0334   14.484  0.004    2  1 
  51335.0517   14.462  0.004    2  1 
  51335.0552   14.461  0.004    2  1 
  51335.0692   14.425  0.004    2  1 
  51335.0727   14.422  0.004    2  1 
  51335.0833   14.399  0.004    2  1 
  51335.0867   14.400  0.004    2  1 
  51335.1133   14.361  0.004    2  1 
  51335.1167   14.360  0.004    2  1 
  51335.9535   14.363  0.004    2  1 
  51335.9726   14.394  0.004    2  1 
  51335.9768   14.410  0.004    2  1 
  51335.9997   14.456  0.004    2  1 
  51336.0027   14.460  0.004    2  1 
  51336.0203   14.512  0.004    2  1 
  51336.0236   14.516  0.004    2  1 
  51336.0357   14.564  0.004    2  1 
  51336.0388   14.571  0.004    2  1 
  51336.0593   14.623  0.004    2  1 
  51336.0629   14.638  0.005    2  1 
  51336.0769   14.666  0.004    2  1 
  51336.0803   14.684  0.005    2  1 
  51336.1025   14.720  0.005    2  1 
  51336.1059   14.730  0.005    2  1 
  51336.1206   14.740  0.005    2  1 
  51336.1240   14.750  0.005    2  1 
  51337.0101   14.697  0.004    2  1 
  51337.9904   14.377  0.004    2  1 
  51337.9940   14.383  0.004    2  1 
  51338.0162   14.431  0.004    2  1 
  51338.0196   14.433  0.004    2  1 
  51338.0339   14.463  0.004    2  1 
  51338.0376   14.481  0.005    2  1 
  51338.9901   14.777  0.004    2  1 
  51338.9938   14.788  0.004    2  1 
  51339.0226   14.755  0.005    2  1 
  51339.0269   14.744  0.005    2  1 
  51339.0867   14.486  0.004    2  1 
  51339.0905   14.465  0.004    2  1 
  51339.1139   14.444  0.004    2  1 
  51339.1177   14.435  0.004    2  1 
  51339.1448   14.403  0.004    2  1 
  51339.1482   14.403  0.004    2  1 
  51339.9766   14.376  0.003    2  1 
  51339.9795   14.376  0.003    2  1 
  51340.0044   14.369  0.003    2  1 
  51340.0078   14.367  0.003    2  1 
  51340.0274   14.389  0.004    2  1 
  51340.0306   14.388  0.004    2  1 
  51340.0540   14.447  0.004    2  1 
  51340.0572   14.461  0.004    2  1 
  51340.0857   14.547  0.004    2  1 
  51340.0892   14.553  0.004    2  1 
  51340.1152   14.630  0.004    2  1 
  51340.1197   14.643  0.004    2  1 
  51340.1229   14.651  0.004    2  1 
  51340.1263   14.662  0.004    2  1 
  51340.1404   14.704  0.004    2  1 
  51340.1437   14.695  0.004    2  1 
  51344.9924   14.679  0.004    2  1 
  51344.9958   14.689  0.003    2  1 
  51344.9988   14.694  0.003    2  1 
  51345.0216   14.742  0.004    2  1 
  51345.0255   14.744  0.005    2  1 
  51345.0302   14.775  0.004    2  1 
  51345.0553   14.781  0.004    2  1 
  51345.0603   14.802  0.004    2  1 
  51345.9856   14.469  0.004    2  1 
  51345.9896   14.465  0.004    2  1 
  51346.0219   14.387  0.004    2  1 
  51346.0264   14.393  0.004    2  1 
  51346.0486   14.362  0.004    2  1 
  51346.0523   14.355  0.004    2  1 
  51346.0791   14.360  0.004    2  1 
  51346.0826   14.363  0.004    2  1 
  51347.0416   14.742  0.005    2  1 
  51347.0453   14.738  0.003    2  1 
  51347.0743   14.781  0.004    2  1 
  51347.0777   14.803  0.004    2  1 
  51347.0990   14.791  0.004    2  1 
  51347.1022   14.784  0.003    2  1 
  51347.9769   14.597  0.004    2  1 
  51347.9802   14.576  0.004    2  1 
  51347.9834   14.552  0.004    2  1 
  51347.9983   14.483  0.004    2  1 
  51348.0028   14.470  0.004    2  1 
  51348.0063   14.462  0.004    2  1 
  51348.0242   14.454  0.004    2  1 
  51348.0274   14.449  0.004    2  1 
  51348.0943   14.369  0.004    2  1 
  51348.0983   14.380  0.004    2  1 
  51348.1018   14.366  0.004    2  1 
  51348.9650   14.446  0.004    2  1 
  51348.9682   14.460  0.004    2  1 
  51348.9853   14.501  0.003    2  1 
  51348.9883   14.521  0.004    2  1 
  51348.9912   14.522  0.003    2  1 
  51349.0316   14.655  0.004    2  1 
  51349.0346   14.661  0.004    2  1 
  51349.9815   14.716  0.004    2  1 
  51349.9851   14.698  0.004    2  1 
  51349.9973   14.618  0.004    2  1 
  51350.0033   14.583  0.004    2  1 
  51350.0066   14.561  0.004    2  1 
  51350.0164   14.495  0.004    2  1 
  51350.0197   14.479  0.004    2  1 
  51350.0296   14.460  0.004    2  1 
  51380.9973   14.550  0.004    2  1 
  51381.0004   14.562  0.003    2  1 
  51381.0031   14.568  0.003    2  1 
  51381.0187   14.620  0.003    2  1 
  51381.0214   14.632  0.004    2  1 
  51381.0242   14.635  0.004    2  1 
  51381.9830   14.691  0.004    2  1 
  51381.9859   14.673  0.004    2  1 
  51381.9888   14.669  0.004    2  1 
  51382.0000   14.596  0.004    2  1 
  51382.0029   14.584  0.004    2  1 
  51382.9793   14.431  0.004    2  1 
  51382.9826   14.444  0.004    2  1 
  51382.9857   14.455  0.004    2  1 
  51382.9965   14.482  0.004    2  1 
  51382.9995   14.491  0.004    2  1 
  51383.9746   14.778  0.004    2  1 
  51383.9773   14.784  0.004    2  1 
  51383.9799   14.763  0.004    2  1 
  51383.9899   14.736  0.004    2  1 
  51383.9926   14.737  0.004    2  1 
  51384.9751   14.374  0.003    2  1 
  51384.9777   14.378  0.003    2  1 
  51384.9802   14.386  0.003    2  1 
  51384.9896   14.397  0.003    2  1 
  51384.9921   14.408  0.003    2  1 
  51385.9711   14.788  0.003    2  1 
  51385.9737   14.778  0.004    2  1 
  51385.9763   14.772  0.004    2  1 
  51385.9857   14.800  0.004    2  1 
  51385.9884   14.782  0.004    2  1 
  51386.9965   14.368  0.003    2  1 
  51387.0003   14.371  0.003    2  1 
  51387.0041   14.387  0.004    2  1 
  51387.0216   14.406  0.004    2  1 
  51387.0254   14.429  0.003    2  1 
  51387.0293   14.428  0.004    2  1 
  51388.9801   14.400  0.004    2  1 
  51388.9834   14.386  0.004    2  1 
  51388.9866   14.382  0.004    2  1 
  51388.9984   14.378  0.004    2  1 
  51389.9783   14.721  0.004    2  1 
  51389.9809   14.723  0.003    2  1 
  51389.9836   14.743  0.003    2  1 
  51390.9729   14.429  0.003    2  1 
  51390.9756   14.417  0.003    2  1 
  51390.9783   14.416  0.003    2  1 
  51391.9728   14.665  0.003    2  1 
  51391.9754   14.662  0.003    2  1 
  51391.9779   14.679  0.003    2  1 
  51671.0871   14.714  0.004    2  1 
  51671.0917   14.743  0.004    2  1 
  51671.0952   14.745  0.004    2  1 
  51671.1189   14.776  0.004    2  1 
  51671.1232   14.777  0.005    2  1 
  51671.9996   14.721  0.004    2  1 
  51672.0039   14.732  0.004    2  1 
  51672.0350   14.536  0.003    2  1 
  51672.0382   14.521  0.004    2  1 
  51673.0232   14.499  0.003    2  1 
  51674.0574   14.568  0.005    2  1 
  51674.0620   14.539  0.005    2  1 
  51674.0938   14.476  0.005    2  1 
  51674.0985   14.472  0.005    2  1 
  51674.1159   14.432  0.004    2  1 
  51674.1223   14.411  0.004    2  1 
  51674.9763   14.355  0.004    2  1 
  51674.9824   14.361  0.005    2  1 
  51675.0212   14.413  0.005    2  1 
  51676.0163   14.787  0.004    2  1 
  51692.9816   14.753  0.004    2  1 
  51692.9854   14.751  0.004    2  1 
  51693.9780   14.413  0.003    2  1 
  51693.9814   14.404  0.003    2  1 
  51694.9914   14.725  0.004    2  1 
  51694.9946   14.733  0.004    2  1 
  51765.9974   14.742  0.004    2  1 
  51766.0012   14.725  0.004    2  1 
  51766.0048   14.716  0.004    2  1 
  51766.0266   14.622  0.004    2  1 
  51766.0301   14.599  0.004    2  1 
  51219.2918   14.671  0.003    3  1 
  51219.3100   14.715  0.003    3  1 
  51219.3296   14.763  0.003    3  1 
  51219.3536   14.871  0.003    3  1 
  51219.3723   14.932  0.003    3  1 
  51221.2763   14.688  0.003    3  1 
  51221.2964   14.651  0.003    3  1 
  51283.2546   14.694  0.002    3  1 
  51283.2783   14.666  0.003    3  1 
  51283.3008   14.696  0.003    3  1 
  51283.3322   14.789  0.003    3  1 
  51283.3553   14.887  0.003    3  1 
  51283.3773   14.989  0.003    3  1 
  51284.2134   15.071  0.003    3  1 
  51284.2375   15.138  0.003    3  1 
  51284.2581   15.203  0.003    3  1 
  51284.2875   15.261  0.004    3  1 
  51284.3124   15.260  0.004    3  1 
  51284.3383   15.206  0.004    3  1 
  51285.0451   15.131  0.003    3  1 
  51285.0691   15.188  0.003    3  1 
  51285.0932   15.238  0.003    3  1 
  51285.1257   15.238  0.003    3  1 
  51285.1514   15.191  0.003    3  1 
  51285.1754   15.052  0.003    3  1 
  51285.2060   14.802  0.003    3  1 
  51285.2321   14.784  0.003    3  1 
  51285.2586   14.703  0.003    3  1 
  51285.2928   14.648  0.003    3  1 
  51285.3257   14.684  0.003    3  1 
  51286.0393   14.801  0.002    3  1 
  51286.0670   14.709  0.003    3  1 
  51286.0977   14.645  0.002    3  1 
  51286.1302   14.674  0.002    3  1 
  51286.1560   14.724  0.002    3  1 
  51286.2193   14.993  0.003    3  1 
  51286.2434   15.081  0.003    3  1 
  51286.2655   15.150  0.003    3  1 
  51286.2958   15.218  0.003    3  1 
  51286.3291   15.252  0.003    3  1 
  51286.3521   15.232  0.003    3  1 
  51304.9838   15.230  0.003    3  1 
  51305.0251   15.066  0.004    3  1 
  51305.0718   14.786  0.003    3  1 
  51305.0961   14.739  0.003    3  1 
  51305.1465   14.670  0.003    3  1 
  51305.1755   14.685  0.003    3  1 
  51305.2054   14.763  0.004    3  1 
  51305.2345   14.889  0.003    3  1 
  51305.2666   15.033  0.004    3  1 
  51305.2880   15.142  0.004    3  1 
  51305.9773   14.675  0.002    3  1 
  51306.0428   14.858  0.003    3  1 
  51306.0809   15.031  0.003    3  1 
  51306.1087   15.139  0.003    3  1 
  51306.1330   15.184  0.004    3  1 
  51306.1578   15.233  0.004    3  1 
  51306.1875   15.247  0.003    3  1 
  51306.2101   15.221  0.003    3  1 
  51306.2308   15.141  0.003    3  1 
  51306.2771   14.886  0.003    3  1 
  51306.2972   14.862  0.003    3  1 
  51308.0025   14.654  0.002    3  1 
  51308.0294   14.696  0.002    3  1 
  51308.0600   14.810  0.003    3  1 
  51308.0919   14.969  0.002    3  1 
  51308.0958   14.990  0.003    3  1 
  51308.1244   15.097  0.003    3  1 
  51310.1057   14.912  0.002    3  1 
  51310.1100   14.921  0.002    3  1 
  51310.1132   14.943  0.002    3  1 
  51311.9792   14.764  0.003    3  1 
  51311.9983   14.697  0.003    3  1 
  51312.0087   14.691  0.003    3  1 
  51312.0350   14.658  0.003    3  1 
  51312.0550   14.669  0.003    3  1 
  51312.0672   14.690  0.003    3  1 
  51312.0870   14.734  0.003    3  1 
  51312.0988   14.770  0.003    3  1 
  51312.9828   15.079  0.003    3  1 
  51313.0063   15.164  0.003    3  1 
  51313.0300   15.227  0.003    3  1 
  51313.0562   15.255  0.003    3  1 
  51313.0838   15.254  0.003    3  1 
  51313.1113   15.174  0.003    3  1 
  51313.9807   14.788  0.003    3  1 
  51314.0143   14.714  0.003    3  1 
  51314.0397   14.664  0.003    3  1 
  51314.1124   14.743  0.003    3  1 
  51314.9752   14.946  0.003    3  1 
  51315.0102   15.080  0.003    3  1 
  51315.0336   15.170  0.003    3  1 
  51315.0747   15.251  0.003    3  1 
  51315.0982   15.260  0.004    3  1 
  51315.1216   15.218  0.003    3  1 
  51316.0399   14.711  0.002    3  1 
  51316.0634   14.662  0.003    3  1 
  51316.0869   14.661  0.003    3  1 
  51316.1115   14.681  0.002    3  1 
  51316.9740   14.815  0.003    3  1 
  51317.0052   14.967  0.003    3  1 
  51317.0282   15.080  0.004    3  1 
  51317.0566   15.167  0.004    3  1 
  51317.0822   15.209  0.004    3  1 
  51317.1075   15.247  0.004    3  1 
  51317.9847   15.090  0.003    3  1 
  51318.0099   14.873  0.003    3  1 
  51318.0374   14.804  0.004    3  1 
  51318.0942   14.703  0.004    3  1 
  51318.1226   14.681  0.003    3  1 
  51318.9772   14.747  0.003    3  1 
  51319.0019   14.834  0.003    3  1 
  51319.0274   14.959  0.003    3  1 
  51319.0757   15.142  0.003    3  1 
  51319.0997   15.204  0.003    3  1 
  51320.1208   14.688  0.002    3  1 
  51320.1417   14.663  0.002    3  1 
  51320.9728   14.678  0.003    3  1 
  51320.9965   14.744  0.002    3  1 
  51321.0180   14.811  0.002    3  1 
  51321.0400   14.892  0.003    3  1 
  51321.0930   15.115  0.003    3  1 
  51321.1217   15.188  0.003    3  1 
  51380.9937   14.924  0.003    3  1 
  51381.9793   15.147  0.003    3  1 
  51382.9755   14.757  0.003    3  1 
  51383.9715   15.233  0.003    3  1 
  51385.9679   15.258  0.003    3  1 
  51386.9917   14.673  0.003    3  1 
  51388.9755   14.701  0.003    3  1 
  51389.9750   15.184  0.003    3  1 
  51693.9923   14.684  0.003    3  1 
  51695.0052   15.193  0.003    3  1 
 56468.97641   13.458  0.026   -1  1 
 56469.04707   13.269  0.020   -1  1 
 56469.10896   13.258  0.021   -1  1 
 56469.17285   13.362  0.014   -1  1 
 56471.00364   13.223  0.017   -1  1 
 56471.06640   13.427  0.020   -1  1 
 56471.12490   13.219  0.011   -1  1 
 56471.18188   13.179  0.013   -1  1 
 56471.96759   13.204  0.021   -1  1 
 56472.03374   13.140  0.012   -1  1 
 56472.09484   13.293  0.014   -1  1 
 56472.15243   13.238  0.009   -1  1 
 56468.95296   13.281  0.017   -2  1 
 56469.02441   13.316  0.015   -2  1 
 56469.08813   13.245  0.011   -2  1 
 56469.15134   13.165  0.009   -2  1 
 56471.02588   13.305  0.012   -2  1 
 56471.08671   13.304  0.013   -2  1 
 56471.14302   13.221  0.009   -2  1 
 56471.94704   13.321  0.036   -2  1 
 56472.01085   13.268  0.020   -2  1 
 56472.07480   13.190  0.008   -2  1 
 56472.13240   13.241  0.008   -2  1 
 56472.19216   13.327  0.019   -2  1 
 56469.00041   13.642  0.007   -5  1 
 56469.06767   13.464  0.016   -5  1 
 56469.13003   13.441  0.009   -5  1 
 56469.19349   13.420  0.008   -5  1 
 56470.98130   13.628  0.026   -5  1 
 56471.04693   13.598  0.013   -5  1 
 56471.10523   13.491  0.006   -5  1 
 56471.16397   13.443  0.022   -5  1 
 56471.98857   13.420  0.021   -5  1 
 56472.05430   13.412  0.008   -5  1 
 56472.11383   13.485  0.013   -5  1 
 56472.17109   13.551  0.009   -5  1 
