  51216.2987   14.779  0.005    2  1 
  51216.3275   14.590  0.005    2  1 
  51216.3519   14.552  0.004    2  1 
  51216.3771   14.593  0.004    2  1 
  51217.2851   14.825  0.005    2  1 
  51217.3152   14.962  0.005    2  1 
  51217.3378   14.987  0.005    2  1 
  51217.3598   15.014  0.005    2  1 
  51218.3013   14.608  0.004    2  1 
  51218.3254   14.552  0.004    2  1 
  51218.3504   14.626  0.004    2  1 
  51218.3753   14.692  0.004    2  1 
  51219.2775   14.934  0.005    2  1 
  51219.3014   14.998  0.005    2  1 
  51219.3186   15.015  0.005    2  1 
  51219.3397   15.002  0.005    2  1 
  51219.3635   14.946  0.005    2  1 
  51219.3810   14.811  0.005    2  1 
  51220.2867   14.568  0.004    2  1 
  51220.3036   14.593  0.004    2  1 
  51220.3219   14.637  0.004    2  1 
  51220.3564   14.754  0.004    2  1 
  51220.3729   14.827  0.005    2  1 
  51220.3920   14.908  0.005    2  1 
  51221.2619   14.994  0.005    2  1 
  51221.2873   15.018  0.005    2  1 
  51221.3052   15.006  0.005    2  1 
  51221.3230   14.970  0.005    2  1 
  51221.3396   14.878  0.005    2  1 
  51221.3577   14.671  0.004    2  1 
  51221.3762   14.592  0.004    2  1 
  51283.2102   14.791  0.004    2  1 
  51283.2288   14.864  0.005    2  1 
  51283.2338   14.889  0.004    2  1 
  51283.2391   14.911  0.004    2  1 
  51283.2642   14.993  0.005    2  1 
  51283.2680   15.003  0.005    2  1 
  51283.2868   15.015  0.004    2  1 
  51283.2902   15.008  0.004    2  1 
  51283.3138   15.009  0.004    2  1 
  51283.3170   15.000  0.004    2  1 
  51283.3408   14.905  0.004    2  1 
  51283.3447   14.872  0.004    2  1 
  51283.3642   14.658  0.004    2  1 
  51283.3673   14.629  0.004    2  1 
  51284.1955   14.766  0.004    2  1 
  51284.1993   14.727  0.004    2  1 
  51284.2266   14.607  0.004    2  1 
  51284.2298   14.608  0.004    2  1 
  51284.2475   14.555  0.004    2  1 
  51284.2506   14.547  0.004    2  1 
  51284.2679   14.577  0.004    2  1 
  51284.2711   14.588  0.004    2  1 
  51284.3004   14.674  0.004    2  1 
  51284.3036   14.686  0.004    2  1 
  51284.3257   14.765  0.004    2  1 
  51284.3289   14.786  0.005    2  1 
  51285.0269   14.878  0.004    2  1 
  51285.0299   14.849  0.004    2  1 
  51285.0607   14.597  0.003    2  1 
  51285.0814   14.590  0.003    2  1 
  51285.0847   14.580  0.003    2  1 
  51285.1052   14.568  0.003    2  1 
  51285.1084   14.576  0.003    2  1 
  51285.1396   14.654  0.004    2  1 
  51285.1427   14.675  0.004    2  1 
  51285.1624   14.745  0.004    2  1 
  51285.1654   14.751  0.004    2  1 
  51285.1891   14.847  0.004    2  1 
  51285.1924   14.876  0.004    2  1 
  51285.2195   14.967  0.004    2  1 
  51285.2227   14.981  0.005    2  1 
  51285.2468   15.013  0.005    2  1 
  51285.2498   15.020  0.005    2  1 
  51285.2738   15.020  0.005    2  1 
  51285.2775   15.011  0.005    2  1 
  51285.3077   14.871  0.004    2  1 
  51285.3112   14.842  0.005    2  1 
  51285.3425   14.601  0.004    2  1 
  51285.3456   14.602  0.004    2  1 
  51286.0177   14.798  0.004    2  1 
  51286.0241   14.827  0.004    2  1 
  51286.0542   14.936  0.004    2  1 
  51286.0574   14.958  0.004    2  1 
  51286.0794   15.006  0.004    2  1 
  51286.0832   14.998  0.004    2  1 
  51286.1105   15.003  0.004    2  1 
  51286.1136   15.006  0.004    2  1 
  51286.1441   14.910  0.004    2  1 
  51286.1708   14.636  0.003    2  1 
  51286.1740   14.618  0.004    2  1 
  51286.1969   14.614  0.004    2  1 
  51286.2002   14.599  0.004    2  1 
  51286.2322   14.584  0.003    2  1 
  51286.2352   14.593  0.003    2  1 
  51286.2544   14.643  0.004    2  1 
  51286.2573   14.653  0.004    2  1 
  51286.2785   14.721  0.004    2  1 
  51286.2816   14.730  0.004    2  1 
  51286.3149   14.870  0.004    2  1 
  51286.3179   14.881  0.004    2  1 
  51286.3375   14.960  0.004    2  1 
  51286.3409   14.978  0.005    2  1 
  51286.3604   15.028  0.005    2  1 
  51286.3635   15.024  0.005    2  1 
  51286.3665   15.022  0.005    2  1 
  51304.9667   14.657  0.003    2  1 
  51304.9697   14.635  0.003    2  1 
  51304.9956   14.610  0.003    2  1 
  51304.9985   14.603  0.003    2  1 
  51305.0393   14.607  0.004    2  1 
  51305.0423   14.616  0.004    2  1 
  51305.0812   14.732  0.004    2  1 
  51305.0852   14.742  0.004    2  1 
  51305.1040   14.826  0.004    2  1 
  51305.1077   14.843  0.004    2  1 
  51305.1328   14.958  0.006    2  1 
  51305.1357   14.956  0.005    2  1 
  51305.1582   15.000  0.005    2  1 
  51305.1616   15.018  0.006    2  1 
  51305.1919   15.021  0.006    2  1 
  51305.1953   15.006  0.005    2  1 
  51305.2170   14.954  0.005    2  1 
  51305.2202   14.929  0.005    2  1 
  51305.2493   14.633  0.004    2  1 
  51305.2523   14.613  0.004    2  1 
  51305.2764   14.601  0.004    2  1 
  51305.2796   14.570  0.005    2  1 
  51305.3025   14.563  0.004    2  1 
  51305.3054   14.566  0.004    2  1 
  51305.9643   14.899  0.004    2  1 
  51305.9672   14.914  0.004    2  1 
  51306.0313   15.004  0.004    2  1 
  51306.0340   15.011  0.004    2  1 
  51306.0638   14.928  0.004    2  1 
  51306.0674   14.893  0.004    2  1 
  51306.1209   14.592  0.003    2  1 
  51306.1434   14.543  0.004    2  1 
  51306.1474   14.553  0.004    2  1 
  51306.1743   14.636  0.003    2  1 
  51306.1770   14.649  0.003    2  1 
  51306.1996   14.718  0.003    2  1 
  51306.2025   14.727  0.003    2  1 
  51306.2235   14.811  0.003    2  1 
  51306.2407   14.876  0.003    2  1 
  51306.2458   14.910  0.003    2  1 
  51306.2665   14.976  0.003    2  1 
  51306.2691   14.978  0.003    2  1 
  51306.2895   15.003  0.004    2  1 
  51306.3068   15.019  0.004    2  1 
  51306.3101   15.017  0.004    2  1 
  51306.9828   14.558  0.005    2  1 
  51306.9870   14.571  0.003    2  1 
  51307.0161   14.637  0.004    2  1 
  51307.0270   14.667  0.004    2  1 
  51307.0388   14.715  0.004    2  1 
  51307.0824   14.912  0.007    2  1 
  51307.9862   15.026  0.004    2  1 
  51307.9901   15.005  0.004    2  1 
  51308.0178   14.967  0.003    2  1 
  51308.0212   14.952  0.003    2  1 
  51308.0443   14.760  0.003    2  1 
  51308.1072   14.562  0.004    2  1 
  51308.1114   14.574  0.004    2  1 
  51310.1342   14.750  0.003    2  1 
  51310.1371   14.758  0.003    2  1 
  51310.1402   14.768  0.003    2  1 
  51314.9621   14.995  0.006    2  1 
  51314.9650   14.992  0.005    2  1 
  51314.9679   14.997  0.005    2  1 
  51314.9914   15.010  0.004    2  1 
  51314.9943   15.009  0.004    2  1 
  51314.9972   15.015  0.004    2  1 
  51315.0171   15.008  0.004    2  1 
  51315.0197   15.002  0.004    2  1 
  51315.0224   15.006  0.004    2  1 
  51315.0409   14.932  0.004    2  1 
  51315.0436   14.914  0.004    2  1 
  51315.0462   14.890  0.004    2  1 
  51315.0650   14.687  0.003    2  1 
  51315.0677   14.657  0.003    2  1 
  51315.0860   14.598  0.003    2  1 
  51315.0887   14.608  0.003    2  1 
  51315.0913   14.613  0.003    2  1 
  51315.1094   14.561  0.003    2  1 
  51315.1121   14.563  0.003    2  1 
  51315.1148   14.560  0.003    2  1 
  51316.0511   14.854  0.004    2  1 
  51316.0538   14.859  0.004    2  1 
  51316.0746   14.951  0.004    2  1 
  51316.0773   14.957  0.004    2  1 
  51316.0800   14.969  0.004    2  1 
  51316.0992   15.000  0.004    2  1 
  51316.1046   15.003  0.004    2  1 
  51316.1228   15.006  0.004    2  1 
  51316.1255   15.018  0.004    2  1 
  51316.1281   15.012  0.004    2  1 
  51316.9815   14.995  0.004    2  1 
  51316.9843   15.003  0.004    2  1 
  51316.9869   14.991  0.004    2  1 
  51316.9978   14.968  0.005    2  1 
  51317.0147   14.843  0.004    2  1 
  51317.0176   14.810  0.004    2  1 
  51317.0205   14.778  0.005    2  1 
  51317.0420   14.569  0.005    2  1 
  51317.0450   14.575  0.005    2  1 
  51317.0483   14.587  0.004    2  1 
  51317.0689   14.569  0.004    2  1 
  51317.0718   14.549  0.004    2  1 
  51317.0747   14.545  0.004    2  1 
  51317.0946   14.581  0.003    2  1 
  51317.0974   14.592  0.003    2  1 
  51317.1000   14.597  0.004    2  1 
  51317.1199   14.647  0.004    2  1 
  51317.1228   14.651  0.004    2  1 
  51317.1257   14.659  0.004    2  1 
  51317.9715   14.665  0.005    2  1 
  51317.9744   14.683  0.004    2  1 
  51317.9772   14.694  0.004    2  1 
  51317.9970   14.768  0.003    2  1 
  51317.9998   14.801  0.003    2  1 
  51318.0025   14.795  0.004    2  1 
  51318.0227   14.888  0.005    2  1 
  51318.0260   14.901  0.006    2  1 
  51318.0292   14.926  0.008    2  1 
  51318.0510   14.990  0.006    2  1 
  51318.0542   15.004  0.006    2  1 
  51318.0575   15.020  0.006    2  1 
  51318.0795   15.027  0.006    2  1 
  51318.0827   15.040  0.006    2  1 
  51318.0859   15.028  0.005    2  1 
  51318.1079   15.044  0.008    2  1 
  51318.1111   15.014  0.007    2  1 
  51318.1144   15.020  0.010    2  1 
  51318.9846   14.783  0.004    2  1 
  51318.9874   14.741  0.004    2  1 
  51318.9902   14.703  0.004    2  1 
  51319.0093   14.591  0.004    2  1 
  51319.0122   14.587  0.004    2  1 
  51319.0151   14.579  0.004    2  1 
  51319.0351   14.549  0.004    2  1 
  51319.0380   14.546  0.004    2  1 
  51319.0411   14.552  0.004    2  1 
  51319.0623   14.588  0.004    2  1 
  51319.0928   14.679  0.003    2  1 
  51319.1137   14.754  0.004    2  1 
  51319.1164   14.757  0.004    2  1 
  51319.1190   14.774  0.004    2  1 
  51320.1531   14.581  0.003    2  1 
  51320.1557   14.577  0.003    2  1 
  51320.1584   14.572  0.003    2  1 
  51320.9810   14.611  0.003    2  1 
  51321.0292   14.610  0.003    2  1 
  51321.0491   14.662  0.003    2  1 
  51321.0714   14.727  0.003    2  1 
  51321.0740   14.740  0.003    2  1 
  51321.0997   14.849  0.004    2  1 
  51321.1023   14.862  0.004    2  1 
  51321.1049   14.874  0.004    2  1 
  51321.1074   14.884  0.004    2  1 
  51321.1100   14.894  0.004    2  1 
  51321.1285   14.958  0.004    2  1 
  51321.1311   14.969  0.004    2  1 
  51332.9607   15.037  0.008    2  1 
  51332.9651   15.035  0.008    2  1 
  51332.9797   15.005  0.006    2  1 
  51332.9834   14.994  0.006    2  1 
  51333.0005   14.912  0.005    2  1 
  51333.0039   14.883  0.006    2  1 
  51333.0156   14.742  0.005    2  1 
  51333.0192   14.696  0.005    2  1 
  51333.0445   14.610  0.005    2  1 
  51333.0479   14.617  0.004    2  1 
  51333.0636   14.564  0.006    2  1 
  51333.0681   14.554  0.006    2  1 
  51333.0834   14.578  0.004    2  1 
  51333.0869   14.587  0.004    2  1 
  51333.0981   14.608  0.004    2  1 
  51333.1018   14.621  0.004    2  1 
  51333.1258   14.693  0.005    2  1 
  51333.1294   14.699  0.006    2  1 
  51333.1410   14.746  0.006    2  1 
  51333.1452   14.761  0.006    2  1 
  51333.1492   14.775  0.006    2  1 
  51333.1642   14.853  0.006    2  1 
  51333.1679   14.861  0.005    2  1 
  51334.9778   14.766  0.003    2  1 
  51334.9806   14.728  0.003    2  1 
  51335.0115   14.617  0.003    2  1 
  51335.0145   14.615  0.003    2  1 
  51335.0237   14.576  0.004    2  1 
  51335.0269   14.569  0.004    2  1 
  51335.0365   14.563  0.004    2  1 
  51335.0396   14.559  0.004    2  1 
  51335.0624   14.610  0.005    2  1 
  51335.0658   14.624  0.004    2  1 
  51335.0766   14.648  0.005    2  1 
  51335.0800   14.660  0.004    2  1 
  51335.1009   14.731  0.004    2  1 
  51335.1041   14.743  0.005    2  1 
  51335.9585   14.789  0.005    2  1 
  51335.9619   14.806  0.005    2  1 
  51335.9661   14.829  0.005    2  1 
  51335.9693   14.838  0.004    2  1 
  51335.9855   14.910  0.004    2  1 
  51335.9915   14.927  0.004    2  1 
  51335.9966   14.950  0.004    2  1 
  51336.0139   15.001  0.005    2  1 
  51336.0172   15.003  0.005    2  1 
  51336.0275   15.018  0.005    2  1 
  51336.0306   15.020  0.005    2  1 
  51336.0439   15.025  0.005    2  1 
  51336.0470   15.022  0.005    2  1 
  51336.0662   15.002  0.005    2  1 
  51336.0696   14.988  0.005    2  1 
  51336.0728   14.980  0.005    2  1 
  51336.0954   14.821  0.005    2  1 
  51336.0989   14.789  0.005    2  1 
  51336.1119   14.636  0.005    2  1 
  51336.1153   14.613  0.004    2  1 
  51336.1297   14.600  0.005    2  1 
  51336.1600   14.535  0.007    2  1 
  51336.1647   14.516  0.008    2  1 
  51336.9567   14.609  0.003    2  1 
  51337.0022   14.518  0.004    2  1 
  51337.9827   15.026  0.007    2  1 
  51337.9868   15.040  0.007    2  1 
  51337.9997   15.032  0.006    2  1 
  51338.0033   15.027  0.006    2  1 
  51338.0231   15.022  0.006    2  1 
  51338.0265   15.015  0.006    2  1 
  51338.0304   15.010  0.006    2  1 
  51338.9791   14.580  0.004    2  1 
  51338.9849   14.600  0.004    2  1 
  51339.0116   14.662  0.005    2  1 
  51339.0151   14.681  0.005    2  1 
  51339.0441   14.792  0.005    2  1 
  51339.0477   14.814  0.005    2  1 
  51339.0513   14.827  0.005    2  1 
  51339.0774   14.943  0.005    2  1 
  51339.0807   14.954  0.005    2  1 
  51339.1053   15.004  0.005    2  1 
  51339.1093   15.022  0.006    2  1 
  51339.1327   15.024  0.005    2  1 
  51339.1363   15.015  0.005    2  1 
  51339.9588   15.016  0.004    2  1 
  51339.9627   15.017  0.004    2  1 
  51339.9835   15.013  0.005    2  1 
  51339.9874   15.009  0.004    2  1 
  51340.0115   14.924  0.004    2  1 
  51340.0146   14.902  0.004    2  1 
  51340.0349   14.687  0.004    2  1 
  51340.0380   14.647  0.004    2  1 
  51340.0659   14.613  0.004    2  1 
  51340.0696   14.591  0.004    2  1 
  51340.0938   14.564  0.005    2  1 
  51340.0983   14.567  0.005    2  1 
  51340.1334   14.669  0.005    2  1 
  51340.1366   14.669  0.004    2  1 
  51344.9654   14.923  0.004    2  1 
  51344.9786   14.961  0.004    2  1 
  51344.9829   14.977  0.005    2  1 
  51345.0052   15.023  0.005    2  1 
  51345.0092   15.035  0.005    2  1 
  51345.0132   15.023  0.004    2  1 
  51345.0170   15.020  0.005    2  1 
  51345.0353   15.010  0.004    2  1 
  51345.0390   15.009  0.004    2  1 
  51345.0645   14.914  0.004    2  1 
  51345.0690   14.869  0.004    2  1 
  51345.9658   14.576  0.005    2  1 
  51345.9696   14.556  0.005    2  1 
  51345.9999   14.595  0.005    2  1 
  51346.0043   14.606  0.005    2  1 
  51346.0310   14.691  0.004    2  1 
  51346.0343   14.695  0.004    2  1 
  51346.0571   14.789  0.005    2  1 
  51346.0604   14.798  0.005    2  1 
  51347.0221   14.943  0.005    2  1 
  51347.0274   14.921  0.003    2  1 
  51347.0562   14.606  0.004    2  1 
  51347.0597   14.593  0.004    2  1 
  51347.0815   14.606  0.003    2  1 
  51347.0850   14.599  0.003    2  1 
  51347.9550   14.582  0.003    2  1 
  51347.9581   14.596  0.004    2  1 
  51347.9877   14.669  0.004    2  1 
  51347.9914   14.682  0.004    2  1 
  51347.9948   14.688  0.004    2  1 
  51348.0181   14.780  0.004    2  1 
  51348.0211   14.785  0.004    2  1 
  51348.0849   15.027  0.008    2  1 
  51348.0897   15.023  0.007    2  1 
  51348.1054   15.040  0.007    2  1 
  51348.1088   15.040  0.006    2  1 
  51348.1122   15.034  0.007    2  1 
  51348.9528   15.003  0.004    2  1 
  51348.9557   15.027  0.005    2  1 
  51348.9795   14.971  0.004    2  1 
  51348.9824   14.973  0.004    2  1 
  51348.9941   14.910  0.004    2  1 
  51349.0152   14.659  0.004    2  1 
  51349.0189   14.623  0.004    2  1 
  51349.9596   14.686  0.004    2  1 
  51349.9627   14.696  0.004    2  1 
  51349.9911   14.810  0.004    2  1 
  51349.9944   14.828  0.004    2  1 
  51350.0097   14.892  0.004    2  1 
  51350.0128   14.901  0.004    2  1 
  51350.0228   14.942  0.005    2  1 
  51364.9643   14.995  0.004    2  1 
  51364.9677   14.968  0.004    2  1 
  51380.9714   14.947  0.003    2  1 
  51380.9769   14.907  0.004    2  1 
  51380.9801   14.876  0.004    2  1 
  51380.9845   14.836  0.004    2  1 
  51381.0066   14.607  0.003    2  1 
  51381.0096   14.591  0.003    2  1 
  51381.0136   14.588  0.003    2  1 
  51381.9638   14.764  0.003    2  1 
  51381.9679   14.780  0.004    2  1 
  51381.9716   14.798  0.005    2  1 
  51381.9917   14.889  0.005    2  1 
  51381.9946   14.903  0.005    2  1 
  51382.9605   14.694  0.004    2  1 
  51382.9652   14.646  0.004    2  1 
  51382.9682   14.600  0.005    2  1 
  51382.9887   14.606  0.004    2  1 
  51382.9916   14.601  0.004    2  1 
  51383.9595   14.890  0.004    2  1 
  51383.9648   14.915  0.004    2  1 
  51383.9826   14.985  0.004    2  1 
  51383.9853   15.011  0.005    2  1 
  51385.9557   14.991  0.004    2  1 
  51385.9615   15.003  0.004    2  1 
  51385.9788   15.021  0.004    2  1 
  51385.9814   15.020  0.004    2  1 
  51386.9731   14.628  0.004    2  1 
  51386.9769   14.643  0.004    2  1 
  51386.9807   14.657  0.004    2  1 
  51387.0101   14.755  0.004    2  1 
  51387.0139   14.762  0.004    2  1 
  51387.0177   14.782  0.004    2  1 
  51388.9571   14.679  0.006    2  1 
  51388.9622   14.698  0.006    2  1 
  51388.9659   14.716  0.006    2  1 
  51388.9899   14.819  0.006    2  1 
  51388.9932   14.831  0.005    2  1 
  51389.9629   14.837  0.003    2  1 
  51389.9656   14.810  0.003    2  1 
  51389.9683   14.780  0.003    2  1 
  51390.9578   14.803  0.003    2  1 
  51390.9604   14.840  0.003    2  1 
  51390.9631   14.851  0.005    2  1 
  51391.9609   14.611  0.002    2  1 
  51391.9634   14.563  0.002    2  1 
  51646.1374   14.631  0.004    2  1 
  51646.1447   14.581  0.006    2  1 
  51646.1486   14.580  0.005    2  1 
  51646.1532   14.588  0.005    2  1 
  51646.1570   14.564  0.007    2  1 
  51646.1609   14.585  0.006    2  1 
  51646.1649   14.586  0.006    2  1 
  51646.1687   14.580  0.005    2  1 
  51646.1727   14.568  0.005    2  1 
  51646.1764   14.564  0.004    2  1 
  51646.1801   14.555  0.005    2  1 
  51646.1837   14.553  0.004    2  1 
  51646.1871   14.545  0.005    2  1 
  51646.1907   14.547  0.005    2  1 
  51646.1944   14.563  0.005    2  1 
  51646.1983   14.579  0.004    2  1 
  51646.2025   14.595  0.005    2  1 
  51646.2065   14.596  0.004    2  1 
  51646.2100   14.615  0.004    2  1 
  51646.2138   14.623  0.004    2  1 
  51646.2172   14.633  0.004    2  1 
  51646.2206   14.649  0.004    2  1 
  51646.2245   14.656  0.004    2  1 
  51646.2283   14.660  0.004    2  1 
  51646.2320   14.675  0.004    2  1 
  51646.2362   14.690  0.004    2  1 
  51646.2426   14.713  0.003    2  1 
  51646.2457   14.724  0.003    2  1 
  51646.2489   14.732  0.004    2  1 
  51646.2523   14.742  0.004    2  1 
  51646.2557   14.764  0.004    2  1 
  51646.2591   14.776  0.004    2  1 
  51646.2626   14.795  0.006    2  1 
  51646.2660   14.799  0.004    2  1 
  51646.2694   14.816  0.007    2  1 
  51646.2730   14.835  0.008    2  1 
  51646.2769   14.862  0.011    2  1 
  51646.2811   14.864  0.013    2  1 
  51646.2852   14.906  0.008    2  1 
  51646.2895   14.915  0.006    2  1 
  51646.2939   14.947  0.008    2  1 
  51646.2986   14.977  0.009    2  1 
  51646.3027   14.993  0.010    2  1 
  51646.3070   14.989  0.007    2  1 
  51646.3111   15.003  0.006    2  1 
  51646.3151   15.002  0.006    2  1 
  51646.3189   14.995  0.005    2  1 
  51646.3225   15.004  0.005    2  1 
  51646.3260   15.018  0.005    2  1 
  51646.3296   15.028  0.006    2  1 
  51646.3330   15.025  0.005    2  1 
  51646.3377   15.021  0.006    2  1 
  51646.3414   15.026  0.006    2  1 
  51646.3451   15.028  0.006    2  1 
  51646.3496   15.022  0.005    2  1 
  51646.3530   15.036  0.006    2  1 
  51646.3568   15.023  0.005    2  1 
  51646.3637   15.045  0.007    2  1 
  51646.3679   15.033  0.006    2  1 
  51646.3713   15.024  0.006    2  1 
  51646.3746   15.039  0.009    2  1 
  51671.0353   15.009  0.004    2  1 
  51671.0475   15.013  0.004    2  1 
  51671.0585   14.988  0.004    2  1 
  51671.0649   14.978  0.004    2  1 
  51671.0721   14.979  0.005    2  1 
  51671.0771   14.974  0.007    2  1 
  51671.1013   14.713  0.004    2  1 
  51671.1053   14.666  0.004    2  1 
  51671.1107   14.623  0.004    2  1 
  51671.1151   14.596  0.004    2  1 
  51671.1292   14.612  0.004    2  1 
  51671.9878   14.563  0.003    2  1 
  51671.9920   14.552  0.003    2  1 
  51672.0277   14.625  0.004    2  1 
  51672.0316   14.643  0.003    2  1 
  51672.0822   14.822  0.004    2  1 
  51674.0685   14.931  0.006    2  1 
  51674.0726   14.945  0.007    2  1 
  51674.1052   15.021  0.006    2  1 
  51674.1117   15.032  0.006    2  1 
  51674.1260   15.029  0.005    2  1 
  51674.1296   15.029  0.005    2  1 
  51674.1332   15.021  0.005    2  1 
  51674.1368   15.029  0.005    2  1 
  51674.1405   15.023  0.005    2  1 
  51674.1444   15.013  0.005    2  1 
  51674.9689   15.039  0.005    2  1 
  51674.9724   15.029  0.006    2  1 
  51674.9867   15.009  0.005    2  1 
  51674.9911   15.010  0.006    2  1 
  51675.0041   14.963  0.006    2  1 
  51675.0121   14.905  0.006    2  1 
  51675.0159   14.867  0.007    2  1 
  51675.0253   14.742  0.004    2  1 
  51675.0289   14.702  0.004    2  1 
  51675.0351   14.634  0.004    2  1 
  51675.0465   14.577  0.004    2  1 
  51675.0521   14.590  0.005    2  1 
  51675.0558   14.611  0.004    2  1 
  51675.0622   14.600  0.004    2  1 
  51675.0661   14.590  0.004    2  1 
  51675.0719   14.574  0.004    2  1 
  51675.0756   14.558  0.005    2  1 
  51675.0814   14.562  0.004    2  1 
  51675.0858   14.564  0.004    2  1 
  51675.0927   14.578  0.004    2  1 
  51675.0970   14.589  0.004    2  1 
  51675.9751   14.686  0.004    2  1 
  51675.9802   14.705  0.004    2  1 
  51675.9906   14.738  0.004    2  1 
  51675.9939   14.754  0.004    2  1 
  51675.9971   14.766  0.004    2  1 
  51676.0005   14.777  0.004    2  1 
  51676.0036   14.796  0.004    2  1 
  51676.0067   14.809  0.004    2  1 
  51676.0112   14.828  0.004    2  1 
  51676.0240   14.885  0.005    2  1 
  51676.0301   14.911  0.005    2  1 
  51676.9616   14.999  0.007    2  1 
  51676.9713   14.943  0.006    2  1 
  51676.9757   14.912  0.006    2  1 
  51676.9867   14.790  0.006    2  1 
  51676.9919   14.698  0.009    2  1 
  51676.9969   14.658  0.007    2  1 
  51677.0090   14.559  0.006    2  1 
  51677.0126   14.570  0.005    2  1 
  51677.0180   14.591  0.006    2  1 
  51677.0226   14.604  0.006    2  1 
  51677.0271   14.596  0.006    2  1 
  51677.0318   14.571  0.006    2  1 
  51677.0362   14.558  0.005    2  1 
  51677.0410   14.543  0.006    2  1 
  51677.0453   14.540  0.006    2  1 
  51677.0499   14.546  0.006    2  1 
  51677.0580   14.561  0.006    2  1 
  51677.0628   14.577  0.006    2  1 
  51677.0672   14.595  0.006    2  1 
  51677.0713   14.605  0.005    2  1 
  51677.0751   14.612  0.006    2  1 
  51677.0793   14.630  0.005    2  1 
  51677.0835   14.641  0.005    2  1 
  51677.0877   14.655  0.005    2  1 
  51677.0918   14.667  0.005    2  1 
  51677.0956   14.675  0.006    2  1 
  51677.0996   14.680  0.007    2  1 
  51677.1044   14.697  0.006    2  1 
  51677.1082   14.705  0.008    2  1 
  51677.1121   14.735  0.006    2  1 
  51677.1160   14.746  0.007    2  1 
  51677.1199   14.768  0.007    2  1 
  51677.1238   14.787  0.006    2  1 
  51677.1276   14.810  0.006    2  1 
  51677.1315   14.821  0.007    2  1 
  51677.1353   14.843  0.007    2  1 
  51677.1396   14.857  0.007    2  1 
  51677.1434   14.876  0.007    2  1 
  51677.1476   14.896  0.006    2  1 
  51677.1520   14.917  0.006    2  1 
  51677.1564   14.929  0.007    2  1 
  51677.1603   14.953  0.006    2  1 
  51677.1642   14.967  0.006    2  1 
  51677.1680   14.975  0.007    2  1 
  51677.1719   14.985  0.006    2  1 
  51677.1759   14.997  0.006    2  1 
  51677.1797   15.015  0.007    2  1 
  51677.1836   15.028  0.008    2  1 
  51677.1883   15.032  0.007    2  1 
  51677.1922   15.024  0.006    2  1 
  51677.1960   15.034  0.007    2  1 
  51677.1999   15.034  0.007    2  1 
  51677.2038   15.024  0.006    2  1 
  51677.2083   15.035  0.007    2  1 
  51677.2133   15.038  0.007    2  1 
  51677.2335   15.034  0.011    2  1 
  51677.2391   15.024  0.011    2  1 
  51677.2465   15.003  0.013    2  1 
  51677.2524   14.940  0.008    2  1 
  51677.2571   14.903  0.007    2  1 
  51677.2620   14.846  0.007    2  1 
  51677.2664   14.799  0.007    2  1 
  51677.2708   14.740  0.006    2  1 
  51691.0375   14.592  0.002    2  1 
  51691.0409   14.592  0.003    2  1 
  51691.0444   14.601  0.003    2  1 
  51691.0509   14.613  0.003    2  1 
  51691.0543   14.603  0.004    2  1 
  51691.0579   14.595  0.004    2  1 
  51691.0633   14.580  0.003    2  1 
  51691.0670   14.564  0.002    2  1 
  51691.0711   14.559  0.003    2  1 
  51691.0770   14.558  0.003    2  1 
  51691.0805   14.564  0.004    2  1 
  51691.0840   14.567  0.003    2  1 
  51691.0896   14.583  0.003    2  1 
  51691.0931   14.596  0.003    2  1 
  51691.0971   14.608  0.003    2  1 
  51691.1040   14.620  0.004    2  1 
  51691.1083   14.636  0.004    2  1 
  51691.1122   14.649  0.003    2  1 
  51691.1180   14.656  0.004    2  1 
  51691.1214   14.680  0.004    2  1 
  51691.1249   14.688  0.004    2  1 
  51691.1323   14.709  0.003    2  1 
  51691.1357   14.719  0.003    2  1 
  51691.1392   14.735  0.003    2  1 
  51691.1448   14.757  0.003    2  1 
  51691.1522   14.791  0.003    2  1 
  51691.1561   14.809  0.002    2  1 
  51693.0130   14.624  0.004    2  1 
  51693.0248   14.587  0.004    2  1 
  51693.0305   14.569  0.004    2  1 
  51693.0340   14.558  0.004    2  1 
  51693.0378   14.565  0.004    2  1 
  51694.0082   14.978  0.004    2  1 
  51694.0114   14.986  0.004    2  1 
  51694.0148   14.981  0.004    2  1 
  51694.0234   14.998  0.004    2  1 
  51694.0267   15.001  0.004    2  1 
  51694.0319   15.002  0.004    2  1 
  51694.0351   15.018  0.004    2  1 
  51694.0384   15.016  0.004    2  1 
  51694.0418   15.009  0.004    2  1 
  51694.0472   15.015  0.004    2  1 
  51694.0505   15.007  0.004    2  1 
  51694.0537   15.009  0.004    2  1 
  51694.0590   15.002  0.004    2  1 
  51694.0623   14.987  0.004    2  1 
  51694.0714   14.980  0.004    2  1 
  51694.0781   14.963  0.004    2  1 
  51694.0901   14.874  0.004    2  1 
  51694.0957   14.835  0.004    2  1 
  51694.1021   14.766  0.004    2  1 
  51694.1075   14.695  0.003    2  1 
  51694.1106   14.596  0.003    2  1 
  51694.1190   14.601  0.003    2  1 
  51694.1221   14.590  0.003    2  1 
  51694.1252   14.587  0.003    2  1 
  51694.1286   14.594  0.003    2  1 
  51695.0280   14.618  0.003    2  1 
  51697.9712   15.035  0.005    2  1 
  51697.9818   15.018  0.005    2  1 
  51765.9746   14.582  0.004    2  1 
  51765.9783   14.565  0.004    2  1 
  51765.9820   14.563  0.004    2  1 
  51766.0194   14.628  0.005    2  1 
  51766.0229   14.643  0.005    2  1 
  51216.3063   14.988  0.004    3  1 
  51216.3342   14.905  0.004    3  1 
  51216.3572   14.832  0.003    3  1 
  51216.3847   14.922  0.004    3  1 
  51217.2936   15.272  0.004    3  1 
  51217.3214   15.438  0.005    3  1 
  51217.3852   15.459  0.005    3  1 
  51218.2935   14.901  0.004    3  1 
  51218.3212   14.817  0.003    3  1 
  51218.3442   14.881  0.003    3  1 
  51218.3704   15.012  0.004    3  1 
  51219.2811   15.420  0.002    3  1 
  51219.2844   15.417  0.005    3  1 
  51219.3053   15.502  0.005    3  1 
  51219.3228   15.502  0.005    3  1 
  51219.3465   15.474  0.005    3  1 
  51219.3676   15.353  0.005    3  1 
  51219.3851   15.131  0.004    3  1 
  51220.2805   14.837  0.003    3  1 
  51220.2995   14.868  0.003    3  1 
  51220.3171   14.930  0.004    3  1 
  51220.3349   15.050  0.004    3  1 
  51220.3523   15.095  0.004    3  1 
  51220.3689   15.199  0.004    3  1 
  51220.3877   15.330  0.005    3  1 
  51221.2691   15.504  0.005    3  1 
  51221.2915   15.511  0.005    3  1 
  51221.3097   15.476  0.005    3  1 
  51221.3270   15.414  0.004    3  1 
  51221.3437   15.228  0.004    3  1 
  51221.3619   14.926  0.004    3  1 
  51221.3854   14.928  0.004    3  1 
  51283.2237   15.250  0.004    3  1 
  51283.2601   15.459  0.004    3  1 
  51283.2830   15.517  0.004    3  1 
  51283.3050   15.509  0.004    3  1 
  51283.3367   15.415  0.004    3  1 
  51283.3600   15.075  0.003    3  1 
  51284.2056   14.955  0.003    3  1 
  51284.2337   14.911  0.003    3  1 
  51284.2542   14.824  0.003    3  1 
  51284.2806   14.916  0.003    3  1 
  51284.3075   15.048  0.004    3  1 
  51284.3333   15.204  0.004    3  1 
  51285.0371   15.129  0.003    3  1 
  51285.0646   14.876  0.003    3  1 
  51285.0885   14.833  0.003    3  1 
  51285.1182   14.872  0.003    3  1 
  51285.1470   15.011  0.003    3  1 
  51285.1698   15.130  0.003    3  1 
  51285.1988   15.333  0.004    3  1 
  51285.2270   15.468  0.004    3  1 
  51285.2539   15.505  0.005    3  1 
  51285.2851   15.481  0.004    3  1 
  51285.3202   15.110  0.003    3  1 
  51286.0308   15.267  0.003    3  1 
  51286.0619   15.434  0.004    3  1 
  51286.0871   15.489  0.004    3  1 
  51286.0921   15.506  0.004    3  1 
  51286.1226   15.471  0.004    3  1 
  51286.1512   15.244  0.004    3  1 
  51286.1789   14.893  0.003    3  1 
  51286.2076   14.861  0.003    3  1 
  51286.2389   14.888  0.003    3  1 
  51286.2613   15.002  0.003    3  1 
  51286.2889   15.156  0.003    3  1 
  51286.3108   15.284  0.004    3  1 
  51286.3335   15.447  0.004    3  1 
  51286.3566   15.541  0.004    3  1 
  51304.9734   14.901  0.003    3  1 
  51305.0076   14.836  0.003    3  1 
  51305.0510   14.923  0.003    3  1 
  51305.0770   15.064  0.004    3  1 
  51305.1004   15.196  0.004    3  1 
  51305.1407   15.432  0.006    3  1 
  51305.1707   15.505  0.005    3  1 
  51305.1996   15.487  0.005    3  1 
  51305.2299   15.295  0.004    3  1 
  51305.2561   14.904  0.004    3  1 
  51305.2836   14.898  0.004    3  1 
  51305.3139   14.932  0.004    3  1 
  51305.9733   15.404  0.004    3  1 
  51306.0117   15.507  0.004    3  1 
  51306.0157   15.512  0.004    3  1 
  51306.0375   15.479  0.005    3  1 
  51306.0735   15.229  0.004    3  1 
  51306.1285   14.853  0.003    3  1 
  51306.1517   14.859  0.004    3  1 
  51306.1807   14.970  0.003    3  1 
  51306.2059   15.121  0.003    3  1 
  51306.2269   15.245  0.004    3  1 
  51306.2491   15.391  0.004    3  1 
  51306.2725   15.512  0.004    3  1 
  51306.2932   15.563  0.004    3  1 
  51308.0249   15.396  0.004    3  1 
  51308.0524   14.975  0.003    3  1 
  51310.1272   15.052  0.003    3  1 
  51310.1308   15.087  0.003    3  1 
  51314.9714   15.478  0.004    3  1 
  51315.0138   15.497  0.004    3  1 
  51315.0372   15.393  0.004    3  1 
  51315.0710   14.905  0.003    3  1 
  51315.0946   14.915  0.003    3  1 
  51315.1180   14.835  0.003    3  1 
  51316.0597   15.306  0.004    3  1 
  51316.0832   15.436  0.004    3  1 
  51316.1079   15.487  0.004    3  1 
  51316.9780   15.487  0.004    3  1 
  51317.0013   15.404  0.005    3  1 
  51317.0241   15.092  0.005    3  1 
  51317.0523   14.897  0.004    3  1 
  51317.0782   14.825  0.003    3  1 
  51317.1035   14.892  0.003    3  1 
  51317.9808   15.052  0.004    3  1 
  51318.0060   15.201  0.004    3  1 
  51318.0331   15.367  0.006    3  1 
  51318.0898   15.491  0.006    3  1 
  51318.1183   15.425  0.007    3  1 
  51318.9811   15.193  0.004    3  1 
  51319.0058   14.856  0.003    3  1 
  51319.0315   14.853  0.003    3  1 
  51319.0717   14.904  0.003    3  1 
  51319.0961   15.033  0.003    3  1 
  51320.1175   14.975  0.003    3  1 
  51320.9998   14.868  0.002    3  1 
  51321.0212   14.851  0.003    3  1 
  51321.0434   14.944  0.003    3  1 
  51321.0658   15.015  0.003    3  1 
  51321.0965   15.229  0.004    3  1 
  51321.1252   15.396  0.004    3  1 
  51333.0403   14.891  0.004    3  1 
  51333.1062   14.947  0.004    3  1 
  51334.9989   14.858  0.003    3  1 
  51335.0432   14.841  0.003    3  1 
  51335.0972   15.052  0.004    3  1 
  51335.1083   15.125  0.004    3  1 
  51336.0103   15.474  0.004    3  1 
  51336.0508   15.493  0.005    3  1 
  51336.0891   15.317  0.005    3  1 
  51338.0075   15.498  0.005    3  1 
  51338.9740   14.840  0.003    3  1 
  51339.0046   14.954  0.004    3  1 
  51339.0385   15.140  0.004    3  1 
  51339.0685   15.332  0.004    3  1 
  51339.1006   15.492  0.005    3  1 
  51339.1280   15.523  0.005    3  1 
  51339.9665   15.492  0.004    3  1 
  51339.9935   15.465  0.004    3  1 
  51340.0189   15.266  0.004    3  1 
  51340.0441   14.888  0.004    3  1 
  51340.0753   14.875  0.003    3  1 
  51340.1041   14.889  0.004    3  1 
  51345.0430   15.468  0.004    3  1 
  51345.0736   15.194  0.003    3  1 
  51345.9747   14.825  0.004    3  1 
  51346.0101   14.913  0.004    3  1 
  51346.0388   15.059  0.004    3  1 
  51346.0670   15.232  0.004    3  1 
  51347.0317   15.297  0.004    3  1 
  51347.0645   14.859  0.003    3  1 
  51347.0896   14.885  0.003    3  1 
  51347.9638   14.887  0.003    3  1 
  51348.0146   15.119  0.004    3  1 
  51348.9591   15.486  0.005    3  1 
  51349.0243   14.867  0.003    3  1 
  51349.9679   15.063  0.003    3  1 
  51364.9721   15.445  0.005    3  1 
  51380.9890   15.163  0.004    3  1 
  51381.9751   15.208  0.004    3  1 
  51382.9716   14.891  0.003    3  1 
  51383.9680   15.389  0.004    3  1 
  51384.9688   14.861  0.003    3  1 
  51385.9645   15.511  0.004    3  1 
  51386.9859   14.989  0.003    3  1 
  51388.9699   15.094  0.004    3  1 
  51389.9715   15.088  0.003    3  1 
  51390.9663   15.301  0.003    3  1 
  51391.9664   14.895  0.002    3  1 
  51672.0213   14.901  0.003    3  1 
  51674.0796   15.427  0.006    3  1 
  51674.9989   15.443  0.005    3  1 
  51675.0396   14.874  0.003    3  1 
  51693.0053   14.866  0.003    3  1 
  51694.0012   15.422  0.004    3  1 
  51765.9863   14.862  0.004    3  1 
  51766.0153   14.951  0.005    3  1 
 56468.97641   13.496  0.096   -1  1 
 56469.04707   13.420  0.103   -1  1 
 56469.10896   13.483  0.083   -1  1 
 56469.17285   13.664  0.041   -1  1 
 56471.00364   13.567  0.079   -1  1 
 56471.06640   13.731  0.039   -1  1 
 56471.12490   13.617  0.043   -1  1 
 56471.18188   13.678  0.034   -1  1 
 56471.96759   13.417  0.068   -1  1 
 56472.03374   13.546  0.051   -1  1 
 56472.09484   13.948  0.056   -1  1 
 56472.15243   13.709  0.033   -1  1 
 56468.95296   13.731  0.082   -2  1 
 56469.02441   13.587  0.080   -2  1 
 56469.08813   13.624  0.064   -2  1 
 56469.15134   13.586  0.043   -2  1 
 56471.02588   13.547  0.070   -2  1 
 56471.08671   13.632  0.032   -2  1 
 56471.14302   13.684  0.027   -2  1 
 56471.94704   13.713  0.041   -2  1 
 56472.01085   13.610  0.051   -2  1 
 56472.07480   13.733  0.046   -2  1 
 56472.13240   13.712  0.029   -2  1 
 56472.19216   13.640  0.028   -2  1 
 56469.00041   13.966  0.045   -5  1 
 56469.06767   13.796  0.038   -5  1 
 56469.13003   13.775  0.038   -5  1 
 56469.19349   13.865  0.030   -5  1 
 56470.98130   13.936  0.030   -5  1 
 56471.04693   13.807  0.039   -5  1 
 56471.10523   13.753  0.028   -5  1 
 56471.16397   13.893  0.026   -5  1 
 56471.98857   13.954  0.034   -5  1 
 56472.05430   14.081  0.031   -5  1 
 56472.11383   13.880  0.030   -5  1 
 56472.17109   13.736  0.025   -5  1 
