  51216.2987   14.680  0.005    2  1 
  51216.3275   14.768  0.005    2  1 
  51216.3519   14.837  0.005    2  1 
  51216.3771   14.893  0.005    2  1 
  51217.2851   14.174  0.004    2  1 
  51217.3152   14.327  0.004    2  1 
  51217.3378   14.410  0.004    2  1 
  51217.3598   14.516  0.004    2  1 
  51217.3804   14.587  0.004    2  1 
  51218.3013   15.249  0.006    2  1 
  51218.3254   15.136  0.006    2  1 
  51218.3504   14.554  0.004    2  1 
  51218.3753   14.156  0.003    2  1 
  51219.2775   15.089  0.006    2  1 
  51219.3014   15.107  0.006    2  1 
  51219.3186   15.101  0.006    2  1 
  51219.3397   15.095  0.006    2  1 
  51219.3635   15.151  0.006    2  1 
  51219.3810   15.209  0.006    2  1 
  51220.2867   14.987  0.005    2  1 
  51220.3036   15.010  0.005    2  1 
  51220.3219   15.031  0.006    2  1 
  51220.3564   15.052  0.006    2  1 
  51220.3729   15.078  0.006    2  1 
  51220.3920   15.106  0.006    2  1 
  51221.2619   14.627  0.004    2  1 
  51221.2873   14.726  0.005    2  1 
  51221.3052   14.777  0.005    2  1 
  51221.3230   14.821  0.005    2  1 
  51221.3396   14.871  0.005    2  1 
  51221.3577   14.926  0.006    2  1 
  51221.3762   14.958  0.005    2  1 
  51283.2102   14.773  0.005    2  1 
  51283.2288   14.820  0.005    2  1 
  51283.2338   14.844  0.005    2  1 
  51283.2391   14.856  0.005    2  1 
  51283.2642   14.920  0.005    2  1 
  51283.2680   14.927  0.005    2  1 
  51283.2868   14.965  0.005    2  1 
  51283.2902   14.969  0.005    2  1 
  51283.3138   15.008  0.005    2  1 
  51283.3170   15.016  0.005    2  1 
  51283.3408   15.043  0.005    2  1 
  51283.3447   15.049  0.005    2  1 
  51283.3642   15.061  0.005    2  1 
  51283.3673   15.056  0.005    2  1 
  51284.1955   14.321  0.004    2  1 
  51284.1993   14.330  0.003    2  1 
  51284.2266   14.462  0.004    2  1 
  51284.2298   14.473  0.004    2  1 
  51284.2475   14.530  0.004    2  1 
  51284.2506   14.553  0.004    2  1 
  51284.2679   14.613  0.004    2  1 
  51284.2711   14.623  0.004    2  1 
  51284.3004   14.725  0.005    2  1 
  51284.3036   14.740  0.004    2  1 
  51284.3257   14.808  0.005    2  1 
  51284.3289   14.820  0.005    2  1 
  51285.0269   15.063  0.005    2  1 
  51285.0299   15.054  0.005    2  1 
  51285.0607   15.104  0.005    2  1 
  51285.0814   15.107  0.005    2  1 
  51285.0847   15.096  0.005    2  1 
  51285.1052   15.092  0.005    2  1 
  51285.1084   15.088  0.005    2  1 
  51285.1396   15.150  0.006    2  1 
  51285.1427   15.163  0.005    2  1 
  51285.1624   15.216  0.006    2  1 
  51285.1654   15.228  0.006    2  1 
  51285.1891   15.263  0.006    2  1 
  51285.1924   15.258  0.006    2  1 
  51285.2195   14.884  0.005    2  1 
  51285.2227   14.780  0.005    2  1 
  51285.2468   14.259  0.003    2  1 
  51285.2498   14.218  0.003    2  1 
  51285.2738   14.180  0.003    2  1 
  51285.2775   14.194  0.003    2  1 
  51285.3077   14.341  0.004    2  1 
  51285.3112   14.350  0.004    2  1 
  51285.3425   14.501  0.004    2  1 
  51285.3456   14.500  0.004    2  1 
  51286.0177   14.892  0.004    2  1 
  51286.0241   14.910  0.004    2  1 
  51286.0542   14.973  0.004    2  1 
  51286.0574   14.975  0.004    2  1 
  51286.0794   15.010  0.004    2  1 
  51286.0832   15.015  0.005    2  1 
  51286.1105   15.042  0.005    2  1 
  51286.1136   15.045  0.005    2  1 
  51286.1441   15.075  0.005    2  1 
  51286.1472   15.072  0.005    2  1 
  51286.1708   15.102  0.005    2  1 
  51286.1740   15.113  0.005    2  1 
  51286.1969   15.110  0.005    2  1 
  51286.2002   15.097  0.005    2  1 
  51286.2322   15.118  0.005    2  1 
  51286.2352   15.132  0.005    2  1 
  51286.2544   15.184  0.005    2  1 
  51286.2573   15.203  0.006    2  1 
  51286.2785   15.250  0.006    2  1 
  51286.2816   15.247  0.006    2  1 
  51286.3149   15.105  0.005    2  1 
  51286.3179   15.059  0.005    2  1 
  51286.3375   14.544  0.004    2  1 
  51286.3409   14.493  0.004    2  1 
  51286.3604   14.163  0.004    2  1 
  51286.3635   14.142  0.003    2  1 
  51286.3665   14.131  0.003    2  1 
  51304.9667   15.114  0.004    2  1 
  51304.9697   15.109  0.004    2  1 
  51304.9956   15.084  0.005    2  1 
  51304.9985   15.088  0.005    2  1 
  51305.0393   15.152  0.005    2  1 
  51305.0423   15.154  0.005    2  1 
  51305.0812   15.244  0.006    2  1 
  51305.0852   15.239  0.007    2  1 
  51305.1040   15.154  0.005    2  1 
  51305.1077   15.110  0.005    2  1 
  51305.1328   14.531  0.005    2  1 
  51305.1357   14.479  0.004    2  1 
  51305.1582   14.157  0.004    2  1 
  51305.1616   14.151  0.004    2  1 
  51305.1919   14.275  0.004    2  1 
  51305.1953   14.297  0.004    2  1 
  51305.2170   14.398  0.004    2  1 
  51305.2202   14.412  0.004    2  1 
  51305.2493   14.530  0.004    2  1 
  51305.2523   14.544  0.004    2  1 
  51305.2764   14.633  0.004    2  1 
  51305.2796   14.642  0.005    2  1 
  51305.3025   14.719  0.004    2  1 
  51305.3054   14.726  0.004    2  1 
  51305.9643   14.992  0.005    2  1 
  51305.9672   15.002  0.005    2  1 
  51305.9970   14.989  0.004    2  1 
  51305.9997   14.996  0.004    2  1 
  51306.0313   15.066  0.004    2  1 
  51306.0340   15.068  0.004    2  1 
  51306.0638   15.096  0.005    2  1 
  51306.0674   15.104  0.005    2  1 
  51306.0960   15.071  0.005    2  1 
  51306.0990   15.062  0.005    2  1 
  51306.1183   15.096  0.004    2  1 
  51306.1209   15.085  0.004    2  1 
  51306.1434   15.141  0.006    2  1 
  51306.1474   15.152  0.006    2  1 
  51306.1743   15.230  0.005    2  1 
  51306.1770   15.235  0.005    2  1 
  51306.1996   15.231  0.005    2  1 
  51306.2025   15.220  0.004    2  1 
  51306.2207   14.949  0.004    2  1 
  51306.2235   14.909  0.004    2  1 
  51306.2407   14.490  0.003    2  1 
  51306.2432   14.435  0.003    2  1 
  51306.2458   14.381  0.003    2  1 
  51306.2665   14.152  0.002    2  1 
  51306.2691   14.154  0.002    2  1 
  51306.2862   14.223  0.003    2  1 
  51306.2895   14.251  0.003    2  1 
  51306.3068   14.316  0.003    2  1 
  51306.3101   14.336  0.003    2  1 
  51306.9828   14.782  0.006    2  1 
  51306.9870   14.802  0.004    2  1 
  51307.0161   14.876  0.004    2  1 
  51307.0270   14.907  0.005    2  1 
  51307.0388   14.940  0.005    2  1 
  51307.0824   15.012  0.007    2  1 
  51307.9862   14.414  0.003    2  1 
  51307.9901   14.439  0.003    2  1 
  51308.0178   14.549  0.003    2  1 
  51308.0212   14.573  0.003    2  1 
  51308.0443   14.637  0.003    2  1 
  51308.0779   14.735  0.003    2  1 
  51308.1072   14.831  0.004    2  1 
  51308.1114   14.847  0.005    2  1 
  51310.1342   14.138  0.003    2  1 
  51310.1371   14.143  0.003    2  1 
  51310.1402   14.154  0.003    2  1 
  51314.9621   15.096  0.006    2  1 
  51314.9650   15.111  0.006    2  1 
  51314.9679   15.104  0.006    2  1 
  51314.9914   15.159  0.005    2  1 
  51314.9943   15.183  0.005    2  1 
  51314.9972   15.181  0.005    2  1 
  51315.0171   15.238  0.005    2  1 
  51315.0197   15.237  0.005    2  1 
  51315.0224   15.249  0.005    2  1 
  51315.0409   15.251  0.005    2  1 
  51315.0436   15.242  0.005    2  1 
  51315.0462   15.224  0.005    2  1 
  51315.0650   14.956  0.004    2  1 
  51315.0677   14.888  0.004    2  1 
  51315.0860   14.455  0.003    2  1 
  51315.0887   14.395  0.003    2  1 
  51315.0913   14.336  0.003    2  1 
  51315.1094   14.147  0.003    2  1 
  51315.1121   14.149  0.003    2  1 
  51315.1148   14.153  0.003    2  1 
  51316.0303   15.098  0.004    2  1 
  51316.0330   15.109  0.004    2  1 
  51316.0511   15.085  0.005    2  1 
  51316.0538   15.091  0.005    2  1 
  51316.0565   15.094  0.004    2  1 
  51316.0746   15.104  0.005    2  1 
  51316.0773   15.109  0.005    2  1 
  51316.0800   15.123  0.005    2  1 
  51316.0992   15.164  0.005    2  1 
  51316.1020   15.182  0.005    2  1 
  51316.1046   15.183  0.005    2  1 
  51316.1228   15.244  0.005    2  1 
  51316.1255   15.238  0.005    2  1 
  51316.1281   15.249  0.005    2  1 
  51316.9815   14.919  0.004    2  1 
  51316.9843   14.919  0.005    2  1 
  51316.9869   14.928  0.004    2  1 
  51316.9978   14.946  0.005    2  1 
  51317.0147   14.979  0.005    2  1 
  51317.0176   14.986  0.005    2  1 
  51317.0205   14.994  0.005    2  1 
  51317.0420   15.015  0.006    2  1 
  51317.0450   15.028  0.007    2  1 
  51317.0483   15.034  0.006    2  1 
  51317.0689   15.045  0.005    2  1 
  51317.0718   15.043  0.006    2  1 
  51317.0747   15.046  0.006    2  1 
  51317.0946   15.068  0.005    2  1 
  51317.0974   15.077  0.005    2  1 
  51317.1000   15.065  0.005    2  1 
  51317.1199   15.097  0.006    2  1 
  51317.1228   15.099  0.006    2  1 
  51317.1257   15.101  0.006    2  1 
  51317.9715   14.561  0.004    2  1 
  51317.9744   14.571  0.004    2  1 
  51317.9772   14.578  0.004    2  1 
  51317.9970   14.658  0.004    2  1 
  51317.9998   14.679  0.003    2  1 
  51318.0025   14.668  0.004    2  1 
  51318.0227   14.736  0.005    2  1 
  51318.0260   14.744  0.006    2  1 
  51318.0292   14.763  0.006    2  1 
  51318.0510   14.808  0.005    2  1 
  51318.0542   14.830  0.006    2  1 
  51318.0575   14.836  0.006    2  1 
  51318.0795   14.897  0.006    2  1 
  51318.0827   14.909  0.006    2  1 
  51318.0859   14.915  0.006    2  1 
  51318.1079   14.963  0.007    2  1 
  51318.1111   14.962  0.007    2  1 
  51318.1144   14.956  0.007    2  1 
  51318.9846   14.156  0.003    2  1 
  51318.9874   14.160  0.003    2  1 
  51318.9902   14.179  0.003    2  1 
  51319.0093   14.271  0.003    2  1 
  51319.0122   14.283  0.003    2  1 
  51319.0151   14.310  0.004    2  1 
  51319.0351   14.399  0.004    2  1 
  51319.0380   14.414  0.004    2  1 
  51319.0411   14.419  0.004    2  1 
  51319.0623   14.509  0.004    2  1 
  51319.0928   14.620  0.003    2  1 
  51319.1137   14.692  0.004    2  1 
  51319.1164   14.692  0.004    2  1 
  51319.1190   14.701  0.004    2  1 
  51320.0869   14.168  0.002    2  1 
  51320.0909   14.166  0.002    2  1 
  51320.1531   14.441  0.003    2  1 
  51320.1557   14.463  0.003    2  1 
  51320.1584   14.465  0.003    2  1 
  51320.9810   15.082  0.005    2  1 
  51321.0292   15.091  0.004    2  1 
  51321.0466   15.092  0.004    2  1 
  51321.0491   15.101  0.004    2  1 
  51321.0517   15.126  0.004    2  1 
  51321.0689   15.163  0.004    2  1 
  51321.0714   15.168  0.004    2  1 
  51321.0740   15.178  0.005    2  1 
  51321.0997   15.250  0.005    2  1 
  51321.1023   15.247  0.005    2  1 
  51321.1049   15.260  0.005    2  1 
  51321.1074   15.256  0.005    2  1 
  51321.1100   15.261  0.005    2  1 
  51321.1285   15.216  0.005    2  1 
  51321.1311   15.200  0.005    2  1 
  51332.9607   14.778  0.007    2  1 
  51332.9651   14.789  0.008    2  1 
  51332.9797   14.828  0.006    2  1 
  51332.9834   14.848  0.006    2  1 
  51333.0005   14.889  0.006    2  1 
  51333.0039   14.902  0.006    2  1 
  51333.0156   14.924  0.006    2  1 
  51333.0192   14.935  0.006    2  1 
  51333.0445   14.987  0.006    2  1 
  51333.0479   14.987  0.006    2  1 
  51333.0636   15.004  0.008    2  1 
  51333.0681   15.011  0.008    2  1 
  51333.0834   15.035  0.006    2  1 
  51333.0869   15.037  0.006    2  1 
  51333.0981   15.041  0.006    2  1 
  51333.1018   15.040  0.006    2  1 
  51333.1258   15.069  0.007    2  1 
  51333.1294   15.077  0.007    2  1 
  51333.1410   15.095  0.008    2  1 
  51333.1452   15.095  0.008    2  1 
  51333.1492   15.097  0.007    2  1 
  51333.1642   15.107  0.007    2  1 
  51333.1679   15.115  0.007    2  1 
  51334.9778   14.574  0.003    2  1 
  51334.9806   14.538  0.003    2  1 
  51335.0115   14.157  0.003    2  1 
  51335.0145   14.161  0.003    2  1 
  51335.0237   14.195  0.003    2  1 
  51335.0269   14.213  0.003    2  1 
  51335.0365   14.260  0.003    2  1 
  51335.0396   14.270  0.004    2  1 
  51335.0624   14.377  0.004    2  1 
  51335.0658   14.395  0.004    2  1 
  51335.0766   14.441  0.004    2  1 
  51335.0800   14.459  0.004    2  1 
  51335.1009   14.540  0.004    2  1 
  51335.1041   14.550  0.005    2  1 
  51335.9585   15.092  0.006    2  1 
  51335.9619   15.087  0.006    2  1 
  51335.9661   15.094  0.006    2  1 
  51335.9693   15.102  0.006    2  1 
  51335.9855   15.136  0.006    2  1 
  51335.9915   15.148  0.005    2  1 
  51335.9966   15.169  0.005    2  1 
  51336.0139   15.223  0.006    2  1 
  51336.0172   15.235  0.006    2  1 
  51336.0275   15.256  0.006    2  1 
  51336.0306   15.255  0.006    2  1 
  51336.0439   15.248  0.006    2  1 
  51336.0470   15.240  0.006    2  1 
  51336.0662   15.045  0.006    2  1 
  51336.0696   14.962  0.005    2  1 
  51336.0728   14.864  0.005    2  1 
  51336.0954   14.351  0.004    2  1 
  51336.0989   14.279  0.004    2  1 
  51336.1119   14.152  0.004    2  1 
  51336.1153   14.149  0.003    2  1 
  51336.1297   14.201  0.004    2  1 
  51336.1557   14.380  0.007    2  1 
  51336.1600   14.364  0.006    2  1 
  51336.1647   14.402  0.006    2  1 
  51336.9567   15.039  0.004    2  1 
  51337.0022   15.069  0.006    2  1 
  51337.9827   14.910  0.007    2  1 
  51337.9868   14.915  0.006    2  1 
  51337.9997   14.945  0.006    2  1 
  51338.0033   14.957  0.006    2  1 
  51338.0231   14.989  0.006    2  1 
  51338.0265   14.995  0.006    2  1 
  51338.0304   14.994  0.006    2  1 
  51338.9791   14.575  0.004    2  1 
  51338.9849   14.594  0.004    2  1 
  51339.0116   14.687  0.005    2  1 
  51339.0151   14.698  0.005    2  1 
  51339.0441   14.785  0.005    2  1 
  51339.0477   14.795  0.005    2  1 
  51339.0513   14.804  0.005    2  1 
  51339.0774   14.881  0.006    2  1 
  51339.0807   14.893  0.006    2  1 
  51339.1053   14.922  0.006    2  1 
  51339.1093   14.953  0.006    2  1 
  51339.1327   14.993  0.006    2  1 
  51339.1363   15.000  0.006    2  1 
  51339.9588   14.479  0.004    2  1 
  51339.9627   14.392  0.003    2  1 
  51339.9835   14.136  0.003    2  1 
  51339.9874   14.157  0.003    2  1 
  51340.0115   14.254  0.003    2  1 
  51340.0146   14.266  0.003    2  1 
  51340.0349   14.371  0.004    2  1 
  51340.0380   14.384  0.004    2  1 
  51340.0659   14.498  0.004    2  1 
  51340.0696   14.512  0.004    2  1 
  51340.0938   14.605  0.005    2  1 
  51340.0983   14.627  0.005    2  1 
  51340.1334   14.735  0.005    2  1 
  51340.1366   14.746  0.005    2  1 
  51344.9654   14.152  0.003    2  1 
  51344.9786   14.223  0.003    2  1 
  51344.9829   14.239  0.004    2  1 
  51345.0052   14.355  0.004    2  1 
  51345.0092   14.382  0.004    2  1 
  51345.0132   14.399  0.003    2  1 
  51345.0170   14.409  0.004    2  1 
  51345.0353   14.475  0.004    2  1 
  51345.0390   14.499  0.003    2  1 
  51345.0645   14.592  0.004    2  1 
  51345.0690   14.611  0.004    2  1 
  51345.9658   15.232  0.008    2  1 
  51345.9696   15.229  0.008    2  1 
  51345.9999   15.228  0.007    2  1 
  51346.0043   15.202  0.007    2  1 
  51346.0310   14.604  0.004    2  1 
  51346.0343   14.551  0.004    2  1 
  51346.0571   14.165  0.004    2  1 
  51346.0604   14.154  0.004    2  1 
  51347.0221   15.093  0.006    2  1 
  51347.0274   15.115  0.004    2  1 
  51347.0562   15.183  0.006    2  1 
  51347.0597   15.204  0.006    2  1 
  51347.0815   15.255  0.005    2  1 
  51347.0850   15.255  0.005    2  1 
  51347.9550   14.928  0.005    2  1 
  51347.9581   14.977  0.005    2  1 
  51347.9877   15.011  0.005    2  1 
  51347.9914   15.010  0.005    2  1 
  51347.9948   15.015  0.005    2  1 
  51348.0181   15.039  0.005    2  1 
  51348.0211   15.049  0.005    2  1 
  51348.0849   15.112  0.008    2  1 
  51348.0897   15.110  0.007    2  1 
  51348.1054   15.098  0.007    2  1 
  51348.1088   15.099  0.007    2  1 
  51348.1122   15.086  0.007    2  1 
  51348.9528   14.661  0.004    2  1 
  51348.9557   14.669  0.004    2  1 
  51348.9795   14.741  0.004    2  1 
  51348.9824   14.760  0.004    2  1 
  51348.9941   14.795  0.004    2  1 
  51349.0152   14.858  0.005    2  1 
  51349.0189   14.866  0.005    2  1 
  51349.9596   14.257  0.003    2  1 
  51349.9627   14.268  0.003    2  1 
  51349.9911   14.402  0.003    2  1 
  51349.9944   14.423  0.003    2  1 
  51350.0097   14.476  0.004    2  1 
  51350.0128   14.492  0.004    2  1 
  51350.0228   14.533  0.004    2  1 
  51364.9643   14.599  0.004    2  1 
  51364.9677   14.614  0.004    2  1 
  51380.9714   14.518  0.003    2  1 
  51380.9769   14.536  0.003    2  1 
  51380.9801   14.552  0.003    2  1 
  51380.9845   14.567  0.003    2  1 
  51381.0066   14.641  0.003    2  1 
  51381.0096   14.653  0.004    2  1 
  51381.0136   14.666  0.004    2  1 
  51381.9638   14.533  0.003    2  1 
  51381.9679   14.466  0.004    2  1 
  51381.9716   14.392  0.004    2  1 
  51381.9917   14.160  0.003    2  1 
  51381.9946   14.157  0.003    2  1 
  51382.9605   15.117  0.005    2  1 
  51382.9652   15.117  0.005    2  1 
  51382.9682   15.115  0.006    2  1 
  51382.9887   15.196  0.006    2  1 
  51382.9916   15.196  0.006    2  1 
  51383.9595   15.049  0.004    2  1 
  51383.9648   15.051  0.005    2  1 
  51383.9826   15.075  0.005    2  1 
  51383.9853   15.090  0.005    2  1 
  51384.9827   14.898  0.004    2  1 
  51384.9853   14.955  0.004    2  1 
  51385.9557   14.547  0.003    2  1 
  51385.9615   14.571  0.003    2  1 
  51385.9788   14.631  0.003    2  1 
  51385.9814   14.642  0.003    2  1 
  51386.9731   14.157  0.003    2  1 
  51386.9769   14.171  0.003    2  1 
  51386.9807   14.189  0.003    2  1 
  51387.0101   14.337  0.003    2  1 
  51387.0139   14.357  0.003    2  1 
  51387.0177   14.382  0.003    2  1 
  51388.9571   15.058  0.007    2  1 
  51388.9622   15.063  0.007    2  1 
  51388.9659   15.094  0.007    2  1 
  51388.9899   15.106  0.007    2  1 
  51388.9932   15.106  0.007    2  1 
  51389.9629   14.947  0.004    2  1 
  51389.9656   14.962  0.004    2  1 
  51389.9683   14.969  0.004    2  1 
  51390.9578   14.629  0.003    2  1 
  51390.9604   14.652  0.003    2  1 
  51390.9631   14.662  0.005    2  1 
  51391.9583   14.234  0.002    2  1 
  51646.1374   15.239  0.006    2  1 
  51646.1447   15.181  0.008    2  1 
  51646.1486   15.155  0.007    2  1 
  51646.1532   15.093  0.007    2  1 
  51646.1570   15.008  0.008    2  1 
  51646.1609   14.917  0.007    2  1 
  51646.1649   14.789  0.006    2  1 
  51646.1687   14.678  0.006    2  1 
  51646.1727   14.579  0.005    2  1 
  51646.1764   14.520  0.005    2  1 
  51646.1801   14.457  0.005    2  1 
  51646.1837   14.381  0.004    2  1 
  51646.1871   14.323  0.004    2  1 
  51646.1907   14.251  0.004    2  1 
  51646.1944   14.205  0.004    2  1 
  51646.1983   14.159  0.004    2  1 
  51646.2025   14.154  0.004    2  1 
  51646.2065   14.159  0.004    2  1 
  51646.2100   14.159  0.004    2  1 
  51646.2138   14.170  0.003    2  1 
  51646.2172   14.185  0.003    2  1 
  51646.2206   14.191  0.003    2  1 
  51646.2245   14.218  0.004    2  1 
  51646.2283   14.233  0.003    2  1 
  51646.2320   14.259  0.004    2  1 
  51646.2362   14.282  0.003    2  1 
  51646.2394   14.296  0.003    2  1 
  51646.2426   14.316  0.003    2  1 
  51646.2457   14.327  0.003    2  1 
  51646.2489   14.358  0.003    2  1 
  51646.2523   14.375  0.004    2  1 
  51646.2557   14.376  0.004    2  1 
  51646.2591   14.396  0.004    2  1 
  51646.2626   14.424  0.004    2  1 
  51646.2660   14.426  0.004    2  1 
  51646.2694   14.472  0.005    2  1 
  51646.2730   14.478  0.005    2  1 
  51646.2769   14.524  0.006    2  1 
  51646.2811   14.557  0.007    2  1 
  51646.2852   14.528  0.006    2  1 
  51646.2895   14.530  0.005    2  1 
  51646.2939   14.574  0.005    2  1 
  51646.2986   14.587  0.006    2  1 
  51646.3027   14.601  0.007    2  1 
  51646.3070   14.593  0.006    2  1 
  51646.3111   14.606  0.005    2  1 
  51646.3151   14.613  0.005    2  1 
  51646.3189   14.624  0.004    2  1 
  51646.3225   14.640  0.004    2  1 
  51646.3260   14.648  0.005    2  1 
  51646.3296   14.673  0.005    2  1 
  51646.3330   14.677  0.005    2  1 
  51646.3377   14.696  0.005    2  1 
  51646.3414   14.704  0.005    2  1 
  51646.3451   14.721  0.005    2  1 
  51646.3496   14.731  0.005    2  1 
  51646.3530   14.747  0.005    2  1 
  51646.3568   14.758  0.005    2  1 
  51646.3602   14.779  0.006    2  1 
  51646.3637   14.776  0.006    2  1 
  51646.3679   14.795  0.005    2  1 
  51646.3713   14.803  0.006    2  1 
  51646.3746   14.820  0.006    2  1 
  51671.0353   14.880  0.005    2  1 
  51671.0475   14.560  0.004    2  1 
  51671.0585   14.362  0.003    2  1 
  51671.0649   14.233  0.003    2  1 
  51671.0721   14.160  0.003    2  1 
  51671.0771   14.167  0.004    2  1 
  51671.1013   14.233  0.003    2  1 
  51671.1053   14.256  0.003    2  1 
  51671.1107   14.288  0.004    2  1 
  51671.1151   14.307  0.004    2  1 
  51671.1292   14.377  0.004    2  1 
  51671.9878   15.102  0.005    2  1 
  51671.9920   15.106  0.005    2  1 
  51672.0277   15.095  0.005    2  1 
  51672.0316   15.093  0.005    2  1 
  51672.0822   15.223  0.006    2  1 
  51674.0685   14.952  0.007    2  1 
  51674.0726   14.964  0.007    2  1 
  51674.1052   15.011  0.006    2  1 
  51674.1117   15.018  0.006    2  1 
  51674.1260   15.038  0.006    2  1 
  51674.1296   15.037  0.006    2  1 
  51674.1332   15.045  0.006    2  1 
  51674.1368   15.040  0.006    2  1 
  51674.1405   15.054  0.006    2  1 
  51674.1444   15.064  0.006    2  1 
  51674.9689   14.227  0.004    2  1 
  51674.9724   14.247  0.004    2  1 
  51674.9867   14.323  0.004    2  1 
  51674.9911   14.344  0.004    2  1 
  51675.0041   14.414  0.005    2  1 
  51675.0121   14.451  0.005    2  1 
  51675.0159   14.466  0.005    2  1 
  51675.0253   14.487  0.004    2  1 
  51675.0289   14.502  0.004    2  1 
  51675.0351   14.527  0.004    2  1 
  51675.0465   14.565  0.004    2  1 
  51675.0521   14.598  0.005    2  1 
  51675.0558   14.602  0.004    2  1 
  51675.0622   14.628  0.005    2  1 
  51675.0661   14.646  0.005    2  1 
  51675.0719   14.661  0.005    2  1 
  51675.0756   14.675  0.005    2  1 
  51675.0814   14.700  0.005    2  1 
  51675.0858   14.707  0.005    2  1 
  51675.0927   14.733  0.005    2  1 
  51675.0970   14.744  0.005    2  1 
  51675.9751   15.262  0.006    2  1 
  51675.9802   15.253  0.006    2  1 
  51675.9906   15.208  0.006    2  1 
  51675.9939   15.189  0.006    2  1 
  51675.9971   15.153  0.006    2  1 
  51676.0005   15.106  0.005    2  1 
  51676.0036   15.052  0.005    2  1 
  51676.0067   14.985  0.005    2  1 
  51676.0112   14.853  0.005    2  1 
  51676.0240   14.540  0.005    2  1 
  51676.0301   14.423  0.004    2  1 
  51676.9616   15.095  0.008    2  1 
  51676.9713   15.106  0.008    2  1 
  51676.9757   15.112  0.008    2  1 
  51676.9867   15.099  0.008    2  1 
  51676.9919   15.073  0.009    2  1 
  51676.9969   15.082  0.009    2  1 
  51677.0090   15.091  0.008    2  1 
  51677.0126   15.104  0.007    2  1 
  51677.0180   15.105  0.008    2  1 
  51677.0226   15.127  0.008    2  1 
  51677.0271   15.133  0.009    2  1 
  51677.0318   15.141  0.008    2  1 
  51677.0362   15.162  0.008    2  1 
  51677.0410   15.171  0.009    2  1 
  51677.0453   15.192  0.009    2  1 
  51677.0499   15.203  0.009    2  1 
  51677.0580   15.216  0.009    2  1 
  51677.0628   15.234  0.009    2  1 
  51677.0672   15.242  0.009    2  1 
  51677.0713   15.250  0.008    2  1 
  51677.0751   15.248  0.009    2  1 
  51677.0793   15.246  0.008    2  1 
  51677.0835   15.254  0.008    2  1 
  51677.0877   15.252  0.008    2  1 
  51677.0918   15.231  0.008    2  1 
  51677.0956   15.211  0.008    2  1 
  51677.0996   15.155  0.009    2  1 
  51677.1044   15.119  0.008    2  1 
  51677.1082   15.049  0.008    2  1 
  51677.1121   14.982  0.007    2  1 
  51677.1160   14.874  0.007    2  1 
  51677.1199   14.751  0.007    2  1 
  51677.1238   14.634  0.006    2  1 
  51677.1276   14.576  0.006    2  1 
  51677.1315   14.520  0.005    2  1 
  51677.1353   14.445  0.005    2  1 
  51677.1396   14.347  0.005    2  1 
  51677.1434   14.272  0.005    2  1 
  51677.1476   14.203  0.004    2  1 
  51677.1520   14.168  0.004    2  1 
  51677.1564   14.160  0.004    2  1 
  51677.1603   14.152  0.004    2  1 
  51677.1642   14.161  0.004    2  1 
  51677.1680   14.181  0.004    2  1 
  51677.1719   14.195  0.004    2  1 
  51677.1759   14.219  0.004    2  1 
  51677.1797   14.237  0.004    2  1 
  51677.1836   14.267  0.005    2  1 
  51677.1883   14.285  0.005    2  1 
  51677.1922   14.293  0.004    2  1 
  51677.1960   14.320  0.005    2  1 
  51677.1999   14.345  0.005    2  1 
  51677.2038   14.348  0.004    2  1 
  51677.2083   14.379  0.005    2  1 
  51677.2133   14.400  0.005    2  1 
  51677.2176   14.452  0.006    2  1 
  51677.2233   14.469  0.006    2  1 
  51677.2285   14.518  0.008    2  1 
  51677.2335   14.501  0.007    2  1 
  51677.2391   14.528  0.007    2  1 
  51677.2465   14.562  0.008    2  1 
  51677.2524   14.559  0.006    2  1 
  51677.2571   14.571  0.006    2  1 
  51677.2620   14.593  0.006    2  1 
  51677.2664   14.603  0.006    2  1 
  51677.2708   14.620  0.006    2  1 
  51691.0375   14.418  0.002    2  1 
  51691.0409   14.434  0.003    2  1 
  51691.0444   14.454  0.003    2  1 
  51691.0509   14.478  0.003    2  1 
  51691.0543   14.489  0.004    2  1 
  51691.0579   14.501  0.004    2  1 
  51691.0633   14.529  0.003    2  1 
  51691.0670   14.541  0.003    2  1 
  51691.0711   14.559  0.003    2  1 
  51691.0770   14.580  0.003    2  1 
  51691.0805   14.586  0.004    2  1 
  51691.0840   14.599  0.004    2  1 
  51691.0896   14.621  0.004    2  1 
  51691.0931   14.633  0.003    2  1 
  51691.0971   14.650  0.003    2  1 
  51691.1040   14.671  0.004    2  1 
  51691.1083   14.687  0.004    2  1 
  51691.1122   14.704  0.004    2  1 
  51691.1180   14.709  0.004    2  1 
  51691.1214   14.736  0.004    2  1 
  51691.1249   14.746  0.004    2  1 
  51691.1323   14.761  0.004    2  1 
  51691.1357   14.782  0.003    2  1 
  51691.1392   14.779  0.004    2  1 
  51691.1448   14.805  0.004    2  1 
  51691.1522   14.818  0.003    2  1 
  51691.1561   14.829  0.002    2  1 
  51693.0130   15.109  0.006    2  1 
  51693.0248   15.100  0.006    2  1 
  51693.0305   15.089  0.005    2  1 
  51693.0340   15.087  0.006    2  1 
  51693.0378   15.099  0.005    2  1 
  51694.0082   15.017  0.005    2  1 
  51694.0114   15.014  0.005    2  1 
  51694.0202   15.026  0.005    2  1 
  51694.0234   15.031  0.005    2  1 
  51694.0267   15.028  0.005    2  1 
  51694.0319   15.034  0.005    2  1 
  51694.0351   15.044  0.005    2  1 
  51694.0384   15.044  0.005    2  1 
  51694.0418   15.046  0.005    2  1 
  51694.0472   15.049  0.005    2  1 
  51694.0505   15.054  0.005    2  1 
  51694.0537   15.057  0.005    2  1 
  51694.0590   15.061  0.005    2  1 
  51694.0623   15.048  0.005    2  1 
  51694.0656   15.060  0.005    2  1 
  51694.0714   15.076  0.005    2  1 
  51694.0748   15.076  0.005    2  1 
  51694.0781   15.088  0.005    2  1 
  51694.0836   15.071  0.005    2  1 
  51694.0868   15.082  0.005    2  1 
  51694.0901   15.069  0.005    2  1 
  51694.0957   15.104  0.005    2  1 
  51694.0989   15.103  0.005    2  1 
  51694.1021   15.111  0.005    2  1 
  51694.1075   15.112  0.005    2  1 
  51694.1190   15.105  0.005    2  1 
  51694.1221   15.103  0.005    2  1 
  51694.1252   15.104  0.005    2  1 
  51694.1286   15.094  0.005    2  1 
  51695.0280   14.835  0.004    2  1 
  51695.0317   14.803  0.004    2  1 
  51697.9712   15.116  0.006    2  1 
  51697.9818   15.123  0.006    2  1 
  51765.9746   15.125  0.006    2  1 
  51765.9783   15.107  0.006    2  1 
  51765.9820   15.103  0.006    2  1 
  51766.0194   15.128  0.007    2  1 
  51766.0229   15.139  0.007    2  1 
  51216.3063   15.237  0.005    3  1 
  51216.3342   15.401  0.005    3  1 
  51216.3572   15.533  0.006    3  1 
  51216.3847   15.648  0.007    3  1 
  51217.2936   14.471  0.003    3  1 
  51217.3214   14.670  0.003    3  1 
  51217.3852   15.086  0.004    3  1 
  51218.2935   16.136  0.009    3  1 
  51218.3212   16.010  0.008    3  1 
  51218.3442   15.158  0.005    3  1 
  51218.3704   14.452  0.003    3  1 
  51219.2811   15.936  0.004    3  1 
  51219.2844   15.917  0.008    3  1 
  51219.3053   15.954  0.008    3  1 
  51219.3228   15.915  0.007    3  1 
  51219.3465   15.947  0.007    3  1 
  51219.3676   15.995  0.008    3  1 
  51219.3851   16.123  0.008    3  1 
  51220.2805   15.733  0.006    3  1 
  51220.2995   15.810  0.007    3  1 
  51220.3171   15.835  0.007    3  1 
  51220.3349   15.955  0.007    3  1 
  51220.3523   15.876  0.007    3  1 
  51220.3689   15.892  0.007    3  1 
  51220.3877   15.940  0.008    3  1 
  51221.2691   15.194  0.004    3  1 
  51221.2915   15.320  0.005    3  1 
  51221.3097   15.395  0.005    3  1 
  51221.3270   15.496  0.005    3  1 
  51221.3437   15.589  0.006    3  1 
  51221.3619   15.690  0.006    3  1 
  51221.3854   15.746  0.007    3  1 
  51283.2237   15.435  0.005    3  1 
  51283.2601   15.614  0.005    3  1 
  51283.2830   15.720  0.006    3  1 
  51283.3050   15.802  0.006    3  1 
  51283.3367   15.884  0.006    3  1 
  51283.3600   15.925  0.006    3  1 
  51284.2056   14.683  0.003    3  1 
  51284.2337   14.879  0.004    3  1 
  51284.2542   15.010  0.004    3  1 
  51284.2806   15.184  0.004    3  1 
  51284.3075   15.375  0.005    3  1 
  51284.3333   15.509  0.005    3  1 
  51285.0371   15.825  0.005    3  1 
  51285.0646   15.921  0.006    3  1 
  51285.0885   15.929  0.007    3  1 
  51285.1182   15.888  0.006    3  1 
  51285.1470   16.035  0.007    3  1 
  51285.1698   16.136  0.007    3  1 
  51285.1988   16.105  0.007    3  1 
  51285.2270   15.145  0.004    3  1 
  51285.2539   14.432  0.003    3  1 
  51285.2851   14.515  0.003    3  1 
  51285.3202   14.789  0.003    3  1 
  51285.3496   14.992  0.004    3  1 
  51286.0308   15.624  0.005    3  1 
  51286.0619   15.725  0.005    3  1 
  51286.0871   15.791  0.005    3  1 
  51286.0921   15.808  0.006    3  1 
  51286.1226   15.839  0.005    3  1 
  51286.1512   15.866  0.005    3  1 
  51286.1789   15.938  0.005    3  1 
  51286.2076   15.879  0.006    3  1 
  51286.2389   15.932  0.006    3  1 
  51286.2613   16.105  0.007    3  1 
  51286.2889   16.212  0.008    3  1 
  51286.3108   16.004  0.007    3  1 
  51286.3335   15.142  0.004    3  1 
  51286.3566   14.507  0.003    3  1 
  51304.9734   15.958  0.006    3  1 
  51305.0076   15.858  0.007    3  1 
  51305.0510   16.017  0.008    3  1 
  51305.0770   16.157  0.009    3  1 
  51305.1004   16.012  0.007    3  1 
  51305.1407   14.703  0.004    3  1 
  51305.1707   14.417  0.003    3  1 
  51305.1996   14.651  0.004    3  1 
  51305.2299   14.872  0.004    3  1 
  51305.2561   15.024  0.004    3  1 
  51305.2836   15.179  0.005    3  1 
  51305.3139   15.381  0.006    3  1 
  51305.9733   15.773  0.005    3  1 
  51306.0117   15.844  0.005    3  1 
  51306.0157   15.849  0.005    3  1 
  51306.0375   15.833  0.007    3  1 
  51306.0735   15.958  0.007    3  1 
  51306.1285   15.882  0.006    3  1 
  51306.1517   16.025  0.009    3  1 
  51306.1807   16.131  0.007    3  1 
  51306.2059   15.948  0.005    3  1 
  51306.2269   15.358  0.004    3  1 
  51306.2491   14.687  0.003    3  1 
  51306.2725   14.520  0.003    3  1 
  51306.2932   14.641  0.003    3  1 
  51308.0249   15.028  0.003    3  1 
  51308.0524   15.178  0.004    3  1 
  51308.0811   15.395  0.004    3  1 
  51308.0851   15.402  0.004    3  1 
  51308.1202   15.566  0.005    3  1 
  51310.1272   14.413  0.002    3  1 
  51310.1308   14.405  0.002    3  1 
  51314.9714   15.886  0.007    3  1 
  51315.0138   16.087  0.007    3  1 
  51315.0372   16.105  0.007    3  1 
  51315.0710   15.299  0.004    3  1 
  51315.0946   14.571  0.003    3  1 
  51315.1180   14.398  0.003    3  1 
  51316.0597   15.873  0.006    3  1 
  51316.0832   15.902  0.006    3  1 
  51316.1079   16.032  0.007    3  1 
  51316.9780   15.610  0.005    3  1 
  51317.0013   15.687  0.006    3  1 
  51317.0241   15.760  0.007    3  1 
  51317.0523   15.814  0.007    3  1 
  51317.0782   15.824  0.007    3  1 
  51317.1035   15.877  0.007    3  1 
  51317.9808   15.062  0.004    3  1 
  51318.0060   15.236  0.005    3  1 
  51318.0331   15.405  0.006    3  1 
  51318.0898   15.636  0.007    3  1 
  51318.1183   15.737  0.008    3  1 
  51318.9811   14.382  0.003    3  1 
  51319.0058   14.506  0.003    3  1 
  51319.0315   14.710  0.003    3  1 
  51319.0717   14.964  0.004    3  1 
  51319.0961   15.143  0.004    3  1 
  51320.0968   14.557  0.002    3  1 
  51320.1175   14.608  0.002    3  1 
  51321.0434   15.898  0.006    3  1 
  51321.0965   16.085  0.007    3  1 
  51321.1252   16.076  0.007    3  1 
  51333.0403   15.744  0.007    3  1 
  51333.1062   15.855  0.007    3  1 
  51334.9989   14.535  0.003    3  1 
  51335.0432   14.587  0.003    3  1 
  51335.0972   14.970  0.004    3  1 
  51335.1083   15.037  0.004    3  1 
  51336.0103   16.084  0.007    3  1 
  51336.0508   16.076  0.008    3  1 
  51336.0891   14.881  0.004    3  1 
  51338.0075   15.708  0.007    3  1 
  51338.9740   15.006  0.003    3  1 
  51339.0046   15.179  0.004    3  1 
  51339.0385   15.395  0.005    3  1 
  51339.0685   15.529  0.006    3  1 
  51339.1006   15.680  0.007    3  1 
  51339.1280   15.771  0.007    3  1 
  51339.9665   14.611  0.003    3  1 
  51339.9935   14.442  0.003    3  1 
  51340.0189   14.592  0.003    3  1 
  51340.0441   14.805  0.004    3  1 
  51340.0753   14.991  0.004    3  1 
  51340.1041   15.195  0.005    3  1 
  51345.0430   14.940  0.004    3  1 
  51345.0736   15.123  0.004    3  1 
  51345.9747   16.128  0.009    3  1 
  51346.0101   15.916  0.008    3  1 
  51346.0388   14.861  0.004    3  1 
  51346.0670   14.382  0.003    3  1 
  51347.0317   15.914  0.006    3  1 
  51347.0645   16.094  0.008    3  1 
  51347.0896   16.185  0.007    3  1 
  51347.9638   15.725  0.006    3  1 
  51348.0146   15.848  0.007    3  1 
  51348.9591   15.218  0.005    3  1 
  51349.0243   15.548  0.005    3  1 
  51349.9679   14.598  0.003    3  1 
  51364.9721   15.127  0.004    3  1 
  51380.9890   15.049  0.004    3  1 
  51381.9751   14.631  0.003    3  1 
  51382.9716   15.978  0.008    3  1 
  51383.9680   15.853  0.006    3  1 
  51384.9688   15.645  0.004    3  1 
  51385.9645   15.058  0.003    3  1 
  51386.9859   14.477  0.003    3  1 
  51388.9699   15.906  0.007    3  1 
  51389.9715   15.744  0.006    3  1 
  51390.9663   15.240  0.004    3  1 
  51391.9664   14.606  0.002    3  1 
  51672.0213   15.924  0.007    3  1 
  51674.0796   15.731  0.007    3  1 
  51674.9989   14.746  0.004    3  1 
  51675.0396   14.967  0.004    3  1 
  51693.0053   15.950  0.007    3  1 
  51694.0012   15.779  0.006    3  1 
  51765.9863   15.940  0.008    3  1 
  51766.0153   15.949  0.009    3  1 
 56468.97641   13.352  0.109   -1  1 
 56469.04707   13.199  0.068   -1  1 
 56469.10896   13.219  0.080   -1  1 
 56469.17285   13.219  0.045   -1  1 
 56471.00364   13.245  0.150   -1  1 
 56471.06640   13.461  0.044   -1  1 
 56471.12490   13.230  0.049   -1  1 
 56471.18188   13.069  0.056   -1  1 
 56471.96759   12.860  0.073   -1  1 
 56472.03374   13.060  0.058   -1  1 
 56472.09484   13.003  0.068   -1  1 
 56472.15243   13.418  0.040   -1  1 
 56468.95296   13.145  0.115   -2  1 
 56469.02441   13.149  0.100   -2  1 
 56469.08813   13.016  0.058   -2  1 
 56469.15134   13.121  0.065   -2  1 
 56471.02588   13.343  0.088   -2  1 
 56471.08671   13.271  0.040   -2  1 
 56471.14302   13.088  0.032   -2  1 
 56471.94704   13.146  0.036   -2  1 
 56472.01085   13.347  0.064   -2  1 
 56472.07480   13.145  0.052   -2  1 
 56472.13240   13.401  0.021   -2  1 
 56472.19216   13.207  0.025   -2  1 
 56469.00041   13.331  0.055   -5  1 
 56469.06767   13.486  0.029   -5  1 
 56469.13003   13.488  0.032   -5  1 
 56469.19349   13.563  0.026   -5  1 
 56470.98130   13.661  0.023   -5  1 
 56471.04693   13.792  0.042   -5  1 
 56471.10523   13.355  0.026   -5  1 
 56471.16397   13.435  0.014   -5  1 
 56471.98857   13.577  0.033   -5  1 
 56472.05430   13.765  0.023   -5  1 
 56472.11383   13.684  0.028   -5  1 
 56472.17109   13.714  0.035   -5  1 
