  51216.2987   14.889  0.005    2  1 
  51216.3275   14.447  0.004    2  1 
  51216.3519   14.212  0.003    2  1 
  51216.3771   14.007  0.003    2  1 
  51217.2851   14.560  0.004    2  1 
  51217.3152   14.614  0.004    2  1 
  51217.3378   14.653  0.004    2  1 
  51217.3598   14.673  0.004    2  1 
  51217.3804   14.699  0.004    2  1 
  51218.3013   14.906  0.005    2  1 
  51218.3254   14.962  0.005    2  1 
  51218.3504   14.975  0.005    2  1 
  51218.3753   14.874  0.004    2  1 
  51219.2775   14.404  0.004    2  1 
  51219.3014   14.455  0.004    2  1 
  51219.3186   14.490  0.004    2  1 
  51219.3397   14.534  0.004    2  1 
  51219.3635   14.580  0.004    2  1 
  51219.3810   14.605  0.004    2  1 
  51220.2867   14.808  0.004    2  1 
  51220.3036   14.811  0.004    2  1 
  51220.3219   14.824  0.004    2  1 
  51220.3391   14.848  0.005    2  1 
  51220.3564   14.880  0.005    2  1 
  51220.3729   14.911  0.005    2  1 
  51220.3920   14.951  0.005    2  1 
  51221.2619   14.134  0.003    2  1 
  51221.2873   14.213  0.003    2  1 
  51221.3052   14.269  0.003    2  1 
  51221.3230   14.320  0.003    2  1 
  51221.3396   14.356  0.003    2  1 
  51221.3577   14.393  0.004    2  1 
  51221.3762   14.443  0.004    2  1 
  51283.2102   14.807  0.004    2  1 
  51283.2288   14.833  0.005    2  1 
  51283.2338   14.826  0.004    2  1 
  51283.2391   14.828  0.004    2  1 
  51283.2642   14.867  0.004    2  1 
  51283.2680   14.878  0.004    2  1 
  51283.2868   14.903  0.004    2  1 
  51283.2902   14.913  0.004    2  1 
  51283.3138   14.950  0.004    2  1 
  51283.3170   14.955  0.004    2  1 
  51283.3408   14.971  0.004    2  1 
  51283.3447   14.968  0.004    2  1 
  51283.3642   14.887  0.004    2  1 
  51283.3673   14.872  0.004    2  1 
  51284.1955   14.172  0.003    2  1 
  51284.1993   14.178  0.003    2  1 
  51284.2266   14.275  0.003    2  1 
  51284.2298   14.272  0.003    2  1 
  51284.2475   14.316  0.003    2  1 
  51284.2506   14.327  0.003    2  1 
  51284.2679   14.376  0.003    2  1 
  51284.2711   14.392  0.003    2  1 
  51284.3004   14.454  0.004    2  1 
  51284.3036   14.469  0.004    2  1 
  51284.3257   14.514  0.004    2  1 
  51284.3289   14.514  0.004    2  1 
  51285.0269   14.548  0.003    2  1 
  51285.0299   14.559  0.003    2  1 
  51285.0607   14.602  0.003    2  1 
  51285.0814   14.632  0.003    2  1 
  51285.0847   14.645  0.003    2  1 
  51285.1052   14.666  0.004    2  1 
  51285.1084   14.663  0.004    2  1 
  51285.1396   14.703  0.004    2  1 
  51285.1427   14.709  0.004    2  1 
  51285.1624   14.724  0.004    2  1 
  51285.1654   14.730  0.004    2  1 
  51285.1891   14.764  0.004    2  1 
  51285.1924   14.772  0.004    2  1 
  51285.2195   14.803  0.004    2  1 
  51285.2227   14.798  0.004    2  1 
  51285.2468   14.817  0.004    2  1 
  51285.2498   14.812  0.004    2  1 
  51285.2738   14.808  0.004    2  1 
  51285.2775   14.814  0.004    2  1 
  51285.3077   14.834  0.004    2  1 
  51285.3112   14.827  0.004    2  1 
  51285.3425   14.878  0.004    2  1 
  51285.3456   14.889  0.004    2  1 
  51286.0177   14.848  0.004    2  1 
  51286.0241   14.854  0.004    2  1 
  51286.0542   14.898  0.004    2  1 
  51286.0574   14.909  0.004    2  1 
  51286.0794   14.954  0.004    2  1 
  51286.0832   14.956  0.004    2  1 
  51286.1105   14.957  0.004    2  1 
  51286.1136   14.953  0.004    2  1 
  51286.1441   14.748  0.004    2  1 
  51286.1472   14.703  0.004    2  1 
  51286.1708   14.336  0.003    2  1 
  51286.1740   14.318  0.003    2  1 
  51286.1969   14.058  0.003    2  1 
  51286.2002   14.066  0.003    2  1 
  51286.2322   14.068  0.003    2  1 
  51286.2352   14.076  0.003    2  1 
  51286.2544   14.119  0.003    2  1 
  51286.2573   14.126  0.003    2  1 
  51286.2785   14.196  0.003    2  1 
  51286.2816   14.203  0.003    2  1 
  51286.3149   14.315  0.003    2  1 
  51286.3179   14.314  0.003    2  1 
  51286.3375   14.369  0.003    2  1 
  51286.3409   14.369  0.003    2  1 
  51286.3604   14.420  0.004    2  1 
  51286.3635   14.429  0.003    2  1 
  51286.3665   14.438  0.003    2  1 
  51304.9667   14.294  0.002    2  1 
  51304.9697   14.298  0.002    2  1 
  51304.9956   14.366  0.003    2  1 
  51304.9985   14.359  0.003    2  1 
  51305.0393   14.471  0.003    2  1 
  51305.0423   14.472  0.003    2  1 
  51305.0812   14.547  0.004    2  1 
  51305.0852   14.548  0.004    2  1 
  51305.1040   14.592  0.004    2  1 
  51305.1077   14.588  0.004    2  1 
  51305.1328   14.618  0.004    2  1 
  51305.1357   14.626  0.004    2  1 
  51305.1582   14.655  0.004    2  1 
  51305.1616   14.660  0.005    2  1 
  51305.1919   14.704  0.005    2  1 
  51305.1953   14.706  0.004    2  1 
  51305.2170   14.731  0.004    2  1 
  51305.2202   14.732  0.004    2  1 
  51305.2493   14.777  0.004    2  1 
  51305.2523   14.782  0.004    2  1 
  51305.2764   14.809  0.004    2  1 
  51305.2796   14.809  0.005    2  1 
  51305.3025   14.815  0.004    2  1 
  51305.3054   14.810  0.004    2  1 
  51305.9643   14.811  0.004    2  1 
  51305.9672   14.814  0.004    2  1 
  51305.9940   14.821  0.003    2  1 
  51305.9970   14.801  0.003    2  1 
  51305.9997   14.812  0.003    2  1 
  51306.0313   14.812  0.003    2  1 
  51306.0340   14.822  0.003    2  1 
  51306.0638   14.843  0.004    2  1 
  51306.0674   14.851  0.004    2  1 
  51306.1183   14.944  0.003    2  1 
  51306.1209   14.946  0.004    2  1 
  51306.1434   14.971  0.005    2  1 
  51306.1474   14.974  0.005    2  1 
  51306.1743   14.924  0.004    2  1 
  51306.1770   14.912  0.003    2  1 
  51306.1996   14.667  0.003    2  1 
  51306.2025   14.613  0.003    2  1 
  51306.2235   14.340  0.002    2  1 
  51306.2407   14.155  0.002    2  1 
  51306.2432   14.129  0.002    2  1 
  51306.2458   14.099  0.002    2  1 
  51306.2665   14.042  0.002    2  1 
  51306.2691   14.042  0.002    2  1 
  51306.3068   14.123  0.003    2  1 
  51306.3101   14.138  0.003    2  1 
  51306.9828   14.063  0.004    2  1 
  51306.9870   14.071  0.002    2  1 
  51307.0161   14.170  0.003    2  1 
  51307.0270   14.209  0.003    2  1 
  51307.0388   14.239  0.003    2  1 
  51307.0824   14.366  0.004    2  1 
  51307.9862   14.737  0.003    2  1 
  51308.0178   14.785  0.003    2  1 
  51308.0443   14.804  0.003    2  1 
  51308.1072   14.813  0.004    2  1 
  51308.1114   14.817  0.004    2  1 
  51310.1342   14.821  0.003    2  1 
  51310.1371   14.812  0.003    2  1 
  51310.1402   14.809  0.003    2  1 
  51314.9621   14.792  0.005    2  1 
  51314.9650   14.811  0.004    2  1 
  51314.9679   14.815  0.004    2  1 
  51314.9914   14.809  0.004    2  1 
  51314.9943   14.805  0.004    2  1 
  51314.9972   14.799  0.004    2  1 
  51315.0171   14.809  0.003    2  1 
  51315.0197   14.809  0.003    2  1 
  51315.0224   14.808  0.003    2  1 
  51315.0409   14.827  0.003    2  1 
  51315.0436   14.830  0.003    2  1 
  51315.0462   14.830  0.004    2  1 
  51315.0650   14.869  0.004    2  1 
  51315.0677   14.861  0.004    2  1 
  51315.0860   14.896  0.004    2  1 
  51315.0887   14.906  0.004    2  1 
  51315.0913   14.912  0.004    2  1 
  51315.1094   14.952  0.004    2  1 
  51315.1121   14.953  0.004    2  1 
  51315.1148   14.947  0.004    2  1 
  51316.0277   14.319  0.003    2  1 
  51316.0303   14.284  0.003    2  1 
  51316.0330   14.296  0.003    2  1 
  51316.0511   14.331  0.003    2  1 
  51316.0538   14.339  0.003    2  1 
  51316.0565   14.348  0.003    2  1 
  51316.0746   14.376  0.003    2  1 
  51316.0773   14.390  0.003    2  1 
  51316.0800   14.407  0.003    2  1 
  51316.0992   14.456  0.003    2  1 
  51316.1020   14.465  0.003    2  1 
  51316.1046   14.470  0.003    2  1 
  51316.1228   14.503  0.003    2  1 
  51316.1255   14.506  0.003    2  1 
  51316.1281   14.505  0.003    2  1 
  51316.9815   14.757  0.004    2  1 
  51316.9843   14.756  0.004    2  1 
  51316.9869   14.763  0.003    2  1 
  51316.9978   14.770  0.004    2  1 
  51317.0147   14.793  0.004    2  1 
  51317.0176   14.792  0.004    2  1 
  51317.0205   14.802  0.004    2  1 
  51317.0420   14.807  0.005    2  1 
  51317.0450   14.808  0.005    2  1 
  51317.0483   14.811  0.005    2  1 
  51317.0689   14.803  0.004    2  1 
  51317.0718   14.802  0.004    2  1 
  51317.0747   14.805  0.004    2  1 
  51317.0946   14.810  0.004    2  1 
  51317.0974   14.809  0.004    2  1 
  51317.1000   14.815  0.004    2  1 
  51317.1199   14.839  0.004    2  1 
  51317.1228   14.841  0.004    2  1 
  51317.1257   14.841  0.004    2  1 
  51317.9715   14.354  0.004    2  1 
  51317.9744   14.342  0.003    2  1 
  51317.9772   14.321  0.003    2  1 
  51317.9970   14.131  0.003    2  1 
  51317.9998   14.110  0.002    2  1 
  51318.0025   14.062  0.003    2  1 
  51318.0227   14.013  0.003    2  1 
  51318.0260   14.008  0.004    2  1 
  51318.0292   14.029  0.004    2  1 
  51318.0510   14.086  0.003    2  1 
  51318.0542   14.089  0.004    2  1 
  51318.0575   14.106  0.004    2  1 
  51318.0795   14.179  0.004    2  1 
  51318.0827   14.189  0.004    2  1 
  51318.0859   14.202  0.004    2  1 
  51318.1079   14.274  0.004    2  1 
  51318.1111   14.282  0.004    2  1 
  51318.1144   14.295  0.005    2  1 
  51318.9846   14.664  0.003    2  1 
  51318.9874   14.669  0.004    2  1 
  51318.9902   14.663  0.003    2  1 
  51319.0093   14.692  0.004    2  1 
  51319.0122   14.696  0.004    2  1 
  51319.0151   14.697  0.004    2  1 
  51319.0351   14.717  0.004    2  1 
  51319.0380   14.724  0.004    2  1 
  51319.0411   14.723  0.004    2  1 
  51319.0623   14.750  0.004    2  1 
  51319.0653   14.719  0.003    2  1 
  51319.0928   14.799  0.003    2  1 
  51319.1137   14.808  0.004    2  1 
  51319.1164   14.808  0.004    2  1 
  51319.1190   14.813  0.003    2  1 
  51320.0909   14.046  0.002    2  1 
  51320.1531   14.201  0.003    2  1 
  51320.1557   14.210  0.003    2  1 
  51320.1584   14.218  0.003    2  1 
  51320.9810   14.534  0.003    2  1 
  51321.0292   14.618  0.003    2  1 
  51321.0466   14.642  0.003    2  1 
  51321.0491   14.650  0.003    2  1 
  51321.0517   14.654  0.003    2  1 
  51321.0689   14.674  0.003    2  1 
  51321.0714   14.678  0.003    2  1 
  51321.0740   14.684  0.003    2  1 
  51321.0997   14.707  0.003    2  1 
  51321.1023   14.711  0.003    2  1 
  51321.1049   14.707  0.003    2  1 
  51321.1074   14.712  0.003    2  1 
  51321.1100   14.722  0.003    2  1 
  51321.1285   14.748  0.003    2  1 
  51321.1311   14.748  0.003    2  1 
  51332.9607   14.815  0.006    2  1 
  51332.9651   14.803  0.007    2  1 
  51332.9797   14.806  0.005    2  1 
  51332.9834   14.812  0.005    2  1 
  51333.0005   14.808  0.005    2  1 
  51333.0039   14.810  0.005    2  1 
  51333.0156   14.822  0.005    2  1 
  51333.0192   14.837  0.005    2  1 
  51333.0445   14.870  0.005    2  1 
  51333.0479   14.876  0.005    2  1 
  51333.0636   14.904  0.006    2  1 
  51333.0681   14.906  0.006    2  1 
  51333.0834   14.935  0.005    2  1 
  51333.0869   14.946  0.005    2  1 
  51333.0981   14.965  0.005    2  1 
  51333.1018   14.967  0.005    2  1 
  51333.1258   14.972  0.006    2  1 
  51333.1294   14.970  0.006    2  1 
  51333.1410   14.912  0.006    2  1 
  51333.1452   14.889  0.006    2  1 
  51333.1492   14.857  0.006    2  1 
  51333.1642   14.658  0.005    2  1 
  51333.1679   14.581  0.004    2  1 
  51334.9778   14.779  0.003    2  1 
  51334.9806   14.775  0.003    2  1 
  51335.0115   14.807  0.004    2  1 
  51335.0145   14.811  0.004    2  1 
  51335.0237   14.812  0.004    2  1 
  51335.0269   14.812  0.004    2  1 
  51335.0365   14.806  0.004    2  1 
  51335.0396   14.811  0.004    2  1 
  51335.0624   14.802  0.005    2  1 
  51335.0658   14.806  0.005    2  1 
  51335.0766   14.810  0.005    2  1 
  51335.0800   14.822  0.005    2  1 
  51335.1009   14.836  0.004    2  1 
  51335.1041   14.837  0.005    2  1 
  51335.9585   14.269  0.004    2  1 
  51335.9619   14.226  0.003    2  1 
  51335.9661   14.180  0.003    2  1 
  51335.9693   14.142  0.003    2  1 
  51335.9855   14.029  0.003    2  1 
  51335.9915   14.046  0.003    2  1 
  51335.9966   14.042  0.003    2  1 
  51336.0139   14.052  0.003    2  1 
  51336.0172   14.057  0.003    2  1 
  51336.0275   14.093  0.003    2  1 
  51336.0306   14.105  0.003    2  1 
  51336.0439   14.146  0.003    2  1 
  51336.0470   14.155  0.003    2  1 
  51336.0662   14.213  0.003    2  1 
  51336.0696   14.225  0.003    2  1 
  51336.0728   14.233  0.003    2  1 
  51336.0954   14.298  0.004    2  1 
  51336.0989   14.307  0.004    2  1 
  51336.1119   14.344  0.004    2  1 
  51336.1153   14.355  0.004    2  1 
  51336.1297   14.388  0.004    2  1 
  51336.1557   14.455  0.006    2  1 
  51336.1600   14.465  0.006    2  1 
  51336.1647   14.475  0.006    2  1 
  51336.9567   14.662  0.002    2  1 
  51337.0022   14.707  0.004    2  1 
  51337.9827   14.904  0.006    2  1 
  51337.9868   14.879  0.005    2  1 
  51337.9997   14.724  0.005    2  1 
  51338.0033   14.671  0.005    2  1 
  51338.0231   14.334  0.004    2  1 
  51338.0265   14.319  0.004    2  1 
  51338.0304   14.274  0.004    2  1 
  51338.9791   14.574  0.004    2  1 
  51338.9849   14.586  0.003    2  1 
  51339.0116   14.622  0.005    2  1 
  51339.0151   14.623  0.005    2  1 
  51339.0441   14.661  0.004    2  1 
  51339.0477   14.666  0.004    2  1 
  51339.0513   14.670  0.004    2  1 
  51339.0774   14.701  0.005    2  1 
  51339.0807   14.704  0.005    2  1 
  51339.1053   14.757  0.005    2  1 
  51339.1093   14.743  0.005    2  1 
  51339.1327   14.781  0.005    2  1 
  51339.1363   14.783  0.005    2  1 
  51339.9588   14.873  0.004    2  1 
  51339.9627   14.876  0.004    2  1 
  51339.9835   14.922  0.004    2  1 
  51339.9874   14.915  0.004    2  1 
  51340.0115   14.965  0.004    2  1 
  51340.0146   14.970  0.004    2  1 
  51340.0349   14.978  0.005    2  1 
  51340.0380   14.979  0.005    2  1 
  51340.0659   14.825  0.005    2  1 
  51340.0696   14.789  0.004    2  1 
  51340.0938   14.359  0.004    2  1 
  51340.0983   14.329  0.004    2  1 
  51340.1334   14.024  0.003    2  1 
  51340.1366   14.021  0.003    2  1 
  51344.9654   14.065  0.002    2  1 
  51344.9786   14.039  0.002    2  1 
  51344.9829   14.019  0.003    2  1 
  51345.0052   14.054  0.003    2  1 
  51345.0092   14.064  0.003    2  1 
  51345.0132   14.083  0.003    2  1 
  51345.0170   14.092  0.003    2  1 
  51345.0353   14.158  0.003    2  1 
  51345.0390   14.164  0.003    2  1 
  51345.0645   14.243  0.003    2  1 
  51345.0690   14.261  0.003    2  1 
  51345.9658   14.674  0.005    2  1 
  51345.9696   14.681  0.005    2  1 
  51345.9999   14.712  0.005    2  1 
  51346.0043   14.717  0.005    2  1 
  51346.0310   14.754  0.004    2  1 
  51346.0343   14.764  0.005    2  1 
  51346.0571   14.790  0.004    2  1 
  51346.0604   14.797  0.005    2  1 
  51347.0221   14.271  0.004    2  1 
  51347.0274   14.181  0.002    2  1 
  51347.0562   14.002  0.003    2  1 
  51347.0597   14.028  0.003    2  1 
  51347.0815   14.048  0.003    2  1 
  51347.0850   14.082  0.003    2  1 
  51347.9550   14.571  0.003    2  1 
  51347.9581   14.560  0.003    2  1 
  51347.9877   14.611  0.004    2  1 
  51347.9914   14.614  0.004    2  1 
  51347.9948   14.614  0.004    2  1 
  51348.0181   14.648  0.004    2  1 
  51348.0211   14.651  0.004    2  1 
  51348.0849   14.729  0.006    2  1 
  51348.0897   14.734  0.005    2  1 
  51348.1054   14.758  0.005    2  1 
  51348.1088   14.765  0.005    2  1 
  51348.1122   14.768  0.005    2  1 
  51348.9528   14.874  0.004    2  1 
  51348.9557   14.889  0.004    2  1 
  51348.9795   14.932  0.004    2  1 
  51348.9824   14.933  0.004    2  1 
  51348.9941   14.950  0.004    2  1 
  51349.0152   14.976  0.005    2  1 
  51349.0189   14.977  0.005    2  1 
  51349.9596   14.405  0.003    2  1 
  51349.9627   14.410  0.003    2  1 
  51349.9911   14.480  0.003    2  1 
  51349.9944   14.490  0.003    2  1 
  51350.0097   14.522  0.003    2  1 
  51350.0128   14.528  0.003    2  1 
  51350.0228   14.538  0.004    2  1 
  51364.9643   14.724  0.004    2  1 
  51380.9714   14.134  0.002    2  1 
  51380.9769   14.142  0.003    2  1 
  51380.9801   14.155  0.002    2  1 
  51380.9845   14.148  0.003    2  1 
  51381.0066   14.235  0.003    2  1 
  51381.0096   14.245  0.003    2  1 
  51381.0136   14.269  0.003    2  1 
  51381.9638   14.735  0.003    2  1 
  51381.9679   14.739  0.004    2  1 
  51381.9716   14.742  0.005    2  1 
  51381.9917   14.780  0.004    2  1 
  51381.9946   14.783  0.004    2  1 
  51382.9605   14.367  0.003    2  1 
  51382.9652   14.339  0.003    2  1 
  51382.9682   14.316  0.004    2  1 
  51382.9887   14.094  0.003    2  1 
  51382.9916   14.065  0.003    2  1 
  51383.9595   14.640  0.003    2  1 
  51383.9621   14.642  0.003    2  1 
  51383.9648   14.644  0.003    2  1 
  51383.9826   14.670  0.003    2  1 
  51383.9853   14.675  0.004    2  1 
  51384.9606   14.964  0.004    2  1 
  51384.9631   14.964  0.003    2  1 
  51384.9657   14.964  0.003    2  1 
  51384.9827   14.953  0.003    2  1 
  51384.9853   14.949  0.003    2  1 
  51385.9557   14.507  0.003    2  1 
  51385.9615   14.518  0.003    2  1 
  51385.9788   14.549  0.003    2  1 
  51385.9814   14.558  0.003    2  1 
  51386.9731   14.862  0.005    2  1 
  51386.9769   14.876  0.005    2  1 
  51386.9807   14.869  0.004    2  1 
  51387.0101   14.924  0.005    2  1 
  51387.0139   14.942  0.005    2  1 
  51387.0177   14.936  0.005    2  1 
  51388.9571   14.812  0.005    2  1 
  51388.9622   14.814  0.005    2  1 
  51388.9659   14.807  0.005    2  1 
  51388.9899   14.812  0.005    2  1 
  51388.9932   14.808  0.005    2  1 
  51389.9629   14.133  0.002    2  1 
  51389.9656   14.151  0.002    2  1 
  51389.9683   14.144  0.002    2  1 
  51390.9631   14.762  0.005    2  1 
  51391.9583   14.317  0.003    2  1 
  51646.1374   14.812  0.004    2  1 
  51646.1447   14.811  0.006    2  1 
  51646.1486   14.817  0.005    2  1 
  51646.1532   14.817  0.005    2  1 
  51646.1570   14.820  0.006    2  1 
  51646.1609   14.817  0.006    2  1 
  51646.1649   14.813  0.006    2  1 
  51646.1687   14.818  0.005    2  1 
  51646.1727   14.813  0.005    2  1 
  51646.1764   14.810  0.005    2  1 
  51646.1801   14.813  0.005    2  1 
  51646.1837   14.806  0.005    2  1 
  51646.1871   14.809  0.005    2  1 
  51646.1907   14.815  0.005    2  1 
  51646.1944   14.811  0.005    2  1 
  51646.1983   14.811  0.005    2  1 
  51646.2025   14.814  0.005    2  1 
  51646.2065   14.812  0.005    2  1 
  51646.2100   14.823  0.005    2  1 
  51646.2138   14.823  0.004    2  1 
  51646.2172   14.824  0.004    2  1 
  51646.2206   14.830  0.004    2  1 
  51646.2245   14.839  0.005    2  1 
  51646.2283   14.839  0.004    2  1 
  51646.2320   14.850  0.004    2  1 
  51646.2362   14.849  0.004    2  1 
  51646.2394   14.857  0.003    2  1 
  51646.2426   14.863  0.004    2  1 
  51646.2457   14.874  0.004    2  1 
  51646.2489   14.876  0.004    2  1 
  51646.2523   14.883  0.004    2  1 
  51646.2557   14.886  0.004    2  1 
  51646.2591   14.893  0.004    2  1 
  51646.2626   14.897  0.005    2  1 
  51646.2660   14.906  0.005    2  1 
  51646.2694   14.916  0.006    2  1 
  51646.2730   14.918  0.006    2  1 
  51646.2769   14.932  0.007    2  1 
  51646.2811   14.944  0.008    2  1 
  51646.2852   14.945  0.007    2  1 
  51646.2895   14.955  0.006    2  1 
  51646.2939   14.962  0.006    2  1 
  51646.2986   14.974  0.007    2  1 
  51646.3027   14.973  0.007    2  1 
  51646.3070   14.981  0.006    2  1 
  51646.3111   14.983  0.006    2  1 
  51646.3151   14.979  0.005    2  1 
  51646.3189   14.981  0.005    2  1 
  51646.3225   14.977  0.005    2  1 
  51646.3260   14.975  0.005    2  1 
  51646.3296   14.976  0.005    2  1 
  51646.3330   14.960  0.005    2  1 
  51646.3377   14.946  0.005    2  1 
  51646.3414   14.931  0.005    2  1 
  51646.3451   14.905  0.005    2  1 
  51646.3496   14.877  0.004    2  1 
  51646.3530   14.835  0.005    2  1 
  51646.3568   14.801  0.004    2  1 
  51646.3602   14.761  0.005    2  1 
  51646.3637   14.702  0.005    2  1 
  51646.3679   14.628  0.004    2  1 
  51646.3713   14.548  0.004    2  1 
  51646.3746   14.476  0.005    2  1 
  51671.0353   14.805  0.004    2  1 
  51671.0475   14.801  0.004    2  1 
  51671.0585   14.767  0.004    2  1 
  51671.0649   14.777  0.004    2  1 
  51671.0721   14.813  0.004    2  1 
  51671.0771   14.811  0.005    2  1 
  51671.1013   14.816  0.004    2  1 
  51671.1053   14.818  0.004    2  1 
  51671.1107   14.830  0.004    2  1 
  51671.1151   14.835  0.004    2  1 
  51671.1292   14.857  0.004    2  1 
  51671.9878   14.167  0.003    2  1 
  51671.9920   14.125  0.002    2  1 
  51672.0277   14.060  0.003    2  1 
  51672.0316   14.080  0.003    2  1 
  51672.0822   14.225  0.003    2  1 
  51674.0685   14.076  0.004    2  1 
  51674.0726   14.045  0.004    2  1 
  51674.1052   14.046  0.003    2  1 
  51674.1117   14.061  0.004    2  1 
  51674.1260   14.111  0.003    2  1 
  51674.1296   14.123  0.003    2  1 
  51674.1332   14.133  0.003    2  1 
  51674.1368   14.143  0.003    2  1 
  51674.1405   14.157  0.003    2  1 
  51674.1444   14.172  0.003    2  1 
  51674.9689   14.521  0.004    2  1 
  51674.9724   14.531  0.004    2  1 
  51674.9867   14.556  0.004    2  1 
  51674.9911   14.564  0.005    2  1 
  51675.0041   14.583  0.005    2  1 
  51675.0121   14.599  0.005    2  1 
  51675.0159   14.603  0.005    2  1 
  51675.0253   14.626  0.004    2  1 
  51675.0289   14.631  0.004    2  1 
  51675.0351   14.636  0.004    2  1 
  51675.0465   14.644  0.004    2  1 
  51675.0521   14.653  0.005    2  1 
  51675.0558   14.670  0.004    2  1 
  51675.0622   14.667  0.004    2  1 
  51675.0661   14.671  0.004    2  1 
  51675.0719   14.680  0.004    2  1 
  51675.0756   14.685  0.005    2  1 
  51675.0814   14.693  0.005    2  1 
  51675.0858   14.693  0.005    2  1 
  51675.0927   14.709  0.004    2  1 
  51675.0970   14.709  0.004    2  1 
  51675.9751   14.866  0.004    2  1 
  51675.9802   14.876  0.004    2  1 
  51675.9906   14.889  0.004    2  1 
  51675.9939   14.900  0.004    2  1 
  51675.9971   14.904  0.004    2  1 
  51676.0005   14.915  0.004    2  1 
  51676.0036   14.921  0.004    2  1 
  51676.0067   14.926  0.004    2  1 
  51676.0112   14.933  0.004    2  1 
  51676.0240   14.954  0.005    2  1 
  51676.0301   14.960  0.005    2  1 
  51676.9616   14.323  0.004    2  1 
  51676.9713   14.351  0.004    2  1 
  51676.9757   14.357  0.004    2  1 
  51676.9867   14.391  0.005    2  1 
  51676.9919   14.407  0.006    2  1 
  51676.9969   14.411  0.005    2  1 
  51677.0090   14.447  0.005    2  1 
  51677.0126   14.451  0.004    2  1 
  51677.0180   14.464  0.005    2  1 
  51677.0226   14.468  0.005    2  1 
  51677.0271   14.478  0.005    2  1 
  51677.0318   14.490  0.005    2  1 
  51677.0362   14.502  0.005    2  1 
  51677.0410   14.511  0.005    2  1 
  51677.0453   14.522  0.005    2  1 
  51677.0499   14.532  0.005    2  1 
  51677.0580   14.549  0.006    2  1 
  51677.0628   14.553  0.005    2  1 
  51677.0672   14.566  0.005    2  1 
  51677.0713   14.575  0.005    2  1 
  51677.0751   14.577  0.005    2  1 
  51677.0793   14.584  0.005    2  1 
  51677.0835   14.589  0.005    2  1 
  51677.0877   14.595  0.005    2  1 
  51677.0918   14.605  0.005    2  1 
  51677.0956   14.609  0.005    2  1 
  51677.0996   14.620  0.006    2  1 
  51677.1044   14.624  0.005    2  1 
  51677.1082   14.632  0.006    2  1 
  51677.1121   14.639  0.005    2  1 
  51677.1160   14.641  0.005    2  1 
  51677.1199   14.648  0.006    2  1 
  51677.1238   14.650  0.005    2  1 
  51677.1276   14.657  0.005    2  1 
  51677.1315   14.660  0.005    2  1 
  51677.1353   14.668  0.005    2  1 
  51677.1396   14.671  0.005    2  1 
  51677.1434   14.674  0.005    2  1 
  51677.1476   14.681  0.005    2  1 
  51677.1520   14.684  0.005    2  1 
  51677.1564   14.692  0.005    2  1 
  51677.1603   14.695  0.005    2  1 
  51677.1642   14.699  0.005    2  1 
  51677.1680   14.702  0.005    2  1 
  51677.1719   14.709  0.005    2  1 
  51677.1759   14.711  0.005    2  1 
  51677.1797   14.716  0.005    2  1 
  51677.1836   14.719  0.006    2  1 
  51677.1883   14.732  0.005    2  1 
  51677.1922   14.730  0.005    2  1 
  51677.1960   14.736  0.005    2  1 
  51677.1999   14.745  0.006    2  1 
  51677.2038   14.745  0.005    2  1 
  51677.2083   14.755  0.006    2  1 
  51677.2133   14.764  0.006    2  1 
  51677.2176   14.776  0.007    2  1 
  51677.2233   14.785  0.006    2  1 
  51677.2285   14.792  0.009    2  1 
  51677.2335   14.788  0.008    2  1 
  51677.2391   14.799  0.008    2  1 
  51677.2524   14.813  0.006    2  1 
  51677.2571   14.812  0.006    2  1 
  51677.2620   14.812  0.006    2  1 
  51677.2664   14.815  0.006    2  1 
  51677.2708   14.807  0.006    2  1 
  51691.0375   14.761  0.002    2  1 
  51691.0409   14.772  0.003    2  1 
  51691.0444   14.772  0.004    2  1 
  51691.0509   14.776  0.003    2  1 
  51691.0543   14.783  0.004    2  1 
  51691.0579   14.787  0.004    2  1 
  51691.0633   14.794  0.003    2  1 
  51691.0670   14.798  0.003    2  1 
  51691.0711   14.801  0.003    2  1 
  51691.0770   14.807  0.003    2  1 
  51691.0805   14.807  0.004    2  1 
  51691.0840   14.814  0.004    2  1 
  51691.0896   14.806  0.004    2  1 
  51691.0931   14.815  0.003    2  1 
  51691.0971   14.809  0.003    2  1 
  51691.1040   14.808  0.004    2  1 
  51691.1083   14.810  0.004    2  1 
  51691.1122   14.819  0.003    2  1 
  51691.1180   14.811  0.004    2  1 
  51691.1214   14.810  0.004    2  1 
  51691.1249   14.810  0.004    2  1 
  51691.1323   14.806  0.004    2  1 
  51691.1357   14.808  0.003    2  1 
  51691.1392   14.806  0.003    2  1 
  51691.1448   14.814  0.003    2  1 
  51691.1522   14.817  0.003    2  1 
  51691.1561   14.826  0.002    2  1 
  51693.0130   14.628  0.004    2  1 
  51693.0165   14.653  0.004    2  1 
  51693.0248   14.660  0.004    2  1 
  51693.0305   14.663  0.004    2  1 
  51693.0340   14.677  0.004    2  1 
  51693.0378   14.677  0.004    2  1 
  51694.0082   14.953  0.004    2  1 
  51694.0114   14.954  0.004    2  1 
  51694.0148   14.995  0.004    2  1 
  51694.0267   14.959  0.004    2  1 
  51694.0319   14.953  0.004    2  1 
  51694.0351   14.963  0.004    2  1 
  51694.0384   14.953  0.004    2  1 
  51694.0472   14.928  0.004    2  1 
  51694.0505   14.905  0.004    2  1 
  51694.0590   14.835  0.004    2  1 
  51694.0656   14.769  0.004    2  1 
  51694.0714   14.676  0.003    2  1 
  51694.0748   14.612  0.003    2  1 
  51694.0781   14.541  0.003    2  1 
  51694.0901   14.383  0.003    2  1 
  51694.0957   14.340  0.003    2  1 
  51694.0989   14.307  0.003    2  1 
  51694.1075   14.221  0.003    2  1 
  51694.1190   14.097  0.003    2  1 
  51694.1221   14.082  0.003    2  1 
  51694.1252   14.045  0.003    2  1 
  51694.1286   14.029  0.003    2  1 
  51695.0280   14.552  0.003    2  1 
  51695.0317   14.553  0.003    2  1 
  51697.9712   14.778  0.005    2  1 
  51697.9818   14.800  0.004    2  1 
  51765.9746   14.695  0.004    2  1 
  51765.9783   14.629  0.004    2  1 
  51765.9820   14.548  0.004    2  1 
  51766.0194   14.107  0.003    2  1 
  51766.0229   14.078  0.003    2  1 
  51216.3063   15.343  0.004    3  1 
  51216.3342   14.800  0.003    3  1 
  51216.3572   14.462  0.003    3  1 
  51216.3847   14.306  0.003    3  1 
  51217.2936   15.089  0.004    3  1 
  51217.3214   15.125  0.004    3  1 
  51217.3852   15.223  0.004    3  1 
  51218.2935   15.462  0.005    3  1 
  51218.3212   15.482  0.004    3  1 
  51218.3442   15.471  0.004    3  1 
  51218.3704   15.411  0.004    3  1 
  51219.2811   14.819  0.002    3  1 
  51219.2844   14.815  0.003    3  1 
  51219.3053   14.856  0.003    3  1 
  51219.3228   14.928  0.003    3  1 
  51219.3465   15.020  0.003    3  1 
  51219.3676   15.045  0.004    3  1 
  51219.3851   15.102  0.004    3  1 
  51220.2805   15.358  0.004    3  1 
  51220.2995   15.347  0.004    3  1 
  51220.3171   15.384  0.005    3  1 
  51220.3349   15.466  0.005    3  1 
  51220.3523   15.427  0.004    3  1 
  51220.3689   15.452  0.004    3  1 
  51220.3877   15.510  0.005    3  1 
  51221.2691   14.457  0.003    3  1 
  51221.2915   14.528  0.003    3  1 
  51221.3097   14.634  0.003    3  1 
  51221.3270   14.685  0.003    3  1 
  51221.3437   14.744  0.003    3  1 
  51221.3619   14.802  0.003    3  1 
  51221.3854   14.902  0.003    3  1 
  51283.2237   15.363  0.004    3  1 
  51283.2601   15.421  0.004    3  1 
  51283.2830   15.453  0.004    3  1 
  51283.3050   15.514  0.004    3  1 
  51283.3367   15.574  0.004    3  1 
  51283.3600   15.475  0.004    3  1 
  51284.2056   14.488  0.003    3  1 
  51284.2337   14.635  0.003    3  1 
  51284.2542   14.722  0.003    3  1 
  51284.2806   14.815  0.003    3  1 
  51284.3075   14.910  0.003    3  1 
  51284.3333   14.984  0.003    3  1 
  51285.0371   15.091  0.003    3  1 
  51285.0646   15.112  0.003    3  1 
  51285.0885   15.150  0.004    3  1 
  51285.1182   15.192  0.003    3  1 
  51285.1470   15.230  0.003    3  1 
  51285.1698   15.265  0.004    3  1 
  51285.1988   15.321  0.003    3  1 
  51285.2270   15.372  0.004    3  1 
  51285.2539   15.376  0.004    3  1 
  51285.2851   15.354  0.004    3  1 
  51285.3202   15.378  0.004    3  1 
  51285.3496   15.450  0.004    3  1 
  51286.0308   15.411  0.003    3  1 
  51286.0619   15.519  0.004    3  1 
  51286.0871   15.565  0.004    3  1 
  51286.0921   15.457  0.003    3  1 
  51286.1226   15.415  0.003    3  1 
  51286.1512   15.086  0.003    3  1 
  51286.1789   14.594  0.002    3  1 
  51286.2076   14.261  0.002    3  1 
  51286.2389   14.335  0.002    3  1 
  51286.2613   14.458  0.002    3  1 
  51286.2889   14.582  0.002    3  1 
  51286.3108   14.688  0.003    3  1 
  51286.3335   14.731  0.003    3  1 
  51286.3566   14.823  0.003    3  1 
  51304.9734   14.714  0.002    3  1 
  51305.0076   14.757  0.003    3  1 
  51305.0510   14.967  0.003    3  1 
  51305.0770   14.984  0.004    3  1 
  51305.1004   15.048  0.003    3  1 
  51305.1407   15.134  0.005    3  1 
  51305.1707   15.193  0.004    3  1 
  51305.1996   15.252  0.004    3  1 
  51305.2299   15.313  0.004    3  1 
  51305.2561   15.348  0.004    3  1 
  51305.2836   15.400  0.005    3  1 
  51305.3139   15.394  0.005    3  1 
  51305.9733   15.384  0.003    3  1 
  51306.0117   15.359  0.003    3  1 
  51306.0157   15.322  0.003    3  1 
  51306.0375   15.372  0.004    3  1 
  51306.0735   15.408  0.004    3  1 
  51306.1026   15.462  0.004    3  1 
  51306.1517   15.578  0.006    3  1 
  51306.1807   15.415  0.004    3  1 
  51306.2059   15.125  0.002    3  1 
  51306.2269   14.681  0.002    3  1 
  51306.2491   14.446  0.002    3  1 
  51306.2725   14.355  0.002    3  1 
  51306.2932   14.357  0.002    3  1 
  51308.0249   15.307  0.003    3  1 
  51308.0524   15.383  0.004    3  1 
  51308.0811   15.320  0.003    3  1 
  51308.0851   15.380  0.003    3  1 
  51310.1272   15.367  0.003    3  1 
  51310.1308   15.381  0.004    3  1 
  51314.9714   15.389  0.004    3  1 
  51315.0138   15.354  0.004    3  1 
  51315.0372   15.375  0.004    3  1 
  51315.0710   15.432  0.004    3  1 
  51315.0946   15.494  0.004    3  1 
  51315.1180   15.553  0.004    3  1 
  51316.0363   14.637  0.002    3  1 
  51316.0597   14.716  0.003    3  1 
  51316.0832   14.787  0.003    3  1 
  51316.9780   15.287  0.003    3  1 
  51317.0013   15.329  0.004    3  1 
  51317.0241   15.376  0.005    3  1 
  51317.0523   15.369  0.005    3  1 
  51317.0782   15.367  0.005    3  1 
  51317.1035   15.372  0.004    3  1 
  51317.9808   14.621  0.003    3  1 
  51318.0060   14.250  0.003    3  1 
  51318.0331   14.178  0.003    3  1 
  51318.0898   14.446  0.004    3  1 
  51318.9811   15.172  0.003    3  1 
  51319.0058   15.216  0.004    3  1 
  51319.0315   15.248  0.004    3  1 
  51319.0717   15.322  0.004    3  1 
  51320.0968   14.291  0.002    3  1 
  51320.1175   14.293  0.002    3  1 
  51320.9771   15.010  0.003    3  1 
  51321.0212   15.094  0.003    3  1 
  51321.0434   15.145  0.003    3  1 
  51321.0658   15.178  0.003    3  1 
  51321.0965   15.224  0.003    3  1 
  51321.1252   15.277  0.004    3  1 
  51333.0403   15.414  0.005    3  1 
  51333.1062   15.553  0.005    3  1 
  51334.9989   15.343  0.003    3  1 
  51335.0432   15.367  0.004    3  1 
  51335.0972   15.392  0.004    3  1 
  51335.1083   15.416  0.005    3  1 
  51336.0103   14.272  0.002    3  1 
  51336.0508   14.465  0.003    3  1 
  51336.0891   14.605  0.003    3  1 
  51338.0075   15.022  0.004    3  1 
  51338.9740   15.051  0.003    3  1 
  51339.0046   15.103  0.004    3  1 
  51339.0385   15.174  0.004    3  1 
  51339.0685   15.223  0.004    3  1 
  51339.1006   15.277  0.004    3  1 
  51339.1280   15.331  0.004    3  1 
  51339.9665   15.427  0.004    3  1 
  51339.9935   15.509  0.004    3  1 
  51340.0189   15.526  0.004    3  1 
  51340.0441   15.560  0.005    3  1 
  51340.0753   15.204  0.004    3  1 
  51340.1041   14.587  0.004    3  1 
  51345.0430   14.472  0.002    3  1 
  51345.0736   14.614  0.002    3  1 
  51345.9747   15.208  0.004    3  1 
  51346.0101   15.272  0.004    3  1 
  51346.0388   15.321  0.004    3  1 
  51346.0670   15.364  0.004    3  1 
  51347.0317   14.439  0.002    3  1 
  51347.0645   14.263  0.002    3  1 
  51347.0896   14.403  0.002    3  1 
  51347.9638   15.054  0.003    3  1 
  51348.0146   15.147  0.004    3  1 
  51348.9591   15.464  0.005    3  1 
  51349.0243   15.526  0.004    3  1 
  51349.9679   14.862  0.003    3  1 
  51364.9721   15.034  0.004    3  1 
  51380.9890   14.450  0.002    3  1 
  51381.9751   15.296  0.004    3  1 
  51382.9716   14.586  0.003    3  1 
  51383.9680   15.166  0.003    3  1 
  51384.9688   15.493  0.003    3  1 
  51385.9645   14.977  0.003    3  1 
  51386.9859   15.432  0.004    3  1 
  51388.9699   15.389  0.005    3  1 
  51389.9715   14.445  0.002    3  1 
  51390.9663   15.288  0.003    3  1 
  51391.9664   14.723  0.002    3  1 
  51672.0213   14.286  0.002    3  1 
  51674.0796   14.215  0.003    3  1 
  51674.9989   15.063  0.004    3  1 
  51675.0396   15.160  0.003    3  1 
  51694.0012   15.556  0.004    3  1 
  51765.9863   14.856  0.003    3  1 
  51766.0153   14.396  0.003    3  1 
 56468.97641   13.027  0.030   -1  1 
 56469.04707   12.881  0.035   -1  1 
 56469.10896   12.963  0.030   -1  1 
 56469.17285   13.068  0.015   -1  1 
 56471.00364   13.130  0.024   -1  1 
 56471.06640   13.010  0.011   -1  1 
 56471.12490   13.004  0.013   -1  1 
 56471.18188   13.038  0.020   -1  1 
 56471.96759   12.811  0.026   -1  1 
 56472.03374   13.172  0.015   -1  1 
 56472.09484   13.189  0.016   -1  1 
 56472.15243   13.178  0.012   -1  1 
 56468.95296   12.962  0.030   -2  1 
 56469.02441   13.039  0.028   -2  1 
 56469.08813   12.868  0.016   -2  1 
 56469.15134   13.040  0.019   -2  1 
 56471.02588   12.917  0.019   -2  1 
 56471.08671   12.996  0.021   -2  1 
 56471.14302   12.942  0.011   -2  1 
 56471.94704   12.928  0.013   -2  1 
 56472.01085   13.102  0.022   -2  1 
 56472.07480   12.972  0.026   -2  1 
 56472.13240   13.063  0.013   -2  1 
 56472.19216   13.122  0.010   -2  1 
 56469.00041   13.180  0.016   -5  1 
 56469.06767   13.267  0.007   -5  1 
 56469.13003   13.348  0.009   -5  1 
 56469.19349   13.360  0.018   -5  1 
 56470.98130   13.207  0.008   -5  1 
 56471.04693   13.195  0.009   -5  1 
 56471.10523   13.247  0.014   -5  1 
 56471.16397   13.283  0.006   -5  1 
 56471.98857   13.359  0.008   -5  1 
 56472.05430   13.469  0.013   -5  1 
 56472.11383   13.456  0.016   -5  1 
 56472.17109   13.537  0.011   -5  1 
