  51216.2987   14.824  0.005    2  1 
  51216.3275   14.802  0.006    2  1 
  51216.3519   14.615  0.005    2  1 
  51216.3771   14.305  0.004    2  1 
  51217.2851   14.443  0.004    2  1 
  51217.3152   14.490  0.005    2  1 
  51217.3378   14.532  0.004    2  1 
  51217.3598   14.556  0.004    2  1 
  51217.3804   14.589  0.004    2  1 
  51218.3013   14.814  0.005    2  1 
  51218.3254   14.840  0.006    2  1 
  51218.3504   14.816  0.005    2  1 
  51218.3753   14.653  0.005    2  1 
  51219.2775   14.374  0.004    2  1 
  51219.3014   14.421  0.004    2  1 
  51219.3186   14.456  0.004    2  1 
  51219.3397   14.491  0.004    2  1 
  51219.3635   14.536  0.004    2  1 
  51219.3810   14.554  0.005    2  1 
  51220.2867   14.731  0.005    2  1 
  51220.3036   14.760  0.005    2  1 
  51220.3219   14.790  0.005    2  1 
  51220.3391   14.825  0.006    2  1 
  51220.3564   14.837  0.005    2  1 
  51220.3729   14.825  0.006    2  1 
  51220.3920   14.739  0.005    2  1 
  51221.2619   14.275  0.004    2  1 
  51221.2873   14.332  0.004    2  1 
  51221.3052   14.375  0.004    2  1 
  51221.3230   14.412  0.004    2  1 
  51221.3396   14.437  0.004    2  1 
  51221.3577   14.478  0.004    2  1 
  51221.3762   14.508  0.004    2  1 
  51283.2102   14.579  0.004    2  1 
  51283.2288   14.360  0.004    2  1 
  51283.2338   14.288  0.003    2  1 
  51283.2391   14.222  0.003    2  1 
  51283.2642   14.015  0.003    2  1 
  51283.2680   13.998  0.003    2  1 
  51283.2868   13.979  0.003    2  1 
  51283.2902   13.988  0.003    2  1 
  51283.3138   14.054  0.003    2  1 
  51283.3170   14.059  0.003    2  1 
  51283.3408   14.141  0.003    2  1 
  51283.3447   14.144  0.003    2  1 
  51283.3642   14.203  0.003    2  1 
  51283.3673   14.216  0.003    2  1 
  51284.1955   14.533  0.004    2  1 
  51284.1993   14.554  0.004    2  1 
  51284.2266   14.578  0.004    2  1 
  51284.2298   14.579  0.004    2  1 
  51284.2475   14.599  0.004    2  1 
  51284.2506   14.612  0.004    2  1 
  51284.2679   14.626  0.004    2  1 
  51284.2711   14.628  0.004    2  1 
  51284.3004   14.654  0.005    2  1 
  51284.3036   14.664  0.004    2  1 
  51284.3257   14.685  0.005    2  1 
  51284.3289   14.689  0.005    2  1 
  51285.0269   14.710  0.004    2  1 
  51285.0299   14.704  0.004    2  1 
  51285.0577   14.739  0.004    2  1 
  51285.0607   14.717  0.004    2  1 
  51285.0814   14.707  0.004    2  1 
  51285.0847   14.704  0.004    2  1 
  51285.1052   14.727  0.004    2  1 
  51285.1084   14.728  0.004    2  1 
  51285.1396   14.774  0.005    2  1 
  51285.1427   14.783  0.005    2  1 
  51285.1624   14.815  0.005    2  1 
  51285.1654   14.826  0.005    2  1 
  51285.1891   14.852  0.005    2  1 
  51285.1924   14.849  0.005    2  1 
  51285.2195   14.756  0.005    2  1 
  51285.2227   14.727  0.005    2  1 
  51285.2468   14.464  0.004    2  1 
  51285.2498   14.435  0.004    2  1 
  51285.2738   14.133  0.004    2  1 
  51285.2775   14.099  0.003    2  1 
  51285.3077   13.976  0.003    2  1 
  51285.3112   13.980  0.003    2  1 
  51285.3425   14.055  0.003    2  1 
  51285.3456   14.063  0.003    2  1 
  51286.0177   14.057  0.003    2  1 
  51286.0241   14.087  0.003    2  1 
  51286.0542   14.176  0.003    2  1 
  51286.0574   14.180  0.003    2  1 
  51286.0794   14.242  0.003    2  1 
  51286.0832   14.247  0.003    2  1 
  51286.1105   14.330  0.003    2  1 
  51286.1136   14.323  0.003    2  1 
  51286.1441   14.396  0.003    2  1 
  51286.1472   14.415  0.003    2  1 
  51286.1708   14.458  0.003    2  1 
  51286.1740   14.454  0.004    2  1 
  51286.1969   14.495  0.004    2  1 
  51286.2002   14.499  0.004    2  1 
  51286.2322   14.559  0.004    2  1 
  51286.2352   14.555  0.004    2  1 
  51286.2544   14.579  0.004    2  1 
  51286.2573   14.578  0.004    2  1 
  51286.2785   14.611  0.004    2  1 
  51286.2816   14.614  0.004    2  1 
  51286.3149   14.647  0.004    2  1 
  51286.3179   14.648  0.004    2  1 
  51286.3375   14.669  0.004    2  1 
  51286.3409   14.671  0.005    2  1 
  51286.3604   14.690  0.005    2  1 
  51286.3635   14.700  0.005    2  1 
  51286.3665   14.703  0.005    2  1 
  51304.9667   14.187  0.003    2  1 
  51304.9697   14.192  0.003    2  1 
  51304.9956   14.260  0.003    2  1 
  51304.9985   14.270  0.003    2  1 
  51305.0393   14.366  0.004    2  1 
  51305.0423   14.370  0.004    2  1 
  51305.0812   14.454  0.004    2  1 
  51305.0852   14.464  0.004    2  1 
  51305.1040   14.491  0.004    2  1 
  51305.1077   14.498  0.004    2  1 
  51305.1328   14.531  0.005    2  1 
  51305.1357   14.540  0.004    2  1 
  51305.1582   14.572  0.005    2  1 
  51305.1616   14.576  0.005    2  1 
  51305.1919   14.615  0.005    2  1 
  51305.1953   14.616  0.005    2  1 
  51305.2170   14.631  0.005    2  1 
  51305.2202   14.638  0.005    2  1 
  51305.2493   14.661  0.004    2  1 
  51305.2523   14.667  0.004    2  1 
  51305.2764   14.699  0.005    2  1 
  51305.2796   14.696  0.006    2  1 
  51305.3025   14.718  0.005    2  1 
  51305.3054   14.712  0.005    2  1 
  51305.9643   14.710  0.004    2  1 
  51305.9672   14.715  0.004    2  1 
  51305.9940   14.705  0.003    2  1 
  51305.9970   14.704  0.003    2  1 
  51305.9997   14.708  0.004    2  1 
  51306.0313   14.717  0.004    2  1 
  51306.0340   14.720  0.004    2  1 
  51306.0638   14.749  0.004    2  1 
  51306.0674   14.764  0.004    2  1 
  51306.0960   14.810  0.004    2  1 
  51306.0990   14.828  0.004    2  1 
  51306.1183   14.854  0.004    2  1 
  51306.1209   14.842  0.004    2  1 
  51306.1434   14.812  0.005    2  1 
  51306.1474   14.786  0.006    2  1 
  51306.1743   14.547  0.004    2  1 
  51306.1770   14.516  0.003    2  1 
  51306.1996   14.221  0.003    2  1 
  51306.2025   14.187  0.003    2  1 
  51306.2207   14.059  0.003    2  1 
  51306.2235   14.027  0.002    2  1 
  51306.2407   13.982  0.002    2  1 
  51306.2432   13.974  0.002    2  1 
  51306.2458   13.979  0.002    2  1 
  51306.2665   14.029  0.002    2  1 
  51306.2691   14.035  0.002    2  1 
  51306.2862   14.086  0.003    2  1 
  51306.2895   14.097  0.003    2  1 
  51306.3068   14.145  0.003    2  1 
  51306.3101   14.157  0.003    2  1 
  51306.9828   14.161  0.004    2  1 
  51306.9870   14.173  0.003    2  1 
  51307.0161   14.240  0.003    2  1 
  51307.0270   14.270  0.004    2  1 
  51307.0388   14.307  0.004    2  1 
  51307.0824   14.393  0.005    2  1 
  51307.9862   14.708  0.004    2  1 
  51307.9901   14.707  0.004    2  1 
  51308.0178   14.714  0.003    2  1 
  51308.0212   14.720  0.003    2  1 
  51308.0443   14.707  0.004    2  1 
  51308.0749   14.735  0.003    2  1 
  51308.1072   14.794  0.005    2  1 
  51308.1114   14.788  0.005    2  1 
  51310.1342   14.788  0.004    2  1 
  51310.1371   14.797  0.004    2  1 
  51310.1402   14.799  0.004    2  1 
  51314.9621   14.434  0.005    2  1 
  51314.9650   14.400  0.004    2  1 
  51314.9679   14.360  0.004    2  1 
  51314.9914   14.103  0.003    2  1 
  51314.9943   14.080  0.003    2  1 
  51314.9972   14.061  0.003    2  1 
  51315.0171   13.978  0.003    2  1 
  51315.0197   13.976  0.003    2  1 
  51315.0224   13.980  0.003    2  1 
  51315.0409   14.010  0.003    2  1 
  51315.0436   14.021  0.003    2  1 
  51315.0462   14.028  0.003    2  1 
  51315.0650   14.088  0.003    2  1 
  51315.0677   14.093  0.003    2  1 
  51315.0860   14.152  0.003    2  1 
  51315.0887   14.148  0.003    2  1 
  51315.0913   14.158  0.003    2  1 
  51315.1094   14.207  0.003    2  1 
  51315.1121   14.221  0.003    2  1 
  51315.1148   14.231  0.003    2  1 
  51316.0303   14.655  0.004    2  1 
  51316.0330   14.653  0.004    2  1 
  51316.0511   14.672  0.004    2  1 
  51316.0538   14.670  0.004    2  1 
  51316.0565   14.672  0.004    2  1 
  51316.0746   14.693  0.004    2  1 
  51316.0773   14.693  0.004    2  1 
  51316.0800   14.697  0.004    2  1 
  51316.0992   14.692  0.004    2  1 
  51316.1020   14.720  0.004    2  1 
  51316.1046   14.712  0.004    2  1 
  51316.1228   14.720  0.004    2  1 
  51316.1255   14.715  0.004    2  1 
  51316.1281   14.711  0.004    2  1 
  51316.9815   14.529  0.004    2  1 
  51316.9843   14.499  0.004    2  1 
  51316.9869   14.468  0.003    2  1 
  51316.9978   14.311  0.004    2  1 
  51317.0147   14.135  0.003    2  1 
  51317.0176   14.106  0.003    2  1 
  51317.0205   14.083  0.003    2  1 
  51317.0420   13.966  0.004    2  1 
  51317.0450   13.967  0.004    2  1 
  51317.0483   13.974  0.003    2  1 
  51317.0689   14.019  0.003    2  1 
  51317.0718   14.015  0.003    2  1 
  51317.0747   14.031  0.003    2  1 
  51317.0946   14.099  0.003    2  1 
  51317.0974   14.103  0.003    2  1 
  51317.1000   14.110  0.003    2  1 
  51317.1199   14.174  0.004    2  1 
  51317.1228   14.174  0.004    2  1 
  51317.1257   14.186  0.004    2  1 
  51317.9715   14.547  0.005    2  1 
  51317.9744   14.560  0.004    2  1 
  51317.9772   14.557  0.004    2  1 
  51317.9970   14.589  0.004    2  1 
  51317.9998   14.591  0.003    2  1 
  51318.0025   14.588  0.004    2  1 
  51318.0227   14.615  0.005    2  1 
  51318.0260   14.611  0.006    2  1 
  51318.0292   14.609  0.007    2  1 
  51318.0510   14.637  0.005    2  1 
  51318.0542   14.648  0.005    2  1 
  51318.0575   14.647  0.006    2  1 
  51318.0795   14.662  0.005    2  1 
  51318.0827   14.671  0.006    2  1 
  51318.0859   14.681  0.005    2  1 
  51318.1079   14.693  0.007    2  1 
  51318.1111   14.708  0.006    2  1 
  51318.1144   14.690  0.007    2  1 
  51318.9846   14.761  0.004    2  1 
  51318.9874   14.733  0.004    2  1 
  51318.9902   14.708  0.004    2  1 
  51319.0093   14.501  0.004    2  1 
  51319.0122   14.470  0.004    2  1 
  51319.0151   14.411  0.004    2  1 
  51319.0351   14.167  0.004    2  1 
  51319.0380   14.137  0.004    2  1 
  51319.0411   14.120  0.004    2  1 
  51319.0623   13.987  0.003    2  1 
  51319.0928   14.013  0.003    2  1 
  51319.1137   14.071  0.003    2  1 
  51319.1164   14.077  0.003    2  1 
  51319.1190   14.096  0.003    2  1 
  51320.0869   14.655  0.003    2  1 
  51320.0909   14.661  0.003    2  1 
  51320.1531   14.714  0.004    2  1 
  51320.1557   14.713  0.004    2  1 
  51320.1584   14.714  0.004    2  1 
  51320.9810   14.844  0.004    2  1 
  51320.9838   14.843  0.004    2  1 
  51321.0292   14.579  0.003    2  1 
  51321.0466   14.353  0.003    2  1 
  51321.0491   14.311  0.003    2  1 
  51321.0517   14.288  0.003    2  1 
  51321.0689   14.109  0.003    2  1 
  51321.0714   14.083  0.002    2  1 
  51321.0740   14.067  0.002    2  1 
  51321.0997   13.966  0.002    2  1 
  51321.1023   13.971  0.003    2  1 
  51321.1049   13.972  0.002    2  1 
  51321.1074   13.983  0.002    2  1 
  51321.1100   13.986  0.002    2  1 
  51321.1285   14.036  0.003    2  1 
  51321.1311   14.048  0.003    2  1 
  51332.9607   14.699  0.007    2  1 
  51332.9651   14.705  0.008    2  1 
  51332.9797   14.723  0.006    2  1 
  51332.9834   14.714  0.006    2  1 
  51333.0005   14.714  0.005    2  1 
  51333.0039   14.716  0.006    2  1 
  51333.0156   14.706  0.005    2  1 
  51333.0192   14.712  0.006    2  1 
  51333.0445   14.723  0.005    2  1 
  51333.0479   14.726  0.005    2  1 
  51333.0636   14.743  0.007    2  1 
  51333.0681   14.749  0.007    2  1 
  51333.0834   14.778  0.005    2  1 
  51333.0869   14.782  0.006    2  1 
  51333.0981   14.802  0.006    2  1 
  51333.1018   14.799  0.005    2  1 
  51333.1258   14.840  0.006    2  1 
  51333.1294   14.842  0.007    2  1 
  51333.1410   14.843  0.007    2  1 
  51333.1452   14.840  0.007    2  1 
  51333.1492   14.833  0.007    2  1 
  51333.1642   14.769  0.006    2  1 
  51333.1679   14.749  0.006    2  1 
  51334.9778   14.679  0.004    2  1 
  51334.9806   14.696  0.004    2  1 
  51335.0115   14.715  0.004    2  1 
  51335.0145   14.717  0.004    2  1 
  51335.0237   14.708  0.005    2  1 
  51335.0269   14.716  0.005    2  1 
  51335.0365   14.713  0.005    2  1 
  51335.0396   14.714  0.005    2  1 
  51335.0624   14.712  0.005    2  1 
  51335.0658   14.712  0.005    2  1 
  51335.0766   14.726  0.005    2  1 
  51335.0800   14.725  0.005    2  1 
  51335.1009   14.764  0.005    2  1 
  51335.1041   14.759  0.006    2  1 
  51335.9585   13.981  0.003    2  1 
  51335.9619   13.985  0.003    2  1 
  51335.9661   13.986  0.003    2  1 
  51335.9693   13.995  0.003    2  1 
  51335.9855   14.045  0.003    2  1 
  51335.9915   14.063  0.003    2  1 
  51335.9966   14.081  0.003    2  1 
  51336.0139   14.134  0.003    2  1 
  51336.0172   14.146  0.003    2  1 
  51336.0275   14.171  0.004    2  1 
  51336.0306   14.180  0.004    2  1 
  51336.0439   14.216  0.004    2  1 
  51336.0470   14.224  0.004    2  1 
  51336.0662   14.277  0.004    2  1 
  51336.0696   14.280  0.004    2  1 
  51336.0728   14.294  0.004    2  1 
  51336.0954   14.340  0.004    2  1 
  51336.0989   14.354  0.004    2  1 
  51336.1119   14.382  0.004    2  1 
  51336.1153   14.389  0.004    2  1 
  51336.1297   14.418  0.005    2  1 
  51336.1557   14.448  0.008    2  1 
  51336.1600   14.470  0.007    2  1 
  51336.1647   14.475  0.008    2  1 
  51336.9567   14.648  0.003    2  1 
  51337.0022   14.678  0.005    2  1 
  51337.9827   13.966  0.004    2  1 
  51337.9868   13.962  0.004    2  1 
  51337.9997   14.004  0.004    2  1 
  51338.0033   14.012  0.004    2  1 
  51338.0231   14.077  0.004    2  1 
  51338.0265   14.084  0.004    2  1 
  51338.0304   14.090  0.004    2  1 
  51338.9791   14.637  0.004    2  1 
  51338.9849   14.639  0.004    2  1 
  51339.0116   14.666  0.005    2  1 
  51339.0151   14.673  0.005    2  1 
  51339.0441   14.702  0.005    2  1 
  51339.0477   14.705  0.005    2  1 
  51339.0513   14.704  0.005    2  1 
  51339.0774   14.716  0.005    2  1 
  51339.0807   14.711  0.005    2  1 
  51339.1053   14.706  0.005    2  1 
  51339.1093   14.709  0.005    2  1 
  51339.1327   14.727  0.005    2  1 
  51339.1363   14.728  0.005    2  1 
  51339.9588   14.297  0.003    2  1 
  51339.9627   14.252  0.003    2  1 
  51339.9835   14.064  0.003    2  1 
  51339.9874   14.033  0.003    2  1 
  51340.0115   13.979  0.003    2  1 
  51340.0146   13.991  0.003    2  1 
  51340.0349   14.038  0.003    2  1 
  51340.0380   14.048  0.003    2  1 
  51340.0659   14.135  0.003    2  1 
  51340.0696   14.143  0.004    2  1 
  51340.0938   14.213  0.004    2  1 
  51340.0983   14.220  0.004    2  1 
  51340.1334   14.313  0.004    2  1 
  51340.1366   14.320  0.004    2  1 
  51344.9654   14.520  0.003    2  1 
  51344.9786   14.544  0.003    2  1 
  51344.9829   14.545  0.004    2  1 
  51345.0052   14.583  0.004    2  1 
  51345.0092   14.580  0.004    2  1 
  51345.0132   14.589  0.004    2  1 
  51345.0170   14.586  0.005    2  1 
  51345.0353   14.618  0.004    2  1 
  51345.0390   14.622  0.004    2  1 
  51345.0645   14.642  0.004    2  1 
  51345.0690   14.648  0.004    2  1 
  51345.9658   14.837  0.007    2  1 
  51345.9696   14.837  0.007    2  1 
  51345.9999   14.725  0.006    2  1 
  51346.0043   14.681  0.005    2  1 
  51346.0310   14.376  0.004    2  1 
  51346.0343   14.328  0.004    2  1 
  51346.0571   14.086  0.004    2  1 
  51346.0604   14.056  0.004    2  1 
  51347.0221   14.566  0.005    2  1 
  51347.0274   14.584  0.003    2  1 
  51347.0562   14.615  0.004    2  1 
  51347.0597   14.612  0.004    2  1 
  51347.0815   14.631  0.004    2  1 
  51347.0850   14.636  0.004    2  1 
  51347.9550   14.783  0.004    2  1 
  51347.9581   14.805  0.004    2  1 
  51347.9877   14.844  0.005    2  1 
  51347.9914   14.843  0.005    2  1 
  51347.9948   14.837  0.005    2  1 
  51348.0181   14.783  0.005    2  1 
  51348.0211   14.761  0.005    2  1 
  51348.0849   14.060  0.005    2  1 
  51348.0897   14.035  0.004    2  1 
  51348.1054   13.971  0.004    2  1 
  51348.1088   13.964  0.004    2  1 
  51348.1122   13.969  0.004    2  1 
  51348.9528   14.412  0.003    2  1 
  51348.9557   14.408  0.004    2  1 
  51348.9795   14.463  0.004    2  1 
  51348.9824   14.468  0.004    2  1 
  51348.9941   14.482  0.004    2  1 
  51349.0152   14.520  0.004    2  1 
  51349.0189   14.525  0.004    2  1 
  51349.9596   14.748  0.004    2  1 
  51349.9627   14.754  0.004    2  1 
  51349.9911   14.815  0.004    2  1 
  51349.9944   14.812  0.004    2  1 
  51350.0097   14.824  0.005    2  1 
  51350.0128   14.832  0.005    2  1 
  51350.0228   14.847  0.005    2  1 
  51364.9643   14.095  0.003    2  1 
  51364.9677   14.071  0.003    2  1 
  51380.9714   14.712  0.004    2  1 
  51380.9769   14.717  0.004    2  1 
  51380.9801   14.712  0.004    2  1 
  51380.9845   14.713  0.004    2  1 
  51381.0066   14.734  0.004    2  1 
  51381.0096   14.745  0.004    2  1 
  51381.0136   14.750  0.004    2  1 
  51381.9638   14.211  0.003    2  1 
  51381.9679   14.219  0.003    2  1 
  51381.9716   14.225  0.004    2  1 
  51381.9917   14.285  0.004    2  1 
  51381.9946   14.284  0.004    2  1 
  51382.9605   14.715  0.004    2  1 
  51382.9652   14.716  0.004    2  1 
  51382.9682   14.711  0.005    2  1 
  51382.9887   14.706  0.005    2  1 
  51382.9916   14.706  0.005    2  1 
  51383.9595   14.134  0.003    2  1 
  51383.9621   14.136  0.003    2  1 
  51383.9648   14.146  0.003    2  1 
  51383.9826   14.194  0.003    2  1 
  51383.9853   14.191  0.003    2  1 
  51384.9606   14.693  0.004    2  1 
  51384.9631   14.709  0.003    2  1 
  51384.9657   14.707  0.003    2  1 
  51384.9827   14.718  0.003    2  1 
  51384.9853   14.713  0.003    2  1 
  51385.9557   14.040  0.003    2  1 
  51385.9589   14.051  0.003    2  1 
  51385.9615   14.056  0.002    2  1 
  51385.9788   14.106  0.003    2  1 
  51385.9814   14.118  0.003    2  1 
  51386.9731   14.681  0.005    2  1 
  51386.9769   14.692  0.004    2  1 
  51386.9807   14.691  0.004    2  1 
  51387.0101   14.709  0.004    2  1 
  51387.0139   14.711  0.004    2  1 
  51387.0177   14.719  0.005    2  1 
  51388.9571   14.629  0.006    2  1 
  51388.9622   14.641  0.006    2  1 
  51388.9659   14.640  0.006    2  1 
  51388.9899   14.668  0.006    2  1 
  51388.9932   14.681  0.006    2  1 
  51389.9629   14.015  0.003    2  1 
  51389.9656   13.999  0.003    2  1 
  51389.9683   13.994  0.003    2  1 
  51390.9578   14.613  0.003    2  1 
  51390.9604   14.611  0.003    2  1 
  51390.9631   14.615  0.005    2  1 
  51391.9583   14.287  0.003    2  1 
  51391.9634   14.135  0.002    2  1 
  51646.1374   14.492  0.004    2  1 
  51646.1447   14.508  0.006    2  1 
  51646.1486   14.521  0.005    2  1 
  51646.1532   14.525  0.005    2  1 
  51646.1570   14.528  0.007    2  1 
  51646.1609   14.530  0.006    2  1 
  51646.1649   14.538  0.006    2  1 
  51646.1687   14.552  0.005    2  1 
  51646.1727   14.558  0.005    2  1 
  51646.1764   14.561  0.005    2  1 
  51646.1801   14.571  0.005    2  1 
  51646.1837   14.574  0.005    2  1 
  51646.1871   14.573  0.005    2  1 
  51646.1907   14.573  0.006    2  1 
  51646.1944   14.581  0.006    2  1 
  51646.1983   14.589  0.005    2  1 
  51646.2025   14.589  0.005    2  1 
  51646.2065   14.602  0.005    2  1 
  51646.2100   14.604  0.005    2  1 
  51646.2138   14.606  0.004    2  1 
  51646.2172   14.614  0.004    2  1 
  51646.2206   14.613  0.004    2  1 
  51646.2245   14.616  0.005    2  1 
  51646.2283   14.627  0.004    2  1 
  51646.2320   14.623  0.005    2  1 
  51646.2362   14.626  0.004    2  1 
  51646.2394   14.639  0.004    2  1 
  51646.2426   14.635  0.004    2  1 
  51646.2457   14.646  0.004    2  1 
  51646.2489   14.646  0.004    2  1 
  51646.2523   14.646  0.005    2  1 
  51646.2557   14.653  0.005    2  1 
  51646.2591   14.642  0.005    2  1 
  51646.2626   14.657  0.006    2  1 
  51646.2660   14.666  0.005    2  1 
  51646.2694   14.666  0.006    2  1 
  51646.2730   14.669  0.007    2  1 
  51646.2769   14.661  0.008    2  1 
  51646.2811   14.641  0.009    2  1 
  51646.2852   14.670  0.007    2  1 
  51646.2895   14.697  0.006    2  1 
  51646.2939   14.682  0.007    2  1 
  51646.2986   14.695  0.008    2  1 
  51646.3027   14.692  0.008    2  1 
  51646.3070   14.702  0.007    2  1 
  51646.3111   14.702  0.006    2  1 
  51646.3151   14.709  0.006    2  1 
  51646.3189   14.709  0.005    2  1 
  51646.3225   14.718  0.005    2  1 
  51646.3260   14.718  0.005    2  1 
  51646.3296   14.709  0.005    2  1 
  51646.3330   14.715  0.005    2  1 
  51646.3377   14.725  0.005    2  1 
  51646.3414   14.712  0.005    2  1 
  51646.3451   14.715  0.005    2  1 
  51646.3496   14.710  0.005    2  1 
  51646.3530   14.718  0.006    2  1 
  51646.3568   14.715  0.005    2  1 
  51646.3602   14.708  0.007    2  1 
  51646.3637   14.711  0.006    2  1 
  51646.3679   14.712  0.006    2  1 
  51646.3713   14.725  0.006    2  1 
  51646.3746   14.716  0.007    2  1 
  51671.0353   14.306  0.004    2  1 
  51671.0475   14.324  0.004    2  1 
  51671.0721   14.414  0.004    2  1 
  51671.0771   14.413  0.005    2  1 
  51671.1013   14.459  0.004    2  1 
  51671.1053   14.470  0.004    2  1 
  51671.1107   14.484  0.004    2  1 
  51671.1151   14.492  0.004    2  1 
  51671.1292   14.507  0.004    2  1 
  51671.9878   14.709  0.004    2  1 
  51671.9920   14.712  0.004    2  1 
  51672.0277   14.701  0.005    2  1 
  51672.0316   14.714  0.004    2  1 
  51672.0822   14.761  0.004    2  1 
  51674.0685   14.716  0.006    2  1 
  51674.0726   14.714  0.007    2  1 
  51674.1052   14.757  0.006    2  1 
  51674.1117   14.767  0.006    2  1 
  51674.1260   14.802  0.005    2  1 
  51674.1296   14.805  0.005    2  1 
  51674.1332   14.810  0.005    2  1 
  51674.1368   14.818  0.005    2  1 
  51674.1405   14.829  0.005    2  1 
  51674.1444   14.824  0.005    2  1 
  51674.9689   13.987  0.003    2  1 
  51674.9724   13.999  0.003    2  1 
  51674.9867   14.038  0.004    2  1 
  51674.9911   14.046  0.004    2  1 
  51675.0041   14.085  0.004    2  1 
  51675.0121   14.112  0.004    2  1 
  51675.0159   14.118  0.005    2  1 
  51675.0253   14.152  0.003    2  1 
  51675.0289   14.162  0.003    2  1 
  51675.0351   14.180  0.003    2  1 
  51675.0465   14.214  0.004    2  1 
  51675.0521   14.217  0.004    2  1 
  51675.0558   14.239  0.004    2  1 
  51675.0622   14.258  0.004    2  1 
  51675.0661   14.269  0.004    2  1 
  51675.0719   14.283  0.004    2  1 
  51675.0756   14.295  0.004    2  1 
  51675.0814   14.307  0.004    2  1 
  51675.0858   14.318  0.004    2  1 
  51675.0927   14.333  0.004    2  1 
  51675.0970   14.344  0.004    2  1 
  51675.9751   14.660  0.004    2  1 
  51675.9802   14.657  0.005    2  1 
  51675.9906   14.673  0.004    2  1 
  51675.9939   14.668  0.004    2  1 
  51675.9971   14.671  0.004    2  1 
  51676.0005   14.679  0.004    2  1 
  51676.0036   14.680  0.004    2  1 
  51676.0067   14.688  0.004    2  1 
  51676.0112   14.690  0.005    2  1 
  51676.0240   14.707  0.006    2  1 
  51676.0301   14.705  0.005    2  1 
  51676.9616   14.046  0.004    2  1 
  51676.9713   13.996  0.004    2  1 
  51676.9757   13.979  0.004    2  1 
  51676.9867   13.966  0.004    2  1 
  51676.9919   13.958  0.005    2  1 
  51676.9969   13.980  0.005    2  1 
  51677.0090   14.018  0.004    2  1 
  51677.0126   14.031  0.004    2  1 
  51677.0180   14.054  0.005    2  1 
  51677.0226   14.065  0.005    2  1 
  51677.0271   14.079  0.005    2  1 
  51677.0318   14.091  0.005    2  1 
  51677.0362   14.104  0.005    2  1 
  51677.0410   14.125  0.005    2  1 
  51677.0453   14.138  0.005    2  1 
  51677.0499   14.149  0.005    2  1 
  51677.0580   14.169  0.005    2  1 
  51677.0628   14.189  0.005    2  1 
  51677.0672   14.200  0.005    2  1 
  51677.0713   14.205  0.005    2  1 
  51677.0751   14.217  0.005    2  1 
  51677.0793   14.228  0.005    2  1 
  51677.0835   14.240  0.005    2  1 
  51677.0877   14.255  0.005    2  1 
  51677.0918   14.265  0.005    2  1 
  51677.0956   14.270  0.005    2  1 
  51677.0996   14.275  0.006    2  1 
  51677.1044   14.290  0.005    2  1 
  51677.1082   14.289  0.006    2  1 
  51677.1121   14.310  0.005    2  1 
  51677.1160   14.317  0.005    2  1 
  51677.1199   14.333  0.006    2  1 
  51677.1238   14.347  0.005    2  1 
  51677.1276   14.341  0.005    2  1 
  51677.1315   14.361  0.005    2  1 
  51677.1353   14.368  0.005    2  1 
  51677.1396   14.377  0.005    2  1 
  51677.1434   14.392  0.005    2  1 
  51677.1476   14.395  0.005    2  1 
  51677.1520   14.405  0.005    2  1 
  51677.1564   14.410  0.005    2  1 
  51677.1603   14.427  0.005    2  1 
  51677.1642   14.430  0.005    2  1 
  51677.1680   14.438  0.005    2  1 
  51677.1719   14.445  0.005    2  1 
  51677.1759   14.457  0.005    2  1 
  51677.1797   14.458  0.005    2  1 
  51677.1836   14.465  0.006    2  1 
  51677.1883   14.475  0.005    2  1 
  51677.1922   14.481  0.005    2  1 
  51677.1960   14.488  0.005    2  1 
  51677.1999   14.487  0.006    2  1 
  51677.2038   14.506  0.005    2  1 
  51677.2083   14.518  0.006    2  1 
  51677.2133   14.523  0.006    2  1 
  51677.2176   14.517  0.007    2  1 
  51677.2233   14.532  0.007    2  1 
  51677.2285   14.509  0.010    2  1 
  51677.2335   14.547  0.008    2  1 
  51677.2391   14.546  0.008    2  1 
  51677.2524   14.576  0.007    2  1 
  51677.2571   14.580  0.007    2  1 
  51677.2620   14.582  0.006    2  1 
  51677.2664   14.584  0.007    2  1 
  51677.2708   14.594  0.006    2  1 
  51691.0375   14.844  0.002    2  1 
  51691.0409   14.837  0.004    2  1 
  51691.0444   14.832  0.004    2  1 
  51691.0509   14.832  0.004    2  1 
  51691.0543   14.840  0.005    2  1 
  51691.0579   14.829  0.005    2  1 
  51691.0633   14.816  0.003    2  1 
  51691.0670   14.828  0.003    2  1 
  51691.0711   14.799  0.004    2  1 
  51691.0770   14.767  0.004    2  1 
  51691.0805   14.737  0.004    2  1 
  51691.0840   14.706  0.004    2  1 
  51691.0896   14.654  0.004    2  1 
  51691.0931   14.609  0.003    2  1 
  51691.0971   14.566  0.003    2  1 
  51691.1040   14.484  0.004    2  1 
  51691.1083   14.425  0.004    2  1 
  51691.1122   14.385  0.003    2  1 
  51691.1180   14.301  0.003    2  1 
  51691.1214   14.258  0.003    2  1 
  51691.1249   14.216  0.003    2  1 
  51691.1323   14.144  0.003    2  1 
  51691.1357   14.110  0.002    2  1 
  51691.1392   14.095  0.003    2  1 
  51691.1448   14.048  0.003    2  1 
  51691.1522   14.009  0.002    2  1 
  51691.1561   13.992  0.002    2  1 
  51693.0130   14.750  0.005    2  1 
  51693.0165   14.763  0.004    2  1 
  51693.0248   14.771  0.005    2  1 
  51693.0305   14.780  0.005    2  1 
  51693.0340   14.794  0.005    2  1 
  51693.0378   14.794  0.005    2  1 
  51694.0082   14.345  0.003    2  1 
  51694.0114   14.356  0.003    2  1 
  51694.0148   14.377  0.003    2  1 
  51694.0202   14.378  0.003    2  1 
  51694.0234   14.380  0.003    2  1 
  51694.0267   14.396  0.003    2  1 
  51694.0319   14.404  0.003    2  1 
  51694.0351   14.403  0.004    2  1 
  51694.0384   14.416  0.004    2  1 
  51694.0418   14.429  0.004    2  1 
  51694.0472   14.438  0.004    2  1 
  51694.0505   14.437  0.004    2  1 
  51694.0537   14.445  0.004    2  1 
  51694.0590   14.452  0.004    2  1 
  51694.0623   14.465  0.004    2  1 
  51694.0656   14.461  0.004    2  1 
  51694.0714   14.477  0.004    2  1 
  51694.0748   14.476  0.004    2  1 
  51694.0781   14.485  0.004    2  1 
  51694.0836   14.501  0.004    2  1 
  51694.0868   14.519  0.004    2  1 
  51694.0901   14.517  0.004    2  1 
  51694.0957   14.513  0.004    2  1 
  51694.0989   14.523  0.004    2  1 
  51694.1021   14.525  0.004    2  1 
  51694.1075   14.538  0.004    2  1 
  51694.1106   14.540  0.004    2  1 
  51694.1190   14.552  0.004    2  1 
  51694.1221   14.561  0.004    2  1 
  51694.1252   14.562  0.004    2  1 
  51694.1286   14.564  0.004    2  1 
  51695.0280   14.744  0.004    2  1 
  51695.0317   14.743  0.004    2  1 
  51697.9712   14.115  0.004    2  1 
  51697.9818   14.136  0.003    2  1 
  51765.9746   14.812  0.005    2  1 
  51765.9783   14.817  0.005    2  1 
  51765.9820   14.822  0.005    2  1 
  51766.0194   14.850  0.006    2  1 
  51766.0229   14.833  0.006    2  1 
  51216.3063   15.439  0.005    3  1 
  51216.3342   15.341  0.005    3  1 
  51216.3572   15.052  0.004    3  1 
  51216.3847   14.557  0.003    3  1 
  51217.2936   14.938  0.004    3  1 
  51217.3214   15.007  0.004    3  1 
  51217.3648   15.142  0.002    3  1 
  51217.3852   15.142  0.004    3  1 
  51218.2935   15.381  0.006    3  1 
  51218.3212   15.432  0.005    3  1 
  51218.3442   15.427  0.005    3  1 
  51218.3704   15.230  0.005    3  1 
  51219.2811   14.806  0.002    3  1 
  51219.2844   14.832  0.004    3  1 
  51219.3053   14.895  0.004    3  1 
  51219.3228   14.944  0.004    3  1 
  51219.3465   15.007  0.004    3  1 
  51219.3676   15.057  0.004    3  1 
  51219.3851   15.087  0.004    3  1 
  51220.2805   15.296  0.005    3  1 
  51220.2995   15.327  0.005    3  1 
  51220.3171   15.374  0.005    3  1 
  51220.3349   15.374  0.005    3  1 
  51220.3523   15.442  0.005    3  1 
  51220.3689   15.426  0.005    3  1 
  51220.3877   15.330  0.005    3  1 
  51221.2691   14.677  0.003    3  1 
  51221.2915   14.755  0.003    3  1 
  51221.3097   14.821  0.003    3  1 
  51221.3270   14.881  0.004    3  1 
  51221.3437   14.935  0.004    3  1 
  51221.3619   14.982  0.004    3  1 
  51221.3854   15.051  0.004    3  1 
  51283.2237   14.851  0.003    3  1 
  51283.2601   14.331  0.002    3  1 
  51283.2830   14.271  0.002    3  1 
  51283.3050   14.326  0.003    3  1 
  51283.3367   14.477  0.003    3  1 
  51283.3600   14.622  0.003    3  1 
  51284.2056   15.076  0.004    3  1 
  51284.2337   15.137  0.004    3  1 
  51284.2542   15.185  0.004    3  1 
  51284.2806   15.208  0.004    3  1 
  51284.3075   15.250  0.005    3  1 
  51284.3333   15.318  0.005    3  1 
  51285.0371   15.308  0.004    3  1 
  51285.0646   15.297  0.004    3  1 
  51285.0885   15.290  0.004    3  1 
  51285.1182   15.321  0.004    3  1 
  51285.1470   15.361  0.004    3  1 
  51285.1698   15.430  0.005    3  1 
  51285.1988   15.444  0.005    3  1 
  51285.2270   15.232  0.004    3  1 
  51285.2539   14.800  0.003    3  1 
  51285.2851   14.352  0.003    3  1 
  51285.3202   14.280  0.002    3  1 
  51285.3496   14.406  0.003    3  1 
  51286.0308   14.405  0.002    3  1 
  51286.0619   14.515  0.003    3  1 
  51286.0871   14.626  0.003    3  1 
  51286.0921   14.653  0.003    3  1 
  51286.1226   14.772  0.003    3  1 
  51286.1512   14.888  0.003    3  1 
  51286.1789   14.957  0.003    3  1 
  51286.2076   15.031  0.003    3  1 
  51286.2389   15.107  0.004    3  1 
  51286.2613   15.154  0.004    3  1 
  51286.2889   15.204  0.004    3  1 
  51286.3108   15.250  0.004    3  1 
  51286.3335   15.282  0.004    3  1 
  51286.3566   15.332  0.004    3  1 
  51304.9734   14.618  0.003    3  1 
  51305.0076   14.678  0.003    3  1 
  51305.0510   14.874  0.004    3  1 
  51305.0770   14.922  0.004    3  1 
  51305.1004   14.995  0.004    3  1 
  51305.1407   15.087  0.005    3  1 
  51305.1707   15.144  0.005    3  1 
  51305.1996   15.200  0.005    3  1 
  51305.2299   15.233  0.005    3  1 
  51305.2561   15.280  0.005    3  1 
  51305.2836   15.336  0.005    3  1 
  51305.3139   15.344  0.005    3  1 
  51305.9733   15.316  0.004    3  1 
  51306.0117   15.283  0.004    3  1 
  51306.0157   15.283  0.004    3  1 
  51306.0375   15.294  0.005    3  1 
  51306.0735   15.354  0.005    3  1 
  51306.1026   15.425  0.005    3  1 
  51306.1285   15.439  0.005    3  1 
  51306.1517   15.323  0.006    3  1 
  51306.1807   14.925  0.003    3  1 
  51306.2059   14.494  0.002    3  1 
  51306.2269   14.271  0.002    3  1 
  51306.2491   14.287  0.002    3  1 
  51306.2725   14.422  0.002    3  1 
  51306.2932   14.473  0.003    3  1 
  51307.9986   15.291  0.004    3  1 
  51308.0249   15.272  0.003    3  1 
  51308.0524   15.281  0.004    3  1 
  51308.0811   15.318  0.004    3  1 
  51308.0851   15.330  0.004    3  1 
  51308.1202   15.416  0.005    3  1 
  51310.1272   15.366  0.004    3  1 
  51310.1308   15.376  0.004    3  1 
  51314.9714   14.697  0.003    3  1 
  51315.0138   14.229  0.002    3  1 
  51315.0372   14.244  0.002    3  1 
  51315.0710   14.395  0.003    3  1 
  51315.0946   14.518  0.003    3  1 
  51315.1180   14.606  0.003    3  1 
  51316.0363   15.216  0.004    3  1 
  51316.0597   15.263  0.004    3  1 
  51316.0832   15.284  0.004    3  1 
  51316.1079   15.311  0.004    3  1 
  51316.9780   15.112  0.003    3  1 
  51317.0013   14.677  0.003    3  1 
  51317.0241   14.396  0.003    3  1 
  51317.0523   14.227  0.003    3  1 
  51317.0782   14.334  0.003    3  1 
  51317.1035   14.446  0.003    3  1 
  51317.9808   15.103  0.004    3  1 
  51318.0060   15.146  0.004    3  1 
  51318.0331   15.190  0.005    3  1 
  51318.0898   15.266  0.006    3  1 
  51318.1183   15.274  0.006    3  1 
  51318.9811   15.338  0.004    3  1 
  51319.0058   15.020  0.004    3  1 
  51319.0315   14.559  0.003    3  1 
  51319.0717   14.216  0.003    3  1 
  51319.0961   14.303  0.002    3  1 
  51320.0968   15.235  0.003    3  1 
  51320.1175   15.276  0.004    3  1 
  51320.9771   15.440  0.005    3  1 
  51320.9998   15.386  0.004    3  1 
  51321.0212   15.184  0.003    3  1 
  51321.0434   14.816  0.003    3  1 
  51321.0658   14.508  0.002    3  1 
  51321.0965   14.209  0.002    3  1 
  51321.1252   14.302  0.002    3  1 
  51333.0403   15.298  0.005    3  1 
  51333.1062   15.428  0.005    3  1 
  51334.9989   15.298  0.004    3  1 
  51335.0432   15.302  0.005    3  1 
  51335.0972   15.347  0.005    3  1 
  51335.1083   15.368  0.005    3  1 
  51336.0103   14.416  0.003    3  1 
  51336.0508   14.598  0.003    3  1 
  51336.0891   14.769  0.004    3  1 
  51338.0075   14.324  0.003    3  1 
  51338.9740   15.192  0.004    3  1 
  51339.0046   15.238  0.004    3  1 
  51339.0385   15.285  0.005    3  1 
  51339.0685   15.300  0.005    3  1 
  51339.1006   15.298  0.005    3  1 
  51339.1280   15.301  0.005    3  1 
  51339.9665   14.544  0.003    3  1 
  51339.9935   14.304  0.002    3  1 
  51340.0189   14.269  0.002    3  1 
  51340.0441   14.386  0.003    3  1 
  51340.0753   14.518  0.003    3  1 
  51340.1041   14.641  0.004    3  1 
  51345.0430   15.191  0.004    3  1 
  51345.0736   15.244  0.004    3  1 
  51345.9747   15.443  0.006    3  1 
  51346.0101   15.137  0.005    3  1 
  51346.0388   14.628  0.003    3  1 
  51346.0670   14.308  0.003    3  1 
  51347.0317   15.136  0.004    3  1 
  51347.0645   15.196  0.004    3  1 
  51347.0896   15.228  0.003    3  1 
  51347.9638   15.402  0.005    3  1 
  51348.0146   15.391  0.005    3  1 
  51348.9591   14.899  0.004    3  1 
  51349.0243   15.074  0.004    3  1 
  51349.9679   15.345  0.004    3  1 
  51364.9721   14.335  0.003    3  1 
  51380.9890   15.308  0.004    3  1 
  51381.9751   14.619  0.003    3  1 
  51382.9716   15.311  0.005    3  1 
  51383.9680   14.494  0.003    3  1 
  51384.9688   15.302  0.003    3  1 
  51385.9645   14.361  0.002    3  1 
  51386.9859   15.311  0.005    3  1 
  51388.9699   15.244  0.005    3  1 
  51389.9715   14.268  0.002    3  1 
  51390.9663   15.197  0.003    3  1 
  51391.9664   14.670  0.002    3  1 
  51672.0213   15.294  0.004    3  1 
  51674.0796   15.300  0.005    3  1 
  51674.9989   14.373  0.003    3  1 
  51675.0396   14.534  0.003    3  1 
  51693.0053   15.317  0.004    3  1 
  51694.0012   14.742  0.003    3  1 
  51695.0214   15.263  0.003    3  1 
  51765.9863   15.455  0.006    3  1 
  51766.0153   15.458  0.006    3  1 
 56469.04707   12.513  0.102   -1  1 
 56469.17285   12.347  0.079   -1  1 
 56471.00364   12.741  0.098   -1  1 
 56471.06640   12.021  0.042   -1  1 
 56471.12490   12.203  0.084   -1  1 
 56471.18188   12.243  0.054   -1  1 
 56471.96759   12.485  0.094   -1  1 
 56472.03374   12.418  0.055   -1  1 
 56472.09484   12.068  0.060   -1  1 
 56472.15243   12.416  0.069   -1  1 
 56468.95296   11.610  0.127   -2  1 
 56469.02441   12.069  0.124   -2  1 
 56469.08813   11.944  0.117   -2  1 
 56469.15134   12.339  0.098   -2  1 
 56471.02588   11.841  0.120   -2  1 
 56471.08671   11.929  0.110   -2  1 
 56471.14302   12.033  0.093   -2  1 
 56471.94704   11.854  0.077   -2  1 
 56472.01085   12.380  0.159   -2  1 
 56472.07480   12.009  0.133   -2  1 
 56472.13240   12.156  0.051   -2  1 
 56472.19216   12.178  0.070   -2  1 
 56469.00041   11.994  0.109   -5  1 
 56469.06767   12.309  0.068   -5  1 
 56469.13003   12.284  0.077   -5  1 
 56469.19349   12.453  0.056   -5  1 
 56470.98130   12.499  0.056   -5  1 
 56471.04693   12.303  0.074   -5  1 
 56471.10523   12.585  0.052   -5  1 
 56471.16397   12.753  0.043   -5  1 
 56471.98857   12.496  0.057   -5  1 
 56472.05430   12.774  0.053   -5  1 
 56472.11383   12.655  0.053   -5  1 
 56472.17109   12.782  0.042   -5  1 
