  51216.3218   14.031  0.004    2  1 
  51216.3464   14.060  0.004    2  1 
  51216.3689   14.101  0.004    2  1 
  51216.3980   14.141  0.005    2  1 
  51217.3101   14.425  0.005    2  1 
  51217.3328   14.459  0.005    2  1 
  51217.3552   14.485  0.005    2  1 
  51217.3759   14.497  0.005    2  1 
  51217.3953   14.512  0.005    2  1 
  51218.2773   14.666  0.006    2  1 
  51218.3093   14.699  0.005    2  1 
  51218.3298   14.719  0.005    2  1 
  51218.3573   14.700  0.006    2  1 
  51218.3794   14.613  0.005    2  1 
  51219.3336   14.238  0.004    2  1 
  51219.3596   14.273  0.004    2  1 
  51219.3768   14.290  0.004    2  1 
  51220.2621   14.497  0.005    2  1 
  51220.2906   14.520  0.005    2  1 
  51220.3077   14.543  0.005    2  1 
  51220.3257   14.549  0.005    2  1 
  51220.3432   14.567  0.005    2  1 
  51220.3602   14.587  0.005    2  1 
  51220.3776   14.600  0.005    2  1 
  51221.2835   14.373  0.004    2  1 
  51221.3009   14.332  0.004    2  1 
  51221.3188   14.243  0.004    2  1 
  51221.3358   14.111  0.004    2  1 
  51221.3538   14.042  0.004    2  1 
  51221.3722   14.035  0.004    2  1 
  51283.2451   14.268  0.004    2  1 
  51283.2493   14.228  0.004    2  1 
  51283.2714   14.069  0.004    2  1 
  51283.2748   14.062  0.003    2  1 
  51283.2939   14.031  0.003    2  1 
  51283.2972   14.031  0.003    2  1 
  51283.3202   14.062  0.003    2  1 
  51283.3234   14.065  0.003    2  1 
  51283.3487   14.118  0.003    2  1 
  51283.3518   14.122  0.003    2  1 
  51283.3707   14.158  0.003    2  1 
  51283.3738   14.163  0.003    2  1 
  51284.2195   14.332  0.004    2  1 
  51284.2229   14.342  0.004    2  1 
  51284.2413   14.374  0.004    2  1 
  51284.2443   14.379  0.004    2  1 
  51284.2617   14.403  0.004    2  1 
  51284.2648   14.405  0.004    2  1 
  51284.2942   14.449  0.004    2  1 
  51284.2973   14.447  0.004    2  1 
  51284.3168   14.471  0.004    2  1 
  51284.3211   14.476  0.005    2  1 
  51284.3428   14.498  0.005    2  1 
  51284.3464   14.508  0.005    2  1 
  51285.0513   14.485  0.004    2  1 
  51285.0543   14.485  0.004    2  1 
  51285.0739   14.500  0.004    2  1 
  51285.0778   14.504  0.004    2  1 
  51285.0975   14.518  0.004    2  1 
  51285.1006   14.508  0.005    2  1 
  51285.1324   14.544  0.005    2  1 
  51285.1360   14.549  0.004    2  1 
  51285.1558   14.569  0.004    2  1 
  51285.1588   14.565  0.004    2  1 
  51285.1796   14.588  0.004    2  1 
  51285.1830   14.592  0.004    2  1 
  51285.2125   14.622  0.004    2  1 
  51285.2157   14.626  0.005    2  1 
  51285.2362   14.648  0.005    2  1 
  51285.2426   14.658  0.005    2  1 
  51285.2630   14.682  0.005    2  1 
  51285.2666   14.699  0.005    2  1 
  51285.2998   14.718  0.005    2  1 
  51285.3033   14.717  0.005    2  1 
  51285.3308   14.701  0.005    2  1 
  51285.3348   14.691  0.005    2  1 
  51285.3382   14.679  0.005    2  1 
  51286.0461   14.712  0.004    2  1 
  51286.0493   14.707  0.004    2  1 
  51286.0716   14.613  0.004    2  1 
  51286.0753   14.593  0.004    2  1 
  51286.1026   14.317  0.004    2  1 
  51286.1061   14.315  0.004    2  1 
  51286.1365   14.191  0.003    2  1 
  51286.1398   14.153  0.003    2  1 
  51286.1608   14.041  0.003    2  1 
  51286.1639   14.026  0.003    2  1 
  51286.1669   14.035  0.003    2  1 
  51286.1875   14.035  0.003    2  1 
  51286.1908   14.040  0.003    2  1 
  51286.2255   14.108  0.003    2  1 
  51286.2285   14.110  0.003    2  1 
  51286.2476   14.143  0.003    2  1 
  51286.2508   14.147  0.003    2  1 
  51286.2697   14.184  0.004    2  1 
  51286.2727   14.196  0.004    2  1 
  51286.3022   14.237  0.004    2  1 
  51286.3055   14.244  0.004    2  1 
  51286.3218   14.271  0.004    2  1 
  51286.3250   14.271  0.004    2  1 
  51286.3450   14.295  0.004    2  1 
  51286.3481   14.295  0.004    2  1 
  51304.9873   14.177  0.004    2  1 
  51304.9926   14.183  0.003    2  1 
  51305.0328   14.238  0.004    2  1 
  51305.0362   14.248  0.004    2  1 
  51305.0559   14.275  0.004    2  1 
  51305.0599   14.275  0.004    2  1 
  51305.0890   14.319  0.004    2  1 
  51305.0922   14.323  0.004    2  1 
  51305.1235   14.367  0.005    2  1 
  51305.1269   14.370  0.005    2  1 
  51305.1509   14.400  0.005    2  1 
  51305.1547   14.408  0.005    2  1 
  51305.1853   14.450  0.005    2  1 
  51305.1885   14.457  0.005    2  1 
  51305.2098   14.480  0.004    2  1 
  51305.2128   14.483  0.004    2  1 
  51305.2431   14.504  0.004    2  1 
  51305.2461   14.507  0.004    2  1 
  51305.2704   14.524  0.005    2  1 
  51305.2734   14.531  0.005    2  1 
  51305.2966   14.549  0.005    2  1 
  51305.2995   14.549  0.005    2  1 
  51305.9857   14.516  0.003    2  1 
  51305.9885   14.527  0.004    2  1 
  51305.9912   14.524  0.004    2  1 
  51306.0256   14.552  0.004    2  1 
  51306.0285   14.554  0.004    2  1 
  51306.0465   14.576  0.004    2  1 
  51306.0498   14.578  0.004    2  1 
  51306.0896   14.603  0.004    2  1 
  51306.0930   14.624  0.004    2  1 
  51306.1123   14.638  0.004    2  1 
  51306.1151   14.637  0.004    2  1 
  51306.1375   14.671  0.004    2  1 
  51306.1405   14.672  0.004    2  1 
  51306.1636   14.703  0.005    2  1 
  51306.1673   14.706  0.005    2  1 
  51306.1937   14.722  0.004    2  1 
  51306.1966   14.727  0.004    2  1 
  51306.2146   14.701  0.005    2  1 
  51306.2178   14.689  0.004    2  1 
  51306.2343   14.627  0.004    2  1 
  51306.2380   14.594  0.004    2  1 
  51306.2574   14.386  0.003    2  1 
  51306.2602   14.346  0.003    2  1 
  51306.2805   14.323  0.003    2  1 
  51306.2835   14.316  0.003    2  1 
  51306.3009   14.188  0.003    2  1 
  51306.3038   14.164  0.003    2  1 
  51306.3135   14.104  0.003    2  1 
  51306.3184   14.083  0.004    2  1 
  51307.0456   14.041  0.004    2  1 
  51307.0501   14.032  0.004    2  1 
  51307.0593   14.027  0.003    2  1 
  51307.0645   14.029  0.003    2  1 
  51307.0699   14.029  0.007    2  1 
  51307.0747   14.038  0.005    2  1 
  51308.0084   14.384  0.003    2  1 
  51308.0112   14.379  0.003    2  1 
  51308.0334   14.405  0.003    2  1 
  51308.0362   14.418  0.003    2  1 
  51308.0394   14.430  0.003    2  1 
  51308.0633   14.461  0.003    2  1 
  51308.0663   14.457  0.003    2  1 
  51308.0995   14.491  0.004    2  1 
  51308.1031   14.493  0.004    2  1 
  51308.1280   14.510  0.004    2  1 
  51308.1309   14.513  0.004    2  1 
  51310.0850   14.262  0.003    2  1 
  51310.0874   14.265  0.002    2  1 
  51310.0897   14.265  0.002    2  1 
  51310.0922   14.276  0.003    2  1 
  51310.1430   14.342  0.003    2  1 
  51310.1458   14.337  0.003    2  1 
  51310.1486   14.343  0.004    2  1 
  51311.0244   14.513  0.007    2  1 
  51311.0302   14.524  0.006    2  1 
  51311.0334   14.525  0.006    2  1 
  51311.0506   14.542  0.003    2  1 
  51311.0539   14.548  0.003    2  1 
  51311.0637   14.548  0.004    2  1 
  51311.0669   14.556  0.005    2  1 
  51311.0702   14.550  0.004    2  1 
  51311.0907   14.579  0.005    2  1 
  51311.0946   14.583  0.005    2  1 
  51311.0980   14.583  0.005    2  1 
  51311.1015   14.591  0.005    2  1 
  51311.1071   14.597  0.005    2  1 
  51311.1298   14.617  0.005    2  1 
  51311.1327   14.619  0.005    2  1 
  51311.1357   14.616  0.005    2  1 
  51311.1398   14.629  0.005    2  1 
  51311.1447   14.631  0.005    2  1 
  51311.9755   14.701  0.006    2  1 
  51312.0020   14.586  0.005    2  1 
  51312.0049   14.564  0.005    2  1 
  51312.0255   14.317  0.004    2  1 
  51312.0284   14.315  0.004    2  1 
  51312.0314   14.318  0.004    2  1 
  51312.0584   14.208  0.003    2  1 
  51312.0611   14.191  0.003    2  1 
  51312.0638   14.164  0.003    2  1 
  51312.0903   14.037  0.003    2  1 
  51312.0929   14.039  0.003    2  1 
  51312.0955   14.038  0.003    2  1 
  51312.1146   14.045  0.003    2  1 
  51312.1173   14.043  0.003    2  1 
  51312.1200   14.057  0.003    2  1 
  51312.9860   14.286  0.003    2  1 
  51312.9887   14.293  0.003    2  1 
  51312.9913   14.293  0.003    2  1 
  51313.0096   14.328  0.003    2  1 
  51313.0123   14.329  0.004    2  1 
  51313.0149   14.326  0.003    2  1 
  51313.0333   14.354  0.004    2  1 
  51313.0360   14.358  0.004    2  1 
  51313.0386   14.364  0.004    2  1 
  51313.0413   14.369  0.004    2  1 
  51313.0595   14.389  0.003    2  1 
  51313.0622   14.391  0.004    2  1 
  51313.0648   14.403  0.004    2  1 
  51313.0911   14.435  0.004    2  1 
  51313.0937   14.434  0.004    2  1 
  51313.0964   14.444  0.004    2  1 
  51313.1146   14.461  0.004    2  1 
  51313.1172   14.469  0.004    2  1 
  51313.1199   14.473  0.004    2  1 
  51313.1226   14.476  0.004    2  1 
  51313.9843   14.588  0.004    2  1 
  51313.9872   14.592  0.005    2  1 
  51313.9901   14.594  0.005    2  1 
  51314.0178   14.626  0.005    2  1 
  51314.0207   14.625  0.005    2  1 
  51314.0236   14.633  0.005    2  1 
  51314.0432   14.658  0.005    2  1 
  51314.0461   14.664  0.005    2  1 
  51314.0490   14.670  0.005    2  1 
  51314.0772   14.703  0.005    2  1 
  51314.0802   14.705  0.005    2  1 
  51314.0831   14.704  0.005    2  1 
  51314.1030   14.726  0.005    2  1 
  51314.1059   14.725  0.006    2  1 
  51314.1088   14.731  0.005    2  1 
  51314.1289   14.722  0.005    2  1 
  51314.1333   14.705  0.005    2  1 
  51314.1363   14.704  0.006    2  1 
  51314.9827   14.031  0.003    2  1 
  51314.9856   14.031  0.003    2  1 
  51314.9885   14.041  0.003    2  1 
  51315.0015   14.056  0.003    2  1 
  51315.0043   14.061  0.003    2  1 
  51315.0069   14.067  0.003    2  1 
  51315.0251   14.094  0.003    2  1 
  51315.0277   14.104  0.003    2  1 
  51315.0304   14.106  0.003    2  1 
  51315.0489   14.138  0.003    2  1 
  51315.0516   14.147  0.003    2  1 
  51315.0542   14.151  0.003    2  1 
  51315.0780   14.188  0.003    2  1 
  51315.0807   14.193  0.003    2  1 
  51315.0833   14.194  0.003    2  1 
  51315.1015   14.224  0.004    2  1 
  51315.1041   14.227  0.004    2  1 
  51315.1068   14.235  0.003    2  1 
  51315.1290   14.265  0.004    2  1 
  51315.1319   14.267  0.004    2  1 
  51316.0194   14.487  0.004    2  1 
  51316.0221   14.498  0.004    2  1 
  51316.0247   14.494  0.004    2  1 
  51316.0431   14.508  0.004    2  1 
  51316.0458   14.511  0.004    2  1 
  51316.0485   14.512  0.004    2  1 
  51316.0667   14.520  0.004    2  1 
  51316.0693   14.520  0.004    2  1 
  51316.0720   14.529  0.004    2  1 
  51316.0905   14.540  0.004    2  1 
  51316.0934   14.537  0.004    2  1 
  51316.0963   14.541  0.004    2  1 
  51316.1148   14.563  0.004    2  1 
  51316.1175   14.561  0.004    2  1 
  51316.1201   14.568  0.004    2  1 
  51316.9647   14.710  0.005    2  1 
  51316.9676   14.710  0.005    2  1 
  51316.9705   14.709  0.005    2  1 
  51316.9896   14.722  0.004    2  1 
  51316.9923   14.715  0.004    2  1 
  51316.9949   14.723  0.004    2  1 
  51317.0088   14.715  0.005    2  1 
  51317.0117   14.714  0.005    2  1 
  51317.0321   14.650  0.006    2  1 
  51317.0351   14.639  0.005    2  1 
  51317.0391   14.600  0.005    2  1 
  51317.0602   14.375  0.004    2  1 
  51317.0631   14.336  0.004    2  1 
  51317.0660   14.322  0.004    2  1 
  51317.0858   14.302  0.004    2  1 
  51317.0887   14.295  0.004    2  1 
  51317.0916   14.273  0.004    2  1 
  51317.1111   14.116  0.004    2  1 
  51317.1140   14.098  0.004    2  1 
  51317.1169   14.087  0.004    2  1 
  51317.9628   14.196  0.004    2  1 
  51317.9657   14.197  0.004    2  1 
  51317.9685   14.207  0.004    2  1 
  51317.9883   14.234  0.004    2  1 
  51317.9912   14.240  0.004    2  1 
  51317.9941   14.257  0.004    2  1 
  51318.0135   14.275  0.004    2  1 
  51318.0164   14.277  0.004    2  1 
  51318.0194   14.280  0.005    2  1 
  51318.0413   14.309  0.005    2  1 
  51318.0445   14.309  0.005    2  1 
  51318.0477   14.316  0.005    2  1 
  51318.0697   14.349  0.005    2  1 
  51318.0730   14.347  0.005    2  1 
  51318.0762   14.348  0.005    2  1 
  51318.0981   14.388  0.006    2  1 
  51318.1014   14.390  0.005    2  1 
  51318.1046   14.393  0.006    2  1 
  51318.1265   14.417  0.006    2  1 
  51318.1298   14.427  0.006    2  1 
  51318.9642   14.537  0.004    2  1 
  51318.9680   14.538  0.005    2  1 
  51318.9708   14.541  0.004    2  1 
  51318.9737   14.549  0.004    2  1 
  51318.9929   14.556  0.004    2  1 
  51318.9956   14.564  0.004    2  1 
  51318.9983   14.565  0.004    2  1 
  51319.0180   14.587  0.005    2  1 
  51319.0209   14.588  0.005    2  1 
  51319.0238   14.594  0.004    2  1 
  51319.0443   14.608  0.005    2  1 
  51319.0474   14.616  0.005    2  1 
  51319.0505   14.618  0.005    2  1 
  51319.0793   14.641  0.004    2  1 
  51319.0820   14.654  0.004    2  1 
  51319.0847   14.647  0.004    2  1 
  51319.1030   14.679  0.005    2  1 
  51319.1084   14.689  0.004    2  1 
  51319.1110   14.686  0.004    2  1 
  51320.1030   14.163  0.003    2  1 
  51320.1053   14.166  0.003    2  1 
  51320.1076   14.177  0.003    2  1 
  51320.1238   14.200  0.003    2  1 
  51320.1261   14.201  0.003    2  1 
  51320.1284   14.205  0.003    2  1 
  51320.1450   14.229  0.003    2  1 
  51320.1477   14.233  0.003    2  1 
  51320.1503   14.232  0.003    2  1 
  51320.9635   14.367  0.004    2  1 
  51320.9664   14.373  0.004    2  1 
  51320.9693   14.376  0.004    2  1 
  51320.9887   14.402  0.003    2  1 
  51320.9911   14.406  0.003    2  1 
  51320.9936   14.409  0.003    2  1 
  51321.0102   14.433  0.003    2  1 
  51321.0126   14.435  0.003    2  1 
  51321.0150   14.433  0.003    2  1 
  51321.0318   14.463  0.003    2  1 
  51321.0344   14.460  0.003    2  1 
  51321.0369   14.464  0.003    2  1 
  51321.0543   14.477  0.004    2  1 
  51321.0568   14.482  0.003    2  1 
  51321.0594   14.486  0.004    2  1 
  51321.0847   14.509  0.004    2  1 
  51321.0873   14.508  0.004    2  1 
  51321.0898   14.510  0.004    2  1 
  51321.1133   14.529  0.004    2  1 
  51321.1159   14.526  0.004    2  1 
  51321.1186   14.531  0.004    2  1 
  51321.1339   14.538  0.004    2  1 
  51321.1365   14.543  0.004    2  1 
  51332.9696   14.044  0.005    2  1 
  51332.9739   14.038  0.005    2  1 
  51332.9891   14.034  0.004    2  1 
  51332.9928   14.040  0.005    2  1 
  51332.9965   14.038  0.005    2  1 
  51333.0083   14.058  0.004    2  1 
  51333.0120   14.063  0.004    2  1 
  51333.0226   14.081  0.004    2  1 
  51333.0264   14.085  0.004    2  1 
  51333.0514   14.137  0.005    2  1 
  51333.0552   14.142  0.005    2  1 
  51333.0742   14.177  0.005    2  1 
  51333.0779   14.185  0.005    2  1 
  51333.0907   14.201  0.004    2  1 
  51333.0945   14.209  0.004    2  1 
  51333.1178   14.243  0.005    2  1 
  51333.1221   14.251  0.005    2  1 
  51333.1335   14.270  0.005    2  1 
  51333.1369   14.272  0.005    2  1 
  51333.1529   14.289  0.005    2  1 
  51333.1565   14.296  0.005    2  1 
  51333.1716   14.321  0.005    2  1 
  51333.1752   14.324  0.005    2  1 
  51334.9841   14.717  0.005    2  1 
  51334.9871   14.717  0.005    2  1 
  51335.0175   14.708  0.005    2  1 
  51335.0204   14.704  0.005    2  1 
  51335.0301   14.672  0.005    2  1 
  51335.0334   14.662  0.005    2  1 
  51335.0517   14.539  0.005    2  1 
  51335.0552   14.506  0.005    2  1 
  51335.0692   14.312  0.005    2  1 
  51335.0727   14.313  0.004    2  1 
  51335.0833   14.321  0.005    2  1 
  51335.0867   14.318  0.004    2  1 
  51335.1133   14.127  0.004    2  1 
  51335.1167   14.100  0.004    2  1 
  51335.9535   14.183  0.004    2  1 
  51335.9726   14.206  0.004    2  1 
  51335.9768   14.213  0.004    2  1 
  51335.9997   14.244  0.004    2  1 
  51336.0027   14.250  0.004    2  1 
  51336.0203   14.267  0.004    2  1 
  51336.0236   14.277  0.004    2  1 
  51336.0357   14.294  0.004    2  1 
  51336.0388   14.292  0.004    2  1 
  51336.0593   14.324  0.005    2  1 
  51336.0629   14.327  0.005    2  1 
  51336.0769   14.346  0.005    2  1 
  51336.0803   14.350  0.005    2  1 
  51336.1025   14.379  0.005    2  1 
  51336.1059   14.388  0.005    2  1 
  51336.1206   14.408  0.005    2  1 
  51336.1240   14.412  0.005    2  1 
  51337.0101   14.576  0.005    2  1 
  51337.9904   14.150  0.005    2  1 
  51337.9940   14.124  0.005    2  1 
  51338.0162   14.036  0.004    2  1 
  51338.0196   14.030  0.004    2  1 
  51338.0339   14.034  0.004    2  1 
  51338.0376   14.037  0.005    2  1 
  51338.9901   14.395  0.004    2  1 
  51338.9938   14.409  0.004    2  1 
  51339.0226   14.433  0.005    2  1 
  51339.0269   14.434  0.005    2  1 
  51339.0867   14.495  0.006    2  1 
  51339.0905   14.504  0.006    2  1 
  51339.1139   14.522  0.005    2  1 
  51339.1177   14.525  0.005    2  1 
  51339.1448   14.546  0.005    2  1 
  51339.1482   14.546  0.005    2  1 
  51339.9766   14.664  0.005    2  1 
  51339.9795   14.670  0.005    2  1 
  51340.0044   14.691  0.005    2  1 
  51340.0078   14.695  0.005    2  1 
  51340.0274   14.723  0.005    2  1 
  51340.0306   14.709  0.005    2  1 
  51340.0540   14.713  0.005    2  1 
  51340.0572   14.704  0.006    2  1 
  51340.0857   14.578  0.005    2  1 
  51340.0892   14.560  0.005    2  1 
  51340.1152   14.313  0.005    2  1 
  51340.1197   14.325  0.005    2  1 
  51340.1229   14.318  0.004    2  1 
  51340.1263   14.319  0.004    2  1 
  51340.1404   14.230  0.004    2  1 
  51340.1437   14.206  0.004    2  1 
  51344.9924   14.633  0.004    2  1 
  51344.9958   14.643  0.004    2  1 
  51344.9988   14.640  0.004    2  1 
  51345.0216   14.669  0.005    2  1 
  51345.0255   14.675  0.006    2  1 
  51345.0302   14.679  0.005    2  1 
  51345.0553   14.702  0.005    2  1 
  51345.0603   14.713  0.005    2  1 
  51345.9856   14.075  0.004    2  1 
  51345.9896   14.093  0.004    2  1 
  51346.0219   14.147  0.005    2  1 
  51346.0264   14.147  0.004    2  1 
  51346.0486   14.198  0.004    2  1 
  51346.0523   14.198  0.004    2  1 
  51346.0791   14.236  0.004    2  1 
  51346.0826   14.240  0.004    2  1 
  51347.0416   14.531  0.005    2  1 
  51347.0453   14.529  0.004    2  1 
  51347.0743   14.554  0.004    2  1 
  51347.0777   14.549  0.004    2  1 
  51347.0990   14.572  0.004    2  1 
  51347.1022   14.589  0.003    2  1 
  51347.9769   14.704  0.005    2  1 
  51347.9802   14.700  0.005    2  1 
  51347.9834   14.699  0.005    2  1 
  51347.9983   14.639  0.005    2  1 
  51348.0028   14.607  0.005    2  1 
  51348.0063   14.578  0.005    2  1 
  51348.0242   14.393  0.004    2  1 
  51348.0274   14.338  0.004    2  1 
  51348.0943   14.032  0.004    2  1 
  51348.0983   14.028  0.005    2  1 
  51348.1018   14.027  0.004    2  1 
  51348.9650   14.247  0.004    2  1 
  51348.9682   14.256  0.004    2  1 
  51348.9853   14.274  0.004    2  1 
  51348.9883   14.276  0.004    2  1 
  51348.9912   14.286  0.004    2  1 
  51349.0316   14.334  0.004    2  1 
  51349.0346   14.342  0.004    2  1 
  51349.9815   14.569  0.004    2  1 
  51349.9851   14.577  0.004    2  1 
  51349.9973   14.589  0.004    2  1 
  51350.0033   14.593  0.005    2  1 
  51350.0066   14.598  0.005    2  1 
  51350.0164   14.613  0.005    2  1 
  51350.0197   14.610  0.005    2  1 
  51350.0296   14.625  0.005    2  1 
  51380.9973   14.632  0.004    2  1 
  51381.0004   14.639  0.004    2  1 
  51381.0031   14.637  0.004    2  1 
  51381.0187   14.655  0.004    2  1 
  51381.0214   14.669  0.004    2  1 
  51381.0242   14.665  0.004    2  1 
  51381.9830   14.071  0.004    2  1 
  51381.9859   14.078  0.004    2  1 
  51381.9888   14.079  0.004    2  1 
  51382.0000   14.102  0.003    2  1 
  51382.0029   14.107  0.003    2  1 
  51382.9793   14.469  0.005    2  1 
  51382.9826   14.476  0.004    2  1 
  51382.9857   14.479  0.005    2  1 
  51382.9965   14.494  0.005    2  1 
  51382.9995   14.495  0.005    2  1 
  51383.9746   14.723  0.004    2  1 
  51383.9773   14.737  0.004    2  1 
  51383.9799   14.724  0.004    2  1 
  51383.9899   14.707  0.005    2  1 
  51383.9926   14.698  0.004    2  1 
  51384.9751   14.254  0.003    2  1 
  51384.9777   14.256  0.003    2  1 
  51384.9802   14.266  0.003    2  1 
  51384.9896   14.275  0.003    2  1 
  51384.9921   14.279  0.003    2  1 
  51385.9711   14.562  0.004    2  1 
  51385.9737   14.572  0.004    2  1 
  51385.9763   14.578  0.004    2  1 
  51385.9857   14.585  0.004    2  1 
  51385.9884   14.605  0.005    2  1 
  51386.9965   14.034  0.003    2  1 
  51387.0003   14.035  0.003    2  1 
  51387.0041   14.040  0.003    2  1 
  51387.0216   14.071  0.003    2  1 
  51387.0254   14.071  0.003    2  1 
  51387.0293   14.079  0.003    2  1 
  51388.9801   14.703  0.006    2  1 
  51388.9834   14.711  0.005    2  1 
  51388.9866   14.713  0.005    2  1 
  51388.9984   14.715  0.006    2  1 
  51389.0017   14.738  0.007    2  1 
  51389.9783   14.205  0.003    2  1 
  51389.9809   14.197  0.003    2  1 
  51389.9836   14.212  0.003    2  1 
  51390.9729   14.524  0.004    2  1 
  51390.9756   14.528  0.004    2  1 
  51390.9783   14.532  0.004    2  1 
  51391.9728   14.323  0.003    2  1 
  51391.9754   14.317  0.003    2  1 
  51391.9779   14.308  0.003    2  1 
  51671.0871   14.517  0.005    2  1 
  51671.0917   14.523  0.005    2  1 
  51671.0952   14.520  0.005    2  1 
  51671.1189   14.548  0.005    2  1 
  51671.1232   14.546  0.005    2  1 
  51671.9996   14.719  0.005    2  1 
  51672.0039   14.715  0.004    2  1 
  51672.0350   14.721  0.005    2  1 
  51672.0382   14.705  0.005    2  1 
  51673.0232   14.261  0.003    2  1 
  51674.0574   14.602  0.006    2  1 
  51674.0938   14.639  0.006    2  1 
  51674.0985   14.643  0.006    2  1 
  51674.1159   14.661  0.006    2  1 
  51674.1223   14.671  0.005    2  1 
  51674.9763   14.318  0.005    2  1 
  51674.9824   14.326  0.005    2  1 
  51675.0212   14.082  0.005    2  1 
  51676.0163   14.404  0.004    2  1 
  51692.9816   14.324  0.004    2  1 
  51692.9854   14.337  0.004    2  1 
  51693.9780   14.349  0.004    2  1 
  51693.9814   14.350  0.004    2  1 
  51694.9914   14.665  0.004    2  1 
  51765.9974   14.357  0.004    2  1 
  51766.0012   14.369  0.005    2  1 
  51766.0048   14.372  0.004    2  1 
  51766.0266   14.402  0.005    2  1 
  51766.0301   14.399  0.005    2  1 
  51216.3408   14.369  0.003    3  1 
  51216.3634   14.392  0.003    3  1 
  51216.3905   14.514  0.003    3  1 
  51217.3019   14.931  0.004    3  1 
  51217.3494   15.026  0.004    3  1 
  51217.3710   15.013  0.004    3  1 
  51217.3906   15.068  0.004    3  1 
  51218.2854   15.258  0.005    3  1 
  51218.3156   15.304  0.005    3  1 
  51218.3347   15.322  0.005    3  1 
  51218.3653   15.204  0.004    3  1 
  51218.3848   15.099  0.004    3  1 
  51219.2918   14.548  0.003    3  1 
  51219.3100   14.606  0.003    3  1 
  51219.3296   14.649  0.003    3  1 
  51219.3536   14.706  0.003    3  1 
  51219.3723   14.756  0.003    3  1 
  51220.2720   15.058  0.004    3  1 
  51220.2946   15.085  0.004    3  1 
  51220.3117   15.107  0.004    3  1 
  51220.3299   15.116  0.004    3  1 
  51220.3473   15.137  0.004    3  1 
  51220.3643   15.157  0.004    3  1 
  51220.3816   15.180  0.004    3  1 
  51221.2763   14.995  0.004    3  1 
  51221.2964   14.744  0.003    3  1 
  51221.3145   14.664  0.003    3  1 
  51221.3318   14.470  0.003    3  1 
  51221.3496   14.352  0.003    3  1 
  51221.3673   14.340  0.003    3  1 
  51283.2546   14.560  0.003    3  1 
  51283.2783   14.359  0.002    3  1 
  51283.3008   14.349  0.002    3  1 
  51283.3322   14.442  0.002    3  1 
  51283.3553   14.522  0.002    3  1 
  51284.2134   14.806  0.003    3  1 
  51284.2375   14.872  0.003    3  1 
  51284.2581   14.917  0.003    3  1 
  51284.2875   14.967  0.003    3  1 
  51284.3124   15.024  0.004    3  1 
  51284.3383   15.066  0.004    3  1 
  51285.0451   15.041  0.003    3  1 
  51285.0691   15.069  0.003    3  1 
  51285.0932   15.073  0.004    3  1 
  51285.1257   15.096  0.004    3  1 
  51285.1514   15.146  0.004    3  1 
  51285.1754   15.169  0.004    3  1 
  51285.2060   15.159  0.004    3  1 
  51285.2321   15.240  0.004    3  1 
  51285.2586   15.260  0.004    3  1 
  51285.2928   15.338  0.004    3  1 
  51285.3257   15.319  0.004    3  1 
  51286.0393   15.345  0.004    3  1 
  51286.0670   15.204  0.004    3  1 
  51286.0977   14.828  0.001    3  1 
  51286.1302   14.619  0.003    3  1 
  51286.1833   14.331  0.002    3  1 
  51286.2193   14.425  0.002    3  1 
  51286.2434   14.499  0.003    3  1 
  51286.2655   14.573  0.003    3  1 
  51286.2958   14.656  0.003    3  1 
  51286.3291   14.746  0.003    3  1 
  51286.3521   14.808  0.003    3  1 
  51304.9838   14.554  0.002    3  1 
  51305.0251   14.654  0.003    3  1 
  51305.0718   14.752  0.003    3  1 
  51305.0961   14.801  0.003    3  1 
  51305.1465   14.888  0.004    3  1 
  51305.1755   14.968  0.004    3  1 
  51305.2054   15.014  0.005    3  1 
  51305.2345   15.057  0.004    3  1 
  51305.2666   15.103  0.004    3  1 
  51305.2880   15.127  0.004    3  1 
  51305.9773   15.075  0.003    3  1 
  51306.0428   15.137  0.004    3  1 
  51306.0809   15.188  0.004    3  1 
  51306.1330   15.251  0.004    3  1 
  51306.1578   15.271  0.005    3  1 
  51306.1875   15.278  0.004    3  1 
  51306.2101   15.228  0.004    3  1 
  51306.2538   14.950  0.003    3  1 
  51306.2771   14.753  0.003    3  1 
  51306.2972   14.624  0.003    3  1 
  51308.0025   14.852  0.003    3  1 
  51308.0294   14.892  0.003    3  1 
  51308.0600   14.977  0.003    3  1 
  51308.0919   14.999  0.003    3  1 
  51308.0958   14.965  0.003    3  1 
  51308.1244   15.066  0.003    3  1 
  51310.1100   14.767  0.002    3  1 
  51310.1132   14.690  0.002    3  1 
  51311.9792   15.213  0.005    3  1 
  51311.9983   15.109  0.005    3  1 
  51312.0087   15.035  0.004    3  1 
  51312.0350   14.739  0.003    3  1 
  51312.0550   14.616  0.003    3  1 
  51312.0672   14.481  0.003    3  1 
  51312.0870   14.349  0.002    3  1 
  51312.0988   14.334  0.002    3  1 
  51312.9828   14.728  0.003    3  1 
  51313.0063   14.785  0.003    3  1 
  51313.0300   14.836  0.003    3  1 
  51313.0562   14.878  0.003    3  1 
  51313.1113   15.000  0.003    3  1 
  51313.9807   15.160  0.004    3  1 
  51314.0143   15.213  0.004    3  1 
  51314.0397   15.232  0.004    3  1 
  51314.1124   15.317  0.005    3  1 
  51314.9752   14.330  0.002    3  1 
  51315.0102   14.383  0.002    3  1 
  51315.0336   14.449  0.002    3  1 
  51315.0747   14.583  0.003    3  1 
  51315.0982   14.640  0.003    3  1 
  51315.1216   14.695  0.003    3  1 
  51316.0399   15.069  0.003    3  1 
  51316.0634   15.081  0.004    3  1 
  51316.0869   15.099  0.004    3  1 
  51316.1115   15.132  0.003    3  1 
  51316.9740   15.311  0.004    3  1 
  51317.0052   15.267  0.004    3  1 
  51317.0282   15.152  0.005    3  1 
  51317.0566   14.915  0.004    3  1 
  51317.0822   14.724  0.003    3  1 
  51317.1075   14.498  0.003    3  1 
  51317.9847   14.643  0.003    3  1 
  51318.0099   14.714  0.003    3  1 
  51318.0374   14.776  0.004    3  1 
  51318.0942   14.832  0.002    3  1 
  51318.1226   14.934  0.004    3  1 
  51318.9772   15.100  0.004    3  1 
  51319.0274   15.158  0.004    3  1 
  51319.0757   15.237  0.004    3  1 
  51319.0997   15.269  0.004    3  1 
  51320.1000   14.463  0.002    3  1 
  51320.1208   14.605  0.002    3  1 
  51320.1417   14.645  0.003    3  1 
  51320.9728   14.875  0.003    3  1 
  51321.0180   14.901  0.003    3  1 
  51321.0400   14.990  0.003    3  1 
  51321.0624   15.018  0.003    3  1 
  51321.0930   15.044  0.004    3  1 
  51321.1217   15.102  0.003    3  1 
  51380.9937   15.219  0.004    3  1 
  51381.9793   14.412  0.003    3  1 
  51382.9755   14.989  0.004    3  1 
  51383.9715   15.301  0.004    3  1 
  51385.9679   15.126  0.003    3  1 
  51386.9917   14.333  0.002    3  1 
  51388.9755   15.281  0.005    3  1 
  51389.9750   14.599  0.003    3  1 
  51391.9697   14.897  0.001    3  1 
  51693.9923   14.860  0.003    3  1 
  51695.0052   15.242  0.003    3  1 
 56468.97641   12.064  0.077   -1  1 
 56469.04707   12.028  0.079   -1  1 
 56469.10896   11.912  0.084   -1  1 
 56469.17285   12.286  0.066   -1  1 
 56471.00364   12.577  0.066   -1  1 
 56471.06640   12.318  0.048   -1  1 
 56471.12490   12.243  0.071   -1  1 
 56471.18188   12.279  0.081   -1  1 
 56471.96759   12.395  0.077   -1  1 
 56472.03374   12.244  0.064   -1  1 
 56472.09484   12.167  0.063   -1  1 
 56472.15243   12.210  0.070   -1  1 
 56468.95296   11.945  0.072   -2  1 
 56469.02441   11.921  0.095   -2  1 
 56469.08813   11.665  0.080   -2  1 
 56469.15134   12.124  0.087   -2  1 
 56471.02588   11.968  0.102   -2  1 
 56471.08671   12.128  0.063   -2  1 
 56471.14302   12.204  0.050   -2  1 
 56471.94704   12.181  0.056   -2  1 
 56472.01085   12.139  0.088   -2  1 
 56472.07480   11.920  0.072   -2  1 
 56472.13240   12.300  0.038   -2  1 
 56472.19216   12.288  0.057   -2  1 
 56469.00041   12.347  0.075   -5  1 
 56469.06767   12.595  0.048   -5  1 
 56469.13003   12.568  0.060   -5  1 
 56469.19349   12.745  0.043   -5  1 
 56470.98130   12.936  0.041   -5  1 
 56471.04693   12.690  0.058   -5  1 
 56471.10523   12.745  0.033   -5  1 
 56471.16397   12.813  0.037   -5  1 
 56471.98857   12.629  0.050   -5  1 
 56472.05430   12.819  0.049   -5  1 
 56472.11383   12.692  0.040   -5  1 
 56472.17109   12.782  0.035   -5  1 
