  51216.3218   14.645  0.005    2  1 
  51216.3464   14.679  0.005    2  1 
  51216.3689   14.705  0.005    2  1 
  51216.3980   14.737  0.008    2  1 
  51217.3101   13.953  0.004    2  1 
  51217.3328   14.067  0.004    2  1 
  51217.3552   14.176  0.004    2  1 
  51217.3759   14.223  0.004    2  1 
  51217.3953   14.279  0.004    2  1 
  51218.2773   14.788  0.007    2  1 
  51218.3093   14.749  0.005    2  1 
  51218.3298   14.729  0.005    2  1 
  51218.3573   14.757  0.006    2  1 
  51218.3794   14.820  0.005    2  1 
  51219.3336   14.554  0.005    2  1 
  51219.3596   14.604  0.005    2  1 
  51219.3768   14.635  0.005    2  1 
  51220.2621   14.833  0.005    2  1 
  51220.2906   14.489  0.004    2  1 
  51220.3077   14.113  0.004    2  1 
  51220.3257   13.882  0.003    2  1 
  51220.3432   13.894  0.003    2  1 
  51220.3602   13.928  0.003    2  1 
  51220.3776   14.008  0.004    2  1 
  51221.2835   14.706  0.005    2  1 
  51221.3009   14.716  0.005    2  1 
  51221.3188   14.724  0.005    2  1 
  51221.3358   14.745  0.005    2  1 
  51221.3538   14.758  0.005    2  1 
  51221.3722   14.743  0.005    2  1 
  51283.2451   14.880  0.005    2  1 
  51283.2493   14.873  0.005    2  1 
  51283.2714   14.791  0.005    2  1 
  51283.2748   14.740  0.005    2  1 
  51283.2939   14.313  0.004    2  1 
  51283.2972   14.237  0.004    2  1 
  51283.3202   13.857  0.003    2  1 
  51283.3234   13.832  0.003    2  1 
  51283.3487   13.887  0.003    2  1 
  51283.3518   13.895  0.003    2  1 
  51283.3707   13.980  0.003    2  1 
  51283.3738   13.988  0.003    2  1 
  51284.2195   14.658  0.005    2  1 
  51284.2229   14.661  0.005    2  1 
  51284.2413   14.690  0.005    2  1 
  51284.2443   14.683  0.005    2  1 
  51284.2617   14.713  0.005    2  1 
  51284.2942   14.727  0.005    2  1 
  51284.2973   14.734  0.005    2  1 
  51284.3168   14.740  0.005    2  1 
  51284.3211   14.739  0.005    2  1 
  51284.3464   14.760  0.005    2  1 
  51285.0513   14.814  0.004    2  1 
  51285.0543   14.825  0.004    2  1 
  51285.0739   14.866  0.005    2  1 
  51285.0778   14.856  0.005    2  1 
  51285.0975   14.841  0.005    2  1 
  51285.1006   14.821  0.006    2  1 
  51285.1324   14.242  0.004    2  1 
  51285.1360   14.173  0.003    2  1 
  51285.1558   13.871  0.003    2  1 
  51285.1588   13.868  0.003    2  1 
  51285.1796   13.860  0.003    2  1 
  51285.1830   13.895  0.003    2  1 
  51285.2125   14.009  0.003    2  1 
  51285.2157   14.024  0.003    2  1 
  51285.2426   14.135  0.003    2  1 
  51285.2630   14.186  0.004    2  1 
  51285.2998   14.325  0.004    2  1 
  51285.3348   14.416  0.004    2  1 
  51286.0461   14.643  0.004    2  1 
  51286.0493   14.647  0.004    2  1 
  51286.0716   14.674  0.004    2  1 
  51286.0753   14.674  0.004    2  1 
  51286.1026   14.701  0.004    2  1 
  51286.1061   14.706  0.004    2  1 
  51286.1365   14.717  0.004    2  1 
  51286.1398   14.721  0.004    2  1 
  51286.1608   14.769  0.005    2  1 
  51286.1639   14.739  0.004    2  1 
  51286.1669   14.743  0.004    2  1 
  51286.1875   14.767  0.004    2  1 
  51286.1908   14.761  0.005    2  1 
  51286.2255   14.726  0.004    2  1 
  51286.2285   14.729  0.004    2  1 
  51286.2476   14.771  0.005    2  1 
  51286.2508   14.760  0.004    2  1 
  51286.2697   14.809  0.005    2  1 
  51286.2727   14.816  0.005    2  1 
  51286.3022   14.864  0.005    2  1 
  51286.3055   14.857  0.005    2  1 
  51286.3218   14.820  0.005    2  1 
  51286.3250   14.806  0.005    2  1 
  51286.3450   14.479  0.004    2  1 
  51286.3481   14.397  0.004    2  1 
  51304.9873   14.617  0.004    2  1 
  51304.9926   14.618  0.004    2  1 
  51305.0328   14.684  0.004    2  1 
  51305.0362   14.675  0.005    2  1 
  51305.0559   14.699  0.005    2  1 
  51305.0599   14.696  0.005    2  1 
  51305.0890   14.717  0.005    2  1 
  51305.0922   14.719  0.005    2  1 
  51305.1269   14.758  0.006    2  1 
  51305.1509   14.780  0.006    2  1 
  51305.1853   14.732  0.005    2  1 
  51305.1885   14.754  0.006    2  1 
  51305.2098   14.780  0.005    2  1 
  51305.2128   14.781  0.005    2  1 
  51305.2431   14.850  0.005    2  1 
  51305.2461   14.857  0.005    2  1 
  51305.2704   14.880  0.006    2  1 
  51305.2734   14.841  0.005    2  1 
  51305.2995   14.629  0.005    2  1 
  51305.9857   13.947  0.002    2  1 
  51305.9885   13.952  0.002    2  1 
  51305.9912   13.977  0.002    2  1 
  51306.0256   14.107  0.003    2  1 
  51306.0285   14.116  0.003    2  1 
  51306.0465   14.162  0.003    2  1 
  51306.0498   14.192  0.003    2  1 
  51306.0896   14.315  0.003    2  1 
  51306.0930   14.328  0.004    2  1 
  51306.1123   14.381  0.003    2  1 
  51306.1151   14.383  0.003    2  1 
  51306.1375   14.440  0.004    2  1 
  51306.1405   14.451  0.004    2  1 
  51306.1636   14.505  0.004    2  1 
  51306.1673   14.514  0.004    2  1 
  51306.1937   14.564  0.003    2  1 
  51306.1966   14.589  0.004    2  1 
  51306.2146   14.616  0.004    2  1 
  51306.2343   14.647  0.004    2  1 
  51306.2380   14.657  0.004    2  1 
  51306.2574   14.681  0.003    2  1 
  51306.2602   14.690  0.003    2  1 
  51306.2805   14.699  0.003    2  1 
  51306.2835   14.702  0.003    2  1 
  51306.3038   14.725  0.004    2  1 
  51306.3135   14.714  0.004    2  1 
  51306.3184   14.741  0.005    2  1 
  51307.0456   14.787  0.006    2  1 
  51307.0501   14.799  0.006    2  1 
  51307.0593   14.815  0.005    2  1 
  51307.0645   14.863  0.006    2  1 
  51308.0084   14.539  0.003    2  1 
  51308.0112   14.532  0.003    2  1 
  51308.0334   14.569  0.003    2  1 
  51308.0362   14.587  0.003    2  1 
  51308.0394   14.601  0.003    2  1 
  51308.0633   14.643  0.003    2  1 
  51308.0663   14.653  0.003    2  1 
  51308.0995   14.684  0.004    2  1 
  51308.1280   14.703  0.004    2  1 
  51308.1309   14.711  0.004    2  1 
  51310.0850   14.730  0.003    2  1 
  51310.0874   14.735  0.003    2  1 
  51310.0897   14.739  0.003    2  1 
  51310.1430   14.846  0.004    2  1 
  51310.1458   14.852  0.004    2  1 
  51310.1486   14.857  0.005    2  1 
  51311.0244   14.403  0.007    2  1 
  51311.0302   14.434  0.006    2  1 
  51311.0334   14.441  0.006    2  1 
  51311.0506   14.487  0.003    2  1 
  51311.0539   14.492  0.003    2  1 
  51311.0637   14.524  0.004    2  1 
  51311.0669   14.522  0.005    2  1 
  51311.0907   14.591  0.005    2  1 
  51311.0946   14.594  0.005    2  1 
  51311.0980   14.588  9.990    2  1 
  51311.1015   14.606  0.004    2  1 
  51311.1071   14.622  0.005    2  1 
  51311.1298   14.662  0.005    2  1 
  51311.1327   14.671  0.005    2  1 
  51311.1357   14.675  0.005    2  1 
  51311.1398   14.666  0.005    2  1 
  51311.1447   14.688  0.005    2  1 
  51311.9726   14.886  0.007    2  1 
  51311.9755   14.865  0.006    2  1 
  51312.0020   14.866  0.005    2  1 
  51312.0049   14.868  0.005    2  1 
  51312.0255   14.673  0.005    2  1 
  51312.0284   14.602  0.004    2  1 
  51312.0314   14.541  0.004    2  1 
  51312.0584   13.961  0.003    2  1 
  51312.0611   13.922  0.003    2  1 
  51312.0638   13.894  0.003    2  1 
  51312.0903   13.872  0.002    2  1 
  51312.0955   13.883  0.003    2  1 
  51312.1146   13.963  0.003    2  1 
  51312.1173   13.987  0.003    2  1 
  51312.1200   14.001  0.003    2  1 
  51312.9860   14.679  0.004    2  1 
  51312.9887   14.683  0.004    2  1 
  51312.9913   14.683  0.004    2  1 
  51313.0096   14.701  0.004    2  1 
  51313.0123   14.714  0.004    2  1 
  51313.0149   14.701  0.004    2  1 
  51313.0333   14.720  0.004    2  1 
  51313.0360   14.732  0.004    2  1 
  51313.0386   14.725  0.004    2  1 
  51313.0413   14.727  0.005    2  1 
  51313.0595   14.721  0.004    2  1 
  51313.0622   14.739  0.004    2  1 
  51313.0648   14.737  0.004    2  1 
  51313.0911   14.767  0.004    2  1 
  51313.0937   14.758  0.004    2  1 
  51313.0964   14.755  0.004    2  1 
  51313.1146   14.757  0.004    2  1 
  51313.1172   14.745  0.004    2  1 
  51313.1199   14.746  0.004    2  1 
  51313.1226   14.740  0.004    2  1 
  51313.9843   14.130  0.003    2  1 
  51313.9872   14.134  0.003    2  1 
  51313.9901   14.150  0.003    2  1 
  51314.0178   14.234  0.004    2  1 
  51314.0207   14.243  0.004    2  1 
  51314.0236   14.262  0.003    2  1 
  51314.0432   14.320  0.004    2  1 
  51314.0461   14.330  0.004    2  1 
  51314.0490   14.333  0.004    2  1 
  51314.0772   14.410  0.004    2  1 
  51314.0802   14.424  0.004    2  1 
  51314.0831   14.430  0.004    2  1 
  51314.1030   14.482  0.005    2  1 
  51314.1059   14.476  0.005    2  1 
  51314.1088   14.489  0.005    2  1 
  51314.1289   14.545  0.004    2  1 
  51314.1333   14.544  0.005    2  1 
  51314.1363   14.556  0.005    2  1 
  51314.9827   14.747  0.004    2  1 
  51314.9856   14.741  0.004    2  1 
  51314.9885   14.745  0.004    2  1 
  51315.0015   14.772  0.005    2  1 
  51315.0043   14.796  0.005    2  1 
  51315.0069   14.796  0.004    2  1 
  51315.0251   14.828  0.004    2  1 
  51315.0277   14.831  0.004    2  1 
  51315.0304   14.822  0.004    2  1 
  51315.0516   14.849  0.004    2  1 
  51315.0542   14.852  0.004    2  1 
  51315.0780   14.759  0.004    2  1 
  51315.0807   14.708  0.004    2  1 
  51315.0833   14.664  0.004    2  1 
  51315.1015   14.250  0.003    2  1 
  51315.1041   14.193  0.003    2  1 
  51315.1068   14.129  0.003    2  1 
  51315.1290   13.814  0.003    2  1 
  51315.1319   13.781  0.003    2  1 
  51316.0194   14.645  0.004    2  1 
  51316.0221   14.650  0.004    2  1 
  51316.0247   14.652  0.004    2  1 
  51316.0431   14.675  0.004    2  1 
  51316.0458   14.675  0.004    2  1 
  51316.0485   14.693  0.004    2  1 
  51316.0667   14.708  0.005    2  1 
  51316.0693   14.709  0.004    2  1 
  51316.0720   14.701  0.004    2  1 
  51316.0905   14.719  0.004    2  1 
  51316.0934   14.711  0.004    2  1 
  51316.0963   14.726  0.004    2  1 
  51316.1148   14.724  0.004    2  1 
  51316.1175   14.724  0.004    2  1 
  51316.1201   14.740  0.004    2  1 
  51316.9647   13.842  0.003    2  1 
  51316.9676   13.822  0.003    2  1 
  51316.9705   13.782  0.003    2  1 
  51316.9896   13.887  0.003    2  1 
  51316.9923   13.903  0.003    2  1 
  51316.9949   13.924  0.003    2  1 
  51317.0088   13.971  0.003    2  1 
  51317.0117   14.001  0.003    2  1 
  51317.0321   14.072  0.004    2  1 
  51317.0351   14.074  0.004    2  1 
  51317.0391   14.103  0.004    2  1 
  51317.0602   14.176  0.004    2  1 
  51317.0631   14.202  0.003    2  1 
  51317.0660   14.216  0.004    2  1 
  51317.0858   14.266  0.004    2  1 
  51317.0887   14.257  0.004    2  1 
  51317.0916   14.288  0.004    2  1 
  51317.1111   14.340  0.004    2  1 
  51317.1140   14.341  0.004    2  1 
  51317.1169   14.352  0.004    2  1 
  51317.9657   14.778  0.006    2  1 
  51317.9685   14.772  0.006    2  1 
  51317.9883   14.786  0.006    2  1 
  51317.9912   14.775  0.005    2  1 
  51317.9941   14.772  0.005    2  1 
  51318.0135   14.743  0.005    2  1 
  51318.0164   14.765  0.006    2  1 
  51318.0194   14.748  0.006    2  1 
  51318.0413   14.750  0.006    2  1 
  51318.0445   14.789  0.007    2  1 
  51318.0477   14.769  0.006    2  1 
  51318.0697   14.817  0.006    2  1 
  51318.0730   14.841  0.007    2  1 
  51318.0762   14.849  0.007    2  1 
  51318.1014   14.882  0.007    2  1 
  51318.1265   14.873  0.008    2  1 
  51318.1298   14.855  0.008    2  1 
  51318.9642   14.407  0.003    2  1 
  51318.9680   14.410  0.004    2  1 
  51318.9708   14.414  0.004    2  1 
  51318.9737   14.421  0.004    2  1 
  51318.9929   14.470  0.004    2  1 
  51318.9956   14.474  0.004    2  1 
  51318.9983   14.486  0.004    2  1 
  51319.0180   14.525  0.005    2  1 
  51319.0209   14.533  0.004    2  1 
  51319.0238   14.539  0.004    2  1 
  51319.0443   14.587  0.005    2  1 
  51319.0474   14.597  0.004    2  1 
  51319.0505   14.600  0.005    2  1 
  51319.0793   14.652  0.004    2  1 
  51319.0820   14.659  0.004    2  1 
  51319.0847   14.660  0.004    2  1 
  51319.1030   14.689  0.005    2  1 
  51319.1084   14.688  0.004    2  1 
  51319.1110   14.697  0.004    2  1 
  51320.1030   14.140  0.002    2  1 
  51320.1053   14.143  0.002    2  1 
  51320.1076   14.155  0.002    2  1 
  51320.1238   14.199  0.003    2  1 
  51320.1261   14.215  0.003    2  1 
  51320.1284   14.248  0.003    2  1 
  51320.1450   14.271  0.003    2  1 
  51320.1477   14.279  0.003    2  1 
  51320.1503   14.297  0.003    2  1 
  51320.9635   14.708  0.004    2  1 
  51320.9664   14.709  0.004    2  1 
  51320.9693   14.701  0.004    2  1 
  51320.9887   14.714  0.003    2  1 
  51320.9911   14.709  0.003    2  1 
  51320.9936   14.708  0.003    2  1 
  51321.0102   14.725  0.003    2  1 
  51321.0126   14.736  0.003    2  1 
  51321.0150   14.737  0.003    2  1 
  51321.0318   14.758  0.004    2  1 
  51321.0344   14.743  0.004    2  1 
  51321.0369   14.754  0.004    2  1 
  51321.0543   14.750  0.004    2  1 
  51321.0568   14.747  0.004    2  1 
  51321.0594   14.755  0.004    2  1 
  51321.0847   14.734  0.004    2  1 
  51321.0873   14.733  0.004    2  1 
  51321.0898   14.730  0.004    2  1 
  51321.1133   14.773  0.004    2  1 
  51321.1159   14.768  0.004    2  1 
  51321.1186   14.777  0.004    2  1 
  51321.1339   14.816  0.004    2  1 
  51321.1365   14.823  0.004    2  1 
  51332.9696   14.208  0.005    2  1 
  51332.9739   14.221  0.005    2  1 
  51332.9891   14.282  0.004    2  1 
  51332.9928   14.273  0.005    2  1 
  51332.9965   14.296  0.005    2  1 
  51333.0083   14.339  0.005    2  1 
  51333.0120   14.346  0.005    2  1 
  51333.0226   14.370  0.005    2  1 
  51333.0264   14.381  0.004    2  1 
  51333.0514   14.444  0.005    2  1 
  51333.0552   14.463  0.006    2  1 
  51333.0742   14.508  0.005    2  1 
  51333.0779   14.516  0.006    2  1 
  51333.0907   14.547  0.005    2  1 
  51333.0945   14.551  0.005    2  1 
  51333.1178   14.602  0.005    2  1 
  51333.1221   14.612  0.005    2  1 
  51333.1335   14.634  0.006    2  1 
  51333.1529   14.675  0.006    2  1 
  51333.1565   14.676  0.006    2  1 
  51333.1716   14.700  0.006    2  1 
  51333.1752   14.705  0.006    2  1 
  51334.9871   14.663  0.004    2  1 
  51335.0175   14.709  0.004    2  1 
  51335.0204   14.702  0.004    2  1 
  51335.0301   14.702  0.004    2  1 
  51335.0334   14.704  0.004    2  1 
  51335.0517   14.720  0.005    2  1 
  51335.0552   14.719  0.005    2  1 
  51335.0692   14.729  0.005    2  1 
  51335.0727   14.731  0.005    2  1 
  51335.0833   14.746  0.006    2  1 
  51335.0867   14.736  0.005    2  1 
  51335.1133   14.774  0.006    2  1 
  51335.1167   14.781  0.006    2  1 
  51335.9535   13.870  0.004    2  1 
  51335.9726   13.988  0.004    2  1 
  51335.9768   14.018  0.004    2  1 
  51335.9997   14.127  0.003    2  1 
  51336.0027   14.133  0.003    2  1 
  51336.0203   14.197  0.004    2  1 
  51336.0357   14.234  0.004    2  1 
  51336.0388   14.243  0.004    2  1 
  51336.0593   14.309  0.004    2  1 
  51336.0629   14.316  0.004    2  1 
  51336.0769   14.360  0.004    2  1 
  51336.0803   14.361  0.005    2  1 
  51336.1025   14.432  0.004    2  1 
  51336.1059   14.437  0.005    2  1 
  51336.1206   14.474  0.005    2  1 
  51336.1240   14.482  0.005    2  1 
  51337.0101   14.798  0.007    2  1 
  51337.9904   14.562  0.006    2  1 
  51337.9940   14.569  0.006    2  1 
  51338.0162   14.622  0.005    2  1 
  51338.0196   14.626  0.005    2  1 
  51338.0339   14.655  0.006    2  1 
  51338.0376   14.655  0.007    2  1 
  51338.9901   13.790  0.003    2  1 
  51338.9938   13.837  0.003    2  1 
  51339.0226   13.931  0.004    2  1 
  51339.0269   13.960  0.004    2  1 
  51339.0867   14.176  0.006    2  1 
  51339.0905   14.218  0.005    2  1 
  51339.1139   14.293  0.005    2  1 
  51339.1177   14.299  0.005    2  1 
  51339.1448   14.381  0.005    2  1 
  51339.1482   14.399  0.004    2  1 
  51339.9766   14.728  0.004    2  1 
  51339.9795   14.748  0.005    2  1 
  51340.0044   14.751  0.004    2  1 
  51340.0078   14.754  0.004    2  1 
  51340.0274   14.756  0.005    2  1 
  51340.0306   14.766  0.005    2  1 
  51340.0540   14.739  0.005    2  1 
  51340.0572   14.750  0.005    2  1 
  51340.0857   14.818  0.006    2  1 
  51340.0892   14.818  0.006    2  1 
  51340.1152   14.872  0.006    2  1 
  51340.1197   14.879  0.006    2  1 
  51340.1229   14.884  0.006    2  1 
  51340.1263   14.859  0.006    2  1 
  51340.1404   14.880  0.006    2  1 
  51340.1437   14.847  0.006    2  1 
  51344.9924   14.824  0.004    2  1 
  51344.9958   14.826  0.004    2  1 
  51344.9988   14.838  0.004    2  1 
  51345.0216   14.881  0.005    2  1 
  51345.0255   14.872  0.006    2  1 
  51345.0302   14.860  0.005    2  1 
  51345.0553   14.639  0.005    2  1 
  51345.0603   14.517  0.004    2  1 
  51345.9856   14.649  0.006    2  1 
  51345.9896   14.656  0.005    2  1 
  51346.0219   14.689  0.006    2  1 
  51346.0264   14.694  0.005    2  1 
  51346.0486   14.710  0.005    2  1 
  51346.0523   14.727  0.005    2  1 
  51346.0791   14.743  0.005    2  1 
  51346.0826   14.721  0.004    2  1 
  51347.0416   14.221  0.004    2  1 
  51347.0453   14.232  0.003    2  1 
  51347.0743   14.323  0.004    2  1 
  51347.0777   14.331  0.004    2  1 
  51347.0990   14.404  0.003    2  1 
  51347.1022   14.401  0.003    2  1 
  51347.9769   14.749  0.005    2  1 
  51347.9802   14.768  0.005    2  1 
  51347.9834   14.736  0.005    2  1 
  51347.9983   14.734  0.005    2  1 
  51348.0028   14.745  0.005    2  1 
  51348.0063   14.736  0.005    2  1 
  51348.0242   14.764  0.005    2  1 
  51348.0274   14.784  0.005    2  1 
  51348.0943   14.856  0.007    2  1 
  51348.0983   14.849  0.008    2  1 
  51348.1018   14.826  0.007    2  1 
  51348.9650   14.478  0.004    2  1 
  51348.9853   14.515  0.004    2  1 
  51348.9883   14.530  0.004    2  1 
  51348.9912   14.537  0.004    2  1 
  51349.0316   14.621  0.004    2  1 
  51349.0346   14.633  0.005    2  1 
  51349.9815   13.955  0.003    2  1 
  51349.9851   13.887  0.003    2  1 
  51349.9973   13.837  0.003    2  1 
  51350.0033   13.838  0.003    2  1 
  51350.0066   13.847  0.003    2  1 
  51350.0164   13.887  0.003    2  1 
  51350.0197   13.895  0.003    2  1 
  51350.0296   13.941  0.003    2  1 
  51380.9973   14.765  0.004    2  1 
  51381.0004   14.759  0.004    2  1 
  51381.0031   14.756  0.004    2  1 
  51381.0187   14.745  0.004    2  1 
  51381.0214   14.740  0.004    2  1 
  51381.0242   14.731  0.004    2  1 
  51381.9830   14.462  0.004    2  1 
  51381.9859   14.464  0.005    2  1 
  51381.9888   14.464  0.005    2  1 
  51382.0000   14.493  0.004    2  1 
  51382.0029   14.501  0.004    2  1 
  51382.9793   14.531  0.005    2  1 
  51382.9826   14.442  0.004    2  1 
  51382.9857   14.366  0.004    2  1 
  51382.9965   14.130  0.004    2  1 
  51382.9995   14.164  0.005    2  1 
  51383.9746   14.711  0.004    2  1 
  51383.9773   14.710  0.004    2  1 
  51383.9799   14.719  0.004    2  1 
  51383.9899   14.744  0.005    2  1 
  51383.9926   14.731  0.004    2  1 
  51384.9777   14.283  0.003    2  1 
  51384.9802   14.301  0.003    2  1 
  51384.9896   14.314  0.003    2  1 
  51384.9921   14.319  0.003    2  1 
  51385.9711   14.830  0.004    2  1 
  51385.9763   14.844  0.004    2  1 
  51385.9857   14.859  0.004    2  1 
  51385.9884   14.858  0.004    2  1 
  51386.9965   14.671  0.004    2  1 
  51387.0003   14.683  0.004    2  1 
  51387.0041   14.673  0.004    2  1 
  51387.0216   14.701  0.005    2  1 
  51387.0254   14.704  0.004    2  1 
  51387.0293   14.705  0.005    2  1 
  51388.9801   14.749  0.006    2  1 
  51388.9834   14.736  0.005    2  1 
  51388.9866   14.744  0.005    2  1 
  51388.9984   14.768  0.006    2  1 
  51389.0017   14.780  0.006    2  1 
  51389.9783   14.552  0.004    2  1 
  51389.9809   14.568  0.004    2  1 
  51389.9836   14.566  0.004    2  1 
  51390.9729   13.844  0.002    2  1 
  51390.9756   13.832  0.002    2  1 
  51390.9783   13.844  0.002    2  1 
  51391.9728   14.726  0.003    2  1 
  51391.9754   14.726  0.003    2  1 
  51391.9779   14.728  0.003    2  1 
  51671.0871   13.882  0.003    2  1 
  51671.0917   13.856  0.003    2  1 
  51671.0952   13.838  0.003    2  1 
  51671.1189   13.890  0.003    2  1 
  51671.1232   13.907  0.003    2  1 
  51671.9996   14.675  0.004    2  1 
  51672.0039   14.673  0.004    2  1 
  51672.0350   14.701  0.004    2  1 
  51672.0382   14.710  0.004    2  1 
  51673.0232   14.197  0.003    2  1 
  51674.0574   14.872  0.007    2  1 
  51674.0620   14.892  0.008    2  1 
  51674.0938   14.828  0.007    2  1 
  51674.0985   14.767  0.006    2  1 
  51674.1159   14.414  0.005    2  1 
  51674.1223   14.263  0.004    2  1 
  51674.9763   14.518  0.005    2  1 
  51674.9824   14.544  0.006    2  1 
  51675.0212   14.622  0.006    2  1 
  51676.0163   13.920  0.003    2  1 
  51692.9816   14.769  0.005    2  1 
  51692.9854   14.770  0.005    2  1 
  51693.9780   14.610  0.004    2  1 
  51693.9814   14.611  0.004    2  1 
  51694.9914   14.031  0.003    2  1 
  51694.9946   14.070  0.003    2  1 
  51765.9974   14.205  0.004    2  1 
  51766.0012   14.211  0.004    2  1 
  51766.0048   14.229  0.004    2  1 
  51766.0266   14.292  0.004    2  1 
  51766.0301   14.292  0.004    2  1 
  51216.3144   15.186  0.004    3  1 
  51216.3408   15.234  0.004    3  1 
  51216.3634   15.249  0.004    3  1 
  51216.3905   15.297  0.005    3  1 
  51217.3019   14.133  0.003    3  1 
  51217.3494   14.461  0.003    3  1 
  51217.3710   14.557  0.003    3  1 
  51217.3906   14.646  0.003    3  1 
  51218.2854   15.338  0.005    3  1 
  51218.3347   15.266  0.004    3  1 
  51218.3653   15.324  0.004    3  1 
  51218.3848   15.384  0.004    3  1 
  51219.2918   14.911  0.003    3  1 
  51219.3100   14.980  0.004    3  1 
  51219.3296   15.046  0.004    3  1 
  51219.3536   15.117  0.004    3  1 
  51219.3723   15.166  0.004    3  1 
  51220.2720   15.333  0.004    3  1 
  51220.2946   14.781  0.003    3  1 
  51220.3117   14.312  0.002    3  1 
  51220.3299   14.036  0.002    3  1 
  51220.3473   14.051  0.002    3  1 
  51220.3643   14.166  0.002    3  1 
  51220.3816   14.283  0.002    3  1 
  51221.2763   15.277  0.004    3  1 
  51221.2964   15.283  0.004    3  1 
  51221.3145   15.282  0.004    3  1 
  51221.3318   15.309  0.004    3  1 
  51221.3496   15.331  0.004    3  1 
  51221.3673   15.332  0.004    3  1 
  51283.2546   15.431  0.004    3  1 
  51283.2783   15.190  0.004    3  1 
  51283.3008   14.497  0.002    3  1 
  51283.3322   14.005  0.002    3  1 
  51283.3553   14.135  0.002    3  1 
  51283.3773   14.272  0.002    3  1 
  51284.2134   15.195  0.004    3  1 
  51284.2375   15.245  0.004    3  1 
  51284.2581   15.268  0.004    3  1 
  51284.2875   15.297  0.004    3  1 
  51284.3124   15.316  0.004    3  1 
  51284.3383   15.341  0.004    3  1 
  51285.0451   15.384  0.004    3  1 
  51285.0691   15.421  0.004    3  1 
  51285.0932   15.445  0.005    3  1 
  51285.1257   14.794  0.003    3  1 
  51285.1514   14.104  0.002    3  1 
  51285.1754   14.046  0.002    3  1 
  51285.2060   14.213  0.002    3  1 
  51285.2321   14.383  0.002    3  1 
  51285.2586   14.510  0.003    3  1 
  51285.2928   14.679  0.003    3  1 
  51285.3257   14.829  0.003    3  1 
  51286.0393   15.176  0.003    3  1 
  51286.0670   15.232  0.003    3  1 
  51286.1302   15.273  0.003    3  1 
  51286.1560   15.295  0.003    3  1 
  51286.1833   15.318  0.004    3  1 
  51286.2193   15.287  0.004    3  1 
  51286.2434   15.300  0.004    3  1 
  51286.2655   15.388  0.004    3  1 
  51286.2958   15.416  0.004    3  1 
  51286.3291   15.316  0.004    3  1 
  51286.3521   14.670  0.003    3  1 
  51304.9838   15.142  0.003    3  1 
  51305.0251   15.246  0.005    3  1 
  51305.0718   15.282  0.004    3  1 
  51305.0961   15.290  0.004    3  1 
  51305.1465   15.359  0.006    3  1 
  51305.1755   15.309  0.005    3  1 
  51305.2054   15.323  0.006    3  1 
  51305.2345   15.414  0.005    3  1 
  51305.2666   15.432  0.005    3  1 
  51305.2880   15.323  0.004    3  1 
  51305.9773   14.125  0.002    3  1 
  51306.0428   14.492  0.003    3  1 
  51306.1330   14.873  0.003    3  1 
  51306.1578   14.973  0.004    3  1 
  51306.1875   15.067  0.003    3  1 
  51306.2771   15.269  0.003    3  1 
  51306.2972   15.297  0.004    3  1 
  51308.0025   15.025  0.003    3  1 
  51308.0600   15.176  0.003    3  1 
  51308.0958   15.243  0.003    3  1 
  51308.1244   15.265  0.004    3  1 
  51311.9792   15.526  0.007    3  1 
  51311.9983   15.487  0.005    3  1 
  51312.0087   15.411  0.005    3  1 
  51312.0350   14.865  0.003    3  1 
  51312.0550   14.265  0.002    3  1 
  51312.0672   14.058  0.002    3  1 
  51312.0870   14.019  0.002    3  1 
  51312.0988   14.111  0.002    3  1 
  51312.9828   15.241  0.003    3  1 
  51313.0063   15.261  0.003    3  1 
  51313.0300   15.270  0.003    3  1 
  51313.1113   15.328  0.004    3  1 
  51313.9807   14.410  0.002    3  1 
  51314.0143   14.576  0.003    3  1 
  51314.0397   14.685  0.003    3  1 
  51314.1124   14.974  0.004    3  1 
  51314.9752   15.290  0.004    3  1 
  51315.0102   15.370  0.004    3  1 
  51315.0336   15.430  0.004    3  1 
  51315.0747   15.329  0.004    3  1 
  51315.0982   14.690  0.003    3  1 
  51315.1216   14.100  0.002    3  1 
  51316.0399   15.233  0.003    3  1 
  51316.0634   15.256  0.004    3  1 
  51316.0869   15.284  0.004    3  1 
  51316.1115   15.277  0.003    3  1 
  51316.9740   14.036  0.002    3  1 
  51317.0052   14.132  0.003    3  1 
  51317.0282   14.215  0.004    3  1 
  51317.0566   14.484  0.003    3  1 
  51317.0822   14.608  0.003    3  1 
  51317.1075   14.722  0.003    3  1 
  51317.9847   15.366  0.005    3  1 
  51318.0099   15.377  0.005    3  1 
  51318.0374   15.381  0.007    3  1 
  51318.1226   15.514  0.007    3  1 
  51318.9772   14.872  0.003    3  1 
  51319.0019   15.008  0.004    3  1 
  51319.0274   15.047  0.004    3  1 
  51319.0757   15.188  0.004    3  1 
  51319.0997   15.236  0.004    3  1 
  51320.1000   14.426  0.002    3  1 
  51320.1208   14.527  0.002    3  1 
  51320.1417   14.633  0.003    3  1 
  51321.0400   15.340  0.004    3  1 
  51321.0624   15.333  0.004    3  1 
  51321.0930   15.301  0.004    3  1 
  51321.1217   15.334  0.003    3  1 
  51380.9937   15.341  0.004    3  1 
  51381.9793   14.895  0.003    3  1 
  51382.9755   15.126  0.005    3  1 
  51383.9715   15.275  0.003    3  1 
  51385.9679   15.370  0.004    3  1 
  51386.9917   15.228  0.004    3  1 
  51388.9755   15.330  0.005    3  1 
  51389.9750   15.058  0.003    3  1 
  51693.9923   15.168  0.003    3  1 
  51695.0052   14.328  0.002    3  1 
 56468.97641   13.120  0.071   -1  1 
 56469.04707   13.066  0.062   -1  1 
 56469.10896   13.227  0.130   -1  1 
 56469.17285   13.260  0.023   -1  1 
 56471.00364   13.303  0.060   -1  1 
 56471.06640   13.175  0.018   -1  1 
 56471.12490   12.960  0.031   -1  1 
 56471.18188   13.012  0.022   -1  1 
 56471.96759   12.852  0.045   -1  1 
 56472.03374   13.083  0.032   -1  1 
 56472.09484   13.147  0.019   -1  1 
 56472.15243   13.151  0.025   -1  1 
 56468.95296   13.008  0.098   -2  1 
 56469.02441   12.974  0.071   -2  1 
 56469.08813   12.967  0.047   -2  1 
 56469.15134   13.145  0.047   -2  1 
 56471.02588   13.101  0.053   -2  1 
 56471.08671   12.972  0.033   -2  1 
 56471.14302   12.897  0.017   -2  1 
 56471.94704   12.911  0.019   -2  1 
 56472.01085   13.026  0.061   -2  1 
 56472.07480   12.970  0.034   -2  1 
 56472.13240   13.066  0.010   -2  1 
 56472.19216   13.050  0.021   -2  1 
 56469.00041   13.316  0.040   -5  1 
 56469.06767   13.416  0.019   -5  1 
 56469.13003   13.430  0.025   -5  1 
 56469.19349   13.545  0.022   -5  1 
 56470.98130   13.537  0.013   -5  1 
 56471.04693   13.522  0.022   -5  1 
 56471.10523   13.094  0.019   -5  1 
 56471.16397   13.175  0.011   -5  1 
 56471.98857   13.355  0.020   -5  1 
 56472.05430   13.480  0.026   -5  1 
 56472.11383   13.340  0.022   -5  1 
 56472.17109   13.375  0.015   -5  1 
