  51216.3218   14.773  0.006    2  1 
  51216.3464   14.829  0.005    2  1 
  51216.3689   14.843  0.006    2  1 
  51216.3980   14.815  0.007    2  1 
  51217.3101   14.827  0.006    2  1 
  51217.3328   14.786  0.005    2  1 
  51217.3552   14.698  0.005    2  1 
  51217.3759   14.608  0.005    2  1 
  51217.3953   14.551  0.005    2  1 
  51218.2773   14.684  0.006    2  1 
  51218.3093   14.571  0.005    2  1 
  51218.3298   14.543  0.005    2  1 
  51218.3573   14.543  0.005    2  1 
  51218.3794   14.576  0.005    2  1 
  51219.2978   14.575  0.005    2  1 
  51219.3336   14.657  0.005    2  1 
  51219.3596   14.727  0.005    2  1 
  51219.3768   14.765  0.005    2  1 
  51220.2621   14.678  0.005    2  1 
  51220.2906   14.754  0.005    2  1 
  51220.3077   14.799  0.005    2  1 
  51220.3257   14.830  0.005    2  1 
  51220.3432   14.846  0.005    2  1 
  51220.3602   14.839  0.005    2  1 
  51220.3776   14.816  0.005    2  1 
  51221.2835   14.839  0.005    2  1 
  51221.3009   14.810  0.005    2  1 
  51221.3188   14.755  0.005    2  1 
  51221.3358   14.685  0.005    2  1 
  51221.3538   14.605  0.005    2  1 
  51221.3722   14.559  0.005    2  1 
  51283.2451   14.621  0.004    2  1 
  51283.2493   14.632  0.004    2  1 
  51283.2714   14.682  0.005    2  1 
  51283.2748   14.696  0.005    2  1 
  51283.2939   14.740  0.004    2  1 
  51283.2972   14.753  0.005    2  1 
  51283.3202   14.808  0.005    2  1 
  51283.3234   14.811  0.005    2  1 
  51283.3487   14.848  0.005    2  1 
  51283.3518   14.844  0.005    2  1 
  51283.3707   14.841  0.005    2  1 
  51283.3738   14.830  0.005    2  1 
  51284.2195   14.761  0.005    2  1 
  51284.2229   14.771  0.005    2  1 
  51284.2413   14.818  0.005    2  1 
  51284.2443   14.819  0.005    2  1 
  51284.2617   14.846  0.005    2  1 
  51284.2942   14.838  0.005    2  1 
  51284.2973   14.837  0.005    2  1 
  51284.3168   14.799  0.005    2  1 
  51284.3211   14.780  0.005    2  1 
  51284.3464   14.677  0.005    2  1 
  51285.0513   14.573  0.004    2  1 
  51285.0543   14.574  0.004    2  1 
  51285.0739   14.616  0.004    2  1 
  51285.0778   14.621  0.004    2  1 
  51285.0975   14.668  0.004    2  1 
  51285.1006   14.670  0.005    2  1 
  51285.1324   14.758  0.005    2  1 
  51285.1360   14.761  0.005    2  1 
  51285.1558   14.810  0.004    2  1 
  51285.1588   14.807  0.004    2  1 
  51285.1796   14.846  0.005    2  1 
  51285.1830   14.846  0.005    2  1 
  51285.2125   14.839  0.005    2  1 
  51285.2157   14.826  0.005    2  1 
  51285.2426   14.772  0.005    2  1 
  51285.2630   14.682  0.005    2  1 
  51285.2998   14.558  0.004    2  1 
  51285.3348   14.539  0.004    2  1 
  51286.0461   14.748  0.004    2  1 
  51286.0493   14.757  0.004    2  1 
  51286.0716   14.805  0.004    2  1 
  51286.0753   14.814  0.004    2  1 
  51286.1026   14.846  0.004    2  1 
  51286.1061   14.844  0.004    2  1 
  51286.1365   14.827  0.005    2  1 
  51286.1398   14.823  0.005    2  1 
  51286.1608   14.752  0.005    2  1 
  51286.1639   14.759  0.004    2  1 
  51286.1669   14.748  0.004    2  1 
  51286.1875   14.656  0.004    2  1 
  51286.1908   14.637  0.004    2  1 
  51286.2255   14.553  0.004    2  1 
  51286.2285   14.550  0.004    2  1 
  51286.2508   14.538  0.004    2  1 
  51286.2697   14.558  0.004    2  1 
  51286.2727   14.558  0.004    2  1 
  51286.3022   14.613  0.004    2  1 
  51286.3055   14.624  0.004    2  1 
  51286.3218   14.669  0.004    2  1 
  51286.3250   14.676  0.004    2  1 
  51286.3450   14.716  0.004    2  1 
  51286.3481   14.738  0.004    2  1 
  51304.9873   14.694  0.004    2  1 
  51304.9926   14.695  0.004    2  1 
  51305.0328   14.809  0.005    2  1 
  51305.0362   14.810  0.005    2  1 
  51305.0559   14.839  0.005    2  1 
  51305.0599   14.840  0.005    2  1 
  51305.0890   14.843  0.005    2  1 
  51305.0922   14.838  0.005    2  1 
  51305.1269   14.761  0.005    2  1 
  51305.1509   14.654  0.005    2  1 
  51305.1853   14.560  0.004    2  1 
  51305.1885   14.551  0.005    2  1 
  51305.2098   14.542  0.004    2  1 
  51305.2128   14.541  0.004    2  1 
  51305.2431   14.571  0.004    2  1 
  51305.2461   14.569  0.004    2  1 
  51305.2704   14.627  0.005    2  1 
  51305.2734   14.633  0.004    2  1 
  51305.2995   14.700  0.005    2  1 
  51305.9857   14.839  0.004    2  1 
  51305.9885   14.850  0.004    2  1 
  51305.9912   14.850  0.004    2  1 
  51306.0256   14.812  0.004    2  1 
  51306.0285   14.804  0.004    2  1 
  51306.0465   14.750  0.005    2  1 
  51306.0498   14.742  0.004    2  1 
  51306.0896   14.583  0.004    2  1 
  51306.0930   14.574  0.004    2  1 
  51306.1123   14.555  0.004    2  1 
  51306.1151   14.549  0.004    2  1 
  51306.1375   14.545  0.004    2  1 
  51306.1405   14.547  0.004    2  1 
  51306.1636   14.575  0.004    2  1 
  51306.1673   14.582  0.004    2  1 
  51306.1937   14.638  0.004    2  1 
  51306.1966   14.655  0.004    2  1 
  51306.2146   14.694  0.005    2  1 
  51306.2343   14.744  0.004    2  1 
  51306.2380   14.747  0.004    2  1 
  51306.2574   14.802  0.004    2  1 
  51306.2602   14.808  0.004    2  1 
  51306.2805   14.838  0.004    2  1 
  51306.2835   14.839  0.004    2  1 
  51306.3038   14.851  0.005    2  1 
  51306.3135   14.831  0.005    2  1 
  51306.3184   14.829  0.006    2  1 
  51307.0456   14.544  0.005    2  1 
  51307.0501   14.548  0.005    2  1 
  51307.0593   14.547  0.004    2  1 
  51307.0645   14.548  0.003    2  1 
  51307.0699   14.582  0.007    2  1 
  51307.0747   14.576  0.005    2  1 
  51308.0084   14.596  0.004    2  1 
  51308.0112   14.601  0.003    2  1 
  51308.0334   14.657  0.003    2  1 
  51308.0362   14.660  0.003    2  1 
  51308.0394   14.671  0.004    2  1 
  51308.0633   14.733  0.004    2  1 
  51308.0663   14.743  0.004    2  1 
  51308.0995   14.816  0.004    2  1 
  51308.1280   14.841  0.005    2  1 
  51308.1309   14.845  0.005    2  1 
  51310.0850   14.549  0.003    2  1 
  51310.0874   14.546  0.003    2  1 
  51310.0897   14.542  0.003    2  1 
  51310.1430   14.577  0.004    2  1 
  51310.1458   14.582  0.004    2  1 
  51310.1486   14.583  0.004    2  1 
  51311.0244   14.559  0.005    2  1 
  51311.0302   14.552  0.005    2  1 
  51311.0334   14.555  0.005    2  1 
  51311.0506   14.569  0.003    2  1 
  51311.0539   14.568  0.003    2  1 
  51311.0637   14.593  0.004    2  1 
  51311.0669   14.596  0.005    2  1 
  51311.0702   14.604  0.002    2  1 
  51311.0907   14.644  0.005    2  1 
  51311.0946   14.654  0.005    2  1 
  51311.1015   14.672  0.004    2  1 
  51311.1071   14.688  0.005    2  1 
  51311.1298   14.748  0.005    2  1 
  51311.1327   14.751  0.005    2  1 
  51311.1357   14.762  0.005    2  1 
  51311.1398   14.768  0.005    2  1 
  51311.1447   14.788  0.005    2  1 
  51311.9755   14.590  0.005    2  1 
  51312.0020   14.631  0.004    2  1 
  51312.0049   14.641  0.005    2  1 
  51312.0255   14.695  0.005    2  1 
  51312.0284   14.694  0.004    2  1 
  51312.0314   14.708  0.004    2  1 
  51312.0584   14.774  0.004    2  1 
  51312.0611   14.777  0.004    2  1 
  51312.0638   14.787  0.004    2  1 
  51312.0903   14.834  0.004    2  1 
  51312.0955   14.839  0.004    2  1 
  51312.1146   14.851  0.004    2  1 
  51312.1173   14.850  0.004    2  1 
  51312.1200   14.845  0.004    2  1 
  51312.9860   14.800  0.004    2  1 
  51312.9887   14.809  0.004    2  1 
  51312.9913   14.809  0.004    2  1 
  51313.0096   14.837  0.004    2  1 
  51313.0123   14.841  0.004    2  1 
  51313.0149   14.840  0.004    2  1 
  51313.0333   14.847  0.004    2  1 
  51313.0360   14.851  0.004    2  1 
  51313.0386   14.843  0.004    2  1 
  51313.0413   14.845  0.005    2  1 
  51313.0595   14.813  0.004    2  1 
  51313.0622   14.807  0.004    2  1 
  51313.0648   14.800  0.004    2  1 
  51313.0911   14.704  0.004    2  1 
  51313.0937   14.699  0.004    2  1 
  51313.0964   14.686  0.004    2  1 
  51313.1146   14.609  0.004    2  1 
  51313.1172   14.599  0.004    2  1 
  51313.1199   14.595  0.004    2  1 
  51313.1226   14.589  0.004    2  1 
  51313.9843   14.799  0.005    2  1 
  51313.9872   14.789  0.005    2  1 
  51313.9901   14.788  0.005    2  1 
  51314.0178   14.673  0.005    2  1 
  51314.0207   14.662  0.004    2  1 
  51314.0236   14.643  0.004    2  1 
  51314.0432   14.581  0.004    2  1 
  51314.0461   14.575  0.004    2  1 
  51314.0490   14.569  0.004    2  1 
  51314.0772   14.542  0.004    2  1 
  51314.0802   14.542  0.004    2  1 
  51314.0831   14.538  0.004    2  1 
  51314.1030   14.557  0.004    2  1 
  51314.1059   14.566  0.005    2  1 
  51314.1088   14.567  0.004    2  1 
  51314.1289   14.595  0.004    2  1 
  51314.1333   14.610  0.005    2  1 
  51314.1363   14.614  0.005    2  1 
  51314.9827   14.551  0.004    2  1 
  51314.9856   14.551  0.004    2  1 
  51314.9885   14.551  0.004    2  1 
  51315.0015   14.539  0.004    2  1 
  51315.0043   14.540  0.004    2  1 
  51315.0069   14.547  0.004    2  1 
  51315.0251   14.560  0.004    2  1 
  51315.0277   14.554  0.004    2  1 
  51315.0304   14.571  0.004    2  1 
  51315.0516   14.611  0.004    2  1 
  51315.0542   14.612  0.004    2  1 
  51315.0780   14.677  0.004    2  1 
  51315.0807   14.680  0.004    2  1 
  51315.0833   14.684  0.004    2  1 
  51315.1015   14.733  0.004    2  1 
  51315.1041   14.740  0.004    2  1 
  51315.1068   14.724  0.004    2  1 
  51315.1290   14.797  0.005    2  1 
  51315.1319   14.798  0.005    2  1 
  51316.0194   14.737  0.004    2  1 
  51316.0221   14.741  0.004    2  1 
  51316.0247   14.752  0.004    2  1 
  51316.0431   14.803  0.004    2  1 
  51316.0458   14.797  0.004    2  1 
  51316.0485   14.802  0.004    2  1 
  51316.0667   14.830  0.005    2  1 
  51316.0693   14.835  0.005    2  1 
  51316.0720   14.841  0.004    2  1 
  51316.0905   14.844  0.005    2  1 
  51316.0934   14.838  0.005    2  1 
  51316.0963   14.842  0.005    2  1 
  51316.1148   14.824  0.004    2  1 
  51316.1175   14.812  0.004    2  1 
  51316.1201   14.814  0.004    2  1 
  51316.9647   14.798  0.005    2  1 
  51316.9676   14.816  0.005    2  1 
  51316.9705   14.812  0.005    2  1 
  51316.9896   14.844  0.004    2  1 
  51316.9923   14.844  0.004    2  1 
  51316.9949   14.853  0.004    2  1 
  51317.0088   14.846  0.005    2  1 
  51317.0117   14.841  0.005    2  1 
  51317.0321   14.821  0.006    2  1 
  51317.0351   14.814  0.005    2  1 
  51317.0391   14.806  0.005    2  1 
  51317.0602   14.736  0.005    2  1 
  51317.0631   14.731  0.004    2  1 
  51317.0660   14.719  0.004    2  1 
  51317.0858   14.629  0.004    2  1 
  51317.0887   14.617  0.005    2  1 
  51317.0916   14.614  0.004    2  1 
  51317.1111   14.561  0.004    2  1 
  51317.1140   14.565  0.004    2  1 
  51317.1169   14.555  0.004    2  1 
  51317.9657   14.783  0.005    2  1 
  51317.9685   14.779  0.005    2  1 
  51317.9883   14.703  0.005    2  1 
  51317.9912   14.688  0.005    2  1 
  51317.9941   14.672  0.004    2  1 
  51318.0135   14.606  0.005    2  1 
  51318.0164   14.596  0.005    2  1 
  51318.0194   14.577  0.005    2  1 
  51318.0413   14.553  0.005    2  1 
  51318.0445   14.550  0.005    2  1 
  51318.0477   14.544  0.005    2  1 
  51318.0697   14.544  0.005    2  1 
  51318.0730   14.554  0.005    2  1 
  51318.0762   14.555  0.005    2  1 
  51318.0981   14.592  0.005    2  1 
  51318.1014   14.593  0.005    2  1 
  51318.1046   14.609  0.005    2  1 
  51318.1265   14.653  0.006    2  1 
  51318.1298   14.660  0.006    2  1 
  51318.9642   14.548  0.004    2  1 
  51318.9680   14.547  0.004    2  1 
  51318.9708   14.544  0.004    2  1 
  51318.9737   14.543  0.004    2  1 
  51318.9929   14.553  0.004    2  1 
  51318.9956   14.551  0.004    2  1 
  51318.9983   14.554  0.004    2  1 
  51319.0180   14.591  0.004    2  1 
  51319.0209   14.597  0.004    2  1 
  51319.0238   14.603  0.004    2  1 
  51319.0443   14.648  0.005    2  1 
  51319.0474   14.655  0.005    2  1 
  51319.0505   14.665  0.005    2  1 
  51319.0793   14.737  0.004    2  1 
  51319.0820   14.748  0.004    2  1 
  51319.0847   14.756  0.004    2  1 
  51319.1030   14.798  0.005    2  1 
  51319.1084   14.807  0.004    2  1 
  51319.1110   14.809  0.004    2  1 
  51320.1030   14.794  0.003    2  1 
  51320.1053   14.789  0.003    2  1 
  51320.1076   14.780  0.003    2  1 
  51320.1238   14.716  0.003    2  1 
  51320.1261   14.708  0.003    2  1 
  51320.1284   14.700  0.004    2  1 
  51320.1450   14.628  0.004    2  1 
  51320.1477   14.618  0.004    2  1 
  51320.1503   14.607  0.004    2  1 
  51320.9635   14.840  0.005    2  1 
  51320.9664   14.839  0.005    2  1 
  51320.9693   14.840  0.005    2  1 
  51320.9887   14.851  0.004    2  1 
  51320.9911   14.848  0.004    2  1 
  51320.9936   14.841  0.004    2  1 
  51321.0102   14.829  0.003    2  1 
  51321.0126   14.818  0.004    2  1 
  51321.0150   14.810  0.004    2  1 
  51321.0318   14.766  0.004    2  1 
  51321.0344   14.752  0.004    2  1 
  51321.0369   14.742  0.004    2  1 
  51321.0543   14.675  0.004    2  1 
  51321.0568   14.656  0.004    2  1 
  51321.0594   14.645  0.004    2  1 
  51321.0847   14.566  0.004    2  1 
  51321.0873   14.568  0.004    2  1 
  51321.0898   14.560  0.004    2  1 
  51321.1133   14.543  0.004    2  1 
  51321.1159   14.542  0.004    2  1 
  51321.1186   14.538  0.004    2  1 
  51321.1339   14.550  0.004    2  1 
  51321.1365   14.557  0.004    2  1 
  51332.9696   14.723  0.007    2  1 
  51332.9739   14.709  0.006    2  1 
  51332.9891   14.641  0.005    2  1 
  51332.9928   14.630  0.006    2  1 
  51332.9965   14.613  0.006    2  1 
  51333.0083   14.579  0.005    2  1 
  51333.0120   14.571  0.005    2  1 
  51333.0226   14.548  0.005    2  1 
  51333.0264   14.547  0.005    2  1 
  51333.0514   14.535  0.005    2  1 
  51333.0552   14.543  0.006    2  1 
  51333.0742   14.562  0.005    2  1 
  51333.0779   14.564  0.006    2  1 
  51333.0907   14.597  0.005    2  1 
  51333.0945   14.602  0.005    2  1 
  51333.1178   14.656  0.005    2  1 
  51333.1221   14.666  0.005    2  1 
  51333.1335   14.689  0.006    2  1 
  51333.1529   14.750  0.006    2  1 
  51333.1565   14.756  0.006    2  1 
  51333.1716   14.788  0.006    2  1 
  51333.1752   14.799  0.006    2  1 
  51334.9871   14.744  0.004    2  1 
  51335.0175   14.817  0.005    2  1 
  51335.0204   14.823  0.005    2  1 
  51335.0301   14.836  0.005    2  1 
  51335.0334   14.841  0.005    2  1 
  51335.0517   14.848  0.005    2  1 
  51335.0552   14.845  0.006    2  1 
  51335.0692   14.840  0.006    2  1 
  51335.0727   14.836  0.005    2  1 
  51335.0833   14.813  0.006    2  1 
  51335.0867   14.803  0.005    2  1 
  51335.1133   14.713  0.005    2  1 
  51335.1167   14.696  0.005    2  1 
  51335.9535   14.843  0.006    2  1 
  51335.9726   14.840  0.006    2  1 
  51335.9768   14.843  0.005    2  1 
  51335.9997   14.815  0.005    2  1 
  51336.0027   14.809  0.005    2  1 
  51336.0203   14.756  0.005    2  1 
  51336.0357   14.692  0.005    2  1 
  51336.0388   14.683  0.005    2  1 
  51336.0593   14.595  0.005    2  1 
  51336.0629   14.582  0.005    2  1 
  51336.0769   14.559  0.005    2  1 
  51336.0803   14.549  0.005    2  1 
  51336.1025   14.540  0.005    2  1 
  51336.1059   14.539  0.005    2  1 
  51336.1206   14.541  0.005    2  1 
  51336.1240   14.547  0.005    2  1 
  51337.0101   14.555  0.004    2  1 
  51337.9904   14.604  0.005    2  1 
  51337.9940   14.617  0.006    2  1 
  51338.0162   14.665  0.005    2  1 
  51338.0196   14.681  0.005    2  1 
  51338.0339   14.712  0.006    2  1 
  51338.0376   14.721  0.006    2  1 
  51338.9901   14.807  0.005    2  1 
  51338.9938   14.811  0.005    2  1 
  51339.0226   14.842  0.006    2  1 
  51339.0269   14.845  0.006    2  1 
  51339.0867   14.725  0.006    2  1 
  51339.0905   14.709  0.006    2  1 
  51339.1139   14.612  0.005    2  1 
  51339.1177   14.600  0.005    2  1 
  51339.1448   14.546  0.005    2  1 
  51339.1482   14.545  0.005    2  1 
  51339.9766   14.815  0.005    2  1 
  51339.9795   14.806  0.005    2  1 
  51340.0044   14.721  0.004    2  1 
  51340.0078   14.714  0.004    2  1 
  51340.0274   14.626  0.005    2  1 
  51340.0306   14.620  0.004    2  1 
  51340.0540   14.555  0.005    2  1 
  51340.0572   14.554  0.005    2  1 
  51340.0857   14.537  0.005    2  1 
  51340.0892   14.540  0.005    2  1 
  51340.1152   14.573  0.005    2  1 
  51340.1197   14.584  0.005    2  1 
  51340.1229   14.581  0.005    2  1 
  51340.1263   14.591  0.005    2  1 
  51340.1404   14.621  0.005    2  1 
  51340.1437   14.634  0.005    2  1 
  51344.9924   14.553  0.004    2  1 
  51344.9958   14.556  0.003    2  1 
  51344.9988   14.556  0.004    2  1 
  51345.0216   14.600  0.004    2  1 
  51345.0255   14.602  0.005    2  1 
  51345.0302   14.615  0.005    2  1 
  51345.0553   14.675  0.005    2  1 
  51345.0603   14.691  0.004    2  1 
  51345.9856   14.700  0.006    2  1 
  51345.9896   14.716  0.006    2  1 
  51346.0219   14.793  0.006    2  1 
  51346.0264   14.802  0.005    2  1 
  51346.0486   14.844  0.006    2  1 
  51346.0523   14.846  0.006    2  1 
  51346.0791   14.841  0.005    2  1 
  51346.0826   14.831  0.005    2  1 
  51347.0416   14.709  0.005    2  1 
  51347.0453   14.694  0.004    2  1 
  51347.0743   14.578  0.004    2  1 
  51347.0777   14.569  0.004    2  1 
  51347.0990   14.543  0.004    2  1 
  51347.1022   14.540  0.003    2  1 
  51347.9769   14.644  0.005    2  1 
  51347.9802   14.638  0.005    2  1 
  51347.9834   14.614  0.004    2  1 
  51347.9983   14.575  0.005    2  1 
  51348.0028   14.563  0.004    2  1 
  51348.0063   14.565  0.004    2  1 
  51348.0242   14.537  0.004    2  1 
  51348.0274   14.544  0.004    2  1 
  51348.0943   14.627  0.006    2  1 
  51348.0983   14.636  0.006    2  1 
  51348.1018   14.647  0.006    2  1 
  51348.9650   14.552  0.004    2  1 
  51348.9853   14.571  0.004    2  1 
  51348.9883   14.576  0.004    2  1 
  51348.9912   14.586  0.004    2  1 
  51349.0316   14.674  0.005    2  1 
  51349.0346   14.686  0.005    2  1 
  51349.9815   14.763  0.004    2  1 
  51349.9851   14.770  0.004    2  1 
  51349.9973   14.799  0.005    2  1 
  51350.0033   14.806  0.006    2  1 
  51350.0066   14.812  0.005    2  1 
  51350.0164   14.829  0.005    2  1 
  51350.0197   14.831  0.005    2  1 
  51350.0296   14.842  0.005    2  1 
  51380.9973   14.708  0.004    2  1 
  51381.0004   14.693  0.004    2  1 
  51381.0031   14.675  0.004    2  1 
  51381.0187   14.612  0.004    2  1 
  51381.0214   14.597  0.004    2  1 
  51381.0242   14.593  0.004    2  1 
  51381.9830   14.542  0.004    2  1 
  51381.9859   14.542  0.004    2  1 
  51381.9888   14.542  0.005    2  1 
  51382.0000   14.542  0.004    2  1 
  51382.0029   14.543  0.004    2  1 
  51382.9793   14.660  0.005    2  1 
  51382.9826   14.675  0.005    2  1 
  51382.9857   14.683  0.005    2  1 
  51382.9965   14.710  0.005    2  1 
  51382.9995   14.709  0.005    2  1 
  51383.9746   14.837  0.004    2  1 
  51383.9773   14.834  0.004    2  1 
  51383.9799   14.839  0.004    2  1 
  51383.9899   14.843  0.005    2  1 
  51383.9926   14.853  0.005    2  1 
  51384.9777   14.694  0.004    2  1 
  51384.9802   14.687  0.004    2  1 
  51384.9896   14.644  0.004    2  1 
  51384.9921   14.628  0.003    2  1 
  51385.9711   14.537  0.003    2  1 
  51385.9763   14.533  0.003    2  1 
  51385.9857   14.556  0.004    2  1 
  51385.9884   14.550  0.004    2  1 
  51386.9965   14.765  0.005    2  1 
  51387.0003   14.774  0.005    2  1 
  51387.0041   14.785  0.005    2  1 
  51387.0216   14.817  0.005    2  1 
  51387.0254   14.842  0.005    2  1 
  51387.0293   14.828  0.005    2  1 
  51388.9801   14.584  0.005    2  1 
  51388.9834   14.574  0.005    2  1 
  51388.9866   14.574  0.005    2  1 
  51388.9984   14.567  0.005    2  1 
  51389.0017   14.551  0.005    2  1 
  51389.9783   14.585  0.004    2  1 
  51389.9809   14.593  0.004    2  1 
  51389.9836   14.583  0.004    2  1 
  51390.9729   14.766  0.004    2  1 
  51390.9756   14.775  0.004    2  1 
  51390.9783   14.781  0.004    2  1 
  51391.9728   14.820  0.004    2  1 
  51391.9754   14.817  0.004    2  1 
  51391.9779   14.811  0.004    2  1 
  51671.0871   14.601  0.005    2  1 
  51671.0917   14.616  0.005    2  1 
  51671.0952   14.625  0.005    2  1 
  51671.1189   14.680  0.005    2  1 
  51671.1232   14.693  0.005    2  1 
  51671.9996   14.596  0.004    2  1 
  51672.0039   14.605  0.004    2  1 
  51672.0350   14.677  0.004    2  1 
  51672.0382   14.683  0.004    2  1 
  51673.0232   14.836  0.004    2  1 
  51674.0574   14.591  0.006    2  1 
  51674.0620   14.577  0.006    2  1 
  51674.0938   14.536  0.005    2  1 
  51674.0985   14.543  0.005    2  1 
  51674.1159   14.545  0.005    2  1 
  51674.1223   14.562  0.005    2  1 
  51674.9763   14.591  0.005    2  1 
  51674.9824   14.572  0.005    2  1 
  51675.0212   14.541  0.005    2  1 
  51676.0163   14.688  0.005    2  1 
  51692.9816   14.755  0.005    2  1 
  51692.9854   14.737  0.005    2  1 
  51693.9780   14.549  0.004    2  1 
  51693.9814   14.537  0.004    2  1 
  51694.9914   14.711  0.004    2  1 
  51694.9946   14.714  0.004    2  1 
  51765.9974   14.818  0.005    2  1 
  51766.0012   14.814  0.005    2  1 
  51766.0048   14.822  0.005    2  1 
  51766.0266   14.847  0.005    2  1 
  51766.0301   14.841  0.005    2  1 
  51216.3144   15.099  0.004    3  1 
  51216.3408   15.171  0.004    3  1 
  51216.3634   15.201  0.004    3  1 
  51216.3905   15.197  0.005    3  1 
  51217.3019   15.208  0.004    3  1 
  51217.3710   14.914  0.003    3  1 
  51217.3906   14.839  0.003    3  1 
  51218.2854   14.933  0.004    3  1 
  51218.3156   14.834  0.005    3  1 
  51218.3347   14.805  0.003    3  1 
  51218.3653   14.816  0.003    3  1 
  51218.3848   14.855  0.003    3  1 
  51219.2918   14.833  0.003    3  1 
  51219.3100   14.887  0.004    3  1 
  51219.3296   14.937  0.003    3  1 
  51219.3536   15.024  0.004    3  1 
  51219.3723   15.088  0.004    3  1 
  51220.2720   15.034  0.004    3  1 
  51220.2946   15.107  0.004    3  1 
  51220.3117   15.160  0.004    3  1 
  51220.3299   15.193  0.004    3  1 
  51220.3473   15.212  0.004    3  1 
  51220.3643   15.198  0.004    3  1 
  51220.3816   15.162  0.004    3  1 
  51221.2763   15.215  0.004    3  1 
  51221.2964   15.170  0.004    3  1 
  51221.3145   15.103  0.004    3  1 
  51221.3318   15.010  0.003    3  1 
  51221.3496   14.904  0.003    3  1 
  51221.3673   14.836  0.003    3  1 
  51283.2546   14.930  0.003    3  1 
  51283.2783   15.014  0.003    3  1 
  51283.3008   15.092  0.003    3  1 
  51283.3322   15.188  0.004    3  1 
  51283.3553   15.218  0.003    3  1 
  51283.3773   15.217  0.003    3  1 
  51284.2134   15.072  0.003    3  1 
  51284.2375   15.155  0.004    3  1 
  51284.2581   15.201  0.004    3  1 
  51284.2875   15.210  0.004    3  1 
  51284.3124   15.165  0.004    3  1 
  51284.3383   15.039  0.004    3  1 
  51285.0451   14.819  0.003    3  1 
  51285.0691   14.859  0.003    3  1 
  51285.0932   14.928  0.004    3  1 
  51285.1257   15.060  0.003    3  1 
  51285.1514   15.150  0.004    3  1 
  51285.1754   15.197  0.003    3  1 
  51285.2060   15.203  0.004    3  1 
  51285.2321   15.148  0.004    3  1 
  51285.2586   15.017  0.003    3  1 
  51285.2928   14.846  0.003    3  1 
  51285.3257   14.804  0.003    3  1 
  51286.0393   15.061  0.003    3  1 
  51286.0670   15.145  0.003    3  1 
  51286.0977   15.201  0.003    3  1 
  51286.1302   15.189  0.003    3  1 
  51286.1560   15.109  0.003    3  1 
  51286.1833   14.958  0.003    3  1 
  51286.2193   14.819  0.003    3  1 
  51286.2434   14.793  0.003    3  1 
  51286.2655   14.808  0.003    3  1 
  51286.2958   14.873  0.003    3  1 
  51286.3291   14.994  0.003    3  1 
  51286.3521   15.080  0.003    3  1 
  51304.9838   15.007  0.003    3  1 
  51305.0251   15.132  0.004    3  1 
  51305.0718   15.220  0.004    3  1 
  51305.0961   15.206  0.004    3  1 
  51305.1465   14.976  0.004    3  1 
  51305.1755   14.839  0.004    3  1 
  51305.2054   14.792  0.004    3  1 
  51305.2345   14.813  0.004    3  1 
  51305.2666   14.897  0.004    3  1 
  51305.2880   14.969  0.004    3  1 
  51305.9773   15.206  0.003    3  1 
  51306.0428   15.108  0.004    3  1 
  51306.0809   14.884  0.003    3  1 
  51306.1087   14.797  0.004    3  1 
  51306.1330   14.791  0.003    3  1 
  51306.1578   14.837  0.004    3  1 
  51306.1875   14.904  0.003    3  1 
  51306.2101   14.970  0.003    3  1 
  51306.2308   15.086  0.003    3  1 
  51306.2771   15.199  0.003    3  1 
  51306.2972   15.221  0.004    3  1 
  51308.0025   14.877  0.003    3  1 
  51308.0294   14.933  0.003    3  1 
  51308.0600   15.036  0.003    3  1 
  51308.0919   15.139  0.003    3  1 
  51308.0958   15.157  0.003    3  1 
  51308.1244   15.200  0.004    3  1 
  51310.1132   14.800  0.002    3  1 
  51311.9792   14.852  0.004    3  1 
  51311.9983   14.905  0.004    3  1 
  51312.0087   14.940  0.004    3  1 
  51312.0350   15.029  0.003    3  1 
  51312.0550   15.103  0.004    3  1 
  51312.0672   15.134  0.003    3  1 
  51312.0870   15.190  0.004    3  1 
  51312.0988   15.192  0.004    3  1 
  51312.9828   15.137  0.003    3  1 
  51313.0063   15.195  0.003    3  1 
  51313.0300   15.201  0.003    3  1 
  51313.0562   15.160  0.003    3  1 
  51313.1113   14.902  0.003    3  1 
  51313.9807   15.160  0.004    3  1 
  51314.0143   14.994  0.003    3  1 
  51314.0397   14.856  0.003    3  1 
  51314.1124   14.823  0.003    3  1 
  51314.9752   14.833  0.003    3  1 
  51315.0102   14.802  0.003    3  1 
  51315.0336   14.840  0.003    3  1 
  51315.0747   14.961  0.003    3  1 
  51315.0982   15.046  0.004    3  1 
  51315.1216   15.124  0.004    3  1 
  51316.0399   15.126  0.003    3  1 
  51316.0634   15.180  0.003    3  1 
  51316.0869   15.208  0.004    3  1 
  51316.1115   15.167  0.003    3  1 
  51316.9740   15.185  0.004    3  1 
  51317.0052   15.228  0.005    3  1 
  51317.0282   15.212  0.006    3  1 
  51317.0566   15.074  0.004    3  1 
  51317.0822   14.937  0.003    3  1 
  51317.1075   14.830  0.003    3  1 
  51317.9847   15.027  0.004    3  1 
  51318.0099   14.885  0.004    3  1 
  51318.0374   14.801  0.005    3  1 
  51318.1226   14.916  0.005    3  1 
  51318.9772   14.798  0.003    3  1 
  51319.0019   14.862  0.004    3  1 
  51319.0274   14.879  0.003    3  1 
  51319.0757   15.037  0.003    3  1 
  51319.0997   15.129  0.003    3  1 
  51320.1000   15.128  0.003    3  1 
  51320.1417   14.922  0.003    3  1 
  51320.9728   15.205  0.004    3  1 
  51321.0180   15.164  0.003    3  1 
  51321.0400   15.049  0.003    3  1 
  51321.0624   14.910  0.003    3  1 
  51321.0930   14.811  0.003    3  1 
  51321.1217   14.797  0.003    3  1 
  51380.9937   15.039  0.003    3  1 
  51381.9793   14.797  0.003    3  1 
  51382.9755   14.953  0.004    3  1 
  51383.9715   15.199  0.003    3  1 
  51385.9679   14.792  0.003    3  1 
  51386.9917   15.086  0.004    3  1 
  51388.9755   14.871  0.004    3  1 
  51389.9750   14.841  0.003    3  1 
  51693.9923   14.796  0.003    3  1 
  51695.0052   15.060  0.003    3  1 
 56468.97641   13.872  0.083   -1  1 
 56469.04707   13.707  0.078   -1  1 
 56469.10896   13.693  0.044   -1  1 
 56469.17285   13.780  0.018   -1  1 
 56471.00364   13.804  0.049   -1  1 
 56471.06640   13.930  0.015   -1  1 
 56471.12490   13.715  0.022   -1  1 
 56471.18188   13.663  0.019   -1  1 
 56471.96759   13.711  0.026   -1  1 
 56472.03374   13.787  0.024   -1  1 
 56472.09484   13.909  0.025   -1  1 
 56472.15243   13.719  0.015   -1  1 
 56468.95296   13.685  0.050   -2  1 
 56469.02441   13.615  0.046   -2  1 
 56469.08813   13.566  0.019   -2  1 
 56469.15134   13.606  0.031   -2  1 
 56471.02588   13.643  0.028   -2  1 
 56471.08671   13.609  0.022   -2  1 
 56471.14302   13.627  0.012   -2  1 
 56471.94704   13.720  0.013   -2  1 
 56472.01085   13.604  0.039   -2  1 
 56472.07480   13.608  0.019   -2  1 
 56472.13240   13.683  0.011   -2  1 
 56472.19216   13.616  0.016   -2  1 
 56469.00041   13.754  0.023   -5  1 
 56469.06767   13.819  0.013   -5  1 
 56469.13003   13.861  0.020   -5  1 
 56469.19349   13.890  0.022   -5  1 
 56470.98130   13.923  0.014   -5  1 
 56471.04693   13.916  0.017   -5  1 
 56471.10523   13.768  0.027   -5  1 
 56471.16397   13.854  0.013   -5  1 
 56471.98857   13.924  0.017   -5  1 
 56472.05430   13.937  0.025   -5  1 
 56472.11383   13.749  0.021   -5  1 
 56472.17109   13.774  0.018   -5  1 
