  51216.3218   14.528  0.005    2  1 
  51216.3464   14.620  0.005    2  1 
  51216.3689   14.692  0.005    2  1 
  51216.3980   14.764  0.007    2  1 
  51217.3101   14.357  0.005    2  1 
  51217.3328   14.278  0.004    2  1 
  51217.3552   14.319  0.004    2  1 
  51217.3759   14.378  0.004    2  1 
  51217.3953   14.442  0.005    2  1 
  51218.2773   15.076  0.007    2  1 
  51218.3093   15.116  0.006    2  1 
  51218.3298   15.173  0.006    2  1 
  51218.3573   15.112  0.006    2  1 
  51218.3794   14.666  0.005    2  1 
  51219.3336   15.046  0.006    2  1 
  51219.3596   15.064  0.006    2  1 
  51219.3768   15.074  0.006    2  1 
  51220.2621   14.819  0.005    2  1 
  51220.2906   14.879  0.005    2  1 
  51220.3077   14.915  0.005    2  1 
  51220.3257   14.955  0.006    2  1 
  51220.3432   14.966  0.005    2  1 
  51220.3602   14.988  0.006    2  1 
  51220.3776   15.004  0.006    2  1 
  51221.2835   14.607  0.005    2  1 
  51221.3009   14.669  0.005    2  1 
  51221.3188   14.720  0.005    2  1 
  51221.3358   14.768  0.005    2  1 
  51221.3538   14.808  0.005    2  1 
  51221.3722   14.853  0.005    2  1 
  51283.2451   14.522  0.004    2  1 
  51283.2493   14.541  0.004    2  1 
  51283.2714   14.629  0.005    2  1 
  51283.2748   14.643  0.004    2  1 
  51283.2939   14.708  0.004    2  1 
  51283.2972   14.721  0.004    2  1 
  51283.3202   14.791  0.005    2  1 
  51283.3234   14.794  0.005    2  1 
  51283.3487   14.862  0.005    2  1 
  51283.3518   14.870  0.005    2  1 
  51283.3707   14.924  0.005    2  1 
  51283.3738   14.932  0.005    2  1 
  51284.2195   14.252  0.004    2  1 
  51284.2229   14.164  0.003    2  1 
  51284.2413   13.982  0.003    2  1 
  51284.2443   13.990  0.003    2  1 
  51284.2617   14.089  0.003    2  1 
  51284.2942   14.285  0.004    2  1 
  51284.2973   14.303  0.004    2  1 
  51284.3168   14.405  0.004    2  1 
  51284.3211   14.427  0.004    2  1 
  51284.3464   14.548  0.004    2  1 
  51285.0513   14.992  0.005    2  1 
  51285.0543   14.996  0.005    2  1 
  51285.0739   15.046  0.005    2  1 
  51285.0778   15.044  0.005    2  1 
  51285.0975   15.080  0.006    2  1 
  51285.1006   15.099  0.006    2  1 
  51285.1324   15.123  0.006    2  1 
  51285.1360   15.120  0.005    2  1 
  51285.1558   15.132  0.005    2  1 
  51285.1588   15.141  0.005    2  1 
  51285.1796   15.144  0.005    2  1 
  51285.1830   15.135  0.005    2  1 
  51285.2125   15.113  0.005    2  1 
  51285.2157   15.113  0.005    2  1 
  51285.2362   15.150  0.011    2  1 
  51285.2426   15.147  0.006    2  1 
  51285.2630   15.223  0.007    2  1 
  51285.2666   15.228  0.011    2  1 
  51285.2998   14.774  0.005    2  1 
  51285.3033   14.629  0.007    2  1 
  51285.3308   14.242  0.006    2  1 
  51285.3348   13.967  0.003    2  1 
  51285.3382   14.104  0.006    2  1 
  51286.0461   14.727  0.004    2  1 
  51286.0493   14.736  0.004    2  1 
  51286.0716   14.809  0.004    2  1 
  51286.0753   14.819  0.004    2  1 
  51286.1026   14.893  0.005    2  1 
  51286.1061   14.900  0.005    2  1 
  51286.1365   14.969  0.005    2  1 
  51286.1398   14.986  0.005    2  1 
  51286.1608   15.013  0.005    2  1 
  51286.1639   15.032  0.005    2  1 
  51286.1669   15.030  0.005    2  1 
  51286.1875   15.062  0.005    2  1 
  51286.1908   15.075  0.005    2  1 
  51286.2255   15.111  0.005    2  1 
  51286.2285   15.117  0.005    2  1 
  51286.2476   15.130  0.005    2  1 
  51286.2508   15.134  0.005    2  1 
  51286.2697   15.148  0.005    2  1 
  51286.2727   15.139  0.005    2  1 
  51286.3022   15.125  0.005    2  1 
  51286.3055   15.116  0.005    2  1 
  51286.3218   15.107  0.005    2  1 
  51286.3250   15.117  0.005    2  1 
  51286.3450   15.162  0.006    2  1 
  51286.3481   15.172  0.006    2  1 
  51304.9873   15.165  0.005    2  1 
  51304.9926   15.169  0.005    2  1 
  51305.0328   15.015  0.005    2  1 
  51305.0362   14.958  0.005    2  1 
  51305.0559   14.549  0.004    2  1 
  51305.0599   14.451  0.004    2  1 
  51305.0890   14.092  0.003    2  1 
  51305.0922   14.105  0.003    2  1 
  51305.1269   14.301  0.004    2  1 
  51305.1509   14.412  0.005    2  1 
  51305.1853   14.539  0.004    2  1 
  51305.1885   14.551  0.005    2  1 
  51305.2098   14.628  0.004    2  1 
  51305.2128   14.628  0.004    2  1 
  51305.2431   14.729  0.005    2  1 
  51305.2461   14.747  0.005    2  1 
  51305.2704   14.818  0.005    2  1 
  51305.2734   14.819  0.005    2  1 
  51305.2966   14.877  0.010    2  1 
  51305.2995   14.897  0.005    2  1 
  51305.9857   15.040  0.004    2  1 
  51305.9885   15.043  0.004    2  1 
  51305.9912   15.038  0.004    2  1 
  51306.0256   15.030  0.004    2  1 
  51306.0285   15.037  0.004    2  1 
  51306.0465   15.071  0.005    2  1 
  51306.0498   15.068  0.005    2  1 
  51306.0896   15.156  0.005    2  1 
  51306.0930   15.151  0.005    2  1 
  51306.1123   15.112  0.005    2  1 
  51306.1151   15.107  0.005    2  1 
  51306.1375   14.831  0.004    2  1 
  51306.1405   14.769  0.004    2  1 
  51306.1636   14.288  0.003    2  1 
  51306.1673   14.211  0.003    2  1 
  51306.1937   14.157  0.003    2  1 
  51306.1966   14.175  0.003    2  1 
  51306.2146   14.273  0.004    2  1 
  51306.2343   14.378  0.003    2  1 
  51306.2380   14.390  0.003    2  1 
  51306.2574   14.464  0.003    2  1 
  51306.2602   14.467  0.003    2  1 
  51306.2805   14.533  0.003    2  1 
  51306.2835   14.546  0.003    2  1 
  51306.3009   14.603  0.002    2  1 
  51306.3038   14.615  0.004    2  1 
  51306.3135   14.639  0.004    2  1 
  51306.3184   14.661  0.005    2  1 
  51307.0456   15.002  0.006    2  1 
  51307.0501   15.002  0.006    2  1 
  51307.0593   15.028  0.005    2  1 
  51307.0645   15.057  0.005    2  1 
  51307.0699   15.092  0.013    2  1 
  51307.0747   15.070  0.008    2  1 
  51308.0084   14.786  0.004    2  1 
  51308.0112   14.796  0.004    2  1 
  51308.0334   14.848  0.004    2  1 
  51308.0362   14.855  0.004    2  1 
  51308.0394   14.872  0.004    2  1 
  51308.0633   14.911  0.004    2  1 
  51308.0663   14.912  0.004    2  1 
  51308.0995   14.966  0.004    2  1 
  51308.1280   14.979  0.005    2  1 
  51308.1309   14.985  0.005    2  1 
  51310.0850   14.444  0.003    2  1 
  51310.0874   14.452  0.002    2  1 
  51310.0897   14.460  0.002    2  1 
  51310.1430   14.621  0.004    2  1 
  51310.1458   14.629  0.004    2  1 
  51310.1486   14.635  0.004    2  1 
  51311.0244   15.180  0.009    2  1 
  51311.0302   15.154  0.008    2  1 
  51311.0334   15.151  0.007    2  1 
  51311.0506   15.090  0.004    2  1 
  51311.0539   15.087  0.004    2  1 
  51311.0637   14.945  0.005    2  1 
  51311.0669   14.894  0.006    2  1 
  51311.0907   14.562  0.005    2  1 
  51311.0946   14.500  0.004    2  1 
  51311.0980   14.624  0.001    2  1 
  51311.1015   14.380  0.004    2  1 
  51311.1071   14.305  0.004    2  1 
  51311.1298   14.244  0.004    2  1 
  51311.1327   14.248  0.004    2  1 
  51311.1357   14.264  0.004    2  1 
  51311.1398   14.278  0.004    2  1 
  51311.1447   14.296  0.004    2  1 
  51311.9726   14.985  0.006    2  1 
  51311.9755   14.975  0.006    2  1 
  51312.0020   14.989  0.005    2  1 
  51312.0049   14.998  0.006    2  1 
  51312.0255   15.003  0.005    2  1 
  51312.0284   14.999  0.005    2  1 
  51312.0314   14.997  0.005    2  1 
  51312.0584   15.018  0.005    2  1 
  51312.0611   15.028  0.005    2  1 
  51312.0638   15.035  0.005    2  1 
  51312.0903   15.085  0.004    2  1 
  51312.0929   15.127  0.001    2  1 
  51312.0955   15.101  0.005    2  1 
  51312.1146   15.123  0.005    2  1 
  51312.1173   15.125  0.005    2  1 
  51312.1200   15.127  0.005    2  1 
  51312.9860   14.868  0.004    2  1 
  51312.9887   14.875  0.004    2  1 
  51312.9913   14.885  0.004    2  1 
  51313.0096   14.901  0.004    2  1 
  51313.0123   14.916  0.004    2  1 
  51313.0149   14.914  0.004    2  1 
  51313.0333   14.937  0.005    2  1 
  51313.0360   14.948  0.005    2  1 
  51313.0386   14.945  0.005    2  1 
  51313.0413   14.943  0.005    2  1 
  51313.0595   14.954  0.004    2  1 
  51313.0622   14.967  0.004    2  1 
  51313.0648   14.960  0.004    2  1 
  51313.0911   14.978  0.005    2  1 
  51313.0937   14.976  0.004    2  1 
  51313.0964   14.982  0.004    2  1 
  51313.1146   14.990  0.004    2  1 
  51313.1172   14.990  0.004    2  1 
  51313.1199   14.995  0.005    2  1 
  51313.1226   15.002  0.005    2  1 
  51313.9843   14.629  0.004    2  1 
  51313.9872   14.634  0.004    2  1 
  51313.9901   14.646  0.004    2  1 
  51314.0178   14.722  0.005    2  1 
  51314.0207   14.725  0.005    2  1 
  51314.0236   14.734  0.004    2  1 
  51314.0432   14.777  0.005    2  1 
  51314.0461   14.786  0.005    2  1 
  51314.0490   14.790  0.005    2  1 
  51314.0772   14.855  0.005    2  1 
  51314.0802   14.860  0.005    2  1 
  51314.0831   14.864  0.005    2  1 
  51314.1030   14.897  0.005    2  1 
  51314.1059   14.918  0.006    2  1 
  51314.1088   14.914  0.005    2  1 
  51314.1289   14.935  0.005    2  1 
  51314.1333   14.939  0.006    2  1 
  51314.1363   14.947  0.006    2  1 
  51314.9827   14.347  0.004    2  1 
  51314.9856   14.347  0.004    2  1 
  51314.9885   14.359  0.004    2  1 
  51315.0015   14.392  0.004    2  1 
  51315.0043   14.399  0.004    2  1 
  51315.0069   14.410  0.003    2  1 
  51315.0251   14.471  0.003    2  1 
  51315.0277   14.474  0.003    2  1 
  51315.0304   14.485  0.003    2  1 
  51315.0516   14.540  0.004    2  1 
  51315.0542   14.547  0.004    2  1 
  51315.0780   14.623  0.004    2  1 
  51315.0807   14.626  0.004    2  1 
  51315.0833   14.632  0.004    2  1 
  51315.1015   14.684  0.004    2  1 
  51315.1041   14.691  0.004    2  1 
  51315.1068   14.702  0.004    2  1 
  51315.1290   14.764  0.005    2  1 
  51315.1319   14.767  0.005    2  1 
  51316.0194   14.660  0.004    2  1 
  51316.0221   14.617  0.003    2  1 
  51316.0247   14.593  0.003    2  1 
  51316.0431   14.441  0.003    2  1 
  51316.0458   14.419  0.003    2  1 
  51316.0485   14.402  0.003    2  1 
  51316.0667   14.340  0.004    2  1 
  51316.0693   14.343  0.004    2  1 
  51316.0720   14.345  0.003    2  1 
  51316.0905   14.380  0.004    2  1 
  51316.0934   14.396  0.004    2  1 
  51316.0963   14.404  0.004    2  1 
  51316.1148   14.458  0.003    2  1 
  51316.1175   14.461  0.003    2  1 
  51316.1201   14.471  0.003    2  1 
  51316.9647   14.982  0.005    2  1 
  51316.9676   14.988  0.005    2  1 
  51316.9705   15.007  0.006    2  1 
  51316.9896   15.028  0.005    2  1 
  51316.9923   15.032  0.005    2  1 
  51316.9949   15.039  0.005    2  1 
  51317.0088   15.056  0.005    2  1 
  51317.0117   15.055  0.005    2  1 
  51317.0321   15.098  0.007    2  1 
  51317.0351   15.095  0.006    2  1 
  51317.0391   15.107  0.006    2  1 
  51317.0602   15.122  0.006    2  1 
  51317.0631   15.100  0.005    2  1 
  51317.0660   15.110  0.005    2  1 
  51317.0858   15.036  0.005    2  1 
  51317.0887   15.022  0.006    2  1 
  51317.0916   14.974  0.005    2  1 
  51317.1111   14.734  0.005    2  1 
  51317.1140   14.698  0.005    2  1 
  51317.1169   14.656  0.005    2  1 
  51317.9657   14.935  0.006    2  1 
  51317.9685   14.941  0.006    2  1 
  51317.9883   14.964  0.006    2  1 
  51317.9912   14.955  0.005    2  1 
  51317.9941   14.952  0.005    2  1 
  51318.0135   14.959  0.005    2  1 
  51318.0164   14.975  0.006    2  1 
  51318.0194   14.960  0.006    2  1 
  51318.0413   14.954  0.006    2  1 
  51318.0445   14.971  0.007    2  1 
  51318.0477   14.955  0.006    2  1 
  51318.0697   14.994  0.006    2  1 
  51318.0730   15.016  0.007    2  1 
  51318.0762   15.022  0.007    2  1 
  51318.0981   15.082  0.008    2  1 
  51318.1014   15.061  0.007    2  1 
  51318.1046   15.100  0.008    2  1 
  51318.1265   15.132  0.008    2  1 
  51318.1298   15.130  0.008    2  1 
  51318.9642   14.741  0.004    2  1 
  51318.9680   14.744  0.005    2  1 
  51318.9708   14.756  0.004    2  1 
  51318.9737   14.758  0.004    2  1 
  51318.9929   14.796  0.004    2  1 
  51318.9956   14.811  0.004    2  1 
  51318.9983   14.799  0.005    2  1 
  51319.0180   14.849  0.005    2  1 
  51319.0209   14.842  0.005    2  1 
  51319.0238   14.845  0.005    2  1 
  51319.0443   14.887  0.005    2  1 
  51319.0474   14.882  0.005    2  1 
  51319.0505   14.893  0.006    2  1 
  51319.0793   14.926  0.005    2  1 
  51319.0820   14.937  0.004    2  1 
  51319.0847   14.936  0.004    2  1 
  51319.1030   14.948  0.005    2  1 
  51319.1084   14.948  0.005    2  1 
  51319.1110   14.952  0.004    2  1 
  51320.1030   14.824  0.003    2  1 
  51320.1053   14.824  0.003    2  1 
  51320.1076   14.828  0.003    2  1 
  51320.1261   14.858  0.004    2  1 
  51320.1284   14.856  0.004    2  1 
  51320.1450   14.886  0.004    2  1 
  51320.1477   14.892  0.004    2  1 
  51320.1503   14.893  0.004    2  1 
  51320.9635   14.582  0.004    2  1 
  51320.9664   14.562  0.004    2  1 
  51320.9693   14.549  0.004    2  1 
  51320.9887   14.445  0.003    2  1 
  51320.9911   14.424  0.003    2  1 
  51320.9936   14.422  0.003    2  1 
  51321.0102   14.381  0.003    2  1 
  51321.0126   14.385  0.003    2  1 
  51321.0150   14.386  0.003    2  1 
  51321.0318   14.408  0.003    2  1 
  51321.0344   14.419  0.003    2  1 
  51321.0369   14.422  0.003    2  1 
  51321.0543   14.457  0.003    2  1 
  51321.0568   14.469  0.003    2  1 
  51321.0594   14.481  0.003    2  1 
  51321.0847   14.540  0.003    2  1 
  51321.0873   14.549  0.004    2  1 
  51321.0898   14.553  0.004    2  1 
  51321.1133   14.625  0.004    2  1 
  51321.1159   14.631  0.004    2  1 
  51321.1186   14.638  0.004    2  1 
  51321.1339   14.678  0.004    2  1 
  51321.1365   14.686  0.004    2  1 
  51332.9696   15.189  0.009    2  1 
  51332.9739   15.209  0.008    2  1 
  51332.9891   15.181  0.007    2  1 
  51332.9928   15.192  0.008    2  1 
  51332.9965   15.166  0.008    2  1 
  51333.0083   15.003  0.006    2  1 
  51333.0120   14.916  0.006    2  1 
  51333.0226   14.666  0.005    2  1 
  51333.0264   14.598  0.005    2  1 
  51333.0514   14.330  0.005    2  1 
  51333.0552   14.306  0.005    2  1 
  51333.0742   14.261  0.005    2  1 
  51333.0779   14.265  0.005    2  1 
  51333.0907   14.290  0.004    2  1 
  51333.0945   14.302  0.004    2  1 
  51333.1178   14.375  0.004    2  1 
  51333.1221   14.386  0.005    2  1 
  51333.1335   14.424  0.005    2  1 
  51333.1529   14.501  0.005    2  1 
  51333.1565   14.515  0.006    2  1 
  51333.1716   14.569  0.005    2  1 
  51333.1752   14.590  0.005    2  1 
  51334.9871   14.976  0.005    2  1 
  51335.0175   15.001  0.005    2  1 
  51335.0204   15.005  0.005    2  1 
  51335.0301   15.000  0.005    2  1 
  51335.0334   15.013  0.005    2  1 
  51335.0517   15.034  0.006    2  1 
  51335.0552   15.042  0.006    2  1 
  51335.0692   15.062  0.006    2  1 
  51335.0727   15.060  0.006    2  1 
  51335.0833   15.077  0.007    2  1 
  51335.0867   15.077  0.006    2  1 
  51335.1133   15.101  0.007    2  1 
  51335.1167   15.098  0.007    2  1 
  51335.9535   14.696  0.005    2  1 
  51335.9726   14.755  0.005    2  1 
  51335.9768   14.770  0.005    2  1 
  51335.9997   14.829  0.005    2  1 
  51336.0027   14.829  0.005    2  1 
  51336.0203   14.870  0.005    2  1 
  51336.0357   14.904  0.006    2  1 
  51336.0388   14.919  0.006    2  1 
  51336.0593   14.952  0.006    2  1 
  51336.0629   14.957  0.006    2  1 
  51336.0769   14.981  0.006    2  1 
  51336.0803   14.990  0.006    2  1 
  51336.1025   15.010  0.006    2  1 
  51336.1059   15.018  0.006    2  1 
  51336.1206   15.034  0.007    2  1 
  51336.1240   15.028  0.006    2  1 
  51337.0101   14.557  0.005    2  1 
  51337.9904   14.213  0.005    2  1 
  51337.9940   14.182  0.005    2  1 
  51338.0162   14.162  0.004    2  1 
  51338.0196   14.162  0.004    2  1 
  51338.0339   14.225  0.005    2  1 
  51338.0376   14.233  0.005    2  1 
  51338.9901   15.137  0.006    2  1 
  51338.9938   15.142  0.006    2  1 
  51339.0226   15.222  0.008    2  1 
  51339.0269   15.190  0.007    2  1 
  51339.0867   14.181  0.005    2  1 
  51339.0905   14.165  0.005    2  1 
  51339.1139   14.155  0.004    2  1 
  51339.1177   14.168  0.004    2  1 
  51339.1448   14.297  0.004    2  1 
  51339.1482   14.312  0.004    2  1 
  51339.9766   15.077  0.005    2  1 
  51339.9795   15.082  0.005    2  1 
  51340.0044   15.096  0.005    2  1 
  51340.0078   15.095  0.005    2  1 
  51340.0274   15.127  0.006    2  1 
  51340.0306   15.126  0.006    2  1 
  51340.0540   15.123  0.006    2  1 
  51340.0572   15.126  0.006    2  1 
  51340.0857   15.150  0.007    2  1 
  51340.0892   15.150  0.007    2  1 
  51340.1152   15.208  0.007    2  1 
  51340.1197   15.203  0.007    2  1 
  51340.1229   15.195  0.006    2  1 
  51340.1263   15.194  0.006    2  1 
  51340.1404   15.024  0.006    2  1 
  51340.1437   14.947  0.006    2  1 
  51344.9924   15.125  0.005    2  1 
  51344.9958   15.127  0.004    2  1 
  51344.9988   15.118  0.005    2  1 
  51345.0216   15.115  0.006    2  1 
  51345.0255   15.122  0.007    2  1 
  51345.0302   15.130  0.006    2  1 
  51345.0553   15.204  0.006    2  1 
  51345.0603   15.192  0.006    2  1 
  51345.9856   15.098  0.007    2  1 
  51345.9896   15.104  0.007    2  1 
  51346.0219   15.142  0.007    2  1 
  51346.0264   15.144  0.006    2  1 
  51346.0486   15.153  0.006    2  1 
  51346.0523   15.152  0.006    2  1 
  51346.0791   15.146  0.006    2  1 
  51346.0826   15.142  0.005    2  1 
  51347.0416   15.040  0.006    2  1 
  51347.0453   15.055  0.004    2  1 
  51347.0743   15.100  0.005    2  1 
  51347.0777   15.099  0.005    2  1 
  51347.0990   15.139  0.005    2  1 
  51347.1022   15.136  0.004    2  1 
  51347.9769   14.544  0.004    2  1 
  51347.9802   14.555  0.004    2  1 
  51347.9834   14.565  0.004    2  1 
  51347.9983   14.620  0.005    2  1 
  51348.0028   14.642  0.005    2  1 
  51348.0063   14.651  0.004    2  1 
  51348.0242   14.712  0.005    2  1 
  51348.0274   14.727  0.005    2  1 
  51348.0943   14.934  0.007    2  1 
  51348.0983   14.953  0.008    2  1 
  51348.1018   14.956  0.007    2  1 
  51348.9650   13.929  0.003    2  1 
  51348.9853   14.077  0.003    2  1 
  51348.9883   14.098  0.003    2  1 
  51348.9912   14.120  0.003    2  1 
  51349.0316   14.362  0.004    2  1 
  51349.0346   14.379  0.004    2  1 
  51349.9815   15.141  0.005    2  1 
  51349.9851   15.154  0.005    2  1 
  51349.9973   15.170  0.005    2  1 
  51350.0033   15.168  0.007    2  1 
  51350.0066   15.158  0.006    2  1 
  51350.0164   15.088  0.006    2  1 
  51350.0197   15.024  0.005    2  1 
  51350.0296   14.751  0.005    2  1 
  51380.9973   14.838  0.004    2  1 
  51381.0004   14.846  0.004    2  1 
  51381.0031   14.845  0.004    2  1 
  51381.0187   14.875  0.004    2  1 
  51381.0214   14.881  0.004    2  1 
  51381.0242   14.879  0.004    2  1 
  51381.9830   14.589  0.004    2  1 
  51381.9859   14.598  0.005    2  1 
  51381.9888   14.605  0.005    2  1 
  51382.0000   14.637  0.004    2  1 
  51382.0029   14.644  0.004    2  1 
  51382.9793   14.398  0.005    2  1 
  51382.9826   14.388  0.004    2  1 
  51382.9857   14.392  0.004    2  1 
  51382.9965   14.395  0.004    2  1 
  51382.9995   14.403  0.005    2  1 
  51383.9746   15.147  0.005    2  1 
  51383.9773   15.144  0.005    2  1 
  51383.9799   15.161  0.005    2  1 
  51383.9899   15.177  0.006    2  1 
  51383.9926   15.162  0.005    2  1 
  51384.9777   14.979  0.004    2  1 
  51384.9802   14.982  0.004    2  1 
  51384.9896   15.010  0.004    2  1 
  51384.9921   15.002  0.004    2  1 
  51385.9711   14.903  0.004    2  1 
  51385.9763   14.906  0.004    2  1 
  51385.9857   14.921  0.005    2  1 
  51385.9884   14.938  0.005    2  1 
  51386.9965   14.792  0.005    2  1 
  51387.0003   14.815  0.005    2  1 
  51387.0041   14.813  0.005    2  1 
  51387.0216   14.826  0.005    2  1 
  51387.0254   14.836  0.005    2  1 
  51387.0293   14.837  0.005    2  1 
  51388.9801   14.511  0.005    2  1 
  51388.9834   14.479  0.004    2  1 
  51388.9866   14.462  0.004    2  1 
  51388.9984   14.392  0.005    2  1 
  51389.0017   14.372  0.005    2  1 
  51389.9783   15.096  0.005    2  1 
  51389.9809   15.101  0.005    2  1 
  51389.9836   15.106  0.005    2  1 
  51390.9729   14.981  0.004    2  1 
  51390.9756   14.988  0.004    2  1 
  51390.9783   14.983  0.004    2  1 
  51391.9728   14.868  0.004    2  1 
  51391.9754   14.870  0.004    2  1 
  51391.9779   14.885  0.004    2  1 
  51671.0871   14.635  0.005    2  1 
  51671.0917   14.648  0.005    2  1 
  51671.0952   14.661  0.005    2  1 
  51671.1189   14.728  0.005    2  1 
  51671.1232   14.734  0.005    2  1 
  51671.9996   15.041  0.005    2  1 
  51672.0039   14.958  0.005    2  1 
  51672.0350   14.456  0.004    2  1 
  51672.0382   14.441  0.004    2  1 
  51673.0232   15.124  0.004    2  1 
  51674.0574   15.007  0.007    2  1 
  51674.0620   15.017  0.008    2  1 
  51674.0938   15.069  0.007    2  1 
  51674.0985   15.079  0.007    2  1 
  51674.1159   15.108  0.007    2  1 
  51674.1223   15.125  0.006    2  1 
  51674.9763   14.773  0.006    2  1 
  51674.9824   14.779  0.006    2  1 
  51675.0212   14.843  0.006    2  1 
  51676.0163   14.617  0.004    2  1 
  51692.9816   14.463  0.004    2  1 
  51692.9854   14.477  0.004    2  1 
  51693.9780   14.318  0.003    2  1 
  51693.9814   14.248  0.003    2  1 
  51694.9914   15.047  0.005    2  1 
  51694.9946   15.042  0.005    2  1 
  51765.9974   14.659  0.005    2  1 
  51766.0012   14.670  0.005    2  1 
  51766.0048   14.685  0.005    2  1 
  51766.0266   14.751  0.005    2  1 
  51766.0301   14.763  0.005    2  1 
  51216.3144   14.862  0.003    3  1 
  51216.3408   15.019  0.004    3  1 
  51216.3634   15.134  0.004    3  1 
  51216.3905   15.243  0.005    3  1 
  51217.3019   14.760  0.003    3  1 
  51217.3494   14.567  0.003    3  1 
  51217.3710   14.658  0.003    3  1 
  51217.3906   14.748  0.003    3  1 
  51218.2854   15.676  0.006    3  1 
  51218.3156   15.748  0.007    3  1 
  51218.3347   15.803  0.005    3  1 
  51218.3653   15.545  0.005    3  1 
  51218.3848   14.958  0.003    3  1 
  51219.2918   15.602  0.005    3  1 
  51219.3100   15.625  0.005    3  1 
  51219.3296   15.660  0.005    3  1 
  51219.3536   15.679  0.005    3  1 
  51219.3723   15.674  0.005    3  1 
  51220.2720   15.391  0.004    3  1 
  51220.2946   15.459  0.004    3  1 
  51220.3117   15.506  0.005    3  1 
  51220.3299   15.551  0.005    3  1 
  51220.3473   15.582  0.005    3  1 
  51220.3643   15.599  0.005    3  1 
  51220.3816   15.616  0.005    3  1 
  51221.2763   14.982  0.003    3  1 
  51221.2964   15.096  0.004    3  1 
  51221.3145   15.184  0.004    3  1 
  51221.3318   15.251  0.004    3  1 
  51221.3496   15.318  0.004    3  1 
  51221.3673   15.384  0.004    3  1 
  51283.2546   14.961  0.003    3  1 
  51283.2783   15.108  0.003    3  1 
  51283.3008   15.214  0.003    3  1 
  51283.3322   15.360  0.004    3  1 
  51283.3553   15.452  0.004    3  1 
  51283.3773   15.538  0.004    3  1 
  51284.2134   14.701  0.003    3  1 
  51284.2375   14.164  0.002    3  1 
  51284.2581   14.261  0.002    3  1 
  51284.2875   14.514  0.003    3  1 
  51284.3124   14.695  0.003    3  1 
  51284.3383   14.872  0.003    3  1 
  51285.0451   15.606  0.004    3  1 
  51285.0691   15.664  0.004    3  1 
  51285.0932   15.715  0.005    3  1 
  51285.1257   15.755  0.005    3  1 
  51285.1514   15.789  0.005    3  1 
  51285.1754   15.788  0.005    3  1 
  51285.2060   15.742  0.005    3  1 
  51285.2321   15.739  0.005    3  1 
  51285.2586   15.822  0.005    3  1 
  51285.2928   15.527  0.004    3  1 
  51285.3257   14.218  0.002    3  1 
  51286.0393   15.183  0.003    3  1 
  51286.0670   15.311  0.003    3  1 
  51286.1302   15.558  0.004    3  1 
  51286.1833   15.717  0.005    3  1 
  51286.2193   15.768  0.005    3  1 
  51286.2434   15.795  0.005    3  1 
  51286.2655   15.811  0.005    3  1 
  51286.2958   15.764  0.005    3  1 
  51286.3291   15.749  0.005    3  1 
  51286.3521   15.813  0.005    3  1 
  51304.9838   15.784  0.004    3  1 
  51305.0251   15.666  0.006    3  1 
  51305.0718   14.359  0.003    3  1 
  51305.0961   14.335  0.002    3  1 
  51305.1465   14.704  0.004    3  1 
  51305.1755   14.870  0.004    3  1 
  51305.2054   15.019  0.004    3  1 
  51305.2345   15.173  0.004    3  1 
  51305.2666   15.323  0.004    3  1 
  51305.2880   15.416  0.005    3  1 
  51305.9773   15.650  0.004    3  1 
  51306.0428   15.660  0.005    3  1 
  51306.0809   15.760  0.005    3  1 
  51306.1087   15.739  0.005    3  1 
  51306.1330   15.467  0.005    3  1 
  51306.1578   14.769  0.003    3  1 
  51306.1875   14.350  0.002    3  1 
  51306.2101   14.508  0.002    3  1 
  51306.2308   14.671  0.003    3  1 
  51306.2771   14.913  0.003    3  1 
  51306.2972   15.016  0.003    3  1 
  51308.0025   15.279  0.003    3  1 
  51308.0294   15.381  0.003    3  1 
  51308.0600   15.489  0.004    3  1 
  51308.0919   15.551  0.004    3  1 
  51308.0958   15.551  0.004    3  1 
  51308.1244   15.578  0.004    3  1 
  51310.1057   14.881  0.002    3  1 
  51310.1100   14.890  0.002    3  1 
  51310.1132   14.903  0.002    3  1 
  51311.9792   15.567  0.006    3  1 
  51311.9983   15.573  0.005    3  1 
  51312.0087   15.579  0.005    3  1 
  51312.0350   15.592  0.005    3  1 
  51312.0550   15.609  0.005    3  1 
  51312.0672   15.627  0.005    3  1 
  51312.0870   15.688  0.005    3  1 
  51312.0988   15.724  0.005    3  1 
  51313.0063   15.475  0.004    3  1 
  51313.0300   15.523  0.004    3  1 
  51313.0562   15.545  0.004    3  1 
  51313.0838   15.550  0.004    3  1 
  51313.1113   15.575  0.004    3  1 
  51313.9807   15.037  0.003    3  1 
  51314.0143   15.181  0.004    3  1 
  51314.0397   15.268  0.004    3  1 
  51314.1124   15.479  0.005    3  1 
  51314.9752   14.604  0.003    3  1 
  51315.0102   14.739  0.003    3  1 
  51315.0336   14.841  0.003    3  1 
  51315.0747   15.027  0.003    3  1 
  51315.0982   15.130  0.004    3  1 
  51315.1216   15.231  0.004    3  1 
  51316.0399   14.792  0.003    3  1 
  51316.0634   14.630  0.003    3  1 
  51316.0869   14.664  0.003    3  1 
  51316.1115   14.775  0.003    3  1 
  51316.9740   15.570  0.004    3  1 
  51317.0052   15.645  0.006    3  1 
  51317.0282   15.706  0.007    3  1 
  51317.0566   15.714  0.005    3  1 
  51317.0822   15.636  0.005    3  1 
  51317.1075   15.220  0.004    3  1 
  51317.9847   15.527  0.005    3  1 
  51318.0099   15.540  0.005    3  1 
  51318.0374   15.520  0.006    3  1 
  51318.0942   15.640  0.014    3  1 
  51318.1226   15.698  0.007    3  1 
  51318.9772   15.270  0.004    3  1 
  51319.0019   15.323  0.004    3  1 
  51319.0274   15.403  0.004    3  1 
  51319.0757   15.506  0.004    3  1 
  51319.0997   15.533  0.004    3  1 
  51320.1000   15.334  0.003    3  1 
  51320.1208   15.383  0.003    3  1 
  51320.1417   15.449  0.004    3  1 
  51320.9728   14.875  0.003    3  1 
  51320.9965   14.642  0.002    3  1 
  51321.0180   14.681  0.002    3  1 
  51321.0400   14.744  0.003    3  1 
  51321.0624   14.825  0.003    3  1 
  51321.0930   14.950  0.003    3  1 
  51321.1217   15.084  0.003    3  1 
  51380.9937   15.376  0.004    3  1 
  51381.9793   14.966  0.003    3  1 
  51382.9755   14.682  0.004    3  1 
  51384.9721   15.620  0.004    3  1 
  51385.9679   15.452  0.004    3  1 
  51386.9917   15.272  0.004    3  1 
  51388.9755   14.937  0.004    3  1 
  51389.9750   15.687  0.004    3  1 
  51390.9697   15.606  0.004    3  1 
  51391.9697   15.331  0.003    3  1 
  51693.9923   14.841  0.003    3  1 
 56468.97641   13.332  0.087   -1  1 
 56469.04707   13.162  0.104   -1  1 
 56469.10896   13.293  0.111   -1  1 
 56469.17285   13.150  0.057   -1  1 
 56471.00364   13.238  0.053   -1  1 
 56471.06640   13.112  0.064   -1  1 
 56471.12490   12.965  0.091   -1  1 
 56471.18188   13.194  0.048   -1  1 
 56471.96759   12.851  0.104   -1  1 
 56472.03374   12.913  0.059   -1  1 
 56472.09484   12.798  0.065   -1  1 
 56472.15243   13.009  0.069   -1  1 
 56468.95296   12.928  0.154   -2  1 
 56469.02441   13.273  0.126   -2  1 
 56469.08813   13.210  0.108   -2  1 
 56469.15134   12.954  0.091   -2  1 
 56471.02588   13.216  0.068   -2  1 
 56471.08671   13.129  0.084   -2  1 
 56471.14302   13.262  0.061   -2  1 
 56471.94704   13.108  0.053   -2  1 
 56472.01085   13.227  0.113   -2  1 
 56472.07480   13.010  0.104   -2  1 
 56472.13240   13.193  0.041   -2  1 
 56472.19216   13.185  0.048   -2  1 
 56469.00041   13.712  0.070   -5  1 
 56469.06767   13.741  0.059   -5  1 
 56469.13003   13.261  0.051   -5  1 
 56469.19349   13.321  0.047   -5  1 
 56470.98130   13.498  0.045   -5  1 
 56471.04693   13.546  0.053   -5  1 
 56471.10523   13.580  0.046   -5  1 
 56471.16397   13.678  0.033   -5  1 
 56471.98857   13.430  0.057   -5  1 
 56472.05430   13.568  0.048   -5  1 
 56472.11383   13.523  0.035   -5  1 
 56472.17109   13.553  0.033   -5  1 
