  51216.3218   14.494  0.005    2  1 
  51216.3464   14.548  0.005    2  1 
  51216.3689   14.599  0.005    2  1 
  51216.3980   14.668  0.006    2  1 
  51217.3101   14.662  0.005    2  1 
  51217.3328   14.703  0.005    2  1 
  51217.3552   14.732  0.005    2  1 
  51217.3759   14.728  0.005    2  1 
  51217.3953   14.702  0.005    2  1 
  51218.2773   14.725  0.006    2  1 
  51218.3093   14.700  0.005    2  1 
  51218.3298   14.635  0.005    2  1 
  51218.3573   14.537  0.005    2  1 
  51218.3794   14.480  0.004    2  1 
  51219.2978   14.480  0.004    2  1 
  51219.3336   14.461  0.004    2  1 
  51219.3596   14.496  0.004    2  1 
  51219.3768   14.530  0.004    2  1 
  51220.2621   14.471  0.004    2  1 
  51220.2906   14.529  0.004    2  1 
  51220.3077   14.568  0.004    2  1 
  51220.3257   14.608  0.005    2  1 
  51220.3432   14.648  0.005    2  1 
  51220.3602   14.686  0.005    2  1 
  51220.3776   14.710  0.005    2  1 
  51221.2835   14.700  0.005    2  1 
  51221.3009   14.727  0.005    2  1 
  51221.3188   14.732  0.005    2  1 
  51221.3358   14.719  0.005    2  1 
  51221.3538   14.687  0.005    2  1 
  51221.3722   14.634  0.005    2  1 
  51283.2451   14.498  0.004    2  1 
  51283.2493   14.508  0.004    2  1 
  51283.2714   14.560  0.004    2  1 
  51283.2748   14.569  0.004    2  1 
  51283.2939   14.610  0.004    2  1 
  51283.2972   14.620  0.004    2  1 
  51283.3202   14.677  0.004    2  1 
  51283.3234   14.681  0.004    2  1 
  51283.3487   14.722  0.004    2  1 
  51283.3518   14.730  0.004    2  1 
  51283.3707   14.734  0.004    2  1 
  51283.3738   14.736  0.004    2  1 
  51284.2195   14.650  0.004    2  1 
  51284.2229   14.652  0.004    2  1 
  51284.2413   14.693  0.004    2  1 
  51284.2443   14.699  0.004    2  1 
  51284.2617   14.722  0.004    2  1 
  51284.2942   14.728  0.005    2  1 
  51284.2973   14.720  0.004    2  1 
  51284.3168   14.691  0.004    2  1 
  51284.3211   14.692  0.005    2  1 
  51284.3428   14.645  0.004    2  1 
  51284.3464   14.602  0.004    2  1 
  51285.0513   14.477  0.004    2  1 
  51285.0543   14.479  0.004    2  1 
  51285.0739   14.515  0.004    2  1 
  51285.0778   14.521  0.004    2  1 
  51285.0975   14.567  0.004    2  1 
  51285.1006   14.566  0.004    2  1 
  51285.1324   14.650  0.004    2  1 
  51285.1360   14.662  0.004    2  1 
  51285.1558   14.705  0.004    2  1 
  51285.1588   14.704  0.004    2  1 
  51285.1796   14.731  0.004    2  1 
  51285.1830   14.734  0.004    2  1 
  51285.2125   14.729  0.004    2  1 
  51285.2157   14.714  0.004    2  1 
  51285.2426   14.659  0.004    2  1 
  51285.2630   14.581  0.004    2  1 
  51285.2998   14.472  0.004    2  1 
  51285.3348   14.454  0.004    2  1 
  51286.0461   14.654  0.004    2  1 
  51286.0493   14.662  0.004    2  1 
  51286.0716   14.704  0.004    2  1 
  51286.0753   14.713  0.004    2  1 
  51286.1026   14.733  0.004    2  1 
  51286.1061   14.737  0.004    2  1 
  51286.1365   14.708  0.004    2  1 
  51286.1398   14.697  0.004    2  1 
  51286.1608   14.633  0.004    2  1 
  51286.1639   14.630  0.004    2  1 
  51286.1669   14.623  0.004    2  1 
  51286.1875   14.538  0.004    2  1 
  51286.1908   14.527  0.004    2  1 
  51286.2255   14.458  0.004    2  1 
  51286.2285   14.454  0.004    2  1 
  51286.2476   14.444  0.004    2  1 
  51286.2508   14.454  0.004    2  1 
  51286.2697   14.473  0.004    2  1 
  51286.2727   14.484  0.004    2  1 
  51286.3022   14.540  0.004    2  1 
  51286.3055   14.544  0.004    2  1 
  51286.3218   14.586  0.004    2  1 
  51286.3250   14.597  0.004    2  1 
  51286.3450   14.645  0.004    2  1 
  51286.3481   14.651  0.004    2  1 
  51304.9873   14.722  0.004    2  1 
  51304.9926   14.714  0.004    2  1 
  51305.0328   14.595  0.004    2  1 
  51305.0362   14.586  0.004    2  1 
  51305.0559   14.508  0.004    2  1 
  51305.0599   14.499  0.004    2  1 
  51305.0890   14.459  0.004    2  1 
  51305.0922   14.455  0.004    2  1 
  51305.1269   14.475  0.004    2  1 
  51305.1509   14.514  0.005    2  1 
  51305.1853   14.595  0.004    2  1 
  51305.1885   14.603  0.005    2  1 
  51305.2098   14.660  0.004    2  1 
  51305.2128   14.655  0.004    2  1 
  51305.2431   14.705  0.004    2  1 
  51305.2461   14.719  0.004    2  1 
  51305.2704   14.728  0.005    2  1 
  51305.2734   14.726  0.004    2  1 
  51305.2995   14.705  0.004    2  1 
  51305.9857   14.476  0.003    2  1 
  51305.9885   14.478  0.003    2  1 
  51305.9912   14.472  0.003    2  1 
  51306.0256   14.463  0.003    2  1 
  51306.0285   14.465  0.003    2  1 
  51306.0465   14.488  0.004    2  1 
  51306.0498   14.495  0.004    2  1 
  51306.0896   14.576  0.004    2  1 
  51306.0930   14.587  0.004    2  1 
  51306.1123   14.625  0.004    2  1 
  51306.1151   14.634  0.004    2  1 
  51306.1375   14.681  0.004    2  1 
  51306.1405   14.690  0.004    2  1 
  51306.1636   14.721  0.004    2  1 
  51306.1673   14.729  0.004    2  1 
  51306.1937   14.727  0.004    2  1 
  51306.1966   14.726  0.004    2  1 
  51306.2146   14.697  0.004    2  1 
  51306.2343   14.649  0.004    2  1 
  51306.2380   14.635  0.004    2  1 
  51306.2574   14.566  0.003    2  1 
  51306.2602   14.555  0.003    2  1 
  51306.2805   14.500  0.003    2  1 
  51306.2835   14.482  0.003    2  1 
  51306.3038   14.460  0.004    2  1 
  51306.3135   14.458  0.004    2  1 
  51306.3184   14.457  0.004    2  1 
  51307.0456   14.674  0.005    2  1 
  51307.0501   14.679  0.005    2  1 
  51307.0593   14.703  0.004    2  1 
  51307.0645   14.697  0.003    2  1 
  51307.0699   14.697  0.008    2  1 
  51307.0747   14.719  0.006    2  1 
  51308.0084   14.733  0.004    2  1 
  51308.0112   14.730  0.004    2  1 
  51308.0334   14.714  0.003    2  1 
  51308.0362   14.704  0.003    2  1 
  51308.0394   14.695  0.004    2  1 
  51308.0633   14.635  0.003    2  1 
  51308.0663   14.633  0.003    2  1 
  51308.0995   14.518  0.003    2  1 
  51308.1280   14.458  0.004    2  1 
  51308.1309   14.461  0.004    2  1 
  51310.0850   14.660  0.003    2  1 
  51310.0874   14.680  0.003    2  1 
  51310.0897   14.671  0.003    2  1 
  51310.1430   14.731  0.004    2  1 
  51310.1458   14.724  0.004    2  1 
  51310.1486   14.724  0.004    2  1 
  51311.0244   14.707  0.006    2  1 
  51311.0302   14.722  0.005    2  1 
  51311.0334   14.718  0.005    2  1 
  51311.0506   14.732  0.003    2  1 
  51311.0539   14.731  0.003    2  1 
  51311.0637   14.719  0.004    2  1 
  51311.0669   14.719  0.005    2  1 
  51311.0907   14.675  0.005    2  1 
  51311.0946   14.666  0.005    2  1 
  51311.1015   14.653  0.004    2  1 
  51311.1071   14.630  0.004    2  1 
  51311.1298   14.543  0.004    2  1 
  51311.1327   14.532  0.004    2  1 
  51311.1357   14.524  0.004    2  1 
  51311.1398   14.510  0.004    2  1 
  51311.1447   14.500  0.004    2  1 
  51311.9726   14.728  0.005    2  1 
  51311.9755   14.724  0.005    2  1 
  51312.0020   14.683  0.004    2  1 
  51312.0049   14.676  0.005    2  1 
  51312.0255   14.606  0.004    2  1 
  51312.0284   14.595  0.004    2  1 
  51312.0314   14.586  0.004    2  1 
  51312.0584   14.493  0.004    2  1 
  51312.0611   14.483  0.004    2  1 
  51312.0638   14.476  0.003    2  1 
  51312.0903   14.454  0.003    2  1 
  51312.0955   14.456  0.003    2  1 
  51312.1146   14.467  0.004    2  1 
  51312.1173   14.468  0.003    2  1 
  51312.1200   14.475  0.003    2  1 
  51312.9860   14.465  0.003    2  1 
  51312.9887   14.462  0.003    2  1 
  51312.9913   14.460  0.003    2  1 
  51313.0096   14.456  0.003    2  1 
  51313.0123   14.453  0.003    2  1 
  51313.0149   14.454  0.003    2  1 
  51313.0333   14.475  0.003    2  1 
  51313.0360   14.470  0.004    2  1 
  51313.0386   14.481  0.004    2  1 
  51313.0413   14.482  0.004    2  1 
  51313.0595   14.518  0.003    2  1 
  51313.0622   14.526  0.003    2  1 
  51313.0648   14.525  0.003    2  1 
  51313.0911   14.588  0.004    2  1 
  51313.0937   14.593  0.004    2  1 
  51313.0964   14.598  0.004    2  1 
  51313.1146   14.640  0.004    2  1 
  51313.1172   14.649  0.004    2  1 
  51313.1199   14.650  0.004    2  1 
  51313.1226   14.658  0.004    2  1 
  51313.9843   14.543  0.004    2  1 
  51313.9872   14.545  0.004    2  1 
  51313.9901   14.559  0.004    2  1 
  51314.0178   14.623  0.004    2  1 
  51314.0207   14.630  0.004    2  1 
  51314.0236   14.632  0.004    2  1 
  51314.0432   14.673  0.004    2  1 
  51314.0461   14.683  0.004    2  1 
  51314.0490   14.690  0.004    2  1 
  51314.0772   14.721  0.004    2  1 
  51314.0802   14.729  0.004    2  1 
  51314.0831   14.728  0.004    2  1 
  51314.1030   14.720  0.005    2  1 
  51314.1059   14.724  0.005    2  1 
  51314.1088   14.720  0.005    2  1 
  51314.1289   14.689  0.004    2  1 
  51314.1333   14.672  0.005    2  1 
  51314.1363   14.664  0.005    2  1 
  51314.9827   14.719  0.004    2  1 
  51314.9856   14.725  0.004    2  1 
  51314.9885   14.731  0.004    2  1 
  51315.0015   14.727  0.004    2  1 
  51315.0043   14.733  0.004    2  1 
  51315.0069   14.732  0.004    2  1 
  51315.0251   14.719  0.004    2  1 
  51315.0277   14.709  0.004    2  1 
  51315.0304   14.716  0.004    2  1 
  51315.0516   14.657  0.004    2  1 
  51315.0542   14.652  0.004    2  1 
  51315.0780   14.568  0.004    2  1 
  51315.0807   14.550  0.004    2  1 
  51315.0833   14.543  0.004    2  1 
  51315.1015   14.492  0.004    2  1 
  51315.1041   14.484  0.004    2  1 
  51315.1068   14.472  0.004    2  1 
  51315.1290   14.454  0.004    2  1 
  51315.1319   14.453  0.004    2  1 
  51316.0194   14.485  0.003    2  1 
  51316.0221   14.474  0.003    2  1 
  51316.0247   14.469  0.003    2  1 
  51316.0431   14.457  0.003    2  1 
  51316.0458   14.452  0.003    2  1 
  51316.0485   14.453  0.003    2  1 
  51316.0667   14.457  0.004    2  1 
  51316.0693   14.465  0.004    2  1 
  51316.0720   14.464  0.004    2  1 
  51316.0905   14.490  0.004    2  1 
  51316.0934   14.500  0.004    2  1 
  51316.0963   14.510  0.004    2  1 
  51316.1148   14.544  0.003    2  1 
  51316.1175   14.546  0.004    2  1 
  51316.1201   14.562  0.004    2  1 
  51316.9647   14.445  0.004    2  1 
  51316.9676   14.452  0.004    2  1 
  51316.9705   14.454  0.004    2  1 
  51316.9896   14.465  0.003    2  1 
  51316.9923   14.479  0.003    2  1 
  51316.9949   14.482  0.003    2  1 
  51317.0088   14.505  0.004    2  1 
  51317.0117   14.512  0.004    2  1 
  51317.0321   14.558  0.005    2  1 
  51317.0351   14.567  0.004    2  1 
  51317.0391   14.574  0.004    2  1 
  51317.0602   14.622  0.004    2  1 
  51317.0631   14.626  0.004    2  1 
  51317.0660   14.629  0.004    2  1 
  51317.0858   14.675  0.004    2  1 
  51317.0887   14.684  0.005    2  1 
  51317.0916   14.679  0.004    2  1 
  51317.1111   14.717  0.004    2  1 
  51317.1140   14.722  0.005    2  1 
  51317.1169   14.724  0.005    2  1 
  51317.9657   14.601  0.004    2  1 
  51317.9685   14.612  0.004    2  1 
  51317.9883   14.662  0.004    2  1 
  51317.9912   14.663  0.004    2  1 
  51317.9941   14.666  0.004    2  1 
  51318.0135   14.706  0.005    2  1 
  51318.0164   14.704  0.005    2  1 
  51318.0194   14.711  0.005    2  1 
  51318.0413   14.735  0.005    2  1 
  51318.0445   14.726  0.005    2  1 
  51318.0477   14.728  0.005    2  1 
  51318.0697   14.716  0.005    2  1 
  51318.0730   14.708  0.005    2  1 
  51318.0762   14.696  0.005    2  1 
  51318.0981   14.642  0.005    2  1 
  51318.1014   14.630  0.005    2  1 
  51318.1046   14.620  0.005    2  1 
  51318.1265   14.537  0.005    2  1 
  51318.1298   14.528  0.005    2  1 
  51318.9642   14.730  0.004    2  1 
  51318.9680   14.723  0.005    2  1 
  51318.9708   14.725  0.004    2  1 
  51318.9737   14.719  0.004    2  1 
  51318.9929   14.689  0.004    2  1 
  51318.9956   14.688  0.004    2  1 
  51318.9983   14.677  0.004    2  1 
  51319.0180   14.619  0.004    2  1 
  51319.0209   14.604  0.004    2  1 
  51319.0238   14.599  0.004    2  1 
  51319.0443   14.524  0.004    2  1 
  51319.0474   14.510  0.004    2  1 
  51319.0505   14.504  0.004    2  1 
  51319.0793   14.461  0.004    2  1 
  51319.0820   14.453  0.003    2  1 
  51319.0847   14.457  0.003    2  1 
  51319.1030   14.462  0.004    2  1 
  51319.1084   14.462  0.003    2  1 
  51319.1110   14.463  0.003    2  1 
  51320.1030   14.626  0.003    2  1 
  51320.1053   14.632  0.003    2  1 
  51320.1076   14.638  0.003    2  1 
  51320.1238   14.674  0.003    2  1 
  51320.1261   14.679  0.003    2  1 
  51320.1284   14.672  0.003    2  1 
  51320.1450   14.708  0.004    2  1 
  51320.1477   14.712  0.004    2  1 
  51320.1503   14.723  0.004    2  1 
  51320.9635   14.511  0.004    2  1 
  51320.9664   14.513  0.004    2  1 
  51320.9693   14.519  0.004    2  1 
  51320.9887   14.565  0.003    2  1 
  51320.9911   14.569  0.003    2  1 
  51320.9936   14.572  0.003    2  1 
  51321.0102   14.610  0.003    2  1 
  51321.0126   14.622  0.003    2  1 
  51321.0150   14.622  0.003    2  1 
  51321.0318   14.664  0.003    2  1 
  51321.0344   14.668  0.003    2  1 
  51321.0369   14.675  0.004    2  1 
  51321.0543   14.704  0.004    2  1 
  51321.0568   14.713  0.004    2  1 
  51321.0594   14.716  0.004    2  1 
  51321.0847   14.737  0.004    2  1 
  51321.0873   14.736  0.004    2  1 
  51321.0898   14.745  0.004    2  1 
  51321.1133   14.714  0.004    2  1 
  51321.1159   14.712  0.004    2  1 
  51321.1186   14.709  0.004    2  1 
  51321.1339   14.669  0.004    2  1 
  51321.1365   14.660  0.004    2  1 
  51332.9696   14.720  0.006    2  1 
  51332.9739   14.710  0.006    2  1 
  51332.9891   14.694  0.005    2  1 
  51332.9928   14.675  0.006    2  1 
  51332.9965   14.664  0.006    2  1 
  51333.0083   14.638  0.005    2  1 
  51333.0120   14.625  0.005    2  1 
  51333.0226   14.576  0.005    2  1 
  51333.0264   14.566  0.005    2  1 
  51333.0514   14.487  0.005    2  1 
  51333.0552   14.477  0.006    2  1 
  51333.0742   14.455  0.005    2  1 
  51333.0779   14.457  0.005    2  1 
  51333.0907   14.450  0.005    2  1 
  51333.0945   14.459  0.005    2  1 
  51333.1178   14.483  0.005    2  1 
  51333.1221   14.490  0.005    2  1 
  51333.1335   14.505  0.005    2  1 
  51333.1529   14.550  0.005    2  1 
  51333.1565   14.560  0.005    2  1 
  51333.1716   14.594  0.005    2  1 
  51333.1752   14.606  0.005    2  1 
  51334.9871   14.571  0.004    2  1 
  51335.0175   14.650  0.004    2  1 
  51335.0204   14.656  0.004    2  1 
  51335.0301   14.672  0.004    2  1 
  51335.0334   14.677  0.004    2  1 
  51335.0517   14.717  0.005    2  1 
  51335.0552   14.722  0.005    2  1 
  51335.0692   14.732  0.005    2  1 
  51335.0727   14.732  0.005    2  1 
  51335.0833   14.738  0.005    2  1 
  51335.0867   14.732  0.005    2  1 
  51335.1133   14.700  0.005    2  1 
  51335.1167   14.691  0.005    2  1 
  51335.9535   14.681  0.005    2  1 
  51335.9726   14.715  0.005    2  1 
  51335.9768   14.723  0.005    2  1 
  51335.9997   14.733  0.004    2  1 
  51336.0027   14.734  0.004    2  1 
  51336.0203   14.713  0.004    2  1 
  51336.0357   14.679  0.005    2  1 
  51336.0388   14.672  0.005    2  1 
  51336.0593   14.602  0.005    2  1 
  51336.0629   14.584  0.005    2  1 
  51336.0769   14.537  0.005    2  1 
  51336.0803   14.518  0.005    2  1 
  51336.1025   14.472  0.004    2  1 
  51336.1059   14.469  0.005    2  1 
  51336.1206   14.456  0.005    2  1 
  51336.1240   14.454  0.004    2  1 
  51337.0101   14.488  0.004    2  1 
  51337.9904   14.491  0.005    2  1 
  51337.9940   14.491  0.005    2  1 
  51338.0162   14.543  0.005    2  1 
  51338.0196   14.552  0.005    2  1 
  51338.0339   14.584  0.005    2  1 
  51338.0376   14.591  0.006    2  1 
  51338.9901   14.681  0.004    2  1 
  51338.9938   14.692  0.004    2  1 
  51339.0226   14.740  0.005    2  1 
  51339.0269   14.728  0.005    2  1 
  51339.0867   14.653  0.006    2  1 
  51339.0905   14.633  0.005    2  1 
  51339.1139   14.550  0.005    2  1 
  51339.1177   14.540  0.005    2  1 
  51339.1448   14.471  0.004    2  1 
  51339.1482   14.462  0.004    2  1 
  51339.9766   14.708  0.004    2  1 
  51339.9795   14.707  0.004    2  1 
  51340.0044   14.634  0.004    2  1 
  51340.0078   14.621  0.004    2  1 
  51340.0274   14.551  0.004    2  1 
  51340.0306   14.539  0.004    2  1 
  51340.0540   14.474  0.004    2  1 
  51340.0572   14.472  0.004    2  1 
  51340.0857   14.456  0.004    2  1 
  51340.0892   14.456  0.004    2  1 
  51340.1152   14.484  0.004    2  1 
  51340.1197   14.496  0.004    2  1 
  51340.1229   14.497  0.004    2  1 
  51340.1263   14.504  0.004    2  1 
  51340.1404   14.531  0.005    2  1 
  51340.1437   14.533  0.004    2  1 
  51344.9924   14.504  0.004    2  1 
  51344.9958   14.505  0.003    2  1 
  51344.9988   14.518  0.003    2  1 
  51345.0216   14.567  0.004    2  1 
  51345.0255   14.569  0.005    2  1 
  51345.0302   14.581  0.004    2  1 
  51345.0553   14.639  0.004    2  1 
  51345.0603   14.660  0.004    2  1 
  51345.9856   14.678  0.005    2  1 
  51345.9896   14.690  0.005    2  1 
  51346.0219   14.730  0.006    2  1 
  51346.0264   14.736  0.005    2  1 
  51346.0486   14.722  0.005    2  1 
  51346.0523   14.714  0.005    2  1 
  51346.0791   14.669  0.005    2  1 
  51346.0826   14.648  0.004    2  1 
  51347.0416   14.483  0.004    2  1 
  51347.0453   14.477  0.003    2  1 
  51347.0743   14.451  0.004    2  1 
  51347.0777   14.450  0.004    2  1 
  51347.0990   14.467  0.003    2  1 
  51347.1022   14.470  0.003    2  1 
  51347.9769   14.465  0.004    2  1 
  51347.9802   14.463  0.004    2  1 
  51347.9834   14.463  0.004    2  1 
  51347.9983   14.460  0.004    2  1 
  51348.0028   14.463  0.004    2  1 
  51348.0063   14.465  0.004    2  1 
  51348.0242   14.481  0.004    2  1 
  51348.0274   14.496  0.004    2  1 
  51348.0943   14.629  0.005    2  1 
  51348.0983   14.641  0.006    2  1 
  51348.1018   14.656  0.006    2  1 
  51348.9650   14.547  0.004    2  1 
  51348.9853   14.592  0.004    2  1 
  51348.9883   14.594  0.004    2  1 
  51348.9912   14.604  0.004    2  1 
  51349.0316   14.684  0.004    2  1 
  51349.0346   14.696  0.004    2  1 
  51349.9815   14.738  0.004    2  1 
  51349.9851   14.733  0.004    2  1 
  51349.9973   14.730  0.004    2  1 
  51350.0033   14.719  0.005    2  1 
  51350.0066   14.718  0.004    2  1 
  51350.0164   14.706  0.004    2  1 
  51350.0197   14.694  0.004    2  1 
  51350.0296   14.677  0.004    2  1 
  51380.9973   14.721  0.004    2  1 
  51381.0004   14.732  0.004    2  1 
  51381.0031   14.723  0.004    2  1 
  51381.0187   14.730  0.004    2  1 
  51381.0214   14.733  0.004    2  1 
  51381.0242   14.730  0.004    2  1 
  51381.9830   14.630  0.004    2  1 
  51381.9859   14.614  0.004    2  1 
  51381.9888   14.605  0.005    2  1 
  51382.0000   14.560  0.004    2  1 
  51382.0029   14.550  0.004    2  1 
  51382.9793   14.447  0.005    2  1 
  51382.9826   14.447  0.004    2  1 
  51382.9857   14.457  0.004    2  1 
  51382.9965   14.466  0.004    2  1 
  51382.9995   14.470  0.004    2  1 
  51383.9746   14.595  0.004    2  1 
  51383.9773   14.609  0.004    2  1 
  51383.9799   14.612  0.004    2  1 
  51383.9899   14.638  0.004    2  1 
  51383.9926   14.638  0.004    2  1 
  51384.9777   14.733  0.004    2  1 
  51384.9802   14.735  0.004    2  1 
  51384.9896   14.721  0.004    2  1 
  51384.9921   14.711  0.004    2  1 
  51385.9711   14.503  0.003    2  1 
  51385.9763   14.485  0.003    2  1 
  51385.9857   14.470  0.004    2  1 
  51385.9884   14.477  0.004    2  1 
  51386.9965   14.551  0.004    2  1 
  51387.0003   14.554  0.004    2  1 
  51387.0041   14.570  0.004    2  1 
  51387.0216   14.607  0.004    2  1 
  51387.0254   14.620  0.004    2  1 
  51387.0293   14.625  0.004    2  1 
  51388.9801   14.619  0.005    2  1 
  51388.9834   14.599  0.004    2  1 
  51388.9866   14.595  0.004    2  1 
  51388.9984   14.549  0.005    2  1 
  51389.0017   14.543  0.005    2  1 
  51389.9783   14.455  0.003    2  1 
  51389.9809   14.469  0.003    2  1 
  51389.9836   14.465  0.003    2  1 
  51390.9729   14.602  0.003    2  1 
  51390.9756   14.621  0.003    2  1 
  51390.9783   14.622  0.003    2  1 
  51391.9728   14.721  0.003    2  1 
  51391.9754   14.716  0.003    2  1 
  51391.9779   14.719  0.003    2  1 
  51671.0871   14.529  0.004    2  1 
  51671.0917   14.542  0.004    2  1 
  51671.0952   14.550  0.004    2  1 
  51671.1189   14.603  0.004    2  1 
  51671.1232   14.614  0.005    2  1 
  51671.9996   14.526  0.004    2  1 
  51672.0039   14.537  0.004    2  1 
  51672.0350   14.612  0.004    2  1 
  51672.0382   14.616  0.004    2  1 
  51673.0232   14.739  0.004    2  1 
  51674.0574   14.457  0.005    2  1 
  51674.0620   14.459  0.005    2  1 
  51674.0938   14.463  0.005    2  1 
  51674.0985   14.470  0.005    2  1 
  51674.1159   14.502  0.005    2  1 
  51674.1223   14.518  0.004    2  1 
  51674.9763   14.458  0.005    2  1 
  51674.9824   14.451  0.005    2  1 
  51675.0212   14.486  0.005    2  1 
  51676.0163   14.671  0.004    2  1 
  51692.9816   14.511  0.004    2  1 
  51692.9854   14.521  0.004    2  1 
  51693.9780   14.697  0.004    2  1 
  51693.9814   14.699  0.004    2  1 
  51694.9914   14.593  0.004    2  1 
  51694.9946   14.587  0.004    2  1 
  51765.9974   14.543  0.004    2  1 
  51766.0012   14.544  0.004    2  1 
  51766.0048   14.551  0.004    2  1 
  51766.0266   14.606  0.005    2  1 
  51766.0301   14.614  0.005    2  1 
  51216.3144   14.776  0.003    3  1 
  51216.3408   14.827  0.003    3  1 
  51216.3905   14.976  0.004    3  1 
  51217.3019   14.978  0.004    3  1 
  51217.3494   15.081  0.003    3  1 
  51217.3710   15.075  0.004    3  1 
  51217.3906   15.049  0.004    3  1 
  51218.2854   15.078  0.004    3  1 
  51218.3156   15.001  0.004    3  1 
  51218.3347   14.926  0.003    3  1 
  51218.3653   14.792  0.003    3  1 
  51218.3848   14.742  0.003    3  1 
  51219.2918   14.742  0.003    3  1 
  51219.3100   14.729  0.003    3  1 
  51219.3296   14.717  0.003    3  1 
  51219.3536   14.755  0.003    3  1 
  51219.3723   14.796  0.003    3  1 
  51220.2720   14.776  0.003    3  1 
  51220.3117   14.885  0.003    3  1 
  51220.3299   14.938  0.003    3  1 
  51220.3473   14.987  0.004    3  1 
  51220.3643   15.034  0.004    3  1 
  51220.3816   15.076  0.004    3  1 
  51221.2763   15.036  0.003    3  1 
  51221.2964   15.077  0.003    3  1 
  51221.3145   15.090  0.003    3  1 
  51221.3496   15.038  0.003    3  1 
  51283.2546   14.820  0.003    3  1 
  51283.2783   14.893  0.003    3  1 
  51283.3008   14.963  0.003    3  1 
  51283.3322   15.058  0.003    3  1 
  51283.3553   15.098  0.003    3  1 
  51283.3773   15.113  0.003    3  1 
  51284.2134   14.957  0.003    3  1 
  51284.2375   15.030  0.003    3  1 
  51284.2581   15.075  0.003    3  1 
  51284.2875   15.098  0.003    3  1 
  51284.3124   15.065  0.003    3  1 
  51284.3383   14.969  0.003    3  1 
  51285.0451   14.749  0.003    3  1 
  51285.0691   14.796  0.003    3  1 
  51285.0932   14.847  0.003    3  1 
  51285.1257   14.967  0.003    3  1 
  51285.1514   15.028  0.003    3  1 
  51285.1754   15.075  0.003    3  1 
  51285.2060   15.082  0.003    3  1 
  51285.2321   15.028  0.003    3  1 
  51285.2586   14.914  0.003    3  1 
  51285.2928   14.760  0.003    3  1 
  51285.3257   14.730  0.003    3  1 
  51286.0670   15.047  0.003    3  1 
  51286.0977   15.106  0.003    3  1 
  51286.1302   15.074  0.003    3  1 
  51286.1833   14.848  0.003    3  1 
  51286.2193   14.734  0.003    3  1 
  51286.2434   14.715  0.003    3  1 
  51286.2655   14.733  0.003    3  1 
  51286.2958   14.821  0.003    3  1 
  51286.3291   14.930  0.003    3  1 
  51286.3521   15.003  0.003    3  1 
  51304.9838   15.086  0.003    3  1 
  51305.0251   14.946  0.004    3  1 
  51305.0718   14.756  0.003    3  1 
  51305.0961   14.718  0.003    3  1 
  51305.1465   14.789  0.004    3  1 
  51305.1755   14.868  0.003    3  1 
  51305.2054   14.961  0.004    3  1 
  51305.2345   15.043  0.004    3  1 
  51305.2666   15.084  0.004    3  1 
  51305.2880   15.079  0.004    3  1 
  51305.9773   14.781  0.003    3  1 
  51306.0428   14.763  0.003    3  1 
  51306.0809   14.850  0.003    3  1 
  51306.1330   15.014  0.003    3  1 
  51306.2101   15.048  0.003    3  1 
  51306.2308   15.002  0.003    3  1 
  51306.2538   14.828  0.002    3  1 
  51306.2771   14.792  0.003    3  1 
  51306.2972   14.749  0.003    3  1 
  51308.0294   15.070  0.003    3  1 
  51308.0919   14.832  0.002    3  1 
  51310.1057   15.057  0.002    3  1 
  51310.1100   15.065  0.002    3  1 
  51310.1132   15.074  0.002    3  1 
  51311.9792   15.085  0.004    3  1 
  51311.9983   15.038  0.004    3  1 
  51312.0087   15.001  0.004    3  1 
  51312.0350   14.872  0.003    3  1 
  51312.0550   14.778  0.003    3  1 
  51312.0672   14.747  0.003    3  1 
  51312.0870   14.715  0.003    3  1 
  51312.0988   14.719  0.003    3  1 
  51312.9828   14.762  0.002    3  1 
  51313.0063   14.729  0.002    3  1 
  51313.0300   14.738  0.003    3  1 
  51313.0562   14.795  0.003    3  1 
  51313.1113   14.956  0.003    3  1 
  51313.9807   14.840  0.003    3  1 
  51314.0143   14.931  0.003    3  1 
  51314.0397   15.007  0.003    3  1 
  51314.1124   15.059  0.004    3  1 
  51314.9752   15.072  0.003    3  1 
  51315.0102   15.090  0.003    3  1 
  51315.0336   15.049  0.003    3  1 
  51315.0747   14.875  0.003    3  1 
  51315.0982   14.778  0.003    3  1 
  51315.1216   14.728  0.003    3  1 
  51316.0399   14.722  0.003    3  1 
  51316.0634   14.728  0.003    3  1 
  51316.0869   14.769  0.003    3  1 
  51316.1115   14.830  0.003    3  1 
  51316.9740   14.745  0.003    3  1 
  51317.0052   14.800  0.003    3  1 
  51317.0282   14.873  0.004    3  1 
  51317.0566   14.928  0.003    3  1 
  51317.0822   15.010  0.003    3  1 
  51317.1075   15.066  0.004    3  1 
  51317.9847   14.981  0.003    3  1 
  51318.0099   15.046  0.003    3  1 
  51318.0374   15.077  0.004    3  1 
  51318.0942   15.025  0.001    3  1 
  51318.1226   14.870  0.003    3  1 
  51318.9772   15.076  0.003    3  1 
  51319.0019   14.992  0.004    3  1 
  51319.0274   14.893  0.003    3  1 
  51319.0757   14.728  0.003    3  1 
  51319.0997   14.719  0.003    3  1 
  51320.1000   14.934  0.003    3  1 
  51320.1417   15.058  0.003    3  1 
  51320.9728   14.827  0.003    3  1 
  51321.0400   15.015  0.003    3  1 
  51321.0624   15.064  0.003    3  1 
  51321.0930   15.082  0.003    3  1 
  51321.1217   15.039  0.003    3  1 
  51380.9937   15.075  0.003    3  1 
  51381.9793   14.970  0.003    3  1 
  51382.9755   14.754  0.003    3  1 
  51385.9679   14.789  0.003    3  1 
  51386.9917   14.825  0.003    3  1 
  51388.9755   14.961  0.003    3  1 
  51389.9750   14.729  0.002    3  1 
 56468.97641   13.761  0.056   -1  1 
 56469.04707   13.758  0.055   -1  1 
 56469.10896   13.752  0.053   -1  1 
 56469.17285   13.586  0.017   -1  1 
 56471.00364   13.609  0.031   -1  1 
 56471.06640   13.588  0.014   -1  1 
 56471.12490   13.597  0.015   -1  1 
 56471.18188   13.603  0.015   -1  1 
 56471.96759   13.547  0.032   -1  1 
 56472.03374   13.628  0.015   -1  1 
 56472.09484   13.774  0.023   -1  1 
 56472.15243   13.611  0.011   -1  1 
 56468.95296   13.393  0.037   -2  1 
 56469.02441   13.604  0.043   -2  1 
 56469.08813   13.541  0.033   -2  1 
 56469.15134   13.493  0.021   -2  1 
 56471.02588   13.537  0.032   -2  1 
 56471.08671   13.503  0.023   -2  1 
 56471.14302   13.547  0.011   -2  1 
 56471.94704   13.574  0.011   -2  1 
 56472.01085   13.602  0.036   -2  1 
 56472.07480   13.523  0.017   -2  1 
 56472.13240   13.596  0.007   -2  1 
 56472.19216   13.479  0.012   -2  1 
 56469.00041   13.774  0.021   -5  1 
 56469.06767   13.802  0.016   -5  1 
 56469.13003   13.709  0.016   -5  1 
 56469.19349   13.678  0.015   -5  1 
 56470.98130   13.728  0.009   -5  1 
 56471.04693   13.693  0.016   -5  1 
 56471.10523   13.741  0.019   -5  1 
 56471.16397   13.827  0.010   -5  1 
 56471.98857   13.776  0.018   -5  1 
 56472.05430   13.793  0.019   -5  1 
 56472.11383   13.725  0.015   -5  1 
 56472.17109   13.659  0.011   -5  1 
