 56468.97641   13.204  0.018   -1  1 
 56469.04707   13.474  0.016   -1  1 
 56469.10896   13.121  0.013   -1  1 
 56469.17285   13.045  0.010   -1  1 
 56471.00364   13.063  0.014   -1  1 
 56471.06640   13.132  0.007   -1  1 
 56471.12490   13.123  0.010   -1  1 
 56471.18188   13.163  0.008   -1  1 
 56471.96759   13.378  0.017   -1  1 
 56472.03374   13.358  0.018   -1  1 
 56472.09484   13.314  0.033   -1  1 
 56472.15243   13.117  0.005   -1  1 
 56468.95296   13.312  0.021   -2  1 
 56469.02441   13.349  0.017   -2  1 
 56469.08813   13.165  0.011   -2  1 
 56469.15134   13.057  0.014   -2  1 
 56471.02588   13.032  0.011   -2  1 
 56471.08671   13.070  0.009   -2  1 
 56471.14302   13.053  0.012   -2  1 
 56471.94704   13.345  0.018   -2  1 
 56472.01085   13.355  0.010   -2  1 
 56472.07480   13.055  0.028   -2  1 
 56472.13240   13.114  0.006   -2  1 
 56472.19216   13.023  0.009   -2  1 
 56469.00041   13.695  0.013   -5  1 
 56469.06767   13.591  0.013   -5  1 
 56469.13003   13.239  0.005   -5  1 
 56469.19349   13.301  0.013   -5  1 
 56470.98130   13.292  0.004   -5  1 
 56471.04693   13.402  0.010   -5  1 
 56471.10523   13.449  0.005   -5  1 
 56471.16397   13.460  0.011   -5  1 
 56471.98857   13.873  0.035   -5  1 
 56472.05430   13.286  0.007   -5  1 
 56472.11383   13.275  0.013   -5  1 
 56472.17109   13.356  0.025   -5  1 
