  51216.3218   14.346  0.004    2  1 
  51216.3464   14.326  0.004    2  1 
  51216.3689   14.321  0.004    2  1 
  51216.3980   14.304  0.006    2  1 
  51217.3101   14.652  0.005    2  1 
  51217.3328   14.687  0.005    2  1 
  51217.3552   14.703  0.005    2  1 
  51217.3759   14.712  0.005    2  1 
  51217.3953   14.698  0.005    2  1 
  51218.2773   14.353  0.005    2  1 
  51218.3093   14.325  0.004    2  1 
  51218.3298   14.309  0.004    2  1 
  51218.3573   14.298  0.004    2  1 
  51218.3794   14.346  0.004    2  1 
  51219.3336   14.701  0.005    2  1 
  51219.3596   14.677  0.005    2  1 
  51219.3768   14.636  0.005    2  1 
  51220.2621   14.324  0.004    2  1 
  51220.2906   14.297  0.004    2  1 
  51220.3077   14.286  0.004    2  1 
  51220.3257   14.316  0.004    2  1 
  51220.3432   14.364  0.004    2  1 
  51220.3602   14.415  0.004    2  1 
  51220.3776   14.466  0.004    2  1 
  51221.2835   14.698  0.005    2  1 
  51221.3009   14.702  0.005    2  1 
  51221.3188   14.683  0.005    2  1 
  51221.3358   14.641  0.005    2  1 
  51221.3538   14.569  0.005    2  1 
  51221.3722   14.469  0.004    2  1 
  51283.2451   14.711  0.005    2  1 
  51283.2493   14.719  0.005    2  1 
  51283.2714   14.731  0.005    2  1 
  51283.2748   14.712  0.005    2  1 
  51283.2939   14.680  0.004    2  1 
  51283.2972   14.679  0.004    2  1 
  51283.3202   14.592  0.004    2  1 
  51283.3234   14.584  0.004    2  1 
  51283.3487   14.432  0.004    2  1 
  51283.3518   14.412  0.004    2  1 
  51283.3707   14.358  0.004    2  1 
  51283.3738   14.354  0.004    2  1 
  51284.2195   14.272  0.004    2  1 
  51284.2229   14.270  0.004    2  1 
  51284.2413   14.289  0.004    2  1 
  51284.2443   14.274  0.004    2  1 
  51284.2617   14.315  0.004    2  1 
  51284.2942   14.399  0.004    2  1 
  51284.2973   14.409  0.004    2  1 
  51284.3168   14.476  0.004    2  1 
  51284.3211   14.496  0.004    2  1 
  51284.3464   14.562  0.004    2  1 
  51285.0513   14.339  0.003    2  1 
  51285.0543   14.343  0.003    2  1 
  51285.0739   14.396  0.004    2  1 
  51285.0778   14.406  0.004    2  1 
  51285.0975   14.462  0.004    2  1 
  51285.1006   14.481  0.005    2  1 
  51285.1324   14.573  0.004    2  1 
  51285.1360   14.581  0.004    2  1 
  51285.1558   14.616  0.004    2  1 
  51285.1588   14.633  0.004    2  1 
  51285.1796   14.667  0.004    2  1 
  51285.1830   14.663  0.004    2  1 
  51285.2125   14.705  0.004    2  1 
  51285.2157   14.705  0.004    2  1 
  51285.2426   14.698  0.004    2  1 
  51285.2630   14.670  0.005    2  1 
  51285.2998   14.471  0.004    2  1 
  51285.3348   14.352  0.003    2  1 
  51286.0461   14.654  0.004    2  1 
  51286.0493   14.640  0.004    2  1 
  51286.0716   14.548  0.004    2  1 
  51286.0753   14.526  0.004    2  1 
  51286.1026   14.400  0.003    2  1 
  51286.1061   14.392  0.003    2  1 
  51286.1365   14.351  0.003    2  1 
  51286.1398   14.348  0.004    2  1 
  51286.1608   14.305  0.004    2  1 
  51286.1639   14.306  0.003    2  1 
  51286.1669   14.318  0.003    2  1 
  51286.1875   14.284  0.003    2  1 
  51286.1908   14.294  0.003    2  1 
  51286.2255   14.340  0.003    2  1 
  51286.2285   14.345  0.003    2  1 
  51286.2476   14.421  0.005    2  1 
  51286.2508   14.398  0.004    2  1 
  51286.2697   14.451  0.004    2  1 
  51286.2727   14.459  0.004    2  1 
  51286.3022   14.548  0.004    2  1 
  51286.3055   14.545  0.004    2  1 
  51286.3218   14.591  0.004    2  1 
  51286.3250   14.604  0.004    2  1 
  51286.3450   14.646  0.004    2  1 
  51286.3481   14.658  0.004    2  1 
  51304.9873   14.301  0.003    2  1 
  51304.9926   14.299  0.003    2  1 
  51305.0328   14.298  0.004    2  1 
  51305.0362   14.306  0.004    2  1 
  51305.0559   14.342  0.004    2  1 
  51305.0599   14.347  0.004    2  1 
  51305.0890   14.428  0.004    2  1 
  51305.0922   14.437  0.004    2  1 
  51305.1269   14.544  0.005    2  1 
  51305.1509   14.621  0.005    2  1 
  51305.1853   14.686  0.005    2  1 
  51305.1885   14.705  0.005    2  1 
  51305.2098   14.714  0.005    2  1 
  51305.2128   14.720  0.005    2  1 
  51305.2431   14.730  0.005    2  1 
  51305.2461   14.721  0.005    2  1 
  51305.2704   14.675  0.005    2  1 
  51305.2734   14.657  0.005    2  1 
  51305.2995   14.520  0.004    2  1 
  51305.9857   14.694  0.003    2  1 
  51305.9885   14.691  0.003    2  1 
  51305.9912   14.690  0.003    2  1 
  51306.0256   14.697  0.003    2  1 
  51306.0285   14.703  0.004    2  1 
  51306.0465   14.676  0.004    2  1 
  51306.0498   14.666  0.004    2  1 
  51306.0896   14.491  0.004    2  1 
  51306.0930   14.480  0.004    2  1 
  51306.1123   14.405  0.003    2  1 
  51306.1151   14.395  0.003    2  1 
  51306.1375   14.351  0.003    2  1 
  51306.1405   14.349  0.003    2  1 
  51306.1636   14.308  0.003    2  1 
  51306.1673   14.313  0.003    2  1 
  51306.1937   14.288  0.003    2  1 
  51306.1966   14.292  0.003    2  1 
  51306.2146   14.308  0.004    2  1 
  51306.2343   14.340  0.003    2  1 
  51306.2380   14.342  0.003    2  1 
  51306.2574   14.401  0.003    2  1 
  51306.2602   14.412  0.003    2  1 
  51306.2805   14.465  0.003    2  1 
  51306.2835   14.470  0.003    2  1 
  51306.3009   14.576  0.000    2  1 
  51306.3038   14.542  0.004    2  1 
  51306.3135   14.561  0.004    2  1 
  51306.3184   14.584  0.005    2  1 
  51307.0456   14.399  0.005    2  1 
  51307.0501   14.417  0.005    2  1 
  51307.0593   14.447  0.004    2  1 
  51307.0645   14.460  0.004    2  1 
  51307.0699   14.491  0.012    2  1 
  51307.0747   14.506  0.007    2  1 
  51308.0084   14.666  0.003    2  1 
  51308.0112   14.666  0.003    2  1 
  51308.0334   14.582  0.003    2  1 
  51308.0362   14.581  0.003    2  1 
  51308.0394   14.548  0.003    2  1 
  51308.0633   14.426  0.003    2  1 
  51308.0663   14.410  0.003    2  1 
  51308.0995   14.358  0.003    2  1 
  51308.1280   14.303  0.003    2  1 
  51308.1309   14.307  0.003    2  1 
  51310.0850   14.317  0.002    2  1 
  51310.0874   14.309  0.002    2  1 
  51310.0897   14.311  0.002    2  1 
  51310.1430   14.317  0.003    2  1 
  51310.1458   14.322  0.003    2  1 
  51310.1486   14.320  0.004    2  1 
  51311.0244   14.618  0.007    2  1 
  51311.0302   14.615  0.006    2  1 
  51311.0334   14.618  0.006    2  1 
  51311.0506   14.653  0.003    2  1 
  51311.0539   14.673  0.003    2  1 
  51311.0637   14.669  0.004    2  1 
  51311.0669   14.679  0.005    2  1 
  51311.0907   14.712  0.005    2  1 
  51311.0946   14.714  0.005    2  1 
  51311.1015   14.706  0.004    2  1 
  51311.1071   14.708  0.005    2  1 
  51311.1298   14.707  0.005    2  1 
  51311.1327   14.711  0.005    2  1 
  51311.1357   14.696  0.005    2  1 
  51311.1398   14.683  0.005    2  1 
  51311.1447   14.689  0.005    2  1 
  51311.9726   14.483  0.005    2  1 
  51311.9755   14.474  0.005    2  1 
  51312.0020   14.386  0.004    2  1 
  51312.0049   14.382  0.004    2  1 
  51312.0255   14.350  0.004    2  1 
  51312.0284   14.344  0.003    2  1 
  51312.0314   14.340  0.003    2  1 
  51312.0584   14.292  0.003    2  1 
  51312.0611   14.300  0.003    2  1 
  51312.0638   14.292  0.003    2  1 
  51312.0903   14.301  0.003    2  1 
  51312.0955   14.307  0.003    2  1 
  51312.1146   14.337  0.003    2  1 
  51312.1173   14.342  0.003    2  1 
  51312.1200   14.355  0.003    2  1 
  51312.9860   14.572  0.003    2  1 
  51312.9887   14.582  0.003    2  1 
  51312.9913   14.587  0.003    2  1 
  51313.0096   14.640  0.004    2  1 
  51313.0123   14.648  0.004    2  1 
  51313.0149   14.646  0.004    2  1 
  51313.0333   14.683  0.004    2  1 
  51313.0360   14.689  0.004    2  1 
  51313.0386   14.695  0.004    2  1 
  51313.0413   14.689  0.004    2  1 
  51313.0595   14.689  0.003    2  1 
  51313.0622   14.711  0.004    2  1 
  51313.0648   14.704  0.004    2  1 
  51313.0911   14.705  0.004    2  1 
  51313.0937   14.704  0.004    2  1 
  51313.0964   14.693  0.004    2  1 
  51313.1146   14.657  0.004    2  1 
  51313.1172   14.642  0.004    2  1 
  51313.1199   14.637  0.004    2  1 
  51313.1226   14.626  0.004    2  1 
  51313.9843   14.355  0.004    2  1 
  51313.9872   14.341  0.004    2  1 
  51313.9901   14.343  0.004    2  1 
  51314.0178   14.293  0.004    2  1 
  51314.0207   14.295  0.004    2  1 
  51314.0236   14.295  0.003    2  1 
  51314.0432   14.289  0.004    2  1 
  51314.0461   14.291  0.004    2  1 
  51314.0490   14.292  0.004    2  1 
  51314.0772   14.346  0.004    2  1 
  51314.0802   14.352  0.004    2  1 
  51314.0831   14.361  0.004    2  1 
  51314.1030   14.406  0.004    2  1 
  51314.1059   14.412  0.005    2  1 
  51314.1088   14.417  0.004    2  1 
  51314.1289   14.480  0.004    2  1 
  51314.1333   14.484  0.004    2  1 
  51314.1363   14.499  0.005    2  1 
  51314.9827   14.651  0.004    2  1 
  51314.9856   14.657  0.004    2  1 
  51314.9885   14.657  0.004    2  1 
  51315.0015   14.673  0.004    2  1 
  51315.0043   14.682  0.004    2  1 
  51315.0069   14.690  0.004    2  1 
  51315.0251   14.690  0.004    2  1 
  51315.0277   14.699  0.004    2  1 
  51315.0304   14.692  0.004    2  1 
  51315.0516   14.691  0.004    2  1 
  51315.0542   14.683  0.004    2  1 
  51315.0780   14.646  0.004    2  1 
  51315.0807   14.630  0.004    2  1 
  51315.0833   14.621  0.004    2  1 
  51315.1015   14.537  0.004    2  1 
  51315.1041   14.532  0.004    2  1 
  51315.1068   14.514  0.004    2  1 
  51315.1290   14.416  0.004    2  1 
  51315.1319   14.403  0.004    2  1 
  51316.0194   14.316  0.003    2  1 
  51316.0221   14.327  0.003    2  1 
  51316.0247   14.326  0.003    2  1 
  51316.0431   14.353  0.003    2  1 
  51316.0458   14.365  0.003    2  1 
  51316.0485   14.366  0.003    2  1 
  51316.0667   14.409  0.004    2  1 
  51316.0693   14.419  0.004    2  1 
  51316.0720   14.427  0.004    2  1 
  51316.0905   14.480  0.004    2  1 
  51316.0934   14.495  0.004    2  1 
  51316.0963   14.499  0.004    2  1 
  51316.1148   14.549  0.003    2  1 
  51316.1175   14.560  0.004    2  1 
  51316.1201   14.563  0.004    2  1 
  51316.9647   14.679  0.004    2  1 
  51316.9676   14.695  0.005    2  1 
  51316.9705   14.711  0.005    2  1 
  51316.9896   14.699  0.004    2  1 
  51316.9923   14.702  0.004    2  1 
  51316.9949   14.694  0.004    2  1 
  51317.0088   14.706  0.005    2  1 
  51317.0117   14.698  0.005    2  1 
  51317.0321   14.681  0.005    2  1 
  51317.0351   14.668  0.005    2  1 
  51317.0391   14.656  0.005    2  1 
  51317.0602   14.563  0.004    2  1 
  51317.0631   14.544  0.004    2  1 
  51317.0660   14.539  0.004    2  1 
  51317.0858   14.427  0.004    2  1 
  51317.0887   14.403  0.004    2  1 
  51317.0916   14.405  0.004    2  1 
  51317.1111   14.371  0.004    2  1 
  51317.1140   14.360  0.004    2  1 
  51317.1169   14.360  0.004    2  1 
  51317.9657   14.261  0.004    2  1 
  51317.9685   14.268  0.004    2  1 
  51317.9883   14.291  0.004    2  1 
  51317.9912   14.302  0.004    2  1 
  51317.9941   14.309  0.004    2  1 
  51318.0135   14.353  0.004    2  1 
  51318.0164   14.355  0.005    2  1 
  51318.0194   14.376  0.005    2  1 
  51318.0413   14.443  0.005    2  1 
  51318.0445   14.452  0.005    2  1 
  51318.0477   14.461  0.005    2  1 
  51318.0697   14.535  0.005    2  1 
  51318.0730   14.546  0.006    2  1 
  51318.0762   14.562  0.006    2  1 
  51318.0981   14.632  0.007    2  1 
  51318.1014   14.633  0.006    2  1 
  51318.1046   14.671  0.008    2  1 
  51318.1265   14.701  0.007    2  1 
  51318.1298   14.713  0.007    2  1 
  51318.9642   14.699  0.004    2  1 
  51318.9680   14.687  0.005    2  1 
  51318.9708   14.698  0.004    2  1 
  51318.9737   14.695  0.004    2  1 
  51318.9929   14.669  0.004    2  1 
  51318.9956   14.672  0.004    2  1 
  51318.9983   14.659  0.004    2  1 
  51319.0180   14.588  0.005    2  1 
  51319.0209   14.553  0.004    2  1 
  51319.0238   14.549  0.004    2  1 
  51319.0443   14.429  0.004    2  1 
  51319.0474   14.419  0.004    2  1 
  51319.0505   14.407  0.004    2  1 
  51319.0793   14.372  0.003    2  1 
  51319.0820   14.359  0.003    2  1 
  51319.0847   14.361  0.003    2  1 
  51319.1030   14.317  0.004    2  1 
  51319.1084   14.314  0.003    2  1 
  51319.1110   14.311  0.003    2  1 
  51320.1030   14.688  0.003    2  1 
  51320.1053   14.694  0.003    2  1 
  51320.1076   14.694  0.003    2  1 
  51320.1238   14.716  0.003    2  1 
  51320.1261   14.706  0.003    2  1 
  51320.1284   14.705  0.004    2  1 
  51320.1450   14.713  0.004    2  1 
  51320.1477   14.701  0.004    2  1 
  51320.1503   14.709  0.004    2  1 
  51320.9635   14.650  0.004    2  1 
  51320.9664   14.632  0.004    2  1 
  51320.9693   14.626  0.004    2  1 
  51320.9887   14.530  0.003    2  1 
  51320.9911   14.513  0.003    2  1 
  51320.9936   14.501  0.003    2  1 
  51321.0102   14.423  0.003    2  1 
  51321.0126   14.419  0.003    2  1 
  51321.0150   14.408  0.003    2  1 
  51321.0318   14.394  0.003    2  1 
  51321.0344   14.386  0.003    2  1 
  51321.0369   14.377  0.003    2  1 
  51321.0543   14.350  0.003    2  1 
  51321.0568   14.351  0.003    2  1 
  51321.0594   14.342  0.003    2  1 
  51321.0847   14.307  0.003    2  1 
  51321.0873   14.301  0.003    2  1 
  51321.0898   14.308  0.003    2  1 
  51321.1133   14.298  0.003    2  1 
  51321.1159   14.302  0.003    2  1 
  51321.1186   14.303  0.003    2  1 
  51321.1339   14.325  0.003    2  1 
  51321.1365   14.326  0.003    2  1 
  51332.9696   14.511  0.006    2  1 
  51332.9739   14.521  0.006    2  1 
  51332.9891   14.567  0.005    2  1 
  51332.9928   14.579  0.006    2  1 
  51332.9965   14.591  0.006    2  1 
  51333.0083   14.625  0.005    2  1 
  51333.0120   14.625  0.005    2  1 
  51333.0226   14.650  0.005    2  1 
  51333.0264   14.653  0.005    2  1 
  51333.0514   14.711  0.006    2  1 
  51333.0552   14.710  0.007    2  1 
  51333.0742   14.707  0.006    2  1 
  51333.0779   14.711  0.006    2  1 
  51333.0907   14.707  0.005    2  1 
  51333.0945   14.701  0.005    2  1 
  51333.1178   14.668  0.005    2  1 
  51333.1221   14.656  0.005    2  1 
  51333.1335   14.618  0.006    2  1 
  51333.1529   14.520  0.005    2  1 
  51333.1565   14.490  0.005    2  1 
  51333.1716   14.408  0.005    2  1 
  51333.1752   14.404  0.005    2  1 
  51334.9871   14.642  0.004    2  1 
  51335.0175   14.688  0.004    2  1 
  51335.0204   14.687  0.004    2  1 
  51335.0301   14.693  0.004    2  1 
  51335.0334   14.697  0.004    2  1 
  51335.0517   14.698  0.005    2  1 
  51335.0552   14.701  0.005    2  1 
  51335.0692   14.686  0.005    2  1 
  51335.0727   14.673  0.005    2  1 
  51335.0833   14.654  0.005    2  1 
  51335.0867   14.638  0.005    2  1 
  51335.1133   14.511  0.005    2  1 
  51335.1167   14.498  0.005    2  1 
  51335.9535   14.349  0.005    2  1 
  51335.9726   14.317  0.004    2  1 
  51335.9768   14.313  0.004    2  1 
  51335.9997   14.296  0.004    2  1 
  51336.0027   14.296  0.004    2  1 
  51336.0203   14.294  0.004    2  1 
  51336.0357   14.313  0.004    2  1 
  51336.0388   14.319  0.004    2  1 
  51336.0593   14.375  0.004    2  1 
  51336.0629   14.375  0.004    2  1 
  51336.0769   14.417  0.004    2  1 
  51336.0803   14.426  0.005    2  1 
  51336.1025   14.491  0.004    2  1 
  51336.1059   14.497  0.005    2  1 
  51336.1206   14.541  0.005    2  1 
  51336.1240   14.547  0.005    2  1 
  51337.0101   14.748  0.006    2  1 
  51337.9904   14.301  0.005    2  1 
  51337.9940   14.311  0.005    2  1 
  51338.0162   14.359  0.005    2  1 
  51338.0196   14.373  0.005    2  1 
  51338.0339   14.412  0.006    2  1 
  51338.0376   14.411  0.006    2  1 
  51338.9901   14.698  0.005    2  1 
  51338.9938   14.686  0.004    2  1 
  51339.0226   14.592  0.006    2  1 
  51339.0269   14.560  0.005    2  1 
  51339.0867   14.330  0.006    2  1 
  51339.0905   14.324  0.005    2  1 
  51339.1139   14.290  0.004    2  1 
  51339.1177   14.285  0.004    2  1 
  51339.1448   14.285  0.004    2  1 
  51339.1482   14.294  0.004    2  1 
  51339.9766   14.360  0.004    2  1 
  51339.9795   14.368  0.004    2  1 
  51340.0044   14.427  0.004    2  1 
  51340.0078   14.438  0.004    2  1 
  51340.0274   14.498  0.004    2  1 
  51340.0306   14.507  0.004    2  1 
  51340.0540   14.575  0.005    2  1 
  51340.0572   14.583  0.005    2  1 
  51340.0857   14.657  0.005    2  1 
  51340.0892   14.660  0.005    2  1 
  51340.1152   14.694  0.005    2  1 
  51340.1197   14.698  0.005    2  1 
  51340.1229   14.693  0.005    2  1 
  51340.1263   14.695  0.005    2  1 
  51340.1404   14.712  0.006    2  1 
  51340.1437   14.711  0.005    2  1 
  51344.9924   14.305  0.003    2  1 
  51344.9958   14.295  0.003    2  1 
  51344.9988   14.297  0.003    2  1 
  51345.0216   14.289  0.004    2  1 
  51345.0255   14.283  0.004    2  1 
  51345.0302   14.284  0.004    2  1 
  51345.0553   14.314  0.004    2  1 
  51345.0603   14.331  0.004    2  1 
  51345.9856   14.674  0.006    2  1 
  51345.9896   14.682  0.005    2  1 
  51346.0219   14.705  0.006    2  1 
  51346.0264   14.703  0.005    2  1 
  51346.0486   14.689  0.005    2  1 
  51346.0523   14.688  0.005    2  1 
  51346.0791   14.611  0.005    2  1 
  51346.0826   14.588  0.004    2  1 
  51347.0416   14.367  0.004    2  1 
  51347.0453   14.379  0.003    2  1 
  51347.0743   14.463  0.004    2  1 
  51347.0777   14.476  0.004    2  1 
  51347.0990   14.546  0.004    2  1 
  51347.1022   14.541  0.003    2  1 
  51347.9769   14.696  0.004    2  1 
  51347.9802   14.710  0.005    2  1 
  51347.9834   14.698  0.004    2  1 
  51347.9983   14.702  0.005    2  1 
  51348.0028   14.700  0.005    2  1 
  51348.0063   14.690  0.004    2  1 
  51348.0242   14.665  0.005    2  1 
  51348.0274   14.662  0.005    2  1 
  51348.0943   14.374  0.005    2  1 
  51348.0983   14.375  0.006    2  1 
  51348.1018   14.365  0.005    2  1 
  51348.9650   14.300  0.004    2  1 
  51348.9853   14.332  0.003    2  1 
  51348.9883   14.329  0.004    2  1 
  51348.9912   14.345  0.004    2  1 
  51349.0316   14.455  0.004    2  1 
  51349.0346   14.462  0.004    2  1 
  51349.9815   14.663  0.004    2  1 
  51349.9851   14.650  0.004    2  1 
  51349.9973   14.613  0.004    2  1 
  51350.0033   14.587  0.005    2  1 
  51350.0066   14.567  0.004    2  1 
  51350.0164   14.512  0.004    2  1 
  51350.0197   14.496  0.004    2  1 
  51350.0296   14.442  0.004    2  1 
  51380.9973   14.568  0.004    2  1 
  51381.0004   14.554  0.003    2  1 
  51381.0031   14.534  0.003    2  1 
  51381.0187   14.462  0.003    2  1 
  51381.0214   14.444  0.003    2  1 
  51381.0242   14.432  0.003    2  1 
  51381.9830   14.445  0.004    2  1 
  51381.9859   14.446  0.004    2  1 
  51381.9888   14.455  0.005    2  1 
  51382.0000   14.492  0.004    2  1 
  51382.0029   14.505  0.004    2  1 
  51382.9793   14.450  0.005    2  1 
  51382.9826   14.435  0.004    2  1 
  51382.9857   14.422  0.004    2  1 
  51382.9965   14.375  0.004    2  1 
  51382.9995   14.364  0.005    2  1 
  51383.9746   14.545  0.003    2  1 
  51383.9773   14.558  0.003    2  1 
  51383.9799   14.562  0.004    2  1 
  51383.9899   14.608  0.004    2  1 
  51383.9926   14.605  0.004    2  1 
  51384.9777   14.358  0.003    2  1 
  51384.9802   14.357  0.003    2  1 
  51384.9896   14.340  0.003    2  1 
  51384.9921   14.337  0.003    2  1 
  51385.9711   14.631  0.003    2  1 
  51385.9737   14.699  0.000    2  1 
  51385.9763   14.642  0.003    2  1 
  51385.9857   14.659  0.004    2  1 
  51385.9884   14.663  0.004    2  1 
  51386.9965   14.288  0.003    2  1 
  51387.0003   14.286  0.003    2  1 
  51387.0041   14.281  0.003    2  1 
  51387.0216   14.288  0.004    2  1 
  51387.0254   14.289  0.003    2  1 
  51387.0293   14.305  0.003    2  1 
  51388.9801   14.285  0.004    2  1 
  51388.9834   14.283  0.004    2  1 
  51388.9866   14.298  0.004    2  1 
  51388.9984   14.310  0.005    2  1 
  51389.0017   14.319  0.005    2  1 
  51389.9783   14.696  0.004    2  1 
  51389.9809   14.696  0.004    2  1 
  51389.9836   14.676  0.004    2  1 
  51390.9729   14.365  0.003    2  1 
  51390.9756   14.364  0.003    2  1 
  51390.9783   14.376  0.003    2  1 
  51391.9728   14.592  0.003    2  1 
  51391.9754   14.580  0.003    2  1 
  51391.9779   14.575  0.003    2  1 
  51671.0871   14.705  0.005    2  1 
  51671.0917   14.704  0.005    2  1 
  51671.0952   14.700  0.005    2  1 
  51671.1189   14.632  0.005    2  1 
  51671.1232   14.614  0.005    2  1 
  51671.9996   14.307  0.003    2  1 
  51672.0039   14.302  0.003    2  1 
  51672.0350   14.294  0.003    2  1 
  51672.0382   14.292  0.003    2  1 
  51673.0232   14.713  0.003    2  1 
  51674.0574   14.388  0.005    2  1 
  51674.0620   14.403  0.006    2  1 
  51674.0938   14.500  0.006    2  1 
  51674.0985   14.519  0.005    2  1 
  51674.1159   14.567  0.005    2  1 
  51674.1223   14.585  0.005    2  1 
  51674.9763   14.711  0.006    2  1 
  51674.9824   14.714  0.006    2  1 
  51675.0212   14.688  0.006    2  1 
  51676.0163   14.383  0.004    2  1 
  51692.9816   14.676  0.005    2  1 
  51692.9854   14.686  0.005    2  1 
  51693.9780   14.302  0.003    2  1 
  51693.9814   14.303  0.003    2  1 
  51694.9914   14.707  0.004    2  1 
  51694.9946   14.610  0.004    2  1 
  51765.9974   14.594  0.005    2  1 
  51766.0012   14.575  0.005    2  1 
  51766.0048   14.546  0.004    2  1 
  51766.0266   14.433  0.005    2  1 
  51766.0301   14.413  0.005    2  1 
  51216.3408   14.656  0.003    3  1 
  51216.3634   14.652  0.003    3  1 
  51216.3905   14.631  0.003    3  1 
  51217.3019   15.091  0.004    3  1 
  51217.3494   15.164  0.004    3  1 
  51217.3710   15.177  0.004    3  1 
  51217.3906   15.163  0.004    3  1 
  51218.2854   14.688  0.003    3  1 
  51218.3156   14.646  0.004    3  1 
  51218.3347   14.632  0.003    3  1 
  51218.3653   14.641  0.003    3  1 
  51218.3848   14.691  0.003    3  1 
  51219.2918   15.155  0.004    3  1 
  51219.3100   15.181  0.004    3  1 
  51219.3296   15.170  0.004    3  1 
  51219.3536   15.154  0.004    3  1 
  51219.3723   15.092  0.004    3  1 
  51220.2720   14.633  0.003    3  1 
  51220.2946   14.600  0.003    3  1 
  51220.3117   14.616  0.003    3  1 
  51220.3299   14.658  0.003    3  1 
  51220.3473   14.709  0.003    3  1 
  51220.3643   14.794  0.003    3  1 
  51220.3816   14.867  0.003    3  1 
  51221.2763   15.166  0.004    3  1 
  51221.2964   15.173  0.004    3  1 
  51221.3145   15.146  0.003    3  1 
  51221.3318   15.102  0.004    3  1 
  51221.3496   15.008  0.003    3  1 
  51221.3673   14.865  0.003    3  1 
  51283.2546   15.182  0.003    3  1 
  51283.2783   15.179  0.003    3  1 
  51283.3008   15.124  0.003    3  1 
  51283.3322   14.918  0.003    3  1 
  51283.3553   14.744  0.003    3  1 
  51283.3773   14.698  0.003    3  1 
  51284.2134   14.587  0.003    3  1 
  51284.2375   14.583  0.003    3  1 
  51284.2581   14.616  0.003    3  1 
  51284.2875   14.731  0.003    3  1 
  51284.3124   14.839  0.003    3  1 
  51284.3383   14.955  0.003    3  1 
  51285.0451   14.659  0.002    3  1 
  51285.0691   14.753  0.003    3  1 
  51285.0932   14.846  0.003    3  1 
  51285.1257   14.985  0.003    3  1 
  51285.1514   15.072  0.003    3  1 
  51285.1754   15.128  0.003    3  1 
  51285.2060   15.183  0.004    3  1 
  51285.2321   15.173  0.004    3  1 
  51285.2586   15.133  0.004    3  1 
  51285.2928   14.899  0.003    3  1 
  51285.3257   14.708  0.003    3  1 
  51286.0393   15.151  0.003    3  1 
  51286.0670   15.004  0.003    3  1 
  51286.1302   14.713  0.002    3  1 
  51286.1833   14.598  0.003    3  1 
  51286.2193   14.641  0.003    3  1 
  51286.2434   14.714  0.003    3  1 
  51286.2655   14.800  0.003    3  1 
  51286.2958   14.921  0.003    3  1 
  51286.3291   15.059  0.003    3  1 
  51286.3521   15.133  0.004    3  1 
  51304.9838   14.648  0.002    3  1 
  51305.0251   14.601  0.003    3  1 
  51305.0718   14.729  0.003    3  1 
  51305.0961   14.831  0.003    3  1 
  51305.1465   15.033  0.005    3  1 
  51305.1755   15.134  0.004    3  1 
  51305.2054   15.195  0.005    3  1 
  51305.2345   15.206  0.004    3  1 
  51305.2666   15.117  0.004    3  1 
  51305.2880   14.990  0.004    3  1 
  51305.9773   15.157  0.003    3  1 
  51306.0428   15.140  0.004    3  1 
  51306.1087   14.731  0.003    3  1 
  51306.1330   14.702  0.003    3  1 
  51306.1578   14.639  0.003    3  1 
  51306.1875   14.618  0.003    3  1 
  51306.2771   14.830  0.003    3  1 
  51306.2972   14.923  0.003    3  1 
  51308.0025   15.149  0.003    3  1 
  51308.0600   14.809  0.003    3  1 
  51308.0958   14.719  0.002    3  1 
  51308.1244   14.638  0.003    3  1 
  51311.9792   14.837  0.004    3  1 
  51311.9983   14.738  0.003    3  1 
  51312.0087   14.743  0.003    3  1 
  51312.0350   14.673  0.003    3  1 
  51312.0550   14.619  0.003    3  1 
  51312.0672   14.605  0.003    3  1 
  51312.0870   14.603  0.003    3  1 
  51312.0988   14.632  0.003    3  1 
  51313.0063   15.092  0.003    3  1 
  51313.0300   15.148  0.003    3  1 
  51313.0838   15.161  0.003    3  1 
  51313.1113   15.123  0.003    3  1 
  51313.9807   14.724  0.003    3  1 
  51314.0143   14.623  0.003    3  1 
  51314.0397   14.602  0.003    3  1 
  51314.1124   14.806  0.003    3  1 
  51314.9752   15.111  0.003    3  1 
  51315.0102   15.171  0.003    3  1 
  51315.0336   15.174  0.003    3  1 
  51315.0747   15.114  0.003    3  1 
  51315.0982   14.977  0.004    3  1 
  51315.1216   14.813  0.003    3  1 
  51316.0399   14.690  0.003    3  1 
  51316.0634   14.765  0.003    3  1 
  51316.0869   14.852  0.003    3  1 
  51316.1115   14.957  0.003    3  1 
  51316.9740   15.187  0.004    3  1 
  51317.0052   15.226  0.005    3  1 
  51317.0566   15.010  0.004    3  1 
  51317.0822   14.805  0.003    3  1 
  51317.1075   14.722  0.003    3  1 
  51317.9847   14.628  0.003    3  1 
  51318.0099   14.690  0.004    3  1 
  51318.0374   14.815  0.005    3  1 
  51318.1226   15.187  0.006    3  1 
  51318.9772   15.183  0.004    3  1 
  51319.0019   15.099  0.004    3  1 
  51319.0274   14.922  0.003    3  1 
  51319.0757   14.715  0.003    3  1 
  51319.0997   14.657  0.003    3  1 
  51320.1000   15.146  0.003    3  1 
  51320.1208   15.184  0.003    3  1 
  51320.1417   15.190  0.003    3  1 
  51321.0180   14.769  0.002    3  1 
  51321.0400   14.732  0.002    3  1 
  51321.0624   14.665  0.002    3  1 
  51321.0930   14.606  0.003    3  1 
  51321.1217   14.623  0.002    3  1 
  51380.9937   15.008  0.003    3  1 
  51381.9793   14.799  0.003    3  1 
  51382.9755   14.851  0.004    3  1 
  51383.9715   14.948  0.003    3  1 
  51385.9679   15.072  0.003    3  1 
  51386.9917   14.615  0.003    3  1 
  51388.9755   14.594  0.003    3  1 
  51389.9750   15.149  0.003    3  1 
 56468.97641   13.396  0.087   -1  1 
 56469.04707   13.281  0.096   -1  1 
 56469.10896   13.124  0.062   -1  1 
 56469.17285   13.335  0.016   -1  1 
 56471.00364   13.512  0.046   -1  1 
 56471.06640   13.435  0.016   -1  1 
 56471.12490   13.335  0.017   -1  1 
 56471.18188   13.312  0.018   -1  1 
 56471.96759   13.142  0.047   -1  1 
 56472.03374   13.293  0.021   -1  1 
 56472.09484   13.450  0.027   -1  1 
 56472.15243   13.393  0.016   -1  1 
 56468.95296   12.989  0.043   -2  1 
 56469.02441   13.193  0.041   -2  1 
 56469.08813   13.181  0.031   -2  1 
 56469.15134   13.266  0.028   -2  1 
 56471.02588   13.252  0.037   -2  1 
 56471.08671   13.244  0.020   -2  1 
 56471.14302   13.308  0.014   -2  1 
 56471.94704   13.280  0.013   -2  1 
 56472.01085   13.185  0.035   -2  1 
 56472.07480   13.178  0.018   -2  1 
 56472.13240   13.353  0.012   -2  1 
 56472.19216   13.300  0.014   -2  1 
 56469.00041   13.558  0.029   -5  1 
 56469.06767   13.624  0.018   -5  1 
 56469.13003   13.492  0.017   -5  1 
 56469.19349   13.428  0.016   -5  1 
 56470.98130   13.658  0.012   -5  1 
 56471.04693   13.639  0.018   -5  1 
 56471.10523   13.535  0.015   -5  1 
 56471.16397   13.541  0.010   -5  1 
 56471.98857   13.482  0.023   -5  1 
 56472.05430   13.510  0.020   -5  1 
 56472.11383   13.533  0.016   -5  1 
 56472.17109   13.608  0.011   -5  1 
