  51216.3218   14.606  0.005    2  1 
  51216.3464   14.642  0.005    2  1 
  51216.3689   14.653  0.005    2  1 
  51216.3980   14.693  0.008    2  1 
  51217.3101   13.978  0.004    2  1 
  51217.3328   13.910  0.003    2  1 
  51217.3552   13.989  0.004    2  1 
  51217.3759   14.050  0.004    2  1 
  51217.3953   14.113  0.004    2  1 
  51218.2773   14.630  0.007    2  1 
  51218.3093   14.632  0.005    2  1 
  51218.3298   14.646  0.005    2  1 
  51218.3573   14.677  0.005    2  1 
  51218.3794   14.718  0.005    2  1 
  51219.3336   14.017  0.004    2  1 
  51219.3596   14.110  0.004    2  1 
  51219.3768   14.165  0.004    2  1 
  51220.2621   14.621  0.005    2  1 
  51220.2906   14.652  0.005    2  1 
  51220.3077   14.664  0.005    2  1 
  51220.3257   14.684  0.005    2  1 
  51220.3432   14.707  0.005    2  1 
  51220.3602   14.719  0.005    2  1 
  51220.3776   14.713  0.005    2  1 
  51221.2835   13.951  0.003    2  1 
  51221.3009   14.010  0.004    2  1 
  51221.3188   14.085  0.004    2  1 
  51221.3358   14.145  0.004    2  1 
  51221.3538   14.189  0.004    2  1 
  51221.3722   14.237  0.004    2  1 
  51283.2451   14.668  0.005    2  1 
  51283.2493   14.665  0.005    2  1 
  51283.2714   14.692  0.005    2  1 
  51283.2748   14.691  0.005    2  1 
  51283.2939   14.703  0.004    2  1 
  51283.2972   14.702  0.005    2  1 
  51283.3202   14.704  0.005    2  1 
  51283.3234   14.701  0.004    2  1 
  51283.3487   14.694  0.004    2  1 
  51283.3518   14.689  0.004    2  1 
  51283.3707   14.707  0.005    2  1 
  51283.3738   14.699  0.004    2  1 
  51284.2195   13.924  0.003    2  1 
  51284.2229   13.933  0.003    2  1 
  51284.2413   14.017  0.003    2  1 
  51284.2443   14.005  0.003    2  1 
  51284.2617   14.082  0.003    2  1 
  51284.2942   14.186  0.004    2  1 
  51284.2973   14.190  0.004    2  1 
  51284.3168   14.253  0.004    2  1 
  51284.3211   14.250  0.004    2  1 
  51284.3464   14.318  0.004    2  1 
  51285.0513   14.448  0.004    2  1 
  51285.0543   14.456  0.004    2  1 
  51285.0739   14.490  0.004    2  1 
  51285.0778   14.494  0.004    2  1 
  51285.0975   14.526  0.004    2  1 
  51285.1006   14.545  0.005    2  1 
  51285.1324   14.585  0.004    2  1 
  51285.1360   14.587  0.004    2  1 
  51285.1558   14.608  0.004    2  1 
  51285.1588   14.632  0.004    2  1 
  51285.1796   14.636  0.004    2  1 
  51285.1830   14.638  0.004    2  1 
  51285.2125   14.669  0.005    2  1 
  51285.2157   14.673  0.005    2  1 
  51285.2426   14.686  0.005    2  1 
  51285.2630   14.700  0.005    2  1 
  51285.2998   14.706  0.005    2  1 
  51285.3348   14.699  0.004    2  1 
  51286.0461   14.806  0.004    2  1 
  51286.0493   14.804  0.004    2  1 
  51286.0716   14.825  0.004    2  1 
  51286.0753   14.823  0.004    2  1 
  51286.1026   14.730  0.004    2  1 
  51286.1061   14.696  0.004    2  1 
  51286.1365   14.200  0.003    2  1 
  51286.1398   14.158  0.003    2  1 
  51286.1608   13.978  0.004    2  1 
  51286.1639   13.912  0.003    2  1 
  51286.1669   13.922  0.003    2  1 
  51286.1875   13.927  0.003    2  1 
  51286.1908   13.949  0.003    2  1 
  51286.2255   14.077  0.003    2  1 
  51286.2285   14.082  0.003    2  1 
  51286.2508   14.163  0.003    2  1 
  51286.2697   14.214  0.003    2  1 
  51286.2727   14.218  0.003    2  1 
  51286.3022   14.295  0.004    2  1 
  51286.3055   14.300  0.004    2  1 
  51286.3218   14.346  0.004    2  1 
  51286.3250   14.351  0.004    2  1 
  51286.3450   14.395  0.004    2  1 
  51286.3481   14.412  0.004    2  1 
  51304.9873   14.699  0.004    2  1 
  51304.9926   14.692  0.004    2  1 
  51305.0328   14.762  0.005    2  1 
  51305.0362   14.784  0.005    2  1 
  51305.0559   14.804  0.005    2  1 
  51305.0599   14.810  0.005    2  1 
  51305.0890   14.836  0.005    2  1 
  51305.0922   14.840  0.005    2  1 
  51305.1509   14.196  0.004    2  1 
  51305.1853   13.906  0.003    2  1 
  51305.1885   13.890  0.004    2  1 
  51305.2098   13.961  0.003    2  1 
  51305.2128   13.979  0.003    2  1 
  51305.2431   14.093  0.003    2  1 
  51305.2461   14.090  0.004    2  1 
  51305.2704   14.167  0.004    2  1 
  51305.2734   14.188  0.004    2  1 
  51305.2995   14.247  0.004    2  1 
  51305.9857   14.345  0.003    2  1 
  51305.9885   14.349  0.003    2  1 
  51305.9912   14.362  0.003    2  1 
  51306.0256   14.430  0.003    2  1 
  51306.0285   14.438  0.003    2  1 
  51306.0465   14.460  0.004    2  1 
  51306.0498   14.473  0.004    2  1 
  51306.0896   14.543  0.004    2  1 
  51306.0930   14.562  0.004    2  1 
  51306.1123   14.577  0.004    2  1 
  51306.1151   14.586  0.004    2  1 
  51306.1375   14.611  0.004    2  1 
  51306.1405   14.607  0.004    2  1 
  51306.1636   14.633  0.004    2  1 
  51306.1673   14.635  0.004    2  1 
  51306.1937   14.653  0.004    2  1 
  51306.1966   14.675  0.004    2  1 
  51306.2146   14.680  0.004    2  1 
  51306.2343   14.701  0.004    2  1 
  51306.2380   14.712  0.004    2  1 
  51306.2574   14.719  0.003    2  1 
  51306.2602   14.727  0.003    2  1 
  51306.2805   14.702  0.004    2  1 
  51306.2835   14.705  0.004    2  1 
  51306.3038   14.703  0.004    2  1 
  51306.3135   14.702  0.004    2  1 
  51306.3184   14.731  0.006    2  1 
  51307.0456   14.851  0.006    2  1 
  51307.0501   14.851  0.006    2  1 
  51307.0593   14.852  0.005    2  1 
  51307.0645   14.839  0.005    2  1 
  51307.0699   14.831  0.012    2  1 
  51307.0747   14.819  0.008    2  1 
  51308.0084   14.468  0.003    2  1 
  51308.0112   14.467  0.003    2  1 
  51308.0334   14.499  0.003    2  1 
  51308.0362   14.520  0.003    2  1 
  51308.0394   14.521  0.003    2  1 
  51308.0633   14.570  0.003    2  1 
  51308.0663   14.565  0.003    2  1 
  51308.0995   14.603  0.004    2  1 
  51308.1280   14.632  0.004    2  1 
  51308.1309   14.628  0.004    2  1 
  51310.0850   14.631  0.003    2  1 
  51310.0874   14.628  0.003    2  1 
  51310.0897   14.618  0.003    2  1 
  51310.1430   14.675  0.004    2  1 
  51310.1458   14.683  0.004    2  1 
  51310.1486   14.678  0.004    2  1 
  51311.0244   14.660  0.007    2  1 
  51311.0302   14.561  0.006    2  1 
  51311.0334   14.495  0.005    2  1 
  51311.0506   14.206  0.002    2  1 
  51311.0539   14.169  0.003    2  1 
  51311.0637   14.042  0.003    2  1 
  51311.0669   13.997  0.004    2  1 
  51311.0907   13.905  0.003    2  1 
  51311.0946   13.914  0.003    2  1 
  51311.1015   13.938  0.003    2  1 
  51311.1071   13.945  0.003    2  1 
  51311.1298   14.034  0.003    2  1 
  51311.1327   14.035  0.004    2  1 
  51311.1357   14.051  0.004    2  1 
  51311.1398   14.073  0.003    2  1 
  51311.1447   14.083  0.004    2  1 
  51311.9726   14.528  0.005    2  1 
  51311.9755   14.529  0.005    2  1 
  51312.0020   14.572  0.005    2  1 
  51312.0049   14.586  0.005    2  1 
  51312.0255   14.603  0.004    2  1 
  51312.0284   14.601  0.004    2  1 
  51312.0314   14.609  0.004    2  1 
  51312.0584   14.636  0.004    2  1 
  51312.0611   14.640  0.004    2  1 
  51312.0638   14.637  0.004    2  1 
  51312.0903   14.663  0.004    2  1 
  51312.0955   14.654  0.004    2  1 
  51312.1146   14.683  0.004    2  1 
  51312.1173   14.681  0.004    2  1 
  51312.1200   14.690  0.004    2  1 
  51312.9860   14.727  0.004    2  1 
  51312.9887   14.687  0.004    2  1 
  51312.9913   14.642  0.004    2  1 
  51313.0096   14.308  0.003    2  1 
  51313.0123   14.275  0.003    2  1 
  51313.0149   14.263  0.003    2  1 
  51313.0333   14.013  0.003    2  1 
  51313.0360   13.980  0.003    2  1 
  51313.0386   13.942  0.003    2  1 
  51313.0413   13.931  0.003    2  1 
  51313.0595   13.923  0.003    2  1 
  51313.0622   13.916  0.003    2  1 
  51313.0648   13.935  0.003    2  1 
  51313.0911   14.021  0.003    2  1 
  51313.0937   14.025  0.003    2  1 
  51313.0964   14.039  0.003    2  1 
  51313.1146   14.102  0.003    2  1 
  51313.1172   14.111  0.003    2  1 
  51313.1199   14.117  0.003    2  1 
  51313.1226   14.121  0.003    2  1 
  51313.9843   14.590  0.004    2  1 
  51313.9872   14.592  0.004    2  1 
  51313.9901   14.597  0.004    2  1 
  51314.0178   14.631  0.005    2  1 
  51314.0207   14.631  0.004    2  1 
  51314.0236   14.626  0.004    2  1 
  51314.0432   14.677  0.005    2  1 
  51314.0461   14.658  0.005    2  1 
  51314.0490   14.660  0.005    2  1 
  51314.0772   14.677  0.005    2  1 
  51314.0802   14.680  0.004    2  1 
  51314.0831   14.697  0.005    2  1 
  51314.1030   14.724  0.005    2  1 
  51314.1059   14.714  0.005    2  1 
  51314.1088   14.727  0.005    2  1 
  51314.1289   14.718  0.005    2  1 
  51314.1333   14.716  0.005    2  1 
  51314.1363   14.724  0.005    2  1 
  51314.9827   14.226  0.003    2  1 
  51314.9856   14.200  0.003    2  1 
  51314.9885   14.165  0.003    2  1 
  51315.0015   13.987  0.003    2  1 
  51315.0043   13.950  0.003    2  1 
  51315.0069   13.936  0.003    2  1 
  51315.0251   13.911  0.003    2  1 
  51315.0277   13.915  0.003    2  1 
  51315.0304   13.941  0.003    2  1 
  51315.0516   13.988  0.003    2  1 
  51315.0542   14.009  0.003    2  1 
  51315.0780   14.094  0.003    2  1 
  51315.0807   14.092  0.003    2  1 
  51315.0833   14.092  0.003    2  1 
  51315.1015   14.174  0.003    2  1 
  51315.1041   14.168  0.003    2  1 
  51315.1068   14.167  0.004    2  1 
  51315.1290   14.243  0.004    2  1 
  51315.1319   14.233  0.004    2  1 
  51316.0194   14.655  0.004    2  1 
  51316.0221   14.652  0.004    2  1 
  51316.0247   14.647  0.004    2  1 
  51316.0431   14.674  0.004    2  1 
  51316.0458   14.677  0.004    2  1 
  51316.0485   14.681  0.004    2  1 
  51316.0667   14.699  0.005    2  1 
  51316.0693   14.704  0.004    2  1 
  51316.0720   14.713  0.004    2  1 
  51316.0905   14.714  0.005    2  1 
  51316.0934   14.717  0.004    2  1 
  51316.0963   14.723  0.004    2  1 
  51316.1148   14.697  0.004    2  1 
  51316.1175   14.697  0.004    2  1 
  51316.1201   14.690  0.004    2  1 
  51316.9647   14.025  0.003    2  1 
  51316.9676   13.996  0.003    2  1 
  51316.9705   13.953  0.003    2  1 
  51316.9896   13.900  0.003    2  1 
  51316.9923   13.903  0.003    2  1 
  51316.9949   13.913  0.003    2  1 
  51317.0088   13.948  0.003    2  1 
  51317.0117   13.997  0.004    2  1 
  51317.0321   14.032  0.004    2  1 
  51317.0351   14.043  0.004    2  1 
  51317.0391   14.061  0.003    2  1 
  51317.0602   14.129  0.004    2  1 
  51317.0631   14.149  0.003    2  1 
  51317.0660   14.167  0.004    2  1 
  51317.0858   14.217  0.004    2  1 
  51317.0887   14.214  0.004    2  1 
  51317.0916   14.236  0.004    2  1 
  51317.1111   14.279  0.004    2  1 
  51317.1140   14.282  0.004    2  1 
  51317.1169   14.296  0.004    2  1 
  51317.9657   14.632  0.005    2  1 
  51317.9685   14.630  0.005    2  1 
  51317.9883   14.651  0.005    2  1 
  51317.9912   14.641  0.005    2  1 
  51317.9941   14.653  0.004    2  1 
  51318.0135   14.672  0.005    2  1 
  51318.0164   14.668  0.005    2  1 
  51318.0194   14.682  0.006    2  1 
  51318.0413   14.699  0.005    2  1 
  51318.0445   14.730  0.006    2  1 
  51318.0477   14.708  0.005    2  1 
  51318.0697   14.715  0.006    2  1 
  51318.0730   14.709  0.006    2  1 
  51318.0762   14.695  0.006    2  1 
  51318.0981   14.691  0.007    2  1 
  51318.1014   14.696  0.006    2  1 
  51318.1046   14.700  0.007    2  1 
  51318.1265   14.709  0.007    2  1 
  51318.1298   14.723  0.007    2  1 
  51318.9642   13.923  0.003    2  1 
  51318.9680   13.940  0.003    2  1 
  51318.9708   13.942  0.003    2  1 
  51318.9737   13.954  0.003    2  1 
  51318.9929   14.041  0.003    2  1 
  51318.9956   14.018  0.003    2  1 
  51318.9983   14.048  0.003    2  1 
  51319.0180   14.094  0.004    2  1 
  51319.0209   14.108  0.003    2  1 
  51319.0238   14.142  0.003    2  1 
  51319.0443   14.182  0.004    2  1 
  51319.0474   14.201  0.004    2  1 
  51319.0505   14.199  0.004    2  1 
  51319.0793   14.291  0.003    2  1 
  51319.0820   14.294  0.003    2  1 
  51319.0847   14.297  0.003    2  1 
  51319.1030   14.341  0.004    2  1 
  51319.1084   14.361  0.004    2  1 
  51319.1110   14.364  0.003    2  1 
  51320.1030   14.738  0.003    2  1 
  51320.1053   14.761  0.004    2  1 
  51320.1076   14.742  0.003    2  1 
  51320.1238   14.787  0.004    2  1 
  51320.1261   14.789  0.003    2  1 
  51320.1284   14.813  0.004    2  1 
  51320.1450   14.825  0.004    2  1 
  51320.1477   14.822  0.004    2  1 
  51320.1503   14.844  0.004    2  1 
  51320.9635   14.044  0.003    2  1 
  51320.9664   14.046  0.003    2  1 
  51320.9693   14.074  0.003    2  1 
  51320.9887   14.132  0.002    2  1 
  51320.9911   14.141  0.002    2  1 
  51320.9936   14.146  0.003    2  1 
  51321.0102   14.202  0.002    2  1 
  51321.0126   14.212  0.003    2  1 
  51321.0150   14.210  0.003    2  1 
  51321.0318   14.266  0.003    2  1 
  51321.0344   14.266  0.003    2  1 
  51321.0369   14.267  0.003    2  1 
  51321.0543   14.312  0.003    2  1 
  51321.0568   14.330  0.003    2  1 
  51321.0594   14.327  0.003    2  1 
  51321.0847   14.385  0.003    2  1 
  51321.0873   14.403  0.003    2  1 
  51321.0898   14.396  0.003    2  1 
  51321.1133   14.450  0.004    2  1 
  51321.1159   14.458  0.004    2  1 
  51321.1186   14.460  0.004    2  1 
  51321.1339   14.490  0.004    2  1 
  51321.1365   14.501  0.004    2  1 
  51332.9696   14.544  0.006    2  1 
  51332.9739   14.548  0.006    2  1 
  51332.9891   14.573  0.005    2  1 
  51332.9928   14.578  0.006    2  1 
  51332.9965   14.597  0.006    2  1 
  51333.0083   14.599  0.005    2  1 
  51333.0120   14.598  0.005    2  1 
  51333.0226   14.612  0.005    2  1 
  51333.0264   14.618  0.005    2  1 
  51333.0514   14.646  0.006    2  1 
  51333.0552   14.642  0.007    2  1 
  51333.0742   14.659  0.006    2  1 
  51333.0779   14.666  0.006    2  1 
  51333.0907   14.675  0.005    2  1 
  51333.0945   14.674  0.005    2  1 
  51333.1178   14.700  0.005    2  1 
  51333.1221   14.712  0.006    2  1 
  51333.1335   14.711  0.006    2  1 
  51333.1529   14.704  0.006    2  1 
  51333.1565   14.704  0.006    2  1 
  51333.1716   14.695  0.006    2  1 
  51333.1752   14.697  0.006    2  1 
  51334.9871   14.607  0.004    2  1 
  51335.0175   14.641  0.004    2  1 
  51335.0204   14.643  0.004    2  1 
  51335.0301   14.652  0.004    2  1 
  51335.0334   14.648  0.004    2  1 
  51335.0517   14.669  0.005    2  1 
  51335.0552   14.668  0.005    2  1 
  51335.0692   14.692  0.005    2  1 
  51335.0727   14.687  0.005    2  1 
  51335.0833   14.705  0.006    2  1 
  51335.0867   14.702  0.005    2  1 
  51335.1133   14.713  0.006    2  1 
  51335.1167   14.713  0.006    2  1 
  51335.9535   14.354  0.005    2  1 
  51335.9726   14.106  0.004    2  1 
  51335.9768   14.048  0.004    2  1 
  51335.9997   13.906  0.003    2  1 
  51336.0027   13.902  0.003    2  1 
  51336.0203   13.946  0.003    2  1 
  51336.0357   13.999  0.004    2  1 
  51336.0388   14.010  0.004    2  1 
  51336.0593   14.091  0.004    2  1 
  51336.0629   14.096  0.004    2  1 
  51336.0769   14.144  0.004    2  1 
  51336.0803   14.147  0.004    2  1 
  51336.1025   14.217  0.004    2  1 
  51336.1059   14.229  0.004    2  1 
  51336.1206   14.257  0.005    2  1 
  51336.1240   14.269  0.004    2  1 
  51337.0101   14.664  0.006    2  1 
  51337.9904   13.934  0.004    2  1 
  51337.9940   13.959  0.004    2  1 
  51338.0162   14.040  0.004    2  1 
  51338.0196   14.065  0.004    2  1 
  51338.0339   14.131  0.005    2  1 
  51338.0376   14.118  0.005    2  1 
  51338.9901   14.710  0.006    2  1 
  51338.9938   14.681  0.005    2  1 
  51339.0226   14.700  0.006    2  1 
  51339.0269   14.710  0.006    2  1 
  51339.0867   14.706  0.007    2  1 
  51339.0905   14.694  0.007    2  1 
  51339.1139   14.747  0.006    2  1 
  51339.1177   14.740  0.006    2  1 
  51339.1448   14.799  0.006    2  1 
  51339.1482   14.806  0.005    2  1 
  51339.9766   14.027  0.003    2  1 
  51339.9795   14.036  0.003    2  1 
  51340.0044   14.124  0.003    2  1 
  51340.0078   14.144  0.003    2  1 
  51340.0274   14.191  0.004    2  1 
  51340.0306   14.195  0.004    2  1 
  51340.0540   14.258  0.004    2  1 
  51340.0572   14.268  0.004    2  1 
  51340.0857   14.341  0.005    2  1 
  51340.0892   14.349  0.005    2  1 
  51340.1152   14.400  0.005    2  1 
  51340.1197   14.427  0.005    2  1 
  51340.1229   14.428  0.005    2  1 
  51340.1263   14.440  0.004    2  1 
  51340.1404   14.487  0.005    2  1 
  51340.1437   14.474  0.005    2  1 
  51344.9924   14.705  0.004    2  1 
  51344.9958   14.704  0.004    2  1 
  51344.9988   14.708  0.004    2  1 
  51345.0216   14.747  0.005    2  1 
  51345.0255   14.754  0.006    2  1 
  51345.0302   14.765  0.005    2  1 
  51345.0553   14.829  0.006    2  1 
  51345.0603   14.820  0.005    2  1 
  51345.9856   14.339  0.005    2  1 
  51345.9896   14.357  0.005    2  1 
  51346.0219   14.428  0.005    2  1 
  51346.0264   14.441  0.005    2  1 
  51346.0486   14.484  0.005    2  1 
  51346.0523   14.509  0.005    2  1 
  51346.0791   14.558  0.005    2  1 
  51346.0826   14.547  0.004    2  1 
  51347.0416   14.838  0.006    2  1 
  51347.0453   14.838  0.004    2  1 
  51347.0743   14.767  0.005    2  1 
  51347.0777   14.729  0.004    2  1 
  51347.0990   14.371  0.003    2  1 
  51347.1022   14.306  0.003    2  1 
  51347.9769   14.402  0.004    2  1 
  51347.9802   14.440  0.004    2  1 
  51347.9834   14.409  0.004    2  1 
  51347.9983   14.447  0.004    2  1 
  51348.0028   14.468  0.004    2  1 
  51348.0063   14.467  0.004    2  1 
  51348.0242   14.493  0.004    2  1 
  51348.0274   14.495  0.004    2  1 
  51348.0943   14.604  0.006    2  1 
  51348.0983   14.602  0.007    2  1 
  51348.1018   14.615  0.007    2  1 
  51348.9650   14.759  0.005    2  1 
  51348.9853   14.788  0.005    2  1 
  51348.9883   14.824  0.005    2  1 
  51348.9912   14.815  0.005    2  1 
  51349.0316   14.808  0.005    2  1 
  51349.0346   14.800  0.005    2  1 
  51349.9815   14.480  0.004    2  1 
  51349.9851   14.488  0.004    2  1 
  51349.9973   14.511  0.004    2  1 
  51350.0033   14.519  0.005    2  1 
  51350.0066   14.526  0.004    2  1 
  51350.0164   14.546  0.004    2  1 
  51350.0197   14.548  0.004    2  1 
  51350.0296   14.573  0.005    2  1 
  51380.9973   14.731  0.004    2  1 
  51381.0004   14.711  0.004    2  1 
  51381.0031   14.712  0.004    2  1 
  51381.0187   14.711  0.004    2  1 
  51381.0214   14.703  0.004    2  1 
  51381.0242   14.691  0.004    2  1 
  51381.9830   14.182  0.004    2  1 
  51381.9859   14.178  0.004    2  1 
  51381.9888   14.183  0.004    2  1 
  51382.0000   14.224  0.004    2  1 
  51382.0029   14.236  0.004    2  1 
  51382.9793   14.720  0.006    2  1 
  51382.9826   14.731  0.005    2  1 
  51382.9857   14.738  0.006    2  1 
  51382.9965   14.689  0.005    2  1 
  51382.9995   14.678  0.006    2  1 
  51383.9746   14.252  0.003    2  1 
  51383.9773   14.264  0.003    2  1 
  51383.9799   14.263  0.003    2  1 
  51383.9899   14.288  0.004    2  1 
  51383.9926   14.306  0.004    2  1 
  51384.9777   14.696  0.004    2  1 
  51384.9802   14.703  0.004    2  1 
  51384.9896   14.705  0.004    2  1 
  51384.9921   14.707  0.004    2  1 
  51385.9711   14.335  0.003    2  1 
  51385.9763   14.343  0.003    2  1 
  51385.9857   14.368  0.003    2  1 
  51385.9884   14.375  0.003    2  1 
  51386.9965   14.766  0.005    2  1 
  51387.0003   14.778  0.005    2  1 
  51387.0041   14.781  0.005    2  1 
  51387.0216   14.824  0.005    2  1 
  51387.0254   14.815  0.005    2  1 
  51387.0293   14.853  0.005    2  1 
  51388.9801   14.798  0.006    2  1 
  51388.9834   14.804  0.005    2  1 
  51388.9866   14.817  0.006    2  1 
  51388.9984   14.829  0.006    2  1 
  51389.0017   14.823  0.006    2  1 
  51389.9783   14.488  0.004    2  1 
  51389.9809   14.495  0.004    2  1 
  51389.9836   14.490  0.004    2  1 
  51390.9729   14.834  0.004    2  1 
  51390.9756   14.833  0.004    2  1 
  51390.9783   14.834  0.004    2  1 
  51391.9728   14.535  0.003    2  1 
  51391.9754   14.557  0.003    2  1 
  51391.9779   14.547  0.003    2  1 
  51671.0871   14.060  0.004    2  1 
  51671.0917   14.089  0.004    2  1 
  51671.0952   14.103  0.003    2  1 
  51671.1189   14.168  0.004    2  1 
  51671.1232   14.183  0.004    2  1 
  51671.9996   14.626  0.004    2  1 
  51672.0039   14.618  0.004    2  1 
  51672.0350   14.653  0.004    2  1 
  51672.0382   14.654  0.004    2  1 
  51673.0232   13.961  0.002    2  1 
  51674.0574   14.707  0.006    2  1 
  51674.0620   14.722  0.007    2  1 
  51674.0938   14.722  0.007    2  1 
  51674.0985   14.707  0.006    2  1 
  51674.1159   14.699  0.006    2  1 
  51674.1223   14.702  0.005    2  1 
  51674.9763   13.911  0.004    2  1 
  51674.9824   13.926  0.004    2  1 
  51675.0212   14.075  0.004    2  1 
  51676.0163   14.697  0.005    2  1 
  51692.9816   14.616  0.005    2  1 
  51692.9854   14.632  0.005    2  1 
  51693.9780   13.926  0.003    2  1 
  51693.9814   13.927  0.003    2  1 
  51765.9974   14.844  0.006    2  1 
  51766.0012   14.851  0.006    2  1 
  51766.0048   14.835  0.005    2  1 
  51766.0266   14.786  0.006    2  1 
  51766.0301   14.750  0.006    2  1 
  51216.3144   15.146  0.004    3  1 
  51216.3408   15.158  0.004    3  1 
  51216.3634   15.178  0.004    3  1 
  51216.3905   15.221  0.004    3  1 
  51217.3019   14.381  0.003    3  1 
  51217.3494   14.192  0.002    3  1 
  51217.3710   14.285  0.002    3  1 
  51217.3906   14.389  0.003    3  1 
  51218.2854   15.129  0.004    3  1 
  51218.3156   15.230  0.007    3  1 
  51218.3347   15.191  0.004    3  1 
  51218.3653   15.234  0.004    3  1 
  51218.3848   15.247  0.004    3  1 
  51219.2918   14.122  0.002    3  1 
  51219.3100   14.154  0.002    3  1 
  51219.3296   14.246  0.002    3  1 
  51219.3536   14.368  0.003    3  1 
  51219.3723   14.455  0.003    3  1 
  51220.2720   15.164  0.004    3  1 
  51220.2946   15.180  0.004    3  1 
  51220.3117   15.194  0.004    3  1 
  51220.3299   15.212  0.004    3  1 
  51220.3473   15.226  0.004    3  1 
  51220.3643   15.260  0.004    3  1 
  51220.3816   15.249  0.004    3  1 
  51221.2763   14.145  0.002    3  1 
  51221.2964   14.247  0.002    3  1 
  51221.3145   14.336  0.002    3  1 
  51221.3318   14.424  0.003    3  1 
  51221.3496   14.491  0.003    3  1 
  51221.3673   14.576  0.003    3  1 
  51283.2546   15.202  0.003    3  1 
  51283.2783   15.234  0.004    3  1 
  51283.3008   15.262  0.004    3  1 
  51283.3322   15.241  0.004    3  1 
  51283.3553   15.231  0.003    3  1 
  51283.3773   15.270  0.004    3  1 
  51284.2134   14.133  0.002    3  1 
  51284.2375   14.262  0.002    3  1 
  51284.2581   14.348  0.002    3  1 
  51284.2875   14.492  0.003    3  1 
  51284.3124   14.587  0.003    3  1 
  51284.3383   14.679  0.003    3  1 
  51285.0451   14.874  0.003    3  1 
  51285.0691   14.943  0.003    3  1 
  51285.0932   15.018  0.004    3  1 
  51285.1257   15.092  0.003    3  1 
  51285.1514   15.131  0.003    3  1 
  51285.1754   15.153  0.003    3  1 
  51285.2321   15.213  0.004    3  1 
  51285.2586   15.236  0.004    3  1 
  51285.2928   15.235  0.004    3  1 
  51285.3257   15.235  0.004    3  1 
  51286.0393   15.339  0.003    3  1 
  51286.0670   15.391  0.004    3  1 
  51286.0977   15.266  0.003    3  1 
  51286.1302   14.629  0.002    3  1 
  51286.1560   14.207  0.002    3  1 
  51286.1833   14.142  0.002    3  1 
  51286.2193   14.324  0.002    3  1 
  51286.2434   14.443  0.002    3  1 
  51286.2655   14.543  0.003    3  1 
  51286.2958   14.678  0.003    3  1 
  51286.3291   14.801  0.003    3  1 
  51286.3521   14.885  0.003    3  1 
  51304.9838   15.231  0.003    3  1 
  51305.0251   15.276  0.005    3  1 
  51305.0718   15.382  0.005    3  1 
  51305.0961   15.378  0.004    3  1 
  51305.1465   14.587  0.004    3  1 
  51305.1755   14.169  0.002    3  1 
  51305.2054   14.189  0.003    3  1 
  51305.2345   14.333  0.003    3  1 
  51305.2666   14.491  0.003    3  1 
  51305.2880   14.589  0.003    3  1 
  51305.9773   14.712  0.002    3  1 
  51306.0428   14.920  0.003    3  1 
  51306.0809   15.016  0.003    3  1 
  51306.1087   15.169  0.005    3  1 
  51306.1330   15.121  0.004    3  1 
  51306.1875   15.175  0.003    3  1 
  51306.2101   15.191  0.003    3  1 
  51306.2771   15.264  0.003    3  1 
  51306.2972   15.261  0.004    3  1 
  51308.0025   14.909  0.003    3  1 
  51308.0294   14.966  0.003    3  1 
  51308.0600   15.063  0.003    3  1 
  51308.0919   15.109  0.003    3  1 
  51308.0958   15.123  0.003    3  1 
  51308.1244   15.149  0.003    3  1 
  51310.1100   15.182  0.002    3  1 
  51310.1132   15.197  0.003    3  1 
  51311.9792   15.032  0.004    3  1 
  51311.9983   15.070  0.004    3  1 
  51312.0087   15.096  0.004    3  1 
  51312.0350   15.123  0.004    3  1 
  51312.0550   15.163  0.004    3  1 
  51312.0672   15.154  0.003    3  1 
  51312.0870   15.177  0.004    3  1 
  51312.0988   15.195  0.004    3  1 
  51312.9828   15.282  0.003    3  1 
  51313.0063   14.748  0.003    3  1 
  51313.0300   14.321  0.002    3  1 
  51313.0562   14.130  0.002    3  1 
  51313.1113   14.363  0.002    3  1 
  51313.9807   15.102  0.004    3  1 
  51314.0143   15.145  0.004    3  1 
  51314.0397   15.173  0.004    3  1 
  51314.1124   15.261  0.004    3  1 
  51314.9752   14.706  0.003    3  1 
  51315.0102   14.151  0.002    3  1 
  51315.0336   14.158  0.002    3  1 
  51315.0747   14.353  0.002    3  1 
  51315.0982   14.463  0.003    3  1 
  51315.1216   14.568  0.003    3  1 
  51316.0399   15.203  0.003    3  1 
  51316.0634   15.236  0.003    3  1 
  51316.0869   15.270  0.004    3  1 
  51316.1115   15.238  0.003    3  1 
  51316.9740   14.179  0.002    3  1 
  51317.0052   14.173  0.002    3  1 
  51317.0282   14.302  0.003    3  1 
  51317.0566   14.427  0.003    3  1 
  51317.0822   14.537  0.003    3  1 
  51317.1075   14.643  0.003    3  1 
  51317.9847   15.177  0.004    3  1 
  51318.0099   15.210  0.004    3  1 
  51318.0374   15.254  0.006    3  1 
  51318.1226   15.227  0.005    3  1 
  51318.9772   14.204  0.002    3  1 
  51319.0019   14.412  0.004    3  1 
  51319.0274   14.436  0.003    3  1 
  51319.0757   14.644  0.003    3  1 
  51320.1000   15.259  0.003    3  1 
  51320.1208   15.317  0.003    3  1 
  51320.1417   15.373  0.004    3  1 
  51320.9728   14.348  0.002    3  1 
  51320.9965   14.547  0.002    3  1 
  51321.0180   14.585  0.002    3  1 
  51321.0400   14.631  0.003    3  1 
  51321.0624   14.720  0.003    3  1 
  51321.0930   14.829  0.003    3  1 
  51321.1217   14.929  0.003    3  1 
  51380.9937   15.268  0.004    3  1 
  51381.9793   14.503  0.003    3  1 
  51382.9755   15.261  0.005    3  1 
  51383.9715   14.602  0.002    3  1 
  51385.9679   14.702  0.002    3  1 
  51386.9917   15.304  0.004    3  1 
  51388.9755   15.352  0.005    3  1 
  51389.9750   14.951  0.003    3  1 
  51693.9923   14.718  0.003    3  1 
 56468.97641   13.022  0.180   -1  1 
 56469.04707   13.055  0.135   -1  1 
 56469.10896   12.955  0.145   -1  1 
 56469.17285   12.984  0.025   -1  1 
 56471.00364   13.051  0.068   -1  1 
 56471.06640   13.095  0.022   -1  1 
 56471.12490   13.025  0.035   -1  1 
 56471.18188   13.026  0.030   -1  1 
 56471.96759   13.079  0.076   -1  1 
 56472.03374   13.169  0.033   -1  1 
 56472.09484   13.433  0.022   -1  1 
 56472.15243   13.272  0.030   -1  1 
 56468.95296   13.020  0.126   -2  1 
 56469.02441   12.893  0.084   -2  1 
 56469.08813   12.835  0.057   -2  1 
 56469.15134   13.048  0.062   -2  1 
 56471.02588   12.971  0.076   -2  1 
 56471.08671   12.915  0.033   -2  1 
 56471.14302   12.993  0.021   -2  1 
 56471.94704   13.027  0.021   -2  1 
 56472.01085   13.121  0.072   -2  1 
 56472.07480   13.140  0.051   -2  1 
 56472.13240   13.238  0.017   -2  1 
 56472.19216   13.169  0.022   -2  1 
 56469.00041   13.070  0.045   -5  1 
 56469.06767   13.136  0.025   -5  1 
 56469.13003   13.177  0.029   -5  1 
 56469.19349   13.248  0.018   -5  1 
 56470.98130   13.156  0.015   -5  1 
 56471.04693   13.197  0.028   -5  1 
 56471.10523   13.184  0.016   -5  1 
 56471.16397   13.234  0.020   -5  1 
 56471.98857   13.371  0.030   -5  1 
 56472.05430   13.519  0.026   -5  1 
 56472.11383   13.336  0.020   -5  1 
 56472.17109   13.373  0.018   -5  1 
