  51216.3218   14.277  0.004    2  1 
  51216.3464   14.244  0.004    2  1 
  51216.3689   14.203  0.004    2  1 
  51216.3980   14.136  0.005    2  1 
  51217.3101   14.490  0.005    2  1 
  51217.3328   14.546  0.005    2  1 
  51217.3552   14.574  0.005    2  1 
  51217.3759   14.605  0.005    2  1 
  51217.3953   14.607  0.005    2  1 
  51218.2773   14.291  0.005    2  1 
  51218.3093   14.249  0.004    2  1 
  51218.3298   14.200  0.004    2  1 
  51218.3573   14.154  0.004    2  1 
  51218.3794   14.165  0.004    2  1 
  51219.3336   14.593  0.005    2  1 
  51219.3596   14.598  0.005    2  1 
  51219.3768   14.583  0.005    2  1 
  51220.2621   14.251  0.004    2  1 
  51220.2906   14.204  0.004    2  1 
  51220.3077   14.173  0.004    2  1 
  51220.3257   14.162  0.004    2  1 
  51220.3432   14.178  0.004    2  1 
  51220.3602   14.210  0.004    2  1 
  51220.3776   14.262  0.004    2  1 
  51221.2835   14.587  0.005    2  1 
  51221.3009   14.601  0.005    2  1 
  51221.3188   14.595  0.005    2  1 
  51221.3358   14.584  0.005    2  1 
  51221.3538   14.546  0.005    2  1 
  51221.3722   14.477  0.005    2  1 
  51283.2451   14.501  0.004    2  1 
  51283.2493   14.494  0.004    2  1 
  51283.2714   14.401  0.004    2  1 
  51283.2748   14.384  0.004    2  1 
  51283.2939   14.316  0.004    2  1 
  51283.2972   14.310  0.004    2  1 
  51283.3202   14.257  0.004    2  1 
  51283.3234   14.248  0.004    2  1 
  51283.3487   14.201  0.003    2  1 
  51283.3518   14.202  0.003    2  1 
  51283.3707   14.192  0.003    2  1 
  51283.3738   14.190  0.003    2  1 
  51284.2195   14.284  0.004    2  1 
  51284.2229   14.291  0.004    2  1 
  51284.2413   14.340  0.004    2  1 
  51284.2443   14.354  0.004    2  1 
  51284.2617   14.401  0.004    2  1 
  51284.2648   14.409  0.004    2  1 
  51284.2942   14.483  0.004    2  1 
  51284.2973   14.490  0.004    2  1 
  51284.3168   14.533  0.004    2  1 
  51284.3211   14.526  0.005    2  1 
  51284.3428   14.572  0.005    2  1 
  51284.3464   14.564  0.004    2  1 
  51285.0513   14.415  0.003    2  1 
  51285.0543   14.419  0.004    2  1 
  51285.0739   14.468  0.004    2  1 
  51285.0778   14.476  0.004    2  1 
  51285.0975   14.518  0.004    2  1 
  51285.1006   14.532  0.005    2  1 
  51285.1324   14.563  0.004    2  1 
  51285.1360   14.568  0.004    2  1 
  51285.1558   14.558  0.004    2  1 
  51285.1588   14.562  0.004    2  1 
  51285.1796   14.553  0.004    2  1 
  51285.1830   14.544  0.004    2  1 
  51285.2125   14.478  0.004    2  1 
  51285.2157   14.465  0.004    2  1 
  51285.2362   14.381  0.004    2  1 
  51285.2426   14.364  0.004    2  1 
  51285.2630   14.303  0.004    2  1 
  51285.2666   14.302  0.004    2  1 
  51285.2998   14.214  0.004    2  1 
  51285.3033   14.213  0.004    2  1 
  51285.3308   14.190  0.004    2  1 
  51285.3348   14.188  0.003    2  1 
  51285.3382   14.191  0.003    2  1 
  51286.0461   14.305  0.003    2  1 
  51286.0493   14.305  0.003    2  1 
  51286.0716   14.243  0.003    2  1 
  51286.0753   14.241  0.003    2  1 
  51286.1026   14.190  0.003    2  1 
  51286.1061   14.189  0.003    2  1 
  51286.1365   14.199  0.003    2  1 
  51286.1398   14.205  0.003    2  1 
  51286.1608   14.240  0.004    2  1 
  51286.1639   14.240  0.003    2  1 
  51286.1669   14.253  0.003    2  1 
  51286.1875   14.307  0.003    2  1 
  51286.1908   14.316  0.004    2  1 
  51286.2255   14.411  0.004    2  1 
  51286.2285   14.419  0.004    2  1 
  51286.2476   14.460  0.004    2  1 
  51286.2508   14.470  0.004    2  1 
  51286.2697   14.512  0.004    2  1 
  51286.2727   14.520  0.004    2  1 
  51286.3022   14.555  0.004    2  1 
  51286.3055   14.565  0.004    2  1 
  51286.3218   14.571  0.004    2  1 
  51286.3250   14.572  0.004    2  1 
  51286.3450   14.568  0.004    2  1 
  51286.3481   14.570  0.004    2  1 
  51304.9873   14.261  0.004    2  1 
  51304.9926   14.270  0.003    2  1 
  51305.0328   14.376  0.004    2  1 
  51305.0362   14.387  0.004    2  1 
  51305.0559   14.430  0.004    2  1 
  51305.0599   14.443  0.004    2  1 
  51305.0890   14.509  0.004    2  1 
  51305.0922   14.514  0.004    2  1 
  51305.1235   14.561  0.005    2  1 
  51305.1269   14.564  0.005    2  1 
  51305.1509   14.570  0.005    2  1 
  51305.1547   14.571  0.005    2  1 
  51305.1853   14.532  0.005    2  1 
  51305.1885   14.529  0.005    2  1 
  51305.2098   14.471  0.004    2  1 
  51305.2128   14.461  0.004    2  1 
  51305.2431   14.333  0.004    2  1 
  51305.2461   14.325  0.004    2  1 
  51305.2704   14.274  0.004    2  1 
  51305.2734   14.271  0.004    2  1 
  51305.2966   14.230  0.004    2  1 
  51305.2995   14.218  0.004    2  1 
  51305.9857   14.488  0.003    2  1 
  51305.9885   14.487  0.003    2  1 
  51305.9912   14.478  0.003    2  1 
  51306.0256   14.342  0.003    2  1 
  51306.0285   14.339  0.003    2  1 
  51306.0465   14.291  0.004    2  1 
  51306.0498   14.282  0.003    2  1 
  51306.0896   14.199  0.003    2  1 
  51306.0930   14.197  0.003    2  1 
  51306.1123   14.191  0.003    2  1 
  51306.1151   14.182  0.003    2  1 
  51306.1375   14.203  0.003    2  1 
  51306.1405   14.203  0.003    2  1 
  51306.1636   14.256  0.003    2  1 
  51306.1673   14.265  0.003    2  1 
  51306.1937   14.333  0.003    2  1 
  51306.1966   14.344  0.003    2  1 
  51306.2146   14.392  0.004    2  1 
  51306.2178   14.396  0.003    2  1 
  51306.2343   14.444  0.003    2  1 
  51306.2380   14.448  0.003    2  1 
  51306.2574   14.503  0.003    2  1 
  51306.2602   14.507  0.003    2  1 
  51306.2805   14.538  0.003    2  1 
  51306.2835   14.544  0.003    2  1 
  51306.3009   14.567  0.004    2  1 
  51306.3038   14.563  0.004    2  1 
  51306.3135   14.567  0.004    2  1 
  51306.3184   14.574  0.005    2  1 
  51307.0456   14.515  0.005    2  1 
  51307.0501   14.522  0.006    2  1 
  51307.0593   14.536  0.004    2  1 
  51307.0645   14.563  0.005    2  1 
  51307.0699   14.601  0.013    2  1 
  51307.0747   14.582  0.008    2  1 
  51308.0084   14.297  0.003    2  1 
  51308.0112   14.291  0.003    2  1 
  51308.0334   14.243  0.003    2  1 
  51308.0362   14.241  0.003    2  1 
  51308.0394   14.234  0.003    2  1 
  51308.0633   14.196  0.003    2  1 
  51308.0663   14.195  0.003    2  1 
  51308.0995   14.215  0.003    2  1 
  51308.1031   14.218  0.003    2  1 
  51308.1280   14.266  0.003    2  1 
  51308.1309   14.270  0.004    2  1 
  51310.0850   14.254  0.002    2  1 
  51310.0874   14.258  0.002    2  1 
  51310.0897   14.262  0.002    2  1 
  51310.0922   14.271  0.003    2  1 
  51310.1430   14.409  0.003    2  1 
  51310.1458   14.415  0.003    2  1 
  51310.1486   14.423  0.004    2  1 
  51311.0244   14.615  0.008    2  1 
  51311.0302   14.600  0.006    2  1 
  51311.0334   14.603  0.006    2  1 
  51311.0506   14.589  0.003    2  1 
  51311.0539   14.585  0.004    2  1 
  51311.0637   14.569  0.004    2  1 
  51311.0669   14.567  0.005    2  1 
  51311.0702   14.568  0.004    2  1 
  51311.0907   14.500  0.005    2  1 
  51311.0946   14.481  0.005    2  1 
  51311.0980   14.463  0.004    2  1 
  51311.1015   14.452  0.004    2  1 
  51311.1071   14.425  0.004    2  1 
  51311.1298   14.323  0.004    2  1 
  51311.1327   14.313  0.004    2  1 
  51311.1357   14.305  0.004    2  1 
  51311.1398   14.294  0.004    2  1 
  51311.1447   14.287  0.004    2  1 
  51311.9755   14.183  0.004    2  1 
  51312.0020   14.180  0.004    2  1 
  51312.0049   14.182  0.004    2  1 
  51312.0255   14.203  0.004    2  1 
  51312.0284   14.211  0.003    2  1 
  51312.0314   14.210  0.003    2  1 
  51312.0584   14.281  0.003    2  1 
  51312.0611   14.289  0.003    2  1 
  51312.0638   14.293  0.003    2  1 
  51312.0903   14.365  0.003    2  1 
  51312.0929   14.379  0.003    2  1 
  51312.0955   14.387  0.003    2  1 
  51312.1146   14.440  0.004    2  1 
  51312.1173   14.448  0.004    2  1 
  51312.1200   14.460  0.004    2  1 
  51312.9860   14.589  0.003    2  1 
  51312.9887   14.581  0.003    2  1 
  51312.9913   14.590  0.003    2  1 
  51313.0096   14.586  0.004    2  1 
  51313.0123   14.583  0.004    2  1 
  51313.0149   14.576  0.004    2  1 
  51313.0333   14.555  0.004    2  1 
  51313.0360   14.545  0.004    2  1 
  51313.0386   14.537  0.004    2  1 
  51313.0413   14.534  0.004    2  1 
  51313.0595   14.458  0.003    2  1 
  51313.0622   14.448  0.003    2  1 
  51313.0648   14.438  0.003    2  1 
  51313.0911   14.325  0.003    2  1 
  51313.0937   14.312  0.003    2  1 
  51313.0964   14.306  0.003    2  1 
  51313.1146   14.274  0.003    2  1 
  51313.1172   14.270  0.003    2  1 
  51313.1199   14.271  0.003    2  1 
  51313.1226   14.263  0.003    2  1 
  51313.9843   14.195  0.003    2  1 
  51313.9872   14.201  0.004    2  1 
  51313.9901   14.201  0.004    2  1 
  51314.0178   14.268  0.004    2  1 
  51314.0207   14.274  0.004    2  1 
  51314.0236   14.289  0.004    2  1 
  51314.0432   14.350  0.004    2  1 
  51314.0461   14.358  0.004    2  1 
  51314.0490   14.366  0.004    2  1 
  51314.0772   14.454  0.004    2  1 
  51314.0802   14.459  0.004    2  1 
  51314.0831   14.470  0.004    2  1 
  51314.1030   14.521  0.005    2  1 
  51314.1059   14.529  0.005    2  1 
  51314.1088   14.530  0.005    2  1 
  51314.1289   14.563  0.005    2  1 
  51314.1333   14.568  0.005    2  1 
  51314.1363   14.579  0.005    2  1 
  51314.9827   14.568  0.004    2  1 
  51314.9856   14.565  0.004    2  1 
  51314.9885   14.556  0.004    2  1 
  51315.0015   14.530  0.004    2  1 
  51315.0043   14.522  0.004    2  1 
  51315.0069   14.514  0.004    2  1 
  51315.0251   14.435  0.003    2  1 
  51315.0277   14.426  0.003    2  1 
  51315.0304   14.411  0.003    2  1 
  51315.0489   14.328  0.003    2  1 
  51315.0516   14.320  0.003    2  1 
  51315.0542   14.306  0.003    2  1 
  51315.0780   14.267  0.003    2  1 
  51315.0807   14.261  0.003    2  1 
  51315.0833   14.259  0.003    2  1 
  51315.1015   14.206  0.003    2  1 
  51315.1041   14.206  0.003    2  1 
  51315.1068   14.201  0.003    2  1 
  51315.1290   14.167  0.004    2  1 
  51315.1319   14.169  0.004    2  1 
  51316.0194   14.395  0.003    2  1 
  51316.0221   14.397  0.003    2  1 
  51316.0247   14.406  0.003    2  1 
  51316.0431   14.461  0.003    2  1 
  51316.0458   14.464  0.004    2  1 
  51316.0485   14.474  0.004    2  1 
  51316.0667   14.526  0.004    2  1 
  51316.0693   14.523  0.004    2  1 
  51316.0720   14.527  0.004    2  1 
  51316.0905   14.558  0.004    2  1 
  51316.0934   14.559  0.004    2  1 
  51316.0963   14.567  0.004    2  1 
  51316.1148   14.585  0.004    2  1 
  51316.1175   14.588  0.004    2  1 
  51316.1201   14.594  0.004    2  1 
  51316.9647   14.518  0.004    2  1 
  51316.9676   14.512  0.004    2  1 
  51316.9705   14.506  0.005    2  1 
  51316.9896   14.428  0.004    2  1 
  51316.9923   14.416  0.004    2  1 
  51316.9949   14.401  0.003    2  1 
  51317.0088   14.336  0.004    2  1 
  51317.0117   14.324  0.004    2  1 
  51317.0321   14.273  0.004    2  1 
  51317.0351   14.267  0.004    2  1 
  51317.0391   14.260  0.004    2  1 
  51317.0602   14.218  0.004    2  1 
  51317.0631   14.211  0.003    2  1 
  51317.0660   14.210  0.003    2  1 
  51317.0858   14.174  0.004    2  1 
  51317.0887   14.175  0.004    2  1 
  51317.0916   14.171  0.003    2  1 
  51317.1111   14.179  0.004    2  1 
  51317.1140   14.170  0.004    2  1 
  51317.1169   14.181  0.004    2  1 
  51317.9628   14.325  0.004    2  1 
  51317.9657   14.335  0.005    2  1 
  51317.9685   14.351  0.005    2  1 
  51317.9883   14.409  0.005    2  1 
  51317.9912   14.421  0.004    2  1 
  51317.9941   14.437  0.004    2  1 
  51318.0135   14.493  0.004    2  1 
  51318.0164   14.505  0.005    2  1 
  51318.0194   14.506  0.005    2  1 
  51318.0413   14.541  0.005    2  1 
  51318.0445   14.561  0.006    2  1 
  51318.0477   14.564  0.005    2  1 
  51318.0697   14.579  0.005    2  1 
  51318.0730   14.601  0.007    2  1 
  51318.0762   14.603  0.006    2  1 
  51318.0981   14.610  0.007    2  1 
  51318.1014   14.612  0.006    2  1 
  51318.1046   14.622  0.008    2  1 
  51318.1265   14.577  0.007    2  1 
  51318.1298   14.576  0.007    2  1 
  51318.9642   14.370  0.003    2  1 
  51318.9680   14.350  0.004    2  1 
  51318.9708   14.337  0.004    2  1 
  51318.9737   14.319  0.004    2  1 
  51318.9929   14.275  0.003    2  1 
  51318.9956   14.268  0.003    2  1 
  51318.9983   14.264  0.004    2  1 
  51319.0180   14.220  0.004    2  1 
  51319.0209   14.222  0.004    2  1 
  51319.0238   14.217  0.003    2  1 
  51319.0443   14.176  0.004    2  1 
  51319.0474   14.171  0.004    2  1 
  51319.0505   14.166  0.004    2  1 
  51319.0793   14.179  0.003    2  1 
  51319.0820   14.188  0.003    2  1 
  51319.0847   14.193  0.003    2  1 
  51319.1030   14.228  0.004    2  1 
  51319.1084   14.246  0.003    2  1 
  51319.1110   14.249  0.003    2  1 
  51320.1030   14.519  0.003    2  1 
  51320.1053   14.510  0.003    2  1 
  51320.1076   14.507  0.003    2  1 
  51320.1238   14.447  0.003    2  1 
  51320.1261   14.435  0.003    2  1 
  51320.1284   14.426  0.003    2  1 
  51320.1450   14.344  0.003    2  1 
  51320.1477   14.337  0.003    2  1 
  51320.1503   14.325  0.003    2  1 
  51320.9635   14.266  0.003    2  1 
  51320.9664   14.257  0.004    2  1 
  51320.9693   14.255  0.003    2  1 
  51320.9887   14.210  0.003    2  1 
  51320.9911   14.201  0.003    2  1 
  51320.9936   14.203  0.003    2  1 
  51321.0102   14.176  0.002    2  1 
  51321.0126   14.175  0.003    2  1 
  51321.0150   14.176  0.003    2  1 
  51321.0318   14.176  0.003    2  1 
  51321.0344   14.180  0.003    2  1 
  51321.0369   14.180  0.003    2  1 
  51321.0543   14.202  0.003    2  1 
  51321.0568   14.211  0.003    2  1 
  51321.0594   14.212  0.003    2  1 
  51321.0847   14.282  0.003    2  1 
  51321.0873   14.292  0.003    2  1 
  51321.0898   14.300  0.003    2  1 
  51321.1133   14.375  0.003    2  1 
  51321.1159   14.382  0.003    2  1 
  51321.1186   14.387  0.004    2  1 
  51321.1339   14.438  0.004    2  1 
  51321.1365   14.449  0.004    2  1 
  51332.9696   14.584  0.007    2  1 
  51332.9739   14.592  0.007    2  1 
  51332.9891   14.594  0.005    2  1 
  51332.9928   14.607  0.006    2  1 
  51332.9965   14.603  0.006    2  1 
  51333.0083   14.596  0.005    2  1 
  51333.0120   14.593  0.005    2  1 
  51333.0226   14.583  0.005    2  1 
  51333.0264   14.569  0.005    2  1 
  51333.0514   14.510  0.005    2  1 
  51333.0552   14.494  0.007    2  1 
  51333.0742   14.412  0.005    2  1 
  51333.0779   14.396  0.006    2  1 
  51333.0907   14.336  0.005    2  1 
  51333.0945   14.318  0.004    2  1 
  51333.1178   14.261  0.004    2  1 
  51333.1221   14.248  0.004    2  1 
  51333.1335   14.236  0.005    2  1 
  51333.1369   14.227  0.005    2  1 
  51333.1529   14.191  0.004    2  1 
  51333.1565   14.181  0.005    2  1 
  51333.1716   14.161  0.005    2  1 
  51333.1752   14.159  0.005    2  1 
  51334.9841   14.583  0.004    2  1 
  51334.9871   14.576  0.004    2  1 
  51335.0175   14.490  0.004    2  1 
  51335.0204   14.481  0.004    2  1 
  51335.0301   14.442  0.004    2  1 
  51335.0334   14.425  0.004    2  1 
  51335.0517   14.338  0.004    2  1 
  51335.0552   14.331  0.005    2  1 
  51335.0692   14.279  0.004    2  1 
  51335.0727   14.271  0.004    2  1 
  51335.0833   14.249  0.004    2  1 
  51335.0867   14.248  0.004    2  1 
  51335.1133   14.186  0.004    2  1 
  51335.1167   14.180  0.004    2  1 
  51335.9535   14.176  0.004    2  1 
  51335.9726   14.223  0.004    2  1 
  51335.9768   14.231  0.004    2  1 
  51335.9997   14.304  0.004    2  1 
  51336.0027   14.317  0.004    2  1 
  51336.0203   14.374  0.004    2  1 
  51336.0236   14.392  0.004    2  1 
  51336.0357   14.430  0.005    2  1 
  51336.0388   14.443  0.005    2  1 
  51336.0593   14.497  0.005    2  1 
  51336.0629   14.512  0.005    2  1 
  51336.0769   14.546  0.005    2  1 
  51336.0803   14.553  0.005    2  1 
  51336.1025   14.585  0.005    2  1 
  51336.1059   14.587  0.005    2  1 
  51336.1206   14.609  0.006    2  1 
  51336.1240   14.602  0.005    2  1 
  51337.0101   14.341  0.005    2  1 
  51337.9904   14.410  0.005    2  1 
  51337.9940   14.423  0.005    2  1 
  51338.0162   14.500  0.005    2  1 
  51338.0196   14.500  0.005    2  1 
  51338.0339   14.539  0.006    2  1 
  51338.0376   14.550  0.007    2  1 
  51338.9901   14.268  0.004    2  1 
  51338.9938   14.255  0.004    2  1 
  51339.0226   14.201  0.005    2  1 
  51339.0269   14.201  0.004    2  1 
  51339.0867   14.128  0.006    2  1 
  51339.0905   14.153  0.005    2  1 
  51339.1139   14.227  0.004    2  1 
  51339.1177   14.234  0.005    2  1 
  51339.1448   14.333  0.004    2  1 
  51339.1482   14.348  0.004    2  1 
  51339.9766   14.494  0.004    2  1 
  51339.9795   14.502  0.004    2  1 
  51340.0044   14.560  0.004    2  1 
  51340.0078   14.565  0.004    2  1 
  51340.0274   14.603  0.005    2  1 
  51340.0306   14.599  0.005    2  1 
  51340.0540   14.609  0.005    2  1 
  51340.0572   14.611  0.005    2  1 
  51340.0857   14.583  0.005    2  1 
  51340.0892   14.580  0.005    2  1 
  51340.1152   14.502  0.005    2  1 
  51340.1197   14.489  0.005    2  1 
  51340.1229   14.465  0.004    2  1 
  51340.1263   14.453  0.004    2  1 
  51340.1404   14.381  0.005    2  1 
  51340.1437   14.366  0.004    2  1 
  51344.9924   14.210  0.003    2  1 
  51344.9958   14.222  0.003    2  1 
  51344.9988   14.229  0.003    2  1 
  51345.0216   14.306  0.004    2  1 
  51345.0255   14.322  0.005    2  1 
  51345.0302   14.335  0.004    2  1 
  51345.0553   14.430  0.004    2  1 
  51345.0603   14.452  0.004    2  1 
  51345.9856   14.549  0.006    2  1 
  51345.9896   14.535  0.005    2  1 
  51346.0219   14.383  0.005    2  1 
  51346.0264   14.356  0.004    2  1 
  51346.0486   14.264  0.004    2  1 
  51346.0523   14.252  0.004    2  1 
  51346.0791   14.221  0.004    2  1 
  51346.0826   14.216  0.004    2  1 
  51347.0416   14.514  0.005    2  1 
  51347.0453   14.528  0.004    2  1 
  51347.0743   14.582  0.004    2  1 
  51347.0777   14.589  0.004    2  1 
  51347.0990   14.609  0.004    2  1 
  51347.1022   14.623  0.003    2  1 
  51347.9769   14.415  0.004    2  1 
  51347.9802   14.399  0.004    2  1 
  51347.9834   14.380  0.004    2  1 
  51347.9983   14.306  0.004    2  1 
  51348.0028   14.287  0.004    2  1 
  51348.0063   14.271  0.004    2  1 
  51348.0242   14.233  0.004    2  1 
  51348.0274   14.233  0.004    2  1 
  51348.0943   14.127  0.005    2  1 
  51348.0983   14.123  0.005    2  1 
  51348.1018   14.141  0.005    2  1 
  51348.9650   14.387  0.004    2  1 
  51348.9682   14.399  0.004    2  1 
  51348.9853   14.461  0.004    2  1 
  51348.9883   14.471  0.004    2  1 
  51348.9912   14.483  0.004    2  1 
  51349.0316   14.574  0.004    2  1 
  51349.0346   14.578  0.005    2  1 
  51349.9815   14.244  0.003    2  1 
  51349.9851   14.241  0.003    2  1 
  51349.9973   14.237  0.003    2  1 
  51350.0033   14.225  0.004    2  1 
  51350.0066   14.217  0.004    2  1 
  51350.0164   14.186  0.004    2  1 
  51350.0197   14.174  0.004    2  1 
  51350.0296   14.146  0.004    2  1 
  51380.9973   14.157  0.003    2  1 
  51381.0004   14.153  0.003    2  1 
  51381.0031   14.146  0.003    2  1 
  51381.0187   14.148  0.003    2  1 
  51381.0214   14.160  0.003    2  1 
  51381.0242   14.155  0.003    2  1 
  51381.9830   14.609  0.005    2  1 
  51381.9859   14.616  0.005    2  1 
  51381.9888   14.617  0.005    2  1 
  51382.0000   14.612  0.004    2  1 
  51382.0029   14.616  0.004    2  1 
  51382.9793   14.150  0.004    2  1 
  51382.9826   14.163  0.004    2  1 
  51382.9857   14.157  0.004    2  1 
  51382.9965   14.181  0.004    2  1 
  51382.9995   14.172  0.004    2  1 
  51383.9746   14.589  0.004    2  1 
  51383.9773   14.584  0.004    2  1 
  51383.9799   14.591  0.004    2  1 
  51383.9899   14.571  0.004    2  1 
  51383.9926   14.565  0.004    2  1 
  51384.9751   14.233  0.003    2  1 
  51384.9777   14.243  0.003    2  1 
  51384.9802   14.248  0.003    2  1 
  51384.9896   14.282  0.003    2  1 
  51384.9921   14.286  0.003    2  1 
  51385.9711   14.506  0.003    2  1 
  51385.9737   14.499  0.003    2  1 
  51385.9763   14.489  0.003    2  1 
  51385.9857   14.442  0.004    2  1 
  51385.9884   14.441  0.004    2  1 
  51386.9965   14.451  0.004    2  1 
  51387.0003   14.451  0.004    2  1 
  51387.0041   14.476  0.004    2  1 
  51387.0216   14.516  0.004    2  1 
  51387.0254   14.525  0.004    2  1 
  51387.0293   14.534  0.004    2  1 
  51388.9801   14.530  0.005    2  1 
  51388.9834   14.531  0.005    2  1 
  51388.9866   14.543  0.005    2  1 
  51388.9984   14.580  0.006    2  1 
  51389.0017   14.581  0.006    2  1 
  51389.9783   14.228  0.003    2  1 
  51389.9809   14.219  0.003    2  1 
  51389.9836   14.219  0.003    2  1 
  51390.9729   14.572  0.003    2  1 
  51390.9756   14.583  0.003    2  1 
  51390.9783   14.580  0.003    2  1 
  51391.9728   14.170  0.003    2  1 
  51391.9754   14.169  0.003    2  1 
  51391.9779   14.175  0.003    2  1 
  51671.0871   14.270  0.004    2  1 
  51671.0917   14.285  0.004    2  1 
  51671.0952   14.299  0.004    2  1 
  51671.1189   14.382  0.004    2  1 
  51671.1232   14.398  0.004    2  1 
  51671.9996   14.588  0.004    2  1 
  51672.0039   14.592  0.004    2  1 
  51672.0350   14.590  0.004    2  1 
  51672.0382   14.585  0.004    2  1 
  51673.0232   14.200  0.003    2  1 
  51674.0574   14.395  0.006    2  1 
  51674.0938   14.250  0.005    2  1 
  51674.0985   14.242  0.005    2  1 
  51674.1159   14.225  0.004    2  1 
  51674.1223   14.212  0.004    2  1 
  51674.9763   14.174  0.005    2  1 
  51674.9824   14.196  0.005    2  1 
  51675.0212   14.324  0.005    2  1 
  51676.0163   14.405  0.004    2  1 
  51692.9816   14.153  0.004    2  1 
  51692.9854   14.154  0.004    2  1 
  51693.9780   14.590  0.004    2  1 
  51693.9814   14.592  0.004    2  1 
  51694.9914   14.251  0.003    2  1 
  51765.9974   14.553  0.005    2  1 
  51766.0012   14.571  0.005    2  1 
  51766.0048   14.565  0.005    2  1 
  51766.0266   14.596  0.005    2  1 
  51766.0301   14.595  0.005    2  1 
  51216.3144   14.600  0.003    3  1 
  51216.3408   14.547  0.003    3  1 
  51216.3634   14.504  0.003    3  1 
  51216.3905   14.439  0.003    3  1 
  51217.3019   14.856  0.004    3  1 
  51217.3494   15.023  0.004    3  1 
  51217.3710   15.048  0.004    3  1 
  51217.3906   15.068  0.004    3  1 
  51218.2854   14.573  0.003    3  1 
  51218.3156   14.553  0.003    3  1 
  51218.3347   14.474  0.003    3  1 
  51218.3653   14.388  0.003    3  1 
  51218.3848   14.441  0.003    3  1 
  51219.2918   14.973  0.004    3  1 
  51219.3100   15.020  0.004    3  1 
  51219.3296   15.052  0.004    3  1 
  51219.3536   15.049  0.004    3  1 
  51219.3723   15.036  0.004    3  1 
  51220.2720   14.549  0.003    3  1 
  51220.2946   14.468  0.003    3  1 
  51220.3117   14.428  0.003    3  1 
  51220.3299   14.422  0.003    3  1 
  51220.3473   14.455  0.003    3  1 
  51220.3643   14.511  0.003    3  1 
  51220.3816   14.585  0.003    3  1 
  51221.2763   15.034  0.004    3  1 
  51221.2964   15.049  0.004    3  1 
  51221.3145   15.055  0.004    3  1 
  51221.3318   15.030  0.004    3  1 
  51221.3496   14.989  0.004    3  1 
  51221.3673   14.906  0.003    3  1 
  51283.2546   14.870  0.003    3  1 
  51283.2783   14.724  0.003    3  1 
  51283.3008   14.637  0.003    3  1 
  51283.3322   14.555  0.003    3  1 
  51283.3553   14.512  0.002    3  1 
  51284.2134   14.582  0.003    3  1 
  51284.2375   14.674  0.003    3  1 
  51284.2581   14.759  0.003    3  1 
  51284.2875   14.883  0.003    3  1 
  51284.3124   14.965  0.003    3  1 
  51284.3383   15.022  0.003    3  1 
  51285.0451   14.768  0.003    3  1 
  51285.0691   14.858  0.003    3  1 
  51285.0932   14.928  0.003    3  1 
  51285.1257   15.002  0.004    3  1 
  51285.1514   15.015  0.003    3  1 
  51285.1754   15.011  0.003    3  1 
  51285.2060   14.911  0.003    3  1 
  51285.2321   14.776  0.003    3  1 
  51285.2586   14.654  0.003    3  1 
  51285.2928   14.553  0.003    3  1 
  51285.3257   14.498  0.002    3  1 
  51286.0393   14.673  0.002    3  1 
  51286.0670   14.560  0.002    3  1 
  51286.1302   14.469  0.002    3  1 
  51286.1560   14.439  0.002    3  1 
  51286.1833   14.617  0.003    3  1 
  51286.2193   14.769  0.003    3  1 
  51286.2434   14.860  0.003    3  1 
  51286.2655   14.941  0.003    3  1 
  51286.2958   15.024  0.003    3  1 
  51286.3291   15.052  0.003    3  1 
  51286.3521   15.049  0.003    3  1 
  51304.9838   14.561  0.002    3  1 
  51305.0251   14.707  0.003    3  1 
  51305.0718   14.872  0.004    3  1 
  51305.0961   14.947  0.003    3  1 
  51305.1465   14.991  0.004    3  1 
  51305.1755   14.985  0.004    3  1 
  51305.2054   14.881  0.004    3  1 
  51305.2345   14.728  0.003    3  1 
  51305.2666   14.621  0.003    3  1 
  51305.2880   14.575  0.003    3  1 
  51305.9773   14.934  0.003    3  1 
  51306.0428   14.614  0.003    3  1 
  51306.0809   14.512  0.003    3  1 
  51306.1330   14.480  0.003    3  1 
  51306.1578   14.520  0.003    3  1 
  51306.1875   14.649  0.003    3  1 
  51306.2308   14.924  0.003    3  1 
  51306.2771   14.981  0.003    3  1 
  51306.2972   15.032  0.003    3  1 
  51308.0025   14.632  0.002    3  1 
  51308.0600   14.471  0.002    3  1 
  51308.0958   14.485  0.002    3  1 
  51310.1057   14.545  0.002    3  1 
  51310.1100   14.652  0.002    3  1 
  51311.9792   14.489  0.003    3  1 
  51311.9983   14.458  0.003    3  1 
  51312.0087   14.472  0.003    3  1 
  51312.0350   14.509  0.003    3  1 
  51312.0550   14.584  0.003    3  1 
  51312.0672   14.627  0.003    3  1 
  51312.0870   14.715  0.003    3  1 
  51312.0988   14.763  0.003    3  1 
  51312.9828   15.040  0.003    3  1 
  51313.0063   15.038  0.003    3  1 
  51313.0300   14.986  0.003    3  1 
  51313.0562   14.863  0.003    3  1 
  51313.1113   14.595  0.003    3  1 
  51313.9807   14.471  0.003    3  1 
  51314.0143   14.566  0.003    3  1 
  51314.0397   14.681  0.003    3  1 
  51314.1124   14.974  0.004    3  1 
  51314.9752   15.035  0.004    3  1 
  51315.0102   14.917  0.003    3  1 
  51315.0336   14.756  0.003    3  1 
  51315.0747   14.592  0.003    3  1 
  51315.0982   14.527  0.003    3  1 
  51315.1216   14.463  0.003    3  1 
  51316.0399   14.852  0.003    3  1 
  51316.0634   14.939  0.003    3  1 
  51316.0869   15.003  0.003    3  1 
  51316.1115   15.038  0.003    3  1 
  51316.9740   14.901  0.003    3  1 
  51317.0052   14.696  0.003    3  1 
  51317.0282   14.604  0.004    3  1 
  51317.0566   14.531  0.003    3  1 
  51317.0822   14.462  0.003    3  1 
  51317.1075   14.454  0.003    3  1 
  51317.9847   14.770  0.003    3  1 
  51318.0099   14.870  0.004    3  1 
  51318.0374   14.945  0.005    3  1 
  51318.1226   14.986  0.004    3  1 
  51318.9772   14.633  0.003    3  1 
  51319.0019   14.550  0.004    3  1 
  51319.0274   14.500  0.003    3  1 
  51319.0757   14.450  0.003    3  1 
  51319.0997   14.511  0.003    3  1 
  51320.1000   14.942  0.003    3  1 
  51320.1208   14.851  0.003    3  1 
  51320.1417   14.718  0.003    3  1 
  51320.9728   14.557  0.003    3  1 
  51321.0180   14.450  0.002    3  1 
  51321.0400   14.457  0.002    3  1 
  51321.0624   14.525  0.002    3  1 
  51321.0930   14.651  0.003    3  1 
  51321.1217   14.780  0.003    3  1 
  51380.9937   14.441  0.003    3  1 
  51381.9793   15.060  0.004    3  1 
  51382.9755   14.443  0.003    3  1 
  51384.9721   14.495  0.002    3  1 
  51385.9679   14.940  0.003    3  1 
  51386.9917   14.824  0.003    3  1 
  51388.9755   14.937  0.004    3  1 
  51389.9750   14.548  0.002    3  1 
  51391.9697   14.541  0.002    3  1 
  51693.9923   15.018  0.003    3  1 
  51695.0052   14.638  0.002    3  1 
 56468.97641   12.924  0.116   -1  1 
 56469.04707   13.109  0.097   -1  1 
 56469.10896   12.853  0.179   -1  1 
 56469.17285   13.146  0.122   -1  1 
 56471.00364   12.914  0.198   -1  1 
 56471.06640   13.094  0.144   -1  1 
 56471.12490   13.060  0.160   -1  1 
 56471.18188   13.188  0.242   -1  1 
 56471.96759   12.868  0.100   -1  1 
 56472.03374   12.960  0.214   -1  1 
 56472.09484   12.637  0.188   -1  1 
 56472.15243   13.077  0.142   -1  1 
 56468.95296   13.055  0.059   -2  1 
 56469.02441   13.178  0.076   -2  1 
 56469.08813   13.143  0.068   -2  1 
 56469.15134   13.327  0.047   -2  1 
 56471.02588   13.232  0.057   -2  1 
 56471.08671   13.272  0.040   -2  1 
 56471.14302   13.332  0.035   -2  1 
 56471.94704   13.224  0.043   -2  1 
 56472.01085   13.230  0.065   -2  1 
 56472.07480   13.005  0.062   -2  1 
 56472.13240   13.268  0.039   -2  1 
 56472.19216   13.261  0.038   -2  1 
 56469.00041   13.405  0.036   -5  1 
 56469.06767   13.504  0.036   -5  1 
 56469.13003   13.546  0.033   -5  1 
 56469.19349   13.538  0.026   -5  1 
 56470.98130   13.501  0.026   -5  1 
 56471.04693   13.551  0.035   -5  1 
 56471.10523   13.576  0.025   -5  1 
 56471.16397   13.553  0.045   -5  1 
 56471.98857   13.566  0.058   -5  1 
 56472.05430   13.561  0.059   -5  1 
 56472.11383   13.342  0.044   -5  1 
 56472.17109   13.465  0.038   -5  1 
