  51216.3218   14.761  0.006    2  1 
  51216.3464   14.778  0.005    2  1 
  51216.3689   14.780  0.006    2  1 
  51216.3980   14.834  0.010    2  1 
  51217.3101   14.093  0.004    2  1 
  51217.3328   14.173  0.004    2  1 
  51217.3552   14.246  0.004    2  1 
  51217.3759   14.299  0.004    2  1 
  51217.3953   14.327  0.005    2  1 
  51218.2773   14.692  0.008    2  1 
  51218.3093   14.688  0.005    2  1 
  51218.3298   14.711  0.005    2  1 
  51218.3573   14.746  0.006    2  1 
  51218.3794   14.767  0.005    2  1 
  51219.2978   14.764  0.005    2  1 
  51219.3149   14.752  0.005    2  1 
  51219.3336   13.935  0.003    2  1 
  51219.3596   13.949  0.003    2  1 
  51219.3768   14.008  0.004    2  1 
  51220.2621   14.470  0.005    2  1 
  51220.2906   14.529  0.004    2  1 
  51220.3077   14.552  0.005    2  1 
  51220.3257   14.587  0.005    2  1 
  51220.3432   14.616  0.005    2  1 
  51220.3602   14.633  0.005    2  1 
  51220.3776   14.658  0.005    2  1 
  51221.2835   14.820  0.005    2  1 
  51221.3009   14.836  0.006    2  1 
  51221.3188   14.854  0.005    2  1 
  51221.3358   14.856  0.005    2  1 
  51221.3538   14.794  0.006    2  1 
  51221.3722   14.620  0.005    2  1 
  51283.2451   14.685  0.005    2  1 
  51283.2493   14.671  0.005    2  1 
  51283.2714   14.707  0.006    2  1 
  51283.2748   14.701  0.005    2  1 
  51283.2939   14.722  0.005    2  1 
  51283.2972   14.714  0.005    2  1 
  51283.3202   14.750  0.005    2  1 
  51283.3234   14.752  0.005    2  1 
  51283.3487   14.763  0.005    2  1 
  51283.3518   14.756  0.005    2  1 
  51283.3707   14.736  0.005    2  1 
  51283.3738   14.717  0.005    2  1 
  51284.2195   14.240  0.004    2  1 
  51284.2229   14.243  0.004    2  1 
  51284.2413   14.285  0.004    2  1 
  51284.2443   14.271  0.004    2  1 
  51284.2617   14.310  0.004    2  1 
  51284.2942   14.361  0.004    2  1 
  51284.2973   14.362  0.004    2  1 
  51284.3168   14.383  0.004    2  1 
  51284.3211   14.377  0.004    2  1 
  51284.3464   14.435  0.004    2  1 
  51285.0513   14.452  0.004    2  1 
  51285.0543   14.458  0.004    2  1 
  51285.0739   14.469  0.004    2  1 
  51285.0778   14.477  0.004    2  1 
  51285.0975   14.502  0.004    2  1 
  51285.1006   14.519  0.005    2  1 
  51285.1324   14.553  0.004    2  1 
  51285.1360   14.553  0.004    2  1 
  51285.1558   14.582  0.004    2  1 
  51285.1588   14.593  0.004    2  1 
  51285.1796   14.595  0.004    2  1 
  51285.1830   14.605  0.004    2  1 
  51285.2125   14.623  0.005    2  1 
  51285.2157   14.615  0.005    2  1 
  51285.2426   14.625  0.005    2  1 
  51285.2630   14.619  0.005    2  1 
  51285.2998   14.652  0.005    2  1 
  51285.3348   14.664  0.004    2  1 
  51286.0461   14.675  0.004    2  1 
  51286.0493   14.684  0.004    2  1 
  51286.0716   14.700  0.004    2  1 
  51286.0753   14.699  0.004    2  1 
  51286.1026   14.740  0.004    2  1 
  51286.1061   14.739  0.004    2  1 
  51286.1365   14.754  0.005    2  1 
  51286.1398   14.751  0.005    2  1 
  51286.1608   14.795  0.007    2  1 
  51286.1639   14.723  0.004    2  1 
  51286.1669   14.725  0.004    2  1 
  51286.1875   14.616  0.004    2  1 
  51286.1908   14.600  0.004    2  1 
  51286.2255   14.369  0.004    2  1 
  51286.2285   14.347  0.004    2  1 
  51286.2476   14.360  0.005    2  1 
  51286.2508   14.246  0.003    2  1 
  51286.2697   14.202  0.004    2  1 
  51286.2727   14.198  0.003    2  1 
  51286.3022   14.216  0.004    2  1 
  51286.3055   14.219  0.004    2  1 
  51286.3218   14.250  0.004    2  1 
  51286.3250   14.261  0.004    2  1 
  51286.3450   14.281  0.004    2  1 
  51286.3481   14.291  0.004    2  1 
  51304.9873   14.797  0.005    2  1 
  51304.9926   14.784  0.005    2  1 
  51305.0328   14.707  0.005    2  1 
  51305.0362   14.689  0.005    2  1 
  51305.0559   14.539  0.005    2  1 
  51305.0599   14.495  0.005    2  1 
  51305.0890   14.201  0.004    2  1 
  51305.0922   14.174  0.004    2  1 
  51305.1269   14.037  0.004    2  1 
  51305.1509   14.082  0.004    2  1 
  51305.1853   14.173  0.004    2  1 
  51305.1885   14.168  0.004    2  1 
  51305.2098   14.222  0.004    2  1 
  51305.2128   14.240  0.004    2  1 
  51305.2431   14.302  0.004    2  1 
  51305.2461   14.308  0.004    2  1 
  51305.2704   14.347  0.005    2  1 
  51305.2734   14.373  0.004    2  1 
  51305.2995   14.417  0.005    2  1 
  51305.9857   14.412  0.003    2  1 
  51305.9885   14.419  0.003    2  1 
  51305.9912   14.426  0.003    2  1 
  51306.0256   14.483  0.003    2  1 
  51306.0285   14.489  0.003    2  1 
  51306.0465   14.508  0.004    2  1 
  51306.0498   14.516  0.004    2  1 
  51306.0896   14.579  0.004    2  1 
  51306.0930   14.607  0.004    2  1 
  51306.1123   14.611  0.004    2  1 
  51306.1151   14.606  0.004    2  1 
  51306.1375   14.639  0.004    2  1 
  51306.1405   14.642  0.004    2  1 
  51306.1636   14.661  0.004    2  1 
  51306.1673   14.661  0.004    2  1 
  51306.1937   14.678  0.004    2  1 
  51306.1966   14.690  0.004    2  1 
  51306.2146   14.706  0.005    2  1 
  51306.2343   14.711  0.004    2  1 
  51306.2380   14.715  0.004    2  1 
  51306.2574   14.718  0.004    2  1 
  51306.2602   14.742  0.004    2  1 
  51306.2805   14.722  0.004    2  1 
  51306.2835   14.734  0.004    2  1 
  51306.3038   14.753  0.005    2  1 
  51306.3135   14.743  0.005    2  1 
  51306.3184   14.769  0.006    2  1 
  51307.0456   14.780  0.006    2  1 
  51307.0501   14.791  0.007    2  1 
  51307.0593   14.813  0.005    2  1 
  51307.0645   14.831  0.006    2  1 
  51307.0699   14.843  0.015    2  1 
  51307.0747   14.815  0.009    2  1 
  51308.0084   14.261  0.003    2  1 
  51308.0112   14.260  0.003    2  1 
  51308.0334   14.314  0.003    2  1 
  51308.0362   14.315  0.003    2  1 
  51308.0394   14.318  0.003    2  1 
  51308.0633   14.378  0.003    2  1 
  51308.0663   14.387  0.003    2  1 
  51308.0995   14.442  0.003    2  1 
  51308.1280   14.492  0.004    2  1 
  51308.1309   14.493  0.004    2  1 
  51310.0850   14.215  0.002    2  1 
  51310.0874   14.217  0.002    2  1 
  51310.0897   14.218  0.002    2  1 
  51310.1430   14.335  0.003    2  1 
  51310.1458   14.345  0.003    2  1 
  51310.1486   14.344  0.004    2  1 
  51311.0244   14.601  0.008    2  1 
  51311.0302   14.644  0.007    2  1 
  51311.0334   14.648  0.007    2  1 
  51311.0506   14.664  0.003    2  1 
  51311.0539   14.678  0.004    2  1 
  51311.0637   14.690  0.005    2  1 
  51311.0669   14.680  0.006    2  1 
  51311.0907   14.711  0.006    2  1 
  51311.0946   14.714  0.006    2  1 
  51311.1015   14.716  0.005    2  1 
  51311.1071   14.734  0.005    2  1 
  51311.1298   14.733  0.005    2  1 
  51311.1327   14.745  0.006    2  1 
  51311.1357   14.741  0.006    2  1 
  51311.1398   14.745  0.005    2  1 
  51311.1447   14.746  0.006    2  1 
  51311.9726   14.829  0.007    2  1 
  51311.9755   14.841  0.006    2  1 
  51312.0020   14.785  0.005    2  1 
  51312.0049   14.784  0.006    2  1 
  51312.0255   14.645  0.005    2  1 
  51312.0284   14.619  0.004    2  1 
  51312.0314   14.592  0.004    2  1 
  51312.0584   14.239  0.003    2  1 
  51312.0611   14.214  0.003    2  1 
  51312.0638   14.187  0.003    2  1 
  51312.0903   14.024  0.003    2  1 
  51312.0955   13.998  0.003    2  1 
  51312.1146   14.015  0.003    2  1 
  51312.1173   14.024  0.003    2  1 
  51312.1200   14.036  0.003    2  1 
  51312.9860   14.435  0.003    2  1 
  51312.9887   14.436  0.003    2  1 
  51312.9913   14.445  0.003    2  1 
  51313.0096   14.484  0.004    2  1 
  51313.0123   14.491  0.004    2  1 
  51313.0149   14.496  0.004    2  1 
  51313.0333   14.518  0.004    2  1 
  51313.0360   14.535  0.004    2  1 
  51313.0386   14.540  0.004    2  1 
  51313.0413   14.547  0.004    2  1 
  51313.0595   14.567  0.004    2  1 
  51313.0622   14.570  0.004    2  1 
  51313.0648   14.574  0.004    2  1 
  51313.0911   14.607  0.004    2  1 
  51313.0937   14.600  0.004    2  1 
  51313.0964   14.614  0.004    2  1 
  51313.1146   14.633  0.004    2  1 
  51313.1172   14.644  0.004    2  1 
  51313.1199   14.638  0.004    2  1 
  51313.1226   14.642  0.004    2  1 
  51313.9843   14.785  0.005    2  1 
  51313.9872   14.778  0.005    2  1 
  51313.9901   14.791  0.005    2  1 
  51314.0178   14.791  0.005    2  1 
  51314.0207   14.797  0.005    2  1 
  51314.0236   14.785  0.005    2  1 
  51314.0432   14.858  0.006    2  1 
  51314.0461   14.821  0.005    2  1 
  51314.0490   14.819  0.005    2  1 
  51314.0772   14.823  0.005    2  1 
  51314.0802   14.820  0.005    2  1 
  51314.0831   14.833  0.005    2  1 
  51314.1030   14.781  0.006    2  1 
  51314.1059   14.742  0.006    2  1 
  51314.1088   14.731  0.005    2  1 
  51314.1289   14.529  0.005    2  1 
  51314.1333   14.480  0.005    2  1 
  51314.1363   14.433  0.005    2  1 
  51314.9827   14.200  0.003    2  1 
  51314.9856   14.215  0.003    2  1 
  51314.9885   14.217  0.003    2  1 
  51315.0015   14.243  0.004    2  1 
  51315.0043   14.241  0.004    2  1 
  51315.0069   14.257  0.003    2  1 
  51315.0251   14.312  0.003    2  1 
  51315.0277   14.315  0.003    2  1 
  51315.0304   14.330  0.003    2  1 
  51315.0516   14.359  0.003    2  1 
  51315.0542   14.366  0.003    2  1 
  51315.0780   14.417  0.004    2  1 
  51315.0807   14.422  0.004    2  1 
  51315.0833   14.427  0.004    2  1 
  51315.1015   14.462  0.004    2  1 
  51315.1041   14.467  0.004    2  1 
  51315.1068   14.472  0.004    2  1 
  51315.1290   14.520  0.005    2  1 
  51315.1319   14.517  0.005    2  1 
  51316.0194   14.747  0.004    2  1 
  51316.0221   14.751  0.004    2  1 
  51316.0247   14.754  0.004    2  1 
  51316.0431   14.760  0.004    2  1 
  51316.0458   14.770  0.004    2  1 
  51316.0485   14.761  0.004    2  1 
  51316.0667   14.779  0.005    2  1 
  51316.0693   14.774  0.005    2  1 
  51316.0720   14.773  0.005    2  1 
  51316.0905   14.767  0.005    2  1 
  51316.0934   14.774  0.005    2  1 
  51316.0963   14.771  0.005    2  1 
  51316.1148   14.762  0.004    2  1 
  51316.1175   14.773  0.004    2  1 
  51316.1201   14.777  0.004    2  1 
  51316.9647   14.045  0.003    2  1 
  51316.9676   14.036  0.003    2  1 
  51316.9705   13.977  0.004    2  1 
  51316.9896   13.942  0.003    2  1 
  51316.9923   13.951  0.003    2  1 
  51316.9949   13.957  0.003    2  1 
  51317.0088   13.981  0.003    2  1 
  51317.0117   14.026  0.004    2  1 
  51317.0321   14.055  0.004    2  1 
  51317.0351   14.064  0.004    2  1 
  51317.0391   14.081  0.004    2  1 
  51317.0602   14.146  0.004    2  1 
  51317.0631   14.163  0.003    2  1 
  51317.0660   14.180  0.004    2  1 
  51317.0858   14.220  0.004    2  1 
  51317.0887   14.212  0.004    2  1 
  51317.0916   14.250  0.004    2  1 
  51317.1111   14.283  0.004    2  1 
  51317.1140   14.279  0.004    2  1 
  51317.1169   14.294  0.004    2  1 
  51317.9657   14.596  0.006    2  1 
  51317.9685   14.588  0.005    2  1 
  51317.9883   14.623  0.005    2  1 
  51317.9912   14.619  0.005    2  1 
  51317.9941   14.628  0.005    2  1 
  51318.0135   14.658  0.005    2  1 
  51318.0164   14.665  0.006    2  1 
  51318.0194   14.671  0.006    2  1 
  51318.0413   14.686  0.006    2  1 
  51318.0445   14.702  0.007    2  1 
  51318.0477   14.700  0.006    2  1 
  51318.0697   14.728  0.006    2  1 
  51318.0730   14.739  0.007    2  1 
  51318.0762   14.739  0.007    2  1 
  51318.0981   14.757  0.008    2  1 
  51318.1014   14.748  0.007    2  1 
  51318.1046   14.771  0.009    2  1 
  51318.1265   14.772  0.008    2  1 
  51318.1298   14.771  0.008    2  1 
  51318.9642   14.848  0.004    2  1 
  51318.9680   14.843  0.006    2  1 
  51318.9708   14.837  0.005    2  1 
  51318.9737   14.835  0.005    2  1 
  51318.9929   14.780  0.005    2  1 
  51318.9956   14.773  0.005    2  1 
  51318.9983   14.739  0.005    2  1 
  51319.0180   14.545  0.005    2  1 
  51319.0209   14.511  0.004    2  1 
  51319.0238   14.481  0.004    2  1 
  51319.0443   14.183  0.004    2  1 
  51319.0474   14.156  0.004    2  1 
  51319.0505   14.110  0.004    2  1 
  51319.0793   13.947  0.003    2  1 
  51319.0820   13.942  0.003    2  1 
  51319.0847   13.952  0.003    2  1 
  51319.1030   13.976  0.003    2  1 
  51319.1084   13.998  0.003    2  1 
  51319.1110   14.020  0.003    2  1 
  51320.1030   14.656  0.003    2  1 
  51320.1053   14.677  0.003    2  1 
  51320.1076   14.665  0.003    2  1 
  51320.1238   14.680  0.004    2  1 
  51320.1261   14.689  0.003    2  1 
  51320.1284   14.719  0.004    2  1 
  51320.1450   14.710  0.004    2  1 
  51320.1477   14.708  0.004    2  1 
  51320.1503   14.730  0.004    2  1 
  51320.9635   14.777  0.005    2  1 
  51320.9664   14.775  0.005    2  1 
  51320.9693   14.777  0.005    2  1 
  51320.9887   14.789  0.003    2  1 
  51320.9911   14.791  0.004    2  1 
  51320.9936   14.784  0.004    2  1 
  51321.0102   14.806  0.003    2  1 
  51321.0126   14.819  0.004    2  1 
  51321.0150   14.813  0.004    2  1 
  51321.0318   14.836  0.004    2  1 
  51321.0344   14.829  0.004    2  1 
  51321.0369   14.830  0.004    2  1 
  51321.0543   14.846  0.004    2  1 
  51321.0568   14.846  0.004    2  1 
  51321.0594   14.858  0.004    2  1 
  51321.0847   14.782  0.004    2  1 
  51321.0873   14.785  0.004    2  1 
  51321.0898   14.767  0.004    2  1 
  51321.1133   14.550  0.004    2  1 
  51321.1159   14.508  0.004    2  1 
  51321.1186   14.476  0.004    2  1 
  51321.1339   14.223  0.003    2  1 
  51321.1365   14.192  0.003    2  1 
  51332.9696   14.597  0.007    2  1 
  51332.9739   14.527  0.007    2  1 
  51332.9891   14.314  0.005    2  1 
  51332.9928   14.238  0.005    2  1 
  51332.9965   14.201  0.005    2  1 
  51333.0083   14.003  0.004    2  1 
  51333.0120   13.947  0.004    2  1 
  51333.0226   13.845  0.004    2  1 
  51333.0264   13.857  0.004    2  1 
  51333.0514   13.872  0.004    2  1 
  51333.0552   13.909  0.005    2  1 
  51333.0742   13.999  0.004    2  1 
  51333.0779   14.016  0.005    2  1 
  51333.0907   14.082  0.004    2  1 
  51333.0945   14.098  0.004    2  1 
  51333.1178   14.179  0.004    2  1 
  51333.1221   14.188  0.004    2  1 
  51333.1335   14.223  0.005    2  1 
  51333.1529   14.271  0.005    2  1 
  51333.1565   14.287  0.005    2  1 
  51333.1716   14.317  0.005    2  1 
  51333.1752   14.334  0.005    2  1 
  51334.9871   14.857  0.005    2  1 
  51335.0175   14.897  0.005    2  1 
  51335.0204   14.879  0.005    2  1 
  51335.0301   14.855  0.005    2  1 
  51335.0334   14.839  0.005    2  1 
  51335.0517   14.709  0.005    2  1 
  51335.0552   14.670  0.006    2  1 
  51335.0692   14.504  0.005    2  1 
  51335.0727   14.444  0.005    2  1 
  51335.0833   14.250  0.005    2  1 
  51335.0867   14.201  0.004    2  1 
  51335.1133   13.851  0.004    2  1 
  51335.1167   13.830  0.004    2  1 
  51335.9535   14.313  0.005    2  1 
  51335.9726   14.348  0.005    2  1 
  51335.9768   14.362  0.004    2  1 
  51335.9997   14.411  0.004    2  1 
  51336.0027   14.420  0.004    2  1 
  51336.0203   14.451  0.004    2  1 
  51336.0357   14.486  0.005    2  1 
  51336.0388   14.492  0.005    2  1 
  51336.0593   14.525  0.005    2  1 
  51336.0629   14.527  0.005    2  1 
  51336.0769   14.551  0.005    2  1 
  51336.0803   14.561  0.006    2  1 
  51336.1025   14.594  0.005    2  1 
  51336.1059   14.600  0.005    2  1 
  51336.1206   14.628  0.006    2  1 
  51336.1240   14.625  0.006    2  1 
  51337.0101   14.800  0.007    2  1 
  51337.9904   14.138  0.005    2  1 
  51337.9940   14.163  0.005    2  1 
  51338.0162   14.226  0.005    2  1 
  51338.0196   14.256  0.005    2  1 
  51338.0339   14.302  0.005    2  1 
  51338.0376   14.279  0.006    2  1 
  51338.9901   14.794  0.006    2  1 
  51338.9938   14.742  0.005    2  1 
  51339.0226   14.766  0.007    2  1 
  51339.0269   14.776  0.006    2  1 
  51339.0867   14.792  0.009    2  1 
  51339.0905   14.789  0.008    2  1 
  51339.1139   14.795  0.007    2  1 
  51339.1177   14.780  0.006    2  1 
  51339.1448   14.818  0.006    2  1 
  51339.1482   14.820  0.006    2  1 
  51339.9766   14.056  0.003    2  1 
  51339.9795   14.004  0.003    2  1 
  51340.0044   13.847  0.003    2  1 
  51340.0078   13.859  0.003    2  1 
  51340.0274   13.917  0.003    2  1 
  51340.0306   13.936  0.003    2  1 
  51340.0540   14.040  0.004    2  1 
  51340.0572   14.064  0.004    2  1 
  51340.0857   14.168  0.004    2  1 
  51340.0892   14.186  0.004    2  1 
  51340.1152   14.255  0.005    2  1 
  51340.1197   14.279  0.004    2  1 
  51340.1229   14.288  0.004    2  1 
  51340.1263   14.297  0.004    2  1 
  51340.1404   14.325  0.005    2  1 
  51340.1437   14.331  0.005    2  1 
  51344.9924   14.287  0.004    2  1 
  51344.9958   14.285  0.003    2  1 
  51344.9988   14.295  0.003    2  1 
  51345.0216   14.337  0.004    2  1 
  51345.0255   14.349  0.005    2  1 
  51345.0302   14.367  0.004    2  1 
  51345.0553   14.400  0.005    2  1 
  51345.0603   14.422  0.004    2  1 
  51345.9856   14.744  0.006    2  1 
  51345.9896   14.751  0.006    2  1 
  51346.0219   14.753  0.006    2  1 
  51346.0264   14.751  0.006    2  1 
  51346.0486   14.737  0.006    2  1 
  51346.0523   14.768  0.006    2  1 
  51346.0791   14.777  0.005    2  1 
  51346.0826   14.758  0.005    2  1 
  51347.0416   14.145  0.004    2  1 
  51347.0453   14.161  0.003    2  1 
  51347.0743   14.253  0.004    2  1 
  51347.0777   14.261  0.004    2  1 
  51347.0990   14.315  0.003    2  1 
  51347.1022   14.305  0.003    2  1 
  51347.9769   14.625  0.005    2  1 
  51347.9802   14.655  0.005    2  1 
  51347.9834   14.638  0.005    2  1 
  51347.9983   14.662  0.005    2  1 
  51348.0028   14.677  0.005    2  1 
  51348.0063   14.665  0.005    2  1 
  51348.0242   14.688  0.005    2  1 
  51348.0274   14.681  0.005    2  1 
  51348.0943   14.742  0.007    2  1 
  51348.0983   14.751  0.008    2  1 
  51348.1018   14.775  0.008    2  1 
  51348.9650   14.808  0.005    2  1 
  51348.9853   14.689  0.005    2  1 
  51348.9883   14.690  0.005    2  1 
  51348.9912   14.650  0.004    2  1 
  51349.0316   14.223  0.004    2  1 
  51349.0346   14.184  0.004    2  1 
  51349.9815   14.490  0.004    2  1 
  51349.9851   14.496  0.004    2  1 
  51349.9973   14.517  0.004    2  1 
  51350.0033   14.526  0.005    2  1 
  51350.0066   14.535  0.004    2  1 
  51350.0164   14.547  0.004    2  1 
  51350.0197   14.550  0.005    2  1 
  51350.0296   14.563  0.005    2  1 
  51380.9973   14.790  0.004    2  1 
  51381.0004   14.779  0.004    2  1 
  51381.0031   14.781  0.004    2  1 
  51381.0187   14.746  0.004    2  1 
  51381.0214   14.737  0.004    2  1 
  51381.0242   14.722  0.004    2  1 
  51381.9830   14.431  0.004    2  1 
  51381.9859   14.432  0.005    2  1 
  51381.9888   14.442  0.005    2  1 
  51382.0000   14.451  0.004    2  1 
  51382.0029   14.462  0.004    2  1 
  51382.9793   14.683  0.006    2  1 
  51382.9826   14.699  0.005    2  1 
  51382.9857   14.709  0.006    2  1 
  51382.9965   14.707  0.005    2  1 
  51382.9995   14.716  0.007    2  1 
  51383.9746   14.264  0.003    2  1 
  51383.9773   14.274  0.003    2  1 
  51383.9799   14.272  0.003    2  1 
  51383.9899   14.281  0.004    2  1 
  51383.9926   14.303  0.004    2  1 
  51384.9777   14.626  0.004    2  1 
  51384.9802   14.642  0.004    2  1 
  51384.9896   14.626  0.004    2  1 
  51384.9921   14.632  0.004    2  1 
  51385.9711   14.249  0.003    2  1 
  51385.9763   14.211  0.003    2  1 
  51385.9857   14.181  0.003    2  1 
  51385.9884   14.178  0.003    2  1 
  51386.9965   14.580  0.004    2  1 
  51387.0003   14.590  0.004    2  1 
  51387.0041   14.589  0.004    2  1 
  51387.0216   14.608  0.005    2  1 
  51387.0254   14.602  0.004    2  1 
  51387.0293   14.615  0.004    2  1 
  51388.9801   14.448  0.005    2  1 
  51388.9834   14.455  0.005    2  1 
  51388.9866   14.462  0.005    2  1 
  51388.9984   14.470  0.006    2  1 
  51389.0017   14.478  0.005    2  1 
  51389.9783   14.713  0.004    2  1 
  51389.9809   14.713  0.004    2  1 
  51389.9836   14.711  0.004    2  1 
  51390.9729   14.298  0.003    2  1 
  51390.9756   14.301  0.003    2  1 
  51390.9783   14.311  0.003    2  1 
  51391.9728   14.650  0.003    2  1 
  51391.9754   14.656  0.003    2  1 
  51391.9779   14.650  0.003    2  1 
  51671.0871   14.752  0.005    2  1 
  51671.0917   14.760  0.005    2  1 
  51671.0952   14.762  0.005    2  1 
  51671.1189   14.766  0.005    2  1 
  51671.1232   14.770  0.005    2  1 
  51671.9996   14.261  0.004    2  1 
  51672.0039   14.264  0.003    2  1 
  51672.0350   14.329  0.004    2  1 
  51672.0382   14.332  0.004    2  1 
  51673.0232   14.633  0.004    2  1 
  51674.0574   14.203  0.005    2  1 
  51674.0620   14.203  0.006    2  1 
  51674.0938   14.255  0.005    2  1 
  51674.0985   14.283  0.005    2  1 
  51674.1159   14.312  0.005    2  1 
  51674.1223   14.324  0.004    2  1 
  51674.9763   14.520  0.006    2  1 
  51674.9824   14.533  0.006    2  1 
  51675.0212   14.576  0.006    2  1 
  51676.0163   14.745  0.005    2  1 
  51692.9816   14.292  0.004    2  1 
  51692.9854   14.309  0.004    2  1 
  51693.9780   14.666  0.004    2  1 
  51693.9814   14.668  0.004    2  1 
  51694.9914   14.217  0.003    2  1 
  51694.9946   14.304  0.004    2  1 
  51765.9974   14.748  0.006    2  1 
  51766.0012   14.732  0.006    2  1 
  51766.0048   14.717  0.005    2  1 
  51766.0266   14.605  0.006    2  1 
  51766.0301   14.566  0.005    2  1 
  51216.3144   15.355  0.004    3  1 
  51216.3408   15.344  0.005    3  1 
  51216.3634   15.348  0.004    3  1 
  51216.3905   15.387  0.005    3  1 
  51217.3019   14.352  0.003    3  1 
  51217.3494   14.574  0.003    3  1 
  51217.3710   14.642  0.003    3  1 
  51217.3906   14.712  0.003    3  1 
  51218.2854   15.215  0.005    3  1 
  51218.3156   15.299  0.009    3  1 
  51218.3347   15.287  0.004    3  1 
  51218.3653   15.325  0.004    3  1 
  51218.3848   15.332  0.004    3  1 
  51219.2918   14.864  0.003    3  1 
  51219.3100   14.465  0.003    3  1 
  51219.3296   14.210  0.002    3  1 
  51219.3536   14.155  0.002    3  1 
  51219.3723   14.249  0.002    3  1 
  51220.2720   14.988  0.004    3  1 
  51220.2946   15.034  0.004    3  1 
  51220.3117   15.083  0.004    3  1 
  51220.3299   15.114  0.004    3  1 
  51220.3473   15.145  0.004    3  1 
  51220.3643   15.194  0.004    3  1 
  51220.3816   15.218  0.004    3  1 
  51221.2763   15.368  0.004    3  1 
  51221.2964   15.414  0.004    3  1 
  51221.3145   15.424  0.004    3  1 
  51221.3318   15.431  0.004    3  1 
  51221.3496   15.376  0.004    3  1 
  51221.3673   15.202  0.004    3  1 
  51283.2546   15.235  0.004    3  1 
  51283.2783   15.268  0.004    3  1 
  51283.3008   15.296  0.004    3  1 
  51283.3322   15.334  0.004    3  1 
  51283.3553   15.330  0.004    3  1 
  51283.3773   15.281  0.004    3  1 
  51284.2134   14.568  0.003    3  1 
  51284.2375   14.643  0.003    3  1 
  51284.2581   14.691  0.003    3  1 
  51284.2875   14.763  0.003    3  1 
  51284.3124   14.803  0.003    3  1 
  51284.3383   14.859  0.003    3  1 
  51285.0451   14.883  0.003    3  1 
  51285.0691   14.938  0.003    3  1 
  51285.0932   14.995  0.004    3  1 
  51285.1257   15.053  0.003    3  1 
  51285.1514   15.094  0.003    3  1 
  51285.1754   15.128  0.003    3  1 
  51285.2060   15.156  0.004    3  1 
  51285.2321   15.167  0.004    3  1 
  51285.2586   15.169  0.004    3  1 
  51285.2928   15.176  0.004    3  1 
  51285.3257   15.214  0.004    3  1 
  51286.0393   15.222  0.003    3  1 
  51286.0670   15.252  0.003    3  1 
  51286.1302   15.317  0.004    3  1 
  51286.1833   15.155  0.004    3  1 
  51286.2193   14.815  0.003    3  1 
  51286.2434   14.631  0.003    3  1 
  51286.2655   14.541  0.003    3  1 
  51286.2958   14.561  0.002    3  1 
  51286.3291   14.640  0.003    3  1 
  51286.3521   14.707  0.003    3  1 
  51304.9838   15.358  0.004    3  1 
  51305.0251   15.274  0.005    3  1 
  51305.0718   14.768  0.003    3  1 
  51305.0961   14.466  0.003    3  1 
  51305.1465   14.350  0.003    3  1 
  51305.1755   14.481  0.003    3  1 
  51305.2054   14.567  0.004    3  1 
  51305.2345   14.669  0.003    3  1 
  51305.2666   14.784  0.003    3  1 
  51305.2880   14.861  0.003    3  1 
  51305.9773   14.838  0.003    3  1 
  51306.0428   15.003  0.004    3  1 
  51306.0809   15.084  0.004    3  1 
  51306.1330   15.179  0.004    3  1 
  51306.1578   15.208  0.004    3  1 
  51306.1875   15.240  0.004    3  1 
  51306.2101   15.251  0.004    3  1 
  51306.2771   15.323  0.004    3  1 
  51306.2972   15.365  0.004    3  1 
  51308.0025   14.613  0.002    3  1 
  51308.0294   14.756  0.002    3  1 
  51308.0600   14.794  0.003    3  1 
  51308.0958   14.899  0.003    3  1 
  51308.1244   14.967  0.003    3  1 
  51310.1057   14.632  0.002    3  1 
  51310.1100   14.642  0.002    3  1 
  51310.1132   14.689  0.002    3  1 
  51311.9792   15.392  0.006    3  1 
  51311.9983   15.366  0.006    3  1 
  51312.0087   15.311  0.005    3  1 
  51312.0350   15.012  0.003    3  1 
  51312.0550   14.649  0.003    3  1 
  51312.0672   14.474  0.002    3  1 
  51312.0870   14.892  0.003    3  1 
  51312.0988   14.270  0.002    3  1 
  51312.9828   14.895  0.003    3  1 
  51313.0063   14.954  0.003    3  1 
  51313.0300   15.011  0.003    3  1 
  51313.0562   15.076  0.003    3  1 
  51313.1113   15.174  0.003    3  1 
  51313.9807   15.364  0.004    3  1 
  51314.0143   15.355  0.004    3  1 
  51314.0397   15.371  0.005    3  1 
  51314.1124   15.210  0.004    3  1 
  51314.9752   14.532  0.003    3  1 
  51315.0102   14.633  0.003    3  1 
  51315.0336   14.724  0.003    3  1 
  51315.0747   14.856  0.003    3  1 
  51315.0982   14.920  0.003    3  1 
  51315.1216   14.992  0.003    3  1 
  51316.0399   15.342  0.004    3  1 
  51316.0634   15.331  0.004    3  1 
  51316.0869   15.336  0.004    3  1 
  51316.1115   15.336  0.004    3  1 
  51316.9740   14.245  0.002    3  1 
  51317.0052   14.201  0.003    3  1 
  51317.0282   14.270  0.004    3  1 
  51317.0566   14.450  0.003    3  1 
  51317.0822   14.550  0.003    3  1 
  51317.1075   14.650  0.003    3  1 
  51317.9847   15.155  0.004    3  1 
  51318.0099   15.212  0.005    3  1 
  51318.0374   15.257  0.007    3  1 
  51318.1226   15.341  0.006    3  1 
  51318.9772   15.386  0.004    3  1 
  51319.0019   15.213  0.005    3  1 
  51319.0274   14.827  0.003    3  1 
  51319.0757   14.185  0.002    3  1 
  51319.0997   14.233  0.002    3  1 
  51320.1000   15.208  0.003    3  1 
  51320.1417   15.273  0.004    3  1 
  51320.9728   15.341  0.004    3  1 
  51321.0180   15.395  0.004    3  1 
  51321.0400   15.417  0.004    3  1 
  51321.0624   15.410  0.004    3  1 
  51321.0930   15.294  0.004    3  1 
  51321.1217   14.849  0.003    3  1 
  51380.9937   15.350  0.004    3  1 
  51381.9793   14.877  0.003    3  1 
  51382.9755   15.244  0.005    3  1 
  51383.9715   14.619  0.002    3  1 
  51385.9679   14.607  0.002    3  1 
  51386.9917   15.110  0.004    3  1 
  51388.9755   14.922  0.004    3  1 
  51389.9750   15.246  0.003    3  1 
  51695.0052   14.459  0.002    3  1 
 56468.97641   12.907  0.122   -1  1 
 56469.04707   12.432  0.089   -1  1 
 56469.10896   12.700  0.094   -1  1 
 56469.17285   12.922  0.046   -1  1 
 56471.00364   13.175  0.167   -1  1 
 56471.06640   13.001  0.043   -1  1 
 56471.12490   12.987  0.071   -1  1 
 56471.18188   13.288  0.120   -1  1 
 56471.96759   12.163  0.089   -1  1 
 56472.03374   13.095  0.097   -1  1 
 56472.09484   12.519  0.087   -1  1 
 56472.15243   13.097  0.044   -1  1 
 56468.95296   12.857  0.098   -2  1 
 56469.02441   12.898  0.052   -2  1 
 56469.08813   12.772  0.052   -2  1 
 56469.15134   12.928  0.041   -2  1 
 56471.02588   12.840  0.050   -2  1 
 56471.08671   12.908  0.032   -2  1 
 56471.14302   12.920  0.024   -2  1 
 56471.94704   12.878  0.021   -2  1 
 56472.01085   12.971  0.048   -2  1 
 56472.07480   12.908  0.046   -2  1 
 56472.13240   13.115  0.014   -2  1 
 56472.19216   13.067  0.015   -2  1 
 56469.00041   13.119  0.038   -5  1 
 56469.06767   13.220  0.015   -5  1 
 56469.13003   13.224  0.019   -5  1 
 56469.19349   13.275  0.021   -5  1 
 56470.98130   13.290  0.016   -5  1 
 56471.04693   13.174  0.019   -5  1 
 56471.10523   13.221  0.016   -5  1 
 56471.16397   13.372  0.016   -5  1 
 56471.98857   13.339  0.024   -5  1 
 56472.05430   13.603  0.032   -5  1 
 56472.11383   13.416  0.026   -5  1 
 56472.17109   13.521  0.029   -5  1 
