  51216.3218   14.608  0.006    2  1 
  51216.3464   14.603  0.005    2  1 
  51216.3689   14.598  0.005    2  1 
  51216.3980   14.573  0.007    2  1 
  51217.3101   14.839  0.007    2  1 
  51217.3328   14.852  0.006    2  1 
  51217.3552   14.849  0.006    2  1 
  51217.3759   14.829  0.006    2  1 
  51217.3953   14.797  0.006    2  1 
  51218.2773   14.561  0.006    2  1 
  51218.3093   14.586  0.005    2  1 
  51218.3298   14.631  0.005    2  1 
  51218.3573   14.695  0.006    2  1 
  51218.3794   14.769  0.005    2  1 
  51219.3336   14.610  0.005    2  1 
  51219.3596   14.625  0.005    2  1 
  51219.3768   14.597  0.005    2  1 
  51220.2621   14.734  0.005    2  1 
  51220.2906   14.813  0.005    2  1 
  51220.3077   14.837  0.006    2  1 
  51220.3257   14.846  0.006    2  1 
  51220.3432   14.846  0.006    2  1 
  51220.3602   14.860  0.006    2  1 
  51220.3776   14.844  0.006    2  1 
  51221.2835   14.548  0.005    2  1 
  51221.3009   14.589  0.005    2  1 
  51221.3188   14.611  0.005    2  1 
  51221.3358   14.638  0.005    2  1 
  51221.3538   14.665  0.005    2  1 
  51221.3722   14.716  0.005    2  1 
  51283.2451   14.372  0.004    2  1 
  51283.2493   14.388  0.004    2  1 
  51283.2714   14.456  0.005    2  1 
  51283.2748   14.471  0.004    2  1 
  51283.2939   14.526  0.004    2  1 
  51283.2972   14.536  0.004    2  1 
  51283.3202   14.586  0.005    2  1 
  51283.3234   14.602  0.004    2  1 
  51283.3487   14.634  0.004    2  1 
  51283.3518   14.644  0.004    2  1 
  51283.3707   14.683  0.005    2  1 
  51283.3738   14.693  0.005    2  1 
  51284.2195   14.741  0.005    2  1 
  51284.2229   14.734  0.005    2  1 
  51284.2413   14.736  0.005    2  1 
  51284.2443   14.724  0.005    2  1 
  51284.2617   14.708  0.005    2  1 
  51284.2648   14.692  0.005    2  1 
  51284.2942   14.614  0.005    2  1 
  51284.2973   14.616  0.005    2  1 
  51284.3168   14.590  0.005    2  1 
  51284.3211   14.591  0.005    2  1 
  51284.3428   14.568  0.005    2  1 
  51284.3464   14.593  0.005    2  1 
  51285.0513   14.540  0.004    2  1 
  51285.0543   14.500  0.004    2  1 
  51285.0739   14.293  0.004    2  1 
  51285.0778   14.262  0.004    2  1 
  51285.0975   14.168  0.004    2  1 
  51285.1006   14.162  0.005    2  1 
  51285.1324   14.223  0.004    2  1 
  51285.1360   14.227  0.004    2  1 
  51285.1558   14.330  0.004    2  1 
  51285.1588   14.302  0.004    2  1 
  51285.1796   14.376  0.004    2  1 
  51285.1830   14.399  0.004    2  1 
  51285.2125   14.496  0.004    2  1 
  51285.2157   14.511  0.004    2  1 
  51285.2362   14.570  0.005    2  1 
  51285.2426   14.587  0.005    2  1 
  51285.2630   14.658  0.005    2  1 
  51285.2666   14.672  0.005    2  1 
  51285.2998   14.757  0.005    2  1 
  51285.3033   14.769  0.005    2  1 
  51285.3308   14.835  0.005    2  1 
  51285.3348   14.836  0.005    2  1 
  51285.3382   14.837  0.005    2  1 
  51286.0461   14.746  0.004    2  1 
  51286.0493   14.750  0.004    2  1 
  51286.0716   14.761  0.005    2  1 
  51286.0753   14.767  0.005    2  1 
  51286.1026   14.757  0.005    2  1 
  51286.1061   14.754  0.005    2  1 
  51286.1365   14.616  0.004    2  1 
  51286.1398   14.574  0.004    2  1 
  51286.1608   14.381  0.004    2  1 
  51286.1639   14.353  0.004    2  1 
  51286.1669   14.343  0.004    2  1 
  51286.1875   14.263  0.004    2  1 
  51286.1908   14.252  0.004    2  1 
  51286.2255   14.261  0.004    2  1 
  51286.2285   14.268  0.004    2  1 
  51286.2476   14.326  0.004    2  1 
  51286.2508   14.330  0.004    2  1 
  51286.2697   14.413  0.004    2  1 
  51286.2727   14.421  0.004    2  1 
  51286.3022   14.516  0.004    2  1 
  51286.3055   14.533  0.004    2  1 
  51286.3218   14.569  0.004    2  1 
  51286.3250   14.577  0.004    2  1 
  51286.3450   14.611  0.005    2  1 
  51286.3481   14.620  0.005    2  1 
  51304.9873   14.579  0.004    2  1 
  51304.9926   14.571  0.004    2  1 
  51305.0328   14.595  0.004    2  1 
  51305.0362   14.605  0.005    2  1 
  51305.0559   14.605  0.005    2  1 
  51305.0599   14.613  0.005    2  1 
  51305.0890   14.572  0.004    2  1 
  51305.0922   14.575  0.005    2  1 
  51305.1235   14.585  0.005    2  1 
  51305.1269   14.591  0.005    2  1 
  51305.1509   14.644  0.006    2  1 
  51305.1547   14.670  0.006    2  1 
  51305.1853   14.725  0.005    2  1 
  51305.1885   14.732  0.006    2  1 
  51305.2098   14.740  0.005    2  1 
  51305.2128   14.752  0.005    2  1 
  51305.2431   14.770  0.005    2  1 
  51305.2461   14.776  0.005    2  1 
  51305.2704   14.768  0.005    2  1 
  51305.2734   14.766  0.005    2  1 
  51305.2966   14.674  0.005    2  1 
  51305.2995   14.646  0.005    2  1 
  51305.9857   14.794  0.004    2  1 
  51305.9885   14.792  0.004    2  1 
  51305.9912   14.774  0.004    2  1 
  51306.0256   14.822  0.004    2  1 
  51306.0285   14.838  0.004    2  1 
  51306.0465   14.817  0.005    2  1 
  51306.0498   14.822  0.005    2  1 
  51306.0896   14.778  0.005    2  1 
  51306.0930   14.779  0.005    2  1 
  51306.1123   14.706  0.004    2  1 
  51306.1151   14.692  0.004    2  1 
  51306.1375   14.625  0.004    2  1 
  51306.1405   14.616  0.004    2  1 
  51306.1636   14.556  0.004    2  1 
  51306.1673   14.556  0.004    2  1 
  51306.1937   14.504  0.004    2  1 
  51306.1966   14.510  0.004    2  1 
  51306.2146   14.484  0.004    2  1 
  51306.2178   14.475  0.004    2  1 
  51306.2343   14.472  0.003    2  1 
  51306.2380   14.482  0.003    2  1 
  51306.2574   14.503  0.003    2  1 
  51306.2602   14.497  0.003    2  1 
  51306.2805   14.532  0.003    2  1 
  51306.2835   14.540  0.003    2  1 
  51306.3009   14.575  0.004    2  1 
  51306.3038   14.580  0.004    2  1 
  51306.3135   14.597  0.004    2  1 
  51306.3184   14.610  0.005    2  1 
  51307.0456   14.678  0.006    2  1 
  51307.0501   14.686  0.006    2  1 
  51307.0593   14.704  0.005    2  1 
  51307.0645   14.722  0.005    2  1 
  51307.0699   14.727  0.012    2  1 
  51307.0747   14.747  0.008    2  1 
  51308.0084   14.541  0.004    2  1 
  51308.0112   14.542  0.004    2  1 
  51308.0334   14.573  0.003    2  1 
  51308.0362   14.569  0.003    2  1 
  51308.0394   14.572  0.004    2  1 
  51308.0633   14.585  0.004    2  1 
  51308.0663   14.592  0.004    2  1 
  51308.0995   14.586  0.004    2  1 
  51308.1031   14.586  0.004    2  1 
  51308.1280   14.589  0.004    2  1 
  51308.1309   14.589  0.004    2  1 
  51310.0850   14.750  0.003    2  1 
  51310.0874   14.749  0.003    2  1 
  51310.0897   14.743  0.003    2  1 
  51310.0922   14.762  0.003    2  1 
  51310.1430   14.845  0.005    2  1 
  51310.1458   14.849  0.005    2  1 
  51310.1486   14.849  0.005    2  1 
  51311.0244   14.496  0.007    2  1 
  51311.0302   14.504  0.006    2  1 
  51311.0334   14.513  0.006    2  1 
  51311.0506   14.532  0.003    2  1 
  51311.0539   14.533  0.004    2  1 
  51311.0637   14.535  0.005    2  1 
  51311.0669   14.560  0.006    2  1 
  51311.0702   14.548  0.004    2  1 
  51311.0907   14.575  0.005    2  1 
  51311.0946   14.573  0.005    2  1 
  51311.0980   14.570  0.004    2  1 
  51311.1015   14.574  0.005    2  1 
  51311.1071   14.579  0.005    2  1 
  51311.1298   14.571  0.005    2  1 
  51311.1327   14.571  0.005    2  1 
  51311.1357   14.579  0.005    2  1 
  51311.1398   14.582  0.005    2  1 
  51311.1447   14.590  0.005    2  1 
  51311.9726   14.766  0.001    2  1 
  51311.9755   14.708  0.006    2  1 
  51312.0020   14.763  0.005    2  1 
  51312.0049   14.779  0.005    2  1 
  51312.0255   14.784  0.005    2  1 
  51312.0284   14.802  0.005    2  1 
  51312.0314   14.794  0.005    2  1 
  51312.0584   14.800  0.005    2  1 
  51312.0611   14.810  0.005    2  1 
  51312.0638   14.805  0.004    2  1 
  51312.0903   14.774  0.004    2  1 
  51312.0929   14.769  0.004    2  1 
  51312.0955   14.773  0.004    2  1 
  51312.1146   14.726  0.004    2  1 
  51312.1173   14.704  0.004    2  1 
  51312.1200   14.695  0.004    2  1 
  51312.9860   14.447  0.003    2  1 
  51312.9887   14.459  0.003    2  1 
  51312.9913   14.472  0.003    2  1 
  51313.0096   14.525  0.004    2  1 
  51313.0123   14.540  0.004    2  1 
  51313.0149   14.553  0.004    2  1 
  51313.0333   14.600  0.004    2  1 
  51313.0360   14.611  0.004    2  1 
  51313.0386   14.619  0.004    2  1 
  51313.0413   14.615  0.005    2  1 
  51313.0595   14.669  0.004    2  1 
  51313.0622   14.676  0.004    2  1 
  51313.0648   14.680  0.004    2  1 
  51313.0911   14.738  0.004    2  1 
  51313.0937   14.748  0.004    2  1 
  51313.0964   14.758  0.004    2  1 
  51313.1146   14.798  0.004    2  1 
  51313.1172   14.805  0.004    2  1 
  51313.1199   14.818  0.005    2  1 
  51313.1226   14.809  0.005    2  1 
  51313.9843   14.483  0.004    2  1 
  51313.9872   14.481  0.004    2  1 
  51313.9901   14.477  0.004    2  1 
  51314.0178   14.455  0.004    2  1 
  51314.0207   14.442  0.004    2  1 
  51314.0236   14.460  0.004    2  1 
  51314.0432   14.475  0.004    2  1 
  51314.0461   14.482  0.004    2  1 
  51314.0490   14.478  0.004    2  1 
  51314.0772   14.523  0.005    2  1 
  51314.0802   14.524  0.004    2  1 
  51314.0831   14.537  0.004    2  1 
  51314.1030   14.558  0.005    2  1 
  51314.1059   14.557  0.005    2  1 
  51314.1088   14.572  0.005    2  1 
  51314.1289   14.577  0.005    2  1 
  51314.1333   14.568  0.005    2  1 
  51314.1363   14.576  0.005    2  1 
  51314.9827   14.684  0.005    2  1 
  51314.9856   14.692  0.005    2  1 
  51314.9885   14.705  0.005    2  1 
  51315.0015   14.739  0.005    2  1 
  51315.0043   14.737  0.005    2  1 
  51315.0069   14.743  0.005    2  1 
  51315.0251   14.780  0.004    2  1 
  51315.0277   14.780  0.004    2  1 
  51315.0304   14.761  0.004    2  1 
  51315.0489   14.783  0.004    2  1 
  51315.0516   14.801  0.004    2  1 
  51315.0542   14.787  0.004    2  1 
  51315.0780   14.785  0.005    2  1 
  51315.0807   14.784  0.004    2  1 
  51315.0833   14.773  0.005    2  1 
  51315.1015   14.744  0.005    2  1 
  51315.1041   14.741  0.005    2  1 
  51315.1068   14.741  0.005    2  1 
  51315.1290   14.678  0.005    2  1 
  51315.1319   14.675  0.005    2  1 
  51316.0194   14.516  0.004    2  1 
  51316.0221   14.523  0.004    2  1 
  51316.0247   14.520  0.004    2  1 
  51316.0431   14.576  0.004    2  1 
  51316.0458   14.592  0.004    2  1 
  51316.0485   14.594  0.004    2  1 
  51316.0667   14.657  0.005    2  1 
  51316.0693   14.659  0.005    2  1 
  51316.0720   14.667  0.004    2  1 
  51316.0905   14.717  0.005    2  1 
  51316.0934   14.726  0.005    2  1 
  51316.0963   14.730  0.005    2  1 
  51316.1148   14.780  0.004    2  1 
  51316.1175   14.788  0.004    2  1 
  51316.1201   14.789  0.004    2  1 
  51316.9647   14.535  0.004    2  1 
  51316.9676   14.526  0.005    2  1 
  51316.9705   14.513  0.005    2  1 
  51316.9896   14.441  0.004    2  1 
  51316.9923   14.437  0.004    2  1 
  51316.9949   14.430  0.004    2  1 
  51317.0088   14.412  0.004    2  1 
  51317.0117   14.412  0.004    2  1 
  51317.0321   14.402  0.005    2  1 
  51317.0351   14.409  0.005    2  1 
  51317.0391   14.409  0.004    2  1 
  51317.0602   14.437  0.004    2  1 
  51317.0631   14.448  0.004    2  1 
  51317.0660   14.457  0.004    2  1 
  51317.0858   14.504  0.004    2  1 
  51317.0887   14.509  0.005    2  1 
  51317.0916   14.514  0.004    2  1 
  51317.1111   14.536  0.005    2  1 
  51317.1140   14.544  0.006    2  1 
  51317.1169   14.555  0.005    2  1 
  51317.9628   14.596  0.005    2  1 
  51317.9657   14.608  0.005    2  1 
  51317.9685   14.637  0.006    2  1 
  51317.9883   14.672  0.005    2  1 
  51317.9912   14.688  0.005    2  1 
  51317.9941   14.718  0.005    2  1 
  51318.0135   14.741  0.005    2  1 
  51318.0164   14.757  0.006    2  1 
  51318.0194   14.755  0.006    2  1 
  51318.0413   14.776  0.006    2  1 
  51318.0445   14.776  0.007    2  1 
  51318.0477   14.768  0.006    2  1 
  51318.0697   14.775  0.006    2  1 
  51318.0730   14.773  0.007    2  1 
  51318.0762   14.771  0.007    2  1 
  51318.0981   14.738  0.008    2  1 
  51318.1014   14.738  0.007    2  1 
  51318.1046   14.737  0.008    2  1 
  51318.1265   14.669  0.007    2  1 
  51318.1298   14.663  0.007    2  1 
  51318.9642   14.251  0.003    2  1 
  51318.9680   14.251  0.004    2  1 
  51318.9708   14.276  0.004    2  1 
  51318.9737   14.292  0.004    2  1 
  51318.9929   14.372  0.004    2  1 
  51318.9956   14.387  0.004    2  1 
  51318.9983   14.391  0.004    2  1 
  51319.0180   14.472  0.005    2  1 
  51319.0209   14.479  0.004    2  1 
  51319.0238   14.487  0.004    2  1 
  51319.0443   14.562  0.005    2  1 
  51319.0474   14.569  0.005    2  1 
  51319.0505   14.580  0.005    2  1 
  51319.0793   14.662  0.004    2  1 
  51319.0820   14.665  0.004    2  1 
  51319.0847   14.672  0.004    2  1 
  51319.1030   14.713  0.005    2  1 
  51319.1084   14.738  0.004    2  1 
  51319.1110   14.742  0.004    2  1 
  51320.1030   14.496  0.003    2  1 
  51320.1053   14.489  0.003    2  1 
  51320.1076   14.493  0.003    2  1 
  51320.1238   14.528  0.003    2  1 
  51320.1261   14.531  0.003    2  1 
  51320.1284   14.538  0.003    2  1 
  51320.1450   14.556  0.004    2  1 
  51320.1477   14.572  0.004    2  1 
  51320.1503   14.569  0.004    2  1 
  51320.9635   14.581  0.004    2  1 
  51320.9664   14.590  0.004    2  1 
  51320.9693   14.592  0.004    2  1 
  51320.9887   14.645  0.003    2  1 
  51320.9911   14.654  0.003    2  1 
  51320.9936   14.652  0.003    2  1 
  51321.0102   14.698  0.003    2  1 
  51321.0126   14.698  0.004    2  1 
  51321.0150   14.696  0.004    2  1 
  51321.0318   14.728  0.004    2  1 
  51321.0344   14.739  0.004    2  1 
  51321.0369   14.744  0.004    2  1 
  51321.0543   14.739  0.004    2  1 
  51321.0568   14.749  0.004    2  1 
  51321.0594   14.757  0.004    2  1 
  51321.0847   14.734  0.004    2  1 
  51321.0873   14.725  0.004    2  1 
  51321.0898   14.729  0.004    2  1 
  51321.1133   14.692  0.004    2  1 
  51321.1159   14.685  0.004    2  1 
  51321.1186   14.676  0.004    2  1 
  51321.1339   14.637  0.004    2  1 
  51321.1365   14.628  0.004    2  1 
  51332.9696   14.590  0.007    2  1 
  51332.9739   14.601  0.007    2  1 
  51332.9891   14.623  0.006    2  1 
  51332.9928   14.627  0.007    2  1 
  51332.9965   14.631  0.007    2  1 
  51333.0083   14.645  0.006    2  1 
  51333.0120   14.651  0.006    2  1 
  51333.0226   14.666  0.006    2  1 
  51333.0264   14.673  0.006    2  1 
  51333.0514   14.704  0.006    2  1 
  51333.0552   14.705  0.008    2  1 
  51333.0742   14.711  0.006    2  1 
  51333.0779   14.708  0.007    2  1 
  51333.0907   14.686  0.006    2  1 
  51333.0945   14.674  0.006    2  1 
  51333.1178   14.604  0.006    2  1 
  51333.1221   14.596  0.006    2  1 
  51333.1335   14.547  0.006    2  1 
  51333.1369   14.542  0.006    2  1 
  51333.1529   14.486  0.005    2  1 
  51333.1565   14.485  0.006    2  1 
  51333.1716   14.463  0.006    2  1 
  51333.1752   14.465  0.006    2  1 
  51334.9841   14.795  0.005    2  1 
  51334.9871   14.784  0.005    2  1 
  51335.0175   14.563  0.004    2  1 
  51335.0204   14.518  0.004    2  1 
  51335.0301   14.379  0.004    2  1 
  51335.0334   14.342  0.004    2  1 
  51335.0517   14.195  0.004    2  1 
  51335.0552   14.176  0.004    2  1 
  51335.0692   14.136  0.004    2  1 
  51335.0727   14.135  0.004    2  1 
  51335.0833   14.151  0.004    2  1 
  51335.0867   14.162  0.004    2  1 
  51335.1133   14.243  0.005    2  1 
  51335.1167   14.256  0.005    2  1 
  51335.9535   14.596  0.005    2  1 
  51335.9726   14.621  0.005    2  1 
  51335.9768   14.629  0.005    2  1 
  51335.9997   14.649  0.005    2  1 
  51336.0027   14.660  0.005    2  1 
  51336.0203   14.673  0.005    2  1 
  51336.0236   14.691  0.005    2  1 
  51336.0357   14.700  0.006    2  1 
  51336.0388   14.704  0.006    2  1 
  51336.0593   14.716  0.006    2  1 
  51336.0629   14.725  0.006    2  1 
  51336.0769   14.722  0.006    2  1 
  51336.0803   14.712  0.006    2  1 
  51336.1025   14.675  0.005    2  1 
  51336.1059   14.678  0.006    2  1 
  51336.1206   14.613  0.006    2  1 
  51336.1240   14.598  0.005    2  1 
  51337.0101   14.331  0.005    2  1 
  51337.9904   14.829  0.007    2  1 
  51337.9940   14.828  0.007    2  1 
  51338.0162   14.738  0.006    2  1 
  51338.0196   14.686  0.006    2  1 
  51338.0339   14.502  0.006    2  1 
  51338.0376   14.440  0.006    2  1 
  51338.9901   14.655  0.005    2  1 
  51338.9938   14.665  0.005    2  1 
  51339.0226   14.688  0.006    2  1 
  51339.0269   14.679  0.006    2  1 
  51339.0867   14.713  0.008    2  1 
  51339.0905   14.710  0.007    2  1 
  51339.1139   14.666  0.006    2  1 
  51339.1177   14.655  0.006    2  1 
  51339.1448   14.489  0.005    2  1 
  51339.1482   14.466  0.005    2  1 
  51339.9766   14.492  0.004    2  1 
  51339.9795   14.491  0.004    2  1 
  51340.0044   14.411  0.004    2  1 
  51340.0078   14.413  0.004    2  1 
  51340.0274   14.372  0.004    2  1 
  51340.0306   14.367  0.004    2  1 
  51340.0540   14.382  0.005    2  1 
  51340.0572   14.388  0.005    2  1 
  51340.0857   14.443  0.005    2  1 
  51340.0892   14.440  0.005    2  1 
  51340.1152   14.513  0.005    2  1 
  51340.1197   14.513  0.005    2  1 
  51340.1229   14.525  0.005    2  1 
  51340.1263   14.549  0.005    2  1 
  51340.1404   14.586  0.005    2  1 
  51340.1437   14.602  0.005    2  1 
  51344.9924   14.658  0.004    2  1 
  51344.9958   14.680  0.004    2  1 
  51344.9988   14.673  0.004    2  1 
  51345.0216   14.712  0.005    2  1 
  51345.0255   14.716  0.006    2  1 
  51345.0302   14.717  0.005    2  1 
  51345.0553   14.741  0.005    2  1 
  51345.0603   14.754  0.005    2  1 
  51345.9856   14.588  0.006    2  1 
  51345.9896   14.576  0.006    2  1 
  51346.0219   14.513  0.006    2  1 
  51346.0264   14.493  0.005    2  1 
  51346.0486   14.480  0.005    2  1 
  51346.0523   14.480  0.005    2  1 
  51346.0791   14.477  0.005    2  1 
  51346.0826   14.473  0.004    2  1 
  51347.0416   14.821  0.006    2  1 
  51347.0453   14.802  0.004    2  1 
  51347.0743   14.538  0.004    2  1 
  51347.0777   14.492  0.004    2  1 
  51347.0990   14.279  0.003    2  1 
  51347.1022   14.263  0.003    2  1 
  51347.9769   14.593  0.005    2  1 
  51347.9802   14.596  0.005    2  1 
  51347.9834   14.609  0.005    2  1 
  51347.9983   14.638  0.005    2  1 
  51348.0028   14.645  0.005    2  1 
  51348.0063   14.658  0.005    2  1 
  51348.0242   14.707  0.005    2  1 
  51348.0274   14.706  0.005    2  1 
  51348.0943   14.768  0.007    2  1 
  51348.0983   14.773  0.008    2  1 
  51348.1018   14.771  0.007    2  1 
  51348.9650   14.675  0.005    2  1 
  51348.9682   14.674  0.005    2  1 
  51348.9853   14.632  0.004    2  1 
  51348.9883   14.616  0.005    2  1 
  51348.9912   14.603  0.004    2  1 
  51349.0316   14.542  0.005    2  1 
  51349.0346   14.549  0.005    2  1 
  51349.9815   14.814  0.005    2  1 
  51349.9851   14.838  0.005    2  1 
  51349.9973   14.829  0.005    2  1 
  51350.0033   14.833  0.006    2  1 
  51350.0066   14.841  0.005    2  1 
  51350.0164   14.851  0.005    2  1 
  51350.0197   14.847  0.005    2  1 
  51350.0296   14.862  0.006    2  1 
  51380.9973   14.293  0.003    2  1 
  51381.0004   14.307  0.003    2  1 
  51381.0031   14.313  0.003    2  1 
  51381.0187   14.383  0.003    2  1 
  51381.0214   14.392  0.004    2  1 
  51381.0242   14.400  0.004    2  1 
  51381.9830   14.551  0.005    2  1 
  51381.9859   14.528  0.005    2  1 
  51381.9888   14.513  0.005    2  1 
  51382.0000   14.429  0.004    2  1 
  51382.0029   14.409  0.004    2  1 
  51382.9793   14.572  0.005    2  1 
  51382.9826   14.585  0.005    2  1 
  51382.9857   14.591  0.005    2  1 
  51382.9965   14.621  0.005    2  1 
  51382.9995   14.626  0.006    2  1 
  51383.9746   14.177  0.003    2  1 
  51383.9773   14.213  0.003    2  1 
  51383.9799   14.199  0.003    2  1 
  51383.9899   14.225  0.004    2  1 
  51383.9926   14.232  0.003    2  1 
  51384.9751   14.673  0.004    2  1 
  51384.9777   14.662  0.004    2  1 
  51384.9802   14.648  0.004    2  1 
  51384.9896   14.569  0.004    2  1 
  51384.9921   14.553  0.003    2  1 
  51385.9711   14.552  0.004    2  1 
  51385.9737   14.558  0.004    2  1 
  51385.9763   14.568  0.004    2  1 
  51385.9857   14.585  0.004    2  1 
  51385.9884   14.685  0.005    2  1 
  51386.9965   14.224  0.003    2  1 
  51387.0003   14.238  0.003    2  1 
  51387.0041   14.247  0.003    2  1 
  51387.0216   14.307  0.004    2  1 
  51387.0254   14.299  0.003    2  1 
  51387.0293   14.339  0.004    2  1 
  51388.9801   14.588  0.005    2  1 
  51388.9834   14.590  0.005    2  1 
  51388.9866   14.580  0.005    2  1 
  51388.9984   14.606  0.006    2  1 
  51389.0017   14.626  0.007    2  1 
  51389.9783   14.236  0.003    2  1 
  51389.9809   14.220  0.003    2  1 
  51389.9836   14.227  0.003    2  1 
  51390.9729   14.786  0.004    2  1 
  51390.9756   14.784  0.004    2  1 
  51390.9783   14.778  0.004    2  1 
  51391.9728   14.594  0.003    2  1 
  51391.9754   14.592  0.003    2  1 
  51391.9779   14.598  0.003    2  1 
  51671.0871   14.416  0.004    2  1 
  51671.0917   14.417  0.004    2  1 
  51671.0952   14.421  0.004    2  1 
  51671.1189   14.457  0.005    2  1 
  51671.1232   14.464  0.005    2  1 
  51671.9996   14.549  0.004    2  1 
  51672.0039   14.548  0.004    2  1 
  51672.0350   14.657  0.004    2  1 
  51672.0382   14.660  0.004    2  1 
  51673.0232   14.312  0.003    2  1 
  51674.0574   14.396  0.006    2  1 
  51674.0938   14.362  0.006    2  1 
  51674.0985   14.367  0.005    2  1 
  51674.1159   14.389  0.005    2  1 
  51674.1223   14.406  0.004    2  1 
  51674.9763   14.459  0.005    2  1 
  51674.9824   14.465  0.006    2  1 
  51675.0212   14.588  0.006    2  1 
  51676.0163   14.212  0.004    2  1 
  51692.9816   14.567  0.005    2  1 
  51692.9854   14.581  0.005    2  1 
  51693.9780   14.770  0.005    2  1 
  51693.9814   14.749  0.005    2  1 
  51694.9914   14.835  0.004    2  1 
  51765.9974   14.761  0.006    2  1 
  51766.0012   14.763  0.006    2  1 
  51766.0048   14.776  0.006    2  1 
  51766.0266   14.829  0.006    2  1 
  51766.0301   14.822  0.006    2  1 
  51216.3144   15.126  0.004    3  1 
  51216.3408   15.071  0.004    3  1 
  51216.3634   15.046  0.004    3  1 
  51216.3905   15.025  0.004    3  1 
  51217.3019   15.406  0.005    3  1 
  51217.3494   15.417  0.004    3  1 
  51217.3710   15.392  0.005    3  1 
  51217.3906   15.336  0.005    3  1 
  51218.2854   15.009  0.004    3  1 
  51218.3156   15.074  0.008    3  1 
  51218.3347   15.114  0.004    3  1 
  51218.3653   15.249  0.004    3  1 
  51218.3848   15.312  0.004    3  1 
  51219.2918   15.121  0.004    3  1 
  51219.3100   15.089  0.004    3  1 
  51219.3296   15.071  0.004    3  1 
  51219.3536   15.068  0.004    3  1 
  51219.3723   15.052  0.004    3  1 
  51220.2720   15.319  0.004    3  1 
  51220.2946   15.370  0.004    3  1 
  51220.3117   15.402  0.004    3  1 
  51220.3299   15.408  0.005    3  1 
  51220.3473   15.379  0.005    3  1 
  51220.3643   15.404  0.005    3  1 
  51220.3816   15.387  0.005    3  1 
  51221.2763   14.978  0.004    3  1 
  51221.2964   15.028  0.004    3  1 
  51221.3145   15.068  0.004    3  1 
  51221.3318   15.109  0.004    3  1 
  51221.3496   15.137  0.004    3  1 
  51221.3673   15.211  0.004    3  1 
  51283.2546   14.784  0.003    3  1 
  51283.2783   14.885  0.003    3  1 
  51283.3008   14.992  0.003    3  1 
  51283.3322   15.089  0.004    3  1 
  51283.3553   15.149  0.003    3  1 
  51283.3773   15.215  0.004    3  1 
  51284.2134   15.243  0.004    3  1 
  51284.2375   15.245  0.004    3  1 
  51284.2581   15.198  0.004    3  1 
  51284.2875   15.100  0.004    3  1 
  51284.3124   15.019  0.004    3  1 
  51284.3383   14.967  0.003    3  1 
  51285.0451   15.081  0.004    3  1 
  51285.0691   14.708  0.003    3  1 
  51285.0932   14.546  0.003    3  1 
  51285.1257   14.500  0.002    3  1 
  51285.1514   14.606  0.003    3  1 
  51285.1754   14.723  0.003    3  1 
  51285.2060   14.877  0.003    3  1 
  51285.2321   15.002  0.003    3  1 
  51285.2586   15.108  0.004    3  1 
  51285.2928   15.236  0.004    3  1 
  51285.3257   15.382  0.004    3  1 
  51286.0393   15.279  0.003    3  1 
  51286.0670   15.296  0.004    3  1 
  51286.0977   15.292  0.003    3  1 
  51286.1302   15.123  0.003    3  1 
  51286.1560   14.814  0.003    3  1 
  51286.1833   14.624  0.003    3  1 
  51286.2193   14.584  0.003    3  1 
  51286.2434   14.655  0.003    3  1 
  51286.2655   14.781  0.003    3  1 
  51286.2958   14.948  0.003    3  1 
  51286.3291   15.066  0.003    3  1 
  51286.3521   15.118  0.004    3  1 
  51304.9838   15.045  0.003    3  1 
  51305.0251   15.047  0.004    3  1 
  51305.0718   15.058  0.004    3  1 
  51305.0961   15.015  0.004    3  1 
  51305.1465   15.092  0.005    3  1 
  51305.1755   15.197  0.004    3  1 
  51305.2054   15.235  0.005    3  1 
  51305.2345   15.270  0.005    3  1 
  51305.2666   15.274  0.005    3  1 
  51305.2880   15.204  0.004    3  1 
  51305.9773   15.297  0.004    3  1 
  51306.0428   15.378  0.005    3  1 
  51306.0809   15.318  0.004    3  1 
  51306.1330   15.110  0.004    3  1 
  51306.1578   15.003  0.004    3  1 
  51306.1875   14.935  0.003    3  1 
  51306.2101   14.890  0.003    3  1 
  51306.2771   14.990  0.003    3  1 
  51306.2972   15.086  0.003    3  1 
  51308.0919   15.115  0.002    3  1 
  51308.0958   15.048  0.003    3  1 
  51308.1244   15.034  0.003    3  1 
  51310.1057   15.362  0.003    3  1 
  51310.1100   15.371  0.003    3  1 
  51311.9792   15.244  0.005    3  1 
  51311.9983   15.292  0.006    3  1 
  51312.0087   15.340  0.005    3  1 
  51312.0350   15.355  0.004    3  1 
  51312.0550   15.347  0.005    3  1 
  51312.0672   15.336  0.004    3  1 
  51312.0870   15.298  0.004    3  1 
  51312.0988   15.283  0.004    3  1 
  51312.9828   14.839  0.003    3  1 
  51313.0063   14.954  0.003    3  1 
  51313.0300   15.063  0.003    3  1 
  51313.0562   15.170  0.003    3  1 
  51313.1113   15.330  0.004    3  1 
  51313.9807   14.922  0.003    3  1 
  51314.0143   14.869  0.003    3  1 
  51314.0397   14.882  0.003    3  1 
  51314.1124   15.014  0.004    3  1 
  51314.9752   15.181  0.004    3  1 
  51315.0102   15.290  0.004    3  1 
  51315.0336   15.324  0.004    3  1 
  51315.0747   15.315  0.004    3  1 
  51315.0982   15.268  0.004    3  1 
  51315.1216   15.189  0.004    3  1 
  51316.0399   15.033  0.003    3  1 
  51316.0634   15.130  0.003    3  1 
  51316.0869   15.217  0.004    3  1 
  51316.1115   15.315  0.004    3  1 
  51316.9740   14.916  0.003    3  1 
  51317.0052   14.824  0.003    3  1 
  51317.0282   14.825  0.004    3  1 
  51317.0566   14.845  0.003    3  1 
  51317.0822   14.905  0.004    3  1 
  51317.1075   14.980  0.004    3  1 
  51317.9847   15.163  0.004    3  1 
  51318.0099   15.259  0.004    3  1 
  51318.0374   15.266  0.005    3  1 
  51318.0942   15.226  0.001    3  1 
  51318.1226   15.168  0.005    3  1 
  51318.9772   14.652  0.003    3  1 
  51319.0019   15.020  0.003    3  1 
  51319.0274   14.918  0.004    3  1 
  51319.0757   15.143  0.004    3  1 
  51319.0997   15.228  0.004    3  1 
  51320.1000   14.908  0.003    3  1 
  51320.1208   15.033  0.003    3  1 
  51320.1417   15.022  0.003    3  1 
  51320.9728   15.076  0.003    3  1 
  51321.0180   15.171  0.002    3  1 
  51321.0400   15.257  0.004    3  1 
  51321.0624   15.259  0.004    3  1 
  51321.0930   15.230  0.004    3  1 
  51321.1217   15.168  0.003    3  1 
  51380.9937   14.605  0.003    3  1 
  51381.9793   15.029  0.004    3  1 
  51382.9755   15.035  0.004    3  1 
  51383.9715   14.464  0.002    3  1 
  51385.9679   14.971  0.003    3  1 
  51386.9917   14.510  0.003    3  1 
  51388.9755   15.044  0.004    3  1 
  51389.9750   14.969  0.003    3  1 
  51695.0052   15.308  0.003    3  1 
 56468.97641   12.397  0.162   -1  1 
 56469.04707   12.461  0.133   -1  1 
 56469.10896   12.222  0.145   -1  1 
 56469.17285   12.531  0.066   -1  1 
 56471.00364   12.775  0.123   -1  1 
 56471.06640   12.821  0.046   -1  1 
 56471.12490   12.537  0.085   -1  1 
 56471.18188   12.639  0.047   -1  1 
 56471.96759   12.377  0.184   -1  1 
 56472.03374   12.628  0.068   -1  1 
 56472.09484   12.592  0.034   -1  1 
 56472.15243   12.713  0.056   -1  1 
 56468.95296   12.582  0.188   -2  1 
 56469.02441   12.259  0.178   -2  1 
 56469.08813   12.275  0.156   -2  1 
 56469.15134   12.556  0.111   -2  1 
 56471.02588   12.475  0.184   -2  1 
 56471.08671   12.486  0.101   -2  1 
 56471.14302   12.704  0.075   -2  1 
 56471.94704   12.501  0.065   -2  1 
 56472.01085   12.387  0.119   -2  1 
 56472.07480   12.520  0.113   -2  1 
 56472.13240   12.981  0.049   -2  1 
 56472.19216   12.688  0.055   -2  1 
 56469.00041   12.622  0.102   -5  1 
 56469.06767   13.168  0.080   -5  1 
 56469.13003   13.023  0.086   -5  1 
 56469.19349   13.054  0.060   -5  1 
 56470.98130   13.327  0.057   -5  1 
 56471.04693   13.085  0.093   -5  1 
 56471.10523   13.171  0.056   -5  1 
 56471.16397   13.270  0.052   -5  1 
 56471.98857   13.188  0.068   -5  1 
 56472.05430   13.386  0.059   -5  1 
 56472.11383   13.265  0.068   -5  1 
 56472.17109   13.144  0.052   -5  1 
