  51216.3218   14.399  0.005    2  1 
  51216.3464   14.443  0.005    2  1 
  51216.3689   14.456  0.005    2  1 
  51216.3980   14.453  0.006    2  1 
  51217.3101   14.550  0.006    2  1 
  51217.3328   14.582  0.005    2  1 
  51217.3552   14.589  0.005    2  1 
  51217.3759   14.595  0.005    2  1 
  51217.3953   14.626  0.006    2  1 
  51218.2773   14.667  0.006    2  1 
  51218.3093   14.702  0.005    2  1 
  51218.3298   14.703  0.005    2  1 
  51218.3573   14.658  0.006    2  1 
  51218.3794   14.560  0.005    2  1 
  51219.3336   14.105  0.004    2  1 
  51219.3596   14.135  0.004    2  1 
  51219.3768   14.156  0.004    2  1 
  51220.2621   14.240  0.004    2  1 
  51220.2906   14.271  0.004    2  1 
  51220.3077   14.294  0.004    2  1 
  51220.3257   14.306  0.004    2  1 
  51220.3432   14.328  0.004    2  1 
  51220.3602   14.347  0.004    2  1 
  51220.3776   14.359  0.004    2  1 
  51221.2835   14.466  0.005    2  1 
  51221.3009   14.482  0.005    2  1 
  51221.3188   14.499  0.005    2  1 
  51221.3358   14.506  0.005    2  1 
  51221.3538   14.520  0.005    2  1 
  51221.3722   14.525  0.005    2  1 
  51283.2451   14.323  0.004    2  1 
  51283.2493   14.300  0.004    2  1 
  51283.2714   14.250  0.004    2  1 
  51283.2748   14.251  0.004    2  1 
  51283.2939   14.190  0.004    2  1 
  51283.2972   14.174  0.004    2  1 
  51283.3202   14.109  0.003    2  1 
  51283.3234   14.105  0.003    2  1 
  51283.3487   14.104  0.003    2  1 
  51283.3518   14.104  0.003    2  1 
  51283.3707   14.122  0.003    2  1 
  51283.3738   14.123  0.003    2  1 
  51284.2195   14.150  0.004    2  1 
  51284.2229   14.162  0.004    2  1 
  51284.2413   14.181  0.004    2  1 
  51284.2443   14.189  0.004    2  1 
  51284.2617   14.208  0.004    2  1 
  51284.2648   14.217  0.004    2  1 
  51284.2942   14.249  0.004    2  1 
  51284.2973   14.251  0.004    2  1 
  51284.3168   14.278  0.004    2  1 
  51284.3211   14.278  0.004    2  1 
  51284.3428   14.288  0.004    2  1 
  51284.3464   14.293  0.004    2  1 
  51285.0513   14.177  0.003    2  1 
  51285.0543   14.174  0.003    2  1 
  51285.0739   14.202  0.004    2  1 
  51285.0778   14.203  0.003    2  1 
  51285.0975   14.216  0.004    2  1 
  51285.1006   14.215  0.006    2  1 
  51285.1324   14.263  0.004    2  1 
  51285.1360   14.266  0.004    2  1 
  51285.1558   14.304  0.004    2  1 
  51285.1588   14.301  0.004    2  1 
  51285.1796   14.323  0.004    2  1 
  51285.1830   14.329  0.004    2  1 
  51285.2125   14.350  0.004    2  1 
  51285.2157   14.349  0.004    2  1 
  51285.2362   14.353  0.004    2  1 
  51285.2426   14.374  0.004    2  1 
  51285.2630   14.382  0.005    2  1 
  51285.2666   14.404  0.005    2  1 
  51285.2998   14.452  0.004    2  1 
  51285.3033   14.445  0.005    2  1 
  51285.3308   14.481  0.004    2  1 
  51285.3348   14.487  0.004    2  1 
  51285.3382   14.483  0.004    2  1 
  51286.0461   14.375  0.004    2  1 
  51286.0493   14.387  0.004    2  1 
  51286.0716   14.406  0.004    2  1 
  51286.0753   14.414  0.004    2  1 
  51286.1026   14.442  0.004    2  1 
  51286.1061   14.443  0.004    2  1 
  51286.1365   14.478  0.004    2  1 
  51286.1398   14.479  0.004    2  1 
  51286.1608   14.503  0.004    2  1 
  51286.1639   14.498  0.004    2  1 
  51286.1669   14.501  0.004    2  1 
  51286.1875   14.517  0.004    2  1 
  51286.1908   14.527  0.004    2  1 
  51286.2255   14.537  0.004    2  1 
  51286.2285   14.539  0.004    2  1 
  51286.2476   14.549  0.004    2  1 
  51286.2508   14.552  0.004    2  1 
  51286.2697   14.557  0.004    2  1 
  51286.2727   14.565  0.004    2  1 
  51286.3022   14.575  0.004    2  1 
  51286.3055   14.581  0.004    2  1 
  51286.3218   14.597  0.004    2  1 
  51286.3250   14.599  0.005    2  1 
  51286.3450   14.606  0.005    2  1 
  51286.3481   14.616  0.005    2  1 
  51304.9873   14.457  0.004    2  1 
  51304.9926   14.465  0.004    2  1 
  51305.0328   14.490  0.004    2  1 
  51305.0362   14.496  0.004    2  1 
  51305.0559   14.502  0.005    2  1 
  51305.0599   14.509  0.005    2  1 
  51305.0890   14.519  0.004    2  1 
  51305.0922   14.516  0.004    2  1 
  51305.1235   14.528  0.005    2  1 
  51305.1269   14.520  0.005    2  1 
  51305.1509   14.542  0.006    2  1 
  51305.1547   14.550  0.006    2  1 
  51305.1853   14.586  0.005    2  1 
  51305.1885   14.571  0.005    2  1 
  51305.2098   14.597  0.005    2  1 
  51305.2128   14.606  0.005    2  1 
  51305.2431   14.630  0.005    2  1 
  51305.2461   14.638  0.005    2  1 
  51305.2704   14.650  0.005    2  1 
  51305.2734   14.660  0.005    2  1 
  51305.2966   14.663  0.005    2  1 
  51305.2995   14.669  0.005    2  1 
  51305.9857   14.585  0.004    2  1 
  51305.9885   14.579  0.004    2  1 
  51305.9912   14.576  0.004    2  1 
  51306.0256   14.622  0.004    2  1 
  51306.0285   14.619  0.004    2  1 
  51306.0465   14.632  0.005    2  1 
  51306.0498   14.625  0.004    2  1 
  51306.0896   14.668  0.004    2  1 
  51306.0930   14.670  0.004    2  1 
  51306.1123   14.675  0.004    2  1 
  51306.1151   14.684  0.004    2  1 
  51306.1375   14.671  0.004    2  1 
  51306.1405   14.677  0.005    2  1 
  51306.1636   14.682  0.004    2  1 
  51306.1673   14.675  0.004    2  1 
  51306.1937   14.576  0.004    2  1 
  51306.1966   14.580  0.004    2  1 
  51306.2146   14.436  0.004    2  1 
  51306.2178   14.407  0.004    2  1 
  51306.2343   14.294  0.003    2  1 
  51306.2380   14.282  0.003    2  1 
  51306.2574   14.251  0.003    2  1 
  51306.2602   14.244  0.003    2  1 
  51306.2805   14.165  0.003    2  1 
  51306.2835   14.152  0.003    2  1 
  51306.3009   14.108  0.003    2  1 
  51306.3038   14.111  0.003    2  1 
  51306.3135   14.097  0.003    2  1 
  51306.3184   14.092  0.004    2  1 
  51307.0456   14.330  0.005    2  1 
  51307.0501   14.296  0.005    2  1 
  51307.0593   14.273  0.004    2  1 
  51307.0645   14.214  0.004    2  1 
  51307.0699   14.198  0.009    2  1 
  51307.0747   14.212  0.006    2  1 
  51308.0084   14.154  0.003    2  1 
  51308.0112   14.155  0.003    2  1 
  51308.0334   14.185  0.003    2  1 
  51308.0362   14.189  0.003    2  1 
  51308.0394   14.191  0.003    2  1 
  51308.0633   14.216  0.003    2  1 
  51308.0663   14.227  0.003    2  1 
  51308.0995   14.260  0.003    2  1 
  51308.1031   14.262  0.003    2  1 
  51308.1280   14.290  0.004    2  1 
  51308.1309   14.287  0.004    2  1 
  51310.0850   14.576  0.003    2  1 
  51310.0874   14.581  0.003    2  1 
  51310.0897   14.586  0.003    2  1 
  51310.0922   14.578  0.003    2  1 
  51310.1430   14.627  0.004    2  1 
  51310.1458   14.631  0.004    2  1 
  51310.1486   14.626  0.004    2  1 
  51311.0244   14.652  0.008    2  1 
  51311.0302   14.668  0.007    2  1 
  51311.0334   14.672  0.007    2  1 
  51311.0506   14.708  0.003    2  1 
  51311.0539   14.685  0.004    2  1 
  51311.0637   14.694  0.005    2  1 
  51311.0669   14.703  0.006    2  1 
  51311.0702   14.681  0.005    2  1 
  51311.0907   14.674  0.006    2  1 
  51311.0946   14.671  0.006    2  1 
  51311.0980   14.669  0.005    2  1 
  51311.1015   14.662  0.005    2  1 
  51311.1071   14.636  0.005    2  1 
  51311.1298   14.518  0.005    2  1 
  51311.1327   14.493  0.005    2  1 
  51311.1357   14.455  0.005    2  1 
  51311.1398   14.418  0.004    2  1 
  51311.1447   14.364  0.005    2  1 
  51311.9755   14.302  0.005    2  1 
  51312.0020   14.257  0.004    2  1 
  51312.0049   14.237  0.004    2  1 
  51312.0255   14.174  0.004    2  1 
  51312.0284   14.158  0.003    2  1 
  51312.0314   14.154  0.003    2  1 
  51312.0584   14.108  0.003    2  1 
  51312.0611   14.106  0.003    2  1 
  51312.0638   14.109  0.003    2  1 
  51312.0903   14.123  0.003    2  1 
  51312.0929   14.120  0.003    2  1 
  51312.0955   14.132  0.003    2  1 
  51312.1146   14.144  0.003    2  1 
  51312.1173   14.151  0.003    2  1 
  51312.1200   14.159  0.003    2  1 
  51312.9860   14.223  0.003    2  1 
  51312.9887   14.224  0.003    2  1 
  51312.9913   14.230  0.003    2  1 
  51313.0096   14.246  0.003    2  1 
  51313.0123   14.253  0.003    2  1 
  51313.0149   14.253  0.003    2  1 
  51313.0333   14.275  0.004    2  1 
  51313.0360   14.272  0.004    2  1 
  51313.0386   14.275  0.003    2  1 
  51313.0413   14.284  0.004    2  1 
  51313.0595   14.298  0.003    2  1 
  51313.0622   14.307  0.003    2  1 
  51313.0648   14.313  0.003    2  1 
  51313.0911   14.328  0.004    2  1 
  51313.0937   14.329  0.003    2  1 
  51313.0964   14.351  0.003    2  1 
  51313.1146   14.358  0.004    2  1 
  51313.1172   14.366  0.004    2  1 
  51313.1199   14.360  0.004    2  1 
  51313.1226   14.371  0.004    2  1 
  51313.9843   14.425  0.004    2  1 
  51313.9872   14.422  0.004    2  1 
  51313.9901   14.424  0.004    2  1 
  51314.0178   14.452  0.005    2  1 
  51314.0207   14.456  0.004    2  1 
  51314.0236   14.465  0.004    2  1 
  51314.0432   14.479  0.004    2  1 
  51314.0461   14.475  0.004    2  1 
  51314.0490   14.484  0.004    2  1 
  51314.0772   14.505  0.005    2  1 
  51314.0802   14.509  0.004    2  1 
  51314.0831   14.517  0.004    2  1 
  51314.1030   14.511  0.005    2  1 
  51314.1059   14.510  0.005    2  1 
  51314.1088   14.524  0.005    2  1 
  51314.1289   14.541  0.005    2  1 
  51314.1333   14.529  0.005    2  1 
  51314.1363   14.531  0.005    2  1 
  51314.9827   14.560  0.004    2  1 
  51314.9856   14.561  0.004    2  1 
  51314.9885   14.567  0.004    2  1 
  51315.0015   14.569  0.004    2  1 
  51315.0043   14.573  0.004    2  1 
  51315.0069   14.573  0.004    2  1 
  51315.0251   14.586  0.004    2  1 
  51315.0277   14.595  0.004    2  1 
  51315.0304   14.594  0.004    2  1 
  51315.0489   14.609  0.004    2  1 
  51315.0516   14.607  0.004    2  1 
  51315.0542   14.614  0.004    2  1 
  51315.0780   14.635  0.004    2  1 
  51315.0807   14.635  0.004    2  1 
  51315.0833   14.638  0.004    2  1 
  51315.1015   14.656  0.005    2  1 
  51315.1041   14.647  0.004    2  1 
  51315.1068   14.659  0.004    2  1 
  51315.1290   14.675  0.006    2  1 
  51315.1319   14.672  0.006    2  1 
  51316.0194   14.682  0.004    2  1 
  51316.0221   14.672  0.004    2  1 
  51316.0247   14.660  0.004    2  1 
  51316.0431   14.582  0.004    2  1 
  51316.0458   14.565  0.004    2  1 
  51316.0485   14.550  0.004    2  1 
  51316.0667   14.378  0.004    2  1 
  51316.0693   14.356  0.004    2  1 
  51316.0720   14.341  0.004    2  1 
  51316.0905   14.276  0.004    2  1 
  51316.0934   14.275  0.004    2  1 
  51316.0963   14.269  0.004    2  1 
  51316.1148   14.216  0.003    2  1 
  51316.1175   14.204  0.003    2  1 
  51316.1201   14.197  0.003    2  1 
  51316.9647   14.133  0.003    2  1 
  51316.9676   14.111  0.004    2  1 
  51316.9705   14.089  0.004    2  1 
  51316.9896   14.108  0.003    2  1 
  51316.9923   14.108  0.003    2  1 
  51316.9949   14.106  0.003    2  1 
  51317.0088   14.109  0.004    2  1 
  51317.0117   14.114  0.004    2  1 
  51317.0321   14.130  0.004    2  1 
  51317.0351   14.136  0.004    2  1 
  51317.0391   14.142  0.004    2  1 
  51317.0602   14.175  0.004    2  1 
  51317.0631   14.183  0.004    2  1 
  51317.0660   14.188  0.004    2  1 
  51317.0858   14.212  0.004    2  1 
  51317.0887   14.216  0.004    2  1 
  51317.0916   14.223  0.004    2  1 
  51317.1111   14.236  0.004    2  1 
  51317.1140   14.215  0.005    2  1 
  51317.1169   14.238  0.004    2  1 
  51317.9628   14.252  0.004    2  1 
  51317.9657   14.229  0.004    2  1 
  51317.9685   14.245  0.005    2  1 
  51317.9883   14.257  0.004    2  1 
  51317.9912   14.291  0.004    2  1 
  51317.9941   14.311  0.004    2  1 
  51318.0135   14.328  0.004    2  1 
  51318.0164   14.305  0.005    2  1 
  51318.0194   14.324  0.005    2  1 
  51318.0413   14.345  0.005    2  1 
  51318.0445   14.333  0.005    2  1 
  51318.0477   14.357  0.005    2  1 
  51318.0697   14.389  0.005    2  1 
  51318.0730   14.363  0.006    2  1 
  51318.0762   14.348  0.006    2  1 
  51318.0981   14.381  0.006    2  1 
  51318.1014   14.405  0.006    2  1 
  51318.1046   14.362  0.006    2  1 
  51318.1265   14.397  0.006    2  1 
  51318.1298   14.399  0.006    2  1 
  51318.9642   14.486  0.004    2  1 
  51318.9680   14.487  0.005    2  1 
  51318.9708   14.482  0.004    2  1 
  51318.9737   14.480  0.004    2  1 
  51318.9929   14.492  0.004    2  1 
  51318.9956   14.487  0.004    2  1 
  51318.9983   14.499  0.004    2  1 
  51319.0180   14.464  0.005    2  1 
  51319.0209   14.508  0.004    2  1 
  51319.0238   14.515  0.004    2  1 
  51319.0443   14.531  0.005    2  1 
  51319.0474   14.526  0.005    2  1 
  51319.0505   14.521  0.005    2  1 
  51319.0793   14.559  0.004    2  1 
  51319.0820   14.557  0.004    2  1 
  51319.0847   14.551  0.004    2  1 
  51319.1030   14.561  0.004    2  1 
  51319.1084   14.565  0.004    2  1 
  51319.1110   14.568  0.004    2  1 
  51320.1030   14.707  0.003    2  1 
  51320.1053   14.702  0.003    2  1 
  51320.1076   14.700  0.003    2  1 
  51320.1238   14.679  0.003    2  1 
  51320.1261   14.663  0.003    2  1 
  51320.1284   14.663  0.004    2  1 
  51320.1450   14.594  0.004    2  1 
  51320.1477   14.586  0.004    2  1 
  51320.1503   14.563  0.004    2  1 
  51320.9635   14.603  0.004    2  1 
  51320.9664   14.598  0.004    2  1 
  51320.9693   14.575  0.004    2  1 
  51320.9887   14.425  0.003    2  1 
  51320.9911   14.399  0.003    2  1 
  51320.9936   14.370  0.003    2  1 
  51321.0102   14.287  0.003    2  1 
  51321.0126   14.290  0.003    2  1 
  51321.0150   14.281  0.003    2  1 
  51321.0318   14.247  0.003    2  1 
  51321.0344   14.239  0.003    2  1 
  51321.0369   14.233  0.003    2  1 
  51321.0543   14.167  0.003    2  1 
  51321.0568   14.164  0.003    2  1 
  51321.0594   14.159  0.003    2  1 
  51321.0847   14.110  0.003    2  1 
  51321.0873   14.107  0.003    2  1 
  51321.0898   14.110  0.003    2  1 
  51321.1133   14.117  0.003    2  1 
  51321.1159   14.118  0.003    2  1 
  51321.1186   14.123  0.003    2  1 
  51321.1339   14.141  0.003    2  1 
  51321.1365   14.142  0.003    2  1 
  51332.9696   14.502  0.007    2  1 
  51332.9739   14.502  0.007    2  1 
  51332.9891   14.520  0.005    2  1 
  51332.9928   14.511  0.006    2  1 
  51332.9965   14.528  0.006    2  1 
  51333.0083   14.538  0.006    2  1 
  51333.0120   14.546  0.005    2  1 
  51333.0226   14.540  0.005    2  1 
  51333.0264   14.552  0.005    2  1 
  51333.0514   14.565  0.006    2  1 
  51333.0552   14.549  0.007    2  1 
  51333.0742   14.582  0.006    2  1 
  51333.0779   14.578  0.006    2  1 
  51333.0907   14.591  0.006    2  1 
  51333.0945   14.592  0.005    2  1 
  51333.1178   14.613  0.006    2  1 
  51333.1221   14.609  0.006    2  1 
  51333.1335   14.608  0.007    2  1 
  51333.1369   14.619  0.006    2  1 
  51333.1529   14.635  0.006    2  1 
  51333.1565   14.633  0.007    2  1 
  51333.1716   14.655  0.006    2  1 
  51333.1752   14.658  0.006    2  1 
  51334.9841   14.244  0.004    2  1 
  51334.9871   14.236  0.003    2  1 
  51335.0175   14.136  0.003    2  1 
  51335.0204   14.130  0.003    2  1 
  51335.0301   14.111  0.003    2  1 
  51335.0334   14.113  0.004    2  1 
  51335.0517   14.103  0.004    2  1 
  51335.0552   14.099  0.004    2  1 
  51335.0692   14.106  0.004    2  1 
  51335.0727   14.109  0.004    2  1 
  51335.0833   14.122  0.004    2  1 
  51335.0867   14.128  0.004    2  1 
  51335.1133   14.157  0.004    2  1 
  51335.1167   14.162  0.004    2  1 
  51335.9535   14.200  0.004    2  1 
  51335.9726   14.215  0.004    2  1 
  51335.9768   14.227  0.004    2  1 
  51335.9997   14.261  0.004    2  1 
  51336.0027   14.260  0.004    2  1 
  51336.0203   14.275  0.004    2  1 
  51336.0236   14.280  0.004    2  1 
  51336.0357   14.292  0.004    2  1 
  51336.0388   14.285  0.004    2  1 
  51336.0593   14.315  0.005    2  1 
  51336.0629   14.314  0.005    2  1 
  51336.0769   14.330  0.005    2  1 
  51336.0803   14.325  0.005    2  1 
  51336.1025   14.366  0.005    2  1 
  51336.1059   14.367  0.005    2  1 
  51336.1206   14.367  0.005    2  1 
  51336.1240   14.380  0.005    2  1 
  51337.0101   14.417  0.005    2  1 
  51337.9904   14.558  0.006    2  1 
  51337.9940   14.563  0.006    2  1 
  51338.0162   14.587  0.006    2  1 
  51338.0196   14.578  0.006    2  1 
  51338.0339   14.595  0.006    2  1 
  51338.0376   14.578  0.007    2  1 
  51338.9901   14.700  0.005    2  1 
  51338.9938   14.693  0.005    2  1 
  51339.0226   14.585  0.006    2  1 
  51339.0269   14.567  0.005    2  1 
  51339.0867   14.170  0.006    2  1 
  51339.0905   14.202  0.005    2  1 
  51339.1139   14.143  0.004    2  1 
  51339.1177   14.127  0.004    2  1 
  51339.1448   14.095  0.004    2  1 
  51339.1482   14.090  0.004    2  1 
  51339.9766   14.109  0.003    2  1 
  51339.9795   14.107  0.003    2  1 
  51340.0044   14.123  0.003    2  1 
  51340.0078   14.133  0.003    2  1 
  51340.0274   14.144  0.004    2  1 
  51340.0306   14.144  0.004    2  1 
  51340.0540   14.186  0.004    2  1 
  51340.0572   14.183  0.004    2  1 
  51340.0857   14.212  0.005    2  1 
  51340.0892   14.225  0.005    2  1 
  51340.1152   14.251  0.005    2  1 
  51340.1197   14.259  0.004    2  1 
  51340.1229   14.260  0.004    2  1 
  51340.1263   14.261  0.004    2  1 
  51340.1404   14.263  0.004    2  1 
  51340.1437   14.277  0.004    2  1 
  51344.9924   14.219  0.004    2  1 
  51344.9958   14.220  0.003    2  1 
  51344.9988   14.224  0.003    2  1 
  51345.0216   14.241  0.004    2  1 
  51345.0255   14.240  0.005    2  1 
  51345.0302   14.250  0.004    2  1 
  51345.0553   14.272  0.004    2  1 
  51345.0603   14.292  0.004    2  1 
  51345.9856   14.403  0.005    2  1 
  51345.9896   14.408  0.005    2  1 
  51346.0219   14.442  0.005    2  1 
  51346.0264   14.448  0.005    2  1 
  51346.0486   14.473  0.005    2  1 
  51346.0523   14.474  0.005    2  1 
  51346.0791   14.502  0.005    2  1 
  51346.0826   14.502  0.004    2  1 
  51347.0416   14.594  0.005    2  1 
  51347.0453   14.602  0.004    2  1 
  51347.0743   14.620  0.004    2  1 
  51347.0777   14.626  0.004    2  1 
  51347.0990   14.648  0.004    2  1 
  51347.1022   14.663  0.003    2  1 
  51347.9769   14.696  0.005    2  1 
  51347.9802   14.699  0.005    2  1 
  51347.9834   14.712  0.005    2  1 
  51347.9983   14.710  0.005    2  1 
  51348.0028   14.696  0.005    2  1 
  51348.0063   14.701  0.005    2  1 
  51348.0242   14.673  0.005    2  1 
  51348.0274   14.661  0.005    2  1 
  51348.0943   14.267  0.005    2  1 
  51348.0983   14.233  0.006    2  1 
  51348.1018   14.254  0.005    2  1 
  51348.9650   14.145  0.004    2  1 
  51348.9682   14.135  0.004    2  1 
  51348.9853   14.103  0.003    2  1 
  51348.9883   14.104  0.003    2  1 
  51348.9912   14.101  0.003    2  1 
  51349.0316   14.123  0.004    2  1 
  51349.0346   14.120  0.004    2  1 
  51349.9815   14.291  0.004    2  1 
  51349.9851   14.299  0.004    2  1 
  51349.9973   14.304  0.004    2  1 
  51350.0033   14.299  0.005    2  1 
  51350.0066   14.306  0.004    2  1 
  51350.0164   14.317  0.004    2  1 
  51350.0197   14.326  0.004    2  1 
  51350.0296   14.326  0.004    2  1 
  51380.9973   14.108  0.003    2  1 
  51381.0004   14.111  0.003    2  1 
  51381.0031   14.106  0.003    2  1 
  51381.0187   14.108  0.003    2  1 
  51381.0214   14.113  0.003    2  1 
  51381.0242   14.113  0.003    2  1 
  51381.9830   14.264  0.004    2  1 
  51381.9859   14.253  0.004    2  1 
  51381.9888   14.257  0.004    2  1 
  51382.0000   14.286  0.004    2  1 
  51382.0029   14.297  0.004    2  1 
  51382.9793   14.457  0.005    2  1 
  51382.9826   14.466  0.004    2  1 
  51382.9857   14.463  0.005    2  1 
  51382.9965   14.469  0.005    2  1 
  51382.9995   14.445  0.005    2  1 
  51383.9746   14.596  0.004    2  1 
  51383.9773   14.604  0.004    2  1 
  51383.9799   14.598  0.004    2  1 
  51383.9899   14.583  0.004    2  1 
  51383.9926   14.594  0.004    2  1 
  51384.9751   14.633  0.004    2  1 
  51384.9777   14.630  0.004    2  1 
  51384.9802   14.612  0.004    2  1 
  51384.9896   14.565  0.004    2  1 
  51384.9921   14.554  0.004    2  1 
  51385.9711   14.143  0.003    2  1 
  51385.9737   14.141  0.003    2  1 
  51385.9763   14.148  0.003    2  1 
  51385.9857   14.161  0.003    2  1 
  51385.9884   14.180  0.004    2  1 
  51386.9965   14.384  0.004    2  1 
  51387.0003   14.388  0.004    2  1 
  51387.0041   14.393  0.004    2  1 
  51387.0216   14.417  0.004    2  1 
  51387.0254   14.407  0.004    2  1 
  51387.0293   14.421  0.004    2  1 
  51388.9801   14.644  0.006    2  1 
  51388.9834   14.640  0.005    2  1 
  51388.9866   14.656  0.006    2  1 
  51388.9984   14.639  0.006    2  1 
  51389.0017   14.637  0.006    2  1 
  51389.9783   14.231  0.003    2  1 
  51389.9809   14.216  0.003    2  1 
  51389.9836   14.211  0.003    2  1 
  51390.9729   14.241  0.003    2  1 
  51390.9756   14.245  0.003    2  1 
  51390.9783   14.247  0.003    2  1 
  51391.9728   14.439  0.003    2  1 
  51391.9754   14.444  0.003    2  1 
  51391.9779   14.441  0.003    2  1 
  51671.0871   14.503  0.005    2  1 
  51671.0917   14.508  0.005    2  1 
  51671.0952   14.496  0.005    2  1 
  51671.1189   14.515  0.005    2  1 
  51671.1232   14.512  0.005    2  1 
  51671.9996   14.562  0.004    2  1 
  51672.0039   14.559  0.004    2  1 
  51672.0350   14.578  0.004    2  1 
  51672.0382   14.586  0.004    2  1 
  51673.0232   14.721  0.004    2  1 
  51674.0574   14.135  0.005    2  1 
  51674.0938   14.185  0.005    2  1 
  51674.0985   14.199  0.005    2  1 
  51674.1159   14.217  0.005    2  1 
  51674.1223   14.236  0.004    2  1 
  51674.9763   14.275  0.005    2  1 
  51674.9824   14.277  0.005    2  1 
  51675.0212   14.322  0.005    2  1 
  51676.0163   14.505  0.004    2  1 
  51692.9816   14.209  0.004    2  1 
  51692.9854   14.217  0.004    2  1 
  51693.9780   14.405  0.004    2  1 
  51693.9814   14.407  0.004    2  1 
  51694.9914   14.563  0.004    2  1 
  51765.9974   14.165  0.004    2  1 
  51766.0012   14.166  0.004    2  1 
  51766.0048   14.181  0.004    2  1 
  51766.0266   14.198  0.004    2  1 
  51766.0301   14.202  0.004    2  1 
  51216.3144   14.875  0.003    3  1 
  51216.3408   14.952  0.004    3  1 
  51216.3905   15.019  0.004    3  1 
  51217.3019   15.097  0.004    3  1 
  51217.3906   15.184  0.004    3  1 
  51218.2854   15.245  0.005    3  1 
  51218.3156   15.280  0.005    3  1 
  51218.3347   15.271  0.004    3  1 
  51218.3848   15.040  0.004    3  1 
  51219.2918   14.482  0.003    3  1 
  51219.3100   14.454  0.003    3  1 
  51219.3296   14.444  0.003    3  1 
  51219.3536   14.477  0.003    3  1 
  51219.3723   14.511  0.003    3  1 
  51220.2720   14.669  0.003    3  1 
  51220.2946   14.716  0.003    3  1 
  51220.3473   14.800  0.004    3  1 
  51220.3643   14.834  0.004    3  1 
  51220.3816   14.864  0.004    3  1 
  51221.2763   14.984  0.004    3  1 
  51221.3318   15.039  0.004    3  1 
  51221.3496   15.064  0.004    3  1 
  51221.3673   15.078  0.004    3  1 
  51283.3322   14.482  0.003    3  1 
  51283.3553   14.494  0.003    3  1 
  51284.2134   14.534  0.003    3  1 
  51284.2375   14.590  0.003    3  1 
  51284.2581   14.624  0.003    3  1 
  51284.2875   14.687  0.003    3  1 
  51284.3124   14.740  0.003    3  1 
  51284.3383   14.791  0.003    3  1 
  51285.0691   14.587  0.003    3  1 
  51285.0932   14.644  0.003    3  1 
  51285.1257   14.726  0.003    3  1 
  51285.1514   14.752  0.003    3  1 
  51285.1754   14.792  0.003    3  1 
  51285.2060   14.850  0.003    3  1 
  51285.2321   14.890  0.003    3  1 
  51285.2586   14.922  0.003    3  1 
  51285.2928   14.990  0.003    3  1 
  51285.3257   15.042  0.004    3  1 
  51286.0670   14.913  0.003    3  1 
  51286.0977   15.010  0.001    3  1 
  51286.1833   15.067  0.003    3  1 
  51286.2434   15.118  0.004    3  1 
  51286.2655   15.137  0.004    3  1 
  51286.3291   15.196  0.004    3  1 
  51286.3521   15.228  0.004    3  1 
  51304.9838   14.968  0.003    3  1 
  51305.0251   15.027  0.004    3  1 
  51305.0718   15.057  0.004    3  1 
  51305.0961   15.076  0.004    3  1 
  51305.1465   15.079  0.005    3  1 
  51305.1755   15.135  0.004    3  1 
  51305.2054   15.160  0.005    3  1 
  51305.2345   15.205  0.005    3  1 
  51305.2666   15.267  0.005    3  1 
  51305.2880   15.285  0.005    3  1 
  51305.9773   15.108  0.004    3  1 
  51306.1087   15.272  0.004    3  1 
  51306.1330   15.275  0.005    3  1 
  51306.2101   14.971  0.003    3  1 
  51306.2538   14.651  0.003    3  1 
  51306.2771   14.570  0.003    3  1 
  51306.2972   14.509  0.003    3  1 
  51308.0025   14.431  0.002    3  1 
  51308.0919   14.634  0.002    3  1 
  51310.1100   15.184  0.003    3  1 
  51311.9792   14.747  0.004    3  1 
  51311.9983   14.746  0.003    3  1 
  51312.0087   14.623  0.003    3  1 
  51312.0350   14.501  0.003    3  1 
  51312.0550   14.571  0.003    3  1 
  51312.0672   14.444  0.003    3  1 
  51312.0870   14.472  0.003    3  1 
  51312.0988   14.487  0.003    3  1 
  51312.9828   14.598  0.002    3  1 
  51313.0063   14.651  0.003    3  1 
  51313.0300   14.701  0.003    3  1 
  51313.1113   14.834  0.003    3  1 
  51313.9807   14.917  0.004    3  1 
  51314.0143   14.976  0.004    3  1 
  51314.0397   15.002  0.004    3  1 
  51314.1124   15.069  0.004    3  1 
  51314.9752   15.101  0.004    3  1 
  51315.0102   15.131  0.004    3  1 
  51315.0336   15.152  0.004    3  1 
  51315.0747   15.186  0.004    3  1 
  51315.0982   15.211  0.004    3  1 
  51315.1216   15.234  0.004    3  1 
  51316.0399   15.132  0.004    3  1 
  51316.0634   14.917  0.003    3  1 
  51316.0869   14.697  0.003    3  1 
  51316.1115   14.609  0.003    3  1 
  51316.9740   14.460  0.003    3  1 
  51317.0052   14.489  0.003    3  1 
  51317.0282   14.543  0.003    3  1 
  51317.0566   14.558  0.003    3  1 
  51317.0822   14.616  0.003    3  1 
  51317.1075   14.672  0.003    3  1 
  51317.9847   14.747  0.003    3  1 
  51318.0099   14.790  0.003    3  1 
  51318.0374   14.853  0.003    3  1 
  51318.0942   14.956  0.000    3  1 
  51318.1226   14.950  0.004    3  1 
  51318.9772   15.008  0.004    3  1 
  51319.0274   15.040  0.004    3  1 
  51319.0757   15.100  0.004    3  1 
  51319.0997   15.120  0.004    3  1 
  51320.1000   15.274  0.003    3  1 
  51320.9965   15.138  0.003    3  1 
  51321.0180   14.754  0.003    3  1 
  51321.0400   14.601  0.003    3  1 
  51321.0624   14.473  0.003    3  1 
  51321.1217   14.477  0.002    3  1 
  51381.9793   14.730  0.003    3  1 
  51382.9755   14.978  0.004    3  1 
  51383.9715   15.144  0.003    3  1 
  51385.9679   14.455  0.002    3  1 
  51386.9917   14.871  0.003    3  1 
  51388.9755   15.211  0.005    3  1 
  51389.9750   14.649  0.003    3  1 
  51693.9923   14.935  0.003    3  1 
  51695.0052   15.125  0.003    3  1 
 56469.10896   11.596  0.113   -1  1 
 56469.17285   11.919  0.223   -1  1 
 56471.00364   12.213  0.190   -1  1 
 56471.06640   11.369  0.217   -1  1 
 56471.12490   11.946  0.065   -1  1 
 56471.18188   12.923  0.302   -1  1 
 56472.03374   11.629  0.144   -1  1 
 56472.15243   12.278  0.201   -1  1 
 56468.95296   12.096  0.081   -2  1 
 56469.02441   12.053  0.075   -2  1 
 56469.08813   11.611  0.095   -2  1 
 56469.15134   12.142  0.082   -2  1 
 56471.02588   12.244  0.096   -2  1 
 56471.08671   12.185  0.105   -2  1 
 56471.14302   12.178  0.072   -2  1 
 56471.94704   12.296  0.050   -2  1 
 56472.01085   12.197  0.083   -2  1 
 56472.07480   11.729  0.106   -2  1 
 56472.13240   11.993  0.094   -2  1 
 56472.19216   12.465  0.049   -2  1 
 56469.00041   12.535  0.059   -5  1 
 56469.06767   12.979  0.030   -5  1 
 56469.13003   12.999  0.030   -5  1 
 56469.19349   13.113  0.024   -5  1 
 56470.98130   13.267  0.025   -5  1 
 56471.04693   13.239  0.032   -5  1 
 56471.10523   13.122  0.017   -5  1 
 56471.16397   13.541  0.054   -5  1 
 56471.98857   13.784  0.144   -5  1 
 56472.05430   13.548  0.087   -5  1 
 56472.11383   13.213  0.080   -5  1 
 56472.17109   13.258  0.064   -5  1 
