  51216.2987   14.026  0.003    2  1 
  51216.3275   14.060  0.003    2  1 
  51216.3519   14.102  0.003    2  1 
  51216.3771   14.131  0.003    2  1 
  51217.2851   14.151  0.003    2  1 
  51217.3152   14.200  0.004    2  1 
  51217.3378   14.238  0.003    2  1 
  51217.3598   14.272  0.003    2  1 
  51217.3804   14.300  0.003    2  1 
  51218.3013   14.336  0.003    2  1 
  51218.3254   14.366  0.004    2  1 
  51218.3504   14.385  0.003    2  1 
  51218.3753   14.419  0.004    2  1 
  51219.2775   14.421  0.004    2  1 
  51219.3014   14.447  0.004    2  1 
  51219.3186   14.457  0.004    2  1 
  51219.3397   14.481  0.004    2  1 
  51219.3635   14.507  0.004    2  1 
  51219.3810   14.527  0.004    2  1 
  51220.2867   14.526  0.004    2  1 
  51220.3036   14.549  0.004    2  1 
  51220.3219   14.568  0.004    2  1 
  51220.3391   14.591  0.004    2  1 
  51220.3564   14.603  0.004    2  1 
  51220.3729   14.624  0.004    2  1 
  51220.3920   14.641  0.004    2  1 
  51221.2619   14.606  0.004    2  1 
  51221.2873   14.632  0.004    2  1 
  51221.3052   14.646  0.004    2  1 
  51221.3230   14.663  0.004    2  1 
  51221.3396   14.670  0.004    2  1 
  51221.3577   14.681  0.004    2  1 
  51221.3762   14.662  0.004    2  1 
  51283.2102   14.500  0.004    2  1 
  51283.2288   14.526  0.004    2  1 
  51283.2338   14.529  0.004    2  1 
  51283.2391   14.537  0.004    2  1 
  51283.2642   14.567  0.004    2  1 
  51283.2680   14.565  0.004    2  1 
  51283.2868   14.586  0.004    2  1 
  51283.2902   14.590  0.003    2  1 
  51283.3138   14.615  0.004    2  1 
  51283.3170   14.618  0.004    2  1 
  51283.3408   14.636  0.004    2  1 
  51283.3447   14.640  0.004    2  1 
  51283.3642   14.655  0.004    2  1 
  51283.3673   14.656  0.004    2  1 
  51284.1955   14.598  0.004    2  1 
  51284.1993   14.598  0.004    2  1 
  51284.2266   14.623  0.004    2  1 
  51284.2298   14.630  0.004    2  1 
  51284.2475   14.654  0.004    2  1 
  51284.2506   14.657  0.004    2  1 
  51284.2679   14.670  0.004    2  1 
  51284.2711   14.676  0.004    2  1 
  51284.3004   14.687  0.004    2  1 
  51284.3036   14.689  0.004    2  1 
  51284.3257   14.687  0.004    2  1 
  51284.3289   14.684  0.004    2  1 
  51285.0269   14.521  0.003    2  1 
  51285.0299   14.527  0.003    2  1 
  51285.0577   14.556  0.003    2  1 
  51285.0607   14.560  0.003    2  1 
  51285.0814   14.580  0.003    2  1 
  51285.0847   14.584  0.003    2  1 
  51285.1052   14.601  0.003    2  1 
  51285.1084   14.609  0.004    2  1 
  51285.1396   14.654  0.004    2  1 
  51285.1427   14.634  0.004    2  1 
  51285.1624   14.661  0.004    2  1 
  51285.1654   14.667  0.004    2  1 
  51285.1891   14.676  0.004    2  1 
  51285.1924   14.672  0.004    2  1 
  51285.2195   14.680  0.004    2  1 
  51285.2227   14.682  0.004    2  1 
  51285.2468   14.636  0.004    2  1 
  51285.2498   14.631  0.004    2  1 
  51285.2738   14.530  0.004    2  1 
  51285.2775   14.520  0.004    2  1 
  51285.3077   14.322  0.003    2  1 
  51285.3112   14.292  0.003    2  1 
  51285.3425   14.128  0.003    2  1 
  51285.3456   14.125  0.003    2  1 
  51286.0177   14.614  0.003    2  1 
  51286.0241   14.617  0.003    2  1 
  51286.0542   14.631  0.003    2  1 
  51286.0574   14.650  0.003    2  1 
  51286.0794   14.667  0.003    2  1 
  51286.0832   14.664  0.003    2  1 
  51286.1105   14.673  0.003    2  1 
  51286.1136   14.665  0.003    2  1 
  51286.1441   14.628  0.003    2  1 
  51286.1472   14.620  0.003    2  1 
  51286.1708   14.537  0.003    2  1 
  51286.1740   14.524  0.003    2  1 
  51286.1969   14.399  0.003    2  1 
  51286.2002   14.379  0.003    2  1 
  51286.2322   14.160  0.003    2  1 
  51286.2352   14.152  0.003    2  1 
  51286.2544   14.095  0.003    2  1 
  51286.2573   14.090  0.003    2  1 
  51286.2785   14.005  0.003    2  1 
  51286.2816   13.987  0.003    2  1 
  51286.3149   13.921  0.003    2  1 
  51286.3179   13.916  0.003    2  1 
  51286.3375   13.918  0.003    2  1 
  51286.3409   13.919  0.003    2  1 
  51286.3604   13.924  0.003    2  1 
  51286.3635   13.939  0.003    2  1 
  51286.3665   13.941  0.003    2  1 
  51304.9667   14.673  0.003    2  1 
  51304.9697   14.667  0.003    2  1 
  51304.9956   14.671  0.003    2  1 
  51304.9985   14.664  0.003    2  1 
  51305.0393   14.599  0.003    2  1 
  51305.0423   14.586  0.003    2  1 
  51305.0812   14.398  0.004    2  1 
  51305.0852   14.372  0.004    2  1 
  51305.1040   14.224  0.003    2  1 
  51305.1077   14.196  0.003    2  1 
  51305.1328   14.097  0.003    2  1 
  51305.1357   14.096  0.003    2  1 
  51305.1582   13.998  0.003    2  1 
  51305.1616   13.981  0.003    2  1 
  51305.1953   13.903  0.003    2  1 
  51305.2170   13.891  0.003    2  1 
  51305.2202   13.897  0.003    2  1 
  51305.2493   13.923  0.003    2  1 
  51305.2523   13.932  0.003    2  1 
  51305.2764   13.948  0.003    2  1 
  51305.2796   13.947  0.003    2  1 
  51305.3025   13.994  0.003    2  1 
  51305.3054   13.990  0.003    2  1 
  51305.9643   14.496  0.003    2  1 
  51305.9672   14.477  0.003    2  1 
  51305.9970   14.310  0.002    2  1 
  51305.9997   14.259  0.003    2  1 
  51306.0313   14.117  0.002    2  1 
  51306.0340   14.104  0.002    2  1 
  51306.0638   13.976  0.002    2  1 
  51306.0674   13.966  0.002    2  1 
  51306.0960   13.914  0.002    2  1 
  51306.0990   13.912  0.002    2  1 
  51306.1183   13.904  0.002    2  1 
  51306.1209   13.903  0.002    2  1 
  51306.1434   13.911  0.003    2  1 
  51306.1474   13.920  0.003    2  1 
  51306.1743   13.959  0.002    2  1 
  51306.1770   13.963  0.002    2  1 
  51306.1996   13.989  0.002    2  1 
  51306.2025   13.993  0.002    2  1 
  51306.2207   13.982  0.002    2  1 
  51306.2235   14.029  0.002    2  1 
  51306.2407   14.006  0.002    2  1 
  51306.2432   14.010  0.002    2  1 
  51306.2458   14.054  0.002    2  1 
  51306.2665   14.083  0.002    2  1 
  51306.2691   14.080  0.002    2  1 
  51306.2862   14.111  0.003    2  1 
  51306.2895   14.120  0.003    2  1 
  51306.3068   14.144  0.003    2  1 
  51306.3101   14.142  0.003    2  1 
  51306.9828   13.912  0.003    2  1 
  51306.9870   13.912  0.002    2  1 
  51307.0161   13.894  0.002    2  1 
  51307.0270   13.909  0.003    2  1 
  51307.0388   13.915  0.003    2  1 
  51307.0824   13.958  0.004    2  1 
  51307.9862   13.976  0.002    2  1 
  51307.9901   13.983  0.002    2  1 
  51308.0178   14.017  0.002    2  1 
  51308.0212   14.024  0.002    2  1 
  51308.0443   14.050  0.002    2  1 
  51308.1072   14.138  0.003    2  1 
  51308.1114   14.141  0.003    2  1 
  51310.1342   14.441  0.003    2  1 
  51310.1371   14.444  0.003    2  1 
  51310.1402   14.446  0.003    2  1 
  51314.9621   14.478  0.004    2  1 
  51314.9650   14.459  0.003    2  1 
  51314.9679   14.436  0.004    2  1 
  51314.9914   14.279  0.003    2  1 
  51314.9943   14.253  0.003    2  1 
  51314.9972   14.229  0.003    2  1 
  51315.0171   14.138  0.002    2  1 
  51315.0197   14.133  0.002    2  1 
  51315.0224   14.125  0.003    2  1 
  51315.0409   14.055  0.002    2  1 
  51315.0436   14.047  0.002    2  1 
  51315.0462   14.032  0.002    2  1 
  51315.0650   13.961  0.002    2  1 
  51315.0677   13.948  0.002    2  1 
  51315.0860   13.917  0.002    2  1 
  51315.0887   13.908  0.002    2  1 
  51315.0913   13.905  0.002    2  1 
  51315.1094   13.906  0.002    2  1 
  51315.1121   13.903  0.002    2  1 
  51315.1148   13.906  0.002    2  1 
  51316.0277   13.920  0.002    2  1 
  51316.0303   13.925  0.002    2  1 
  51316.0330   13.926  0.002    2  1 
  51316.0511   13.938  0.002    2  1 
  51316.0538   13.945  0.002    2  1 
  51316.0565   13.950  0.002    2  1 
  51316.0746   13.963  0.002    2  1 
  51316.0773   13.966  0.002    2  1 
  51316.0800   13.971  0.002    2  1 
  51316.0992   14.000  0.003    2  1 
  51316.1020   14.006  0.002    2  1 
  51316.1046   14.006  0.002    2  1 
  51316.1228   14.027  0.002    2  1 
  51316.1255   14.024  0.003    2  1 
  51316.1281   14.033  0.003    2  1 
  51316.9815   13.982  0.003    2  1 
  51316.9843   13.982  0.003    2  1 
  51316.9869   13.984  0.002    2  1 
  51316.9978   13.992  0.003    2  1 
  51317.0147   14.013  0.003    2  1 
  51317.0176   14.016  0.003    2  1 
  51317.0205   14.009  0.003    2  1 
  51317.0420   14.038  0.003    2  1 
  51317.0450   14.047  0.004    2  1 
  51317.0483   14.062  0.003    2  1 
  51317.0689   14.089  0.003    2  1 
  51317.0718   14.089  0.003    2  1 
  51317.0747   14.096  0.003    2  1 
  51317.0946   14.129  0.003    2  1 
  51317.0974   14.135  0.003    2  1 
  51317.1000   14.134  0.003    2  1 
  51317.1199   14.164  0.003    2  1 
  51317.1228   14.173  0.003    2  1 
  51317.1257   14.177  0.003    2  1 
  51317.9715   14.087  0.003    2  1 
  51317.9744   14.102  0.003    2  1 
  51317.9772   14.108  0.003    2  1 
  51317.9970   14.130  0.003    2  1 
  51317.9998   14.143  0.002    2  1 
  51318.0025   14.144  0.003    2  1 
  51318.0227   14.173  0.004    2  1 
  51318.0260   14.174  0.004    2  1 
  51318.0292   14.165  0.005    2  1 
  51318.0510   14.215  0.004    2  1 
  51318.0542   14.228  0.004    2  1 
  51318.0575   14.232  0.004    2  1 
  51318.0795   14.262  0.004    2  1 
  51318.0827   14.271  0.004    2  1 
  51318.0859   14.275  0.004    2  1 
  51318.1079   14.319  0.005    2  1 
  51318.1111   14.319  0.004    2  1 
  51318.1144   14.339  0.006    2  1 
  51318.9846   14.273  0.003    2  1 
  51318.9874   14.278  0.003    2  1 
  51318.9902   14.283  0.003    2  1 
  51319.0093   14.311  0.003    2  1 
  51319.0122   14.321  0.003    2  1 
  51319.0151   14.329  0.004    2  1 
  51319.0351   14.355  0.004    2  1 
  51319.0380   14.357  0.004    2  1 
  51319.0411   14.355  0.004    2  1 
  51319.0623   14.381  0.004    2  1 
  51319.0653   14.385  0.003    2  1 
  51319.0682   14.387  0.003    2  1 
  51319.0874   14.410  0.003    2  1 
  51319.0902   14.414  0.003    2  1 
  51319.0928   14.409  0.003    2  1 
  51319.1137   14.430  0.003    2  1 
  51319.1164   14.430  0.003    2  1 
  51319.1190   14.432  0.003    2  1 
  51320.0909   14.505  0.003    2  1 
  51320.1531   14.574  0.003    2  1 
  51320.1557   14.580  0.003    2  1 
  51320.1584   14.578  0.003    2  1 
  51320.9810   14.497  0.003    2  1 
  51320.9838   14.490  0.003    2  1 
  51321.0292   14.546  0.003    2  1 
  51321.0466   14.568  0.003    2  1 
  51321.0491   14.568  0.003    2  1 
  51321.0517   14.569  0.003    2  1 
  51321.0689   14.584  0.003    2  1 
  51321.0714   14.587  0.003    2  1 
  51321.0740   14.600  0.003    2  1 
  51321.0997   14.623  0.003    2  1 
  51321.1023   14.624  0.003    2  1 
  51321.1049   14.626  0.003    2  1 
  51321.1074   14.629  0.003    2  1 
  51321.1100   14.630  0.003    2  1 
  51321.1285   14.647  0.003    2  1 
  51321.1311   14.656  0.003    2  1 
  51332.9607   14.396  0.005    2  1 
  51332.9651   14.374  0.006    2  1 
  51332.9797   14.252  0.004    2  1 
  51332.9834   14.218  0.004    2  1 
  51333.0005   14.138  0.003    2  1 
  51333.0039   14.124  0.004    2  1 
  51333.0156   14.093  0.003    2  1 
  51333.0192   14.079  0.004    2  1 
  51333.0445   13.963  0.003    2  1 
  51333.0479   13.955  0.003    2  1 
  51333.0636   13.910  0.004    2  1 
  51333.0681   13.902  0.004    2  1 
  51333.0834   13.900  0.003    2  1 
  51333.0869   13.902  0.003    2  1 
  51333.0981   13.903  0.003    2  1 
  51333.1018   13.904  0.003    2  1 
  51333.1258   13.916  0.003    2  1 
  51333.1294   13.920  0.004    2  1 
  51333.1410   13.936  0.004    2  1 
  51333.1452   13.943  0.004    2  1 
  51333.1492   13.951  0.004    2  1 
  51333.1642   13.969  0.003    2  1 
  51333.1679   13.977  0.003    2  1 
  51334.9778   13.993  0.002    2  1 
  51334.9806   13.996  0.002    2  1 
  51335.0115   14.030  0.003    2  1 
  51335.0145   14.037  0.003    2  1 
  51335.0237   14.046  0.003    2  1 
  51335.0269   14.048  0.003    2  1 
  51335.0365   14.061  0.003    2  1 
  51335.0396   14.068  0.003    2  1 
  51335.0624   14.101  0.004    2  1 
  51335.0658   14.108  0.003    2  1 
  51335.0766   14.122  0.003    2  1 
  51335.0800   14.124  0.003    2  1 
  51335.1009   14.161  0.003    2  1 
  51335.1041   14.167  0.004    2  1 
  51335.9585   14.096  0.003    2  1 
  51335.9619   14.098  0.003    2  1 
  51335.9661   14.107  0.003    2  1 
  51335.9693   14.115  0.003    2  1 
  51335.9855   14.137  0.003    2  1 
  51335.9915   14.148  0.003    2  1 
  51335.9966   14.156  0.003    2  1 
  51336.0139   14.178  0.003    2  1 
  51336.0172   14.188  0.003    2  1 
  51336.0275   14.201  0.003    2  1 
  51336.0306   14.208  0.003    2  1 
  51336.0439   14.233  0.003    2  1 
  51336.0470   14.235  0.003    2  1 
  51336.0662   14.268  0.004    2  1 
  51336.0696   14.271  0.003    2  1 
  51336.0728   14.275  0.003    2  1 
  51336.0954   14.315  0.004    2  1 
  51336.0989   14.315  0.004    2  1 
  51336.1119   14.336  0.004    2  1 
  51336.1153   14.340  0.004    2  1 
  51336.1297   14.369  0.004    2  1 
  51336.1557   14.437  0.008    2  1 
  51336.1600   14.411  0.006    2  1 
  51336.1647   14.432  0.007    2  1 
  51336.9567   14.255  0.002    2  1 
  51337.0022   14.343  0.004    2  1 
  51337.9827   14.418  0.005    2  1 
  51337.9868   14.436  0.005    2  1 
  51337.9997   14.435  0.004    2  1 
  51338.0033   14.438  0.004    2  1 
  51338.0231   14.458  0.004    2  1 
  51338.0265   14.467  0.004    2  1 
  51338.0304   14.468  0.004    2  1 
  51338.9791   14.515  0.003    2  1 
  51338.9849   14.521  0.003    2  1 
  51339.0116   14.564  0.004    2  1 
  51339.0151   14.564  0.004    2  1 
  51339.0441   14.585  0.004    2  1 
  51339.0477   14.587  0.004    2  1 
  51339.0513   14.597  0.004    2  1 
  51339.0774   14.625  0.004    2  1 
  51339.0807   14.630  0.004    2  1 
  51339.1053   14.657  0.004    2  1 
  51339.1093   14.660  0.004    2  1 
  51339.1327   14.675  0.004    2  1 
  51339.1363   14.678  0.004    2  1 
  51339.9588   14.595  0.003    2  1 
  51339.9627   14.600  0.003    2  1 
  51339.9835   14.625  0.004    2  1 
  51339.9874   14.624  0.004    2  1 
  51340.0115   14.651  0.004    2  1 
  51340.0146   14.653  0.004    2  1 
  51340.0349   14.669  0.004    2  1 
  51340.0380   14.687  0.004    2  1 
  51340.0659   14.677  0.004    2  1 
  51340.0696   14.679  0.004    2  1 
  51340.0938   14.662  0.005    2  1 
  51340.0983   14.657  0.005    2  1 
  51340.1334   14.520  0.004    2  1 
  51340.1366   14.505  0.004    2  1 
  51344.9654   14.124  0.002    2  1 
  51344.9786   14.137  0.003    2  1 
  51344.9829   14.145  0.003    2  1 
  51345.0052   14.173  0.003    2  1 
  51345.0092   14.179  0.003    2  1 
  51345.0132   14.195  0.003    2  1 
  51345.0170   14.195  0.003    2  1 
  51345.0353   14.228  0.003    2  1 
  51345.0390   14.229  0.003    2  1 
  51345.0645   14.273  0.003    2  1 
  51345.0690   14.284  0.003    2  1 
  51345.9658   14.283  0.005    2  1 
  51345.9696   14.295  0.005    2  1 
  51345.9999   14.330  0.004    2  1 
  51346.0043   14.335  0.004    2  1 
  51346.0310   14.366  0.004    2  1 
  51346.0343   14.372  0.004    2  1 
  51346.0571   14.390  0.004    2  1 
  51346.0604   14.409  0.004    2  1 
  51347.0221   14.456  0.004    2  1 
  51347.0274   14.465  0.002    2  1 
  51347.0562   14.495  0.003    2  1 
  51347.0597   14.498  0.004    2  1 
  51347.0815   14.529  0.003    2  1 
  51347.0850   14.525  0.003    2  1 
  51347.9550   14.502  0.003    2  1 
  51347.9581   14.499  0.003    2  1 
  51347.9877   14.535  0.004    2  1 
  51347.9914   14.537  0.004    2  1 
  51347.9948   14.543  0.004    2  1 
  51348.0181   14.566  0.004    2  1 
  51348.0211   14.565  0.004    2  1 
  51348.0849   14.657  0.006    2  1 
  51348.0897   14.660  0.005    2  1 
  51348.1054   14.685  0.005    2  1 
  51348.1088   14.680  0.005    2  1 
  51348.1122   14.687  0.005    2  1 
  51348.9528   14.593  0.003    2  1 
  51348.9557   14.610  0.004    2  1 
  51348.9795   14.616  0.003    2  1 
  51348.9824   14.622  0.004    2  1 
  51348.9941   14.630  0.004    2  1 
  51349.0152   14.659  0.004    2  1 
  51349.0189   14.665  0.004    2  1 
  51349.9596   14.656  0.003    2  1 
  51349.9627   14.652  0.003    2  1 
  51349.9911   14.640  0.004    2  1 
  51349.9944   14.624  0.003    2  1 
  51350.0097   14.582  0.004    2  1 
  51350.0128   14.570  0.004    2  1 
  51350.0228   14.528  0.004    2  1 
  51364.9643   14.416  0.003    2  1 
  51364.9677   14.392  0.003    2  1 
  51380.9714   14.165  0.002    2  1 
  51380.9769   14.176  0.003    2  1 
  51380.9801   14.183  0.003    2  1 
  51380.9845   14.188  0.003    2  1 
  51381.0066   14.227  0.003    2  1 
  51381.0096   14.230  0.003    2  1 
  51381.0136   14.232  0.003    2  1 
  51381.9638   14.316  0.003    2  1 
  51381.9679   14.327  0.003    2  1 
  51381.9716   14.330  0.004    2  1 
  51381.9917   14.362  0.004    2  1 
  51381.9946   14.366  0.004    2  1 
  51382.9605   14.422  0.003    2  1 
  51382.9652   14.429  0.003    2  1 
  51382.9682   14.455  0.004    2  1 
  51382.9887   14.450  0.003    2  1 
  51382.9916   14.461  0.004    2  1 
  51383.9595   14.521  0.003    2  1 
  51383.9648   14.533  0.003    2  1 
  51383.9826   14.564  0.003    2  1 
  51383.9853   14.568  0.004    2  1 
  51384.9657   14.635  0.003    2  1 
  51385.9557   14.643  0.003    2  1 
  51385.9615   14.634  0.003    2  1 
  51385.9788   14.589  0.003    2  1 
  51385.9814   14.590  0.003    2  1 
  51386.9731   14.093  0.003    2  1 
  51386.9769   14.084  0.003    2  1 
  51386.9807   14.067  0.003    2  1 
  51387.0101   13.952  0.002    2  1 
  51387.0139   13.940  0.003    2  1 
  51387.0177   13.936  0.002    2  1 
  51388.9571   13.998  0.004    2  1 
  51388.9622   14.007  0.004    2  1 
  51388.9659   14.006  0.004    2  1 
  51388.9899   14.050  0.004    2  1 
  51388.9932   14.047  0.004    2  1 
  51389.9629   14.168  0.002    2  1 
  51389.9656   14.174  0.003    2  1 
  51389.9683   14.173  0.003    2  1 
  51390.9578   14.320  0.003    2  1 
  51390.9604   14.307  0.003    2  1 
  51390.9631   14.337  0.004    2  1 
  51391.9583   14.402  0.002    2  1 
  51646.1374   13.984  0.003    2  1 
  51646.1447   13.979  0.004    2  1 
  51646.1486   14.000  0.003    2  1 
  51646.1532   14.008  0.004    2  1 
  51646.1570   13.967  0.005    2  1 
  51646.1609   13.996  0.004    2  1 
  51646.1649   14.009  0.004    2  1 
  51646.1687   14.014  0.004    2  1 
  51646.1727   14.035  0.003    2  1 
  51646.1764   14.042  0.003    2  1 
  51646.1801   14.050  0.003    2  1 
  51646.1837   14.053  0.003    2  1 
  51646.1871   14.048  0.004    2  1 
  51646.1907   14.052  0.004    2  1 
  51646.1944   14.060  0.004    2  1 
  51646.1983   14.067  0.003    2  1 
  51646.2025   14.079  0.003    2  1 
  51646.2065   14.087  0.003    2  1 
  51646.2100   14.088  0.003    2  1 
  51646.2138   14.092  0.003    2  1 
  51646.2172   14.102  0.003    2  1 
  51646.2206   14.107  0.003    2  1 
  51646.2245   14.112  0.003    2  1 
  51646.2283   14.114  0.003    2  1 
  51646.2320   14.118  0.003    2  1 
  51646.2362   14.130  0.003    2  1 
  51646.2394   14.130  0.003    2  1 
  51646.2426   14.137  0.003    2  1 
  51646.2457   14.144  0.003    2  1 
  51646.2489   14.147  0.003    2  1 
  51646.2523   14.152  0.003    2  1 
  51646.2557   14.156  0.003    2  1 
  51646.2591   14.162  0.003    2  1 
  51646.2626   14.166  0.004    2  1 
  51646.2660   14.174  0.003    2  1 
  51646.2694   14.175  0.004    2  1 
  51646.2730   14.172  0.005    2  1 
  51646.2769   14.169  0.007    2  1 
  51646.2811   14.163  0.008    2  1 
  51646.2852   14.206  0.005    2  1 
  51646.2895   14.212  0.004    2  1 
  51646.2939   14.213  0.005    2  1 
  51646.2986   14.227  0.006    2  1 
  51646.3027   14.235  0.006    2  1 
  51646.3070   14.240  0.005    2  1 
  51646.3111   14.248  0.004    2  1 
  51646.3151   14.258  0.004    2  1 
  51646.3189   14.256  0.003    2  1 
  51646.3225   14.263  0.003    2  1 
  51646.3260   14.271  0.003    2  1 
  51646.3296   14.272  0.004    2  1 
  51646.3330   14.280  0.003    2  1 
  51646.3377   14.288  0.004    2  1 
  51646.3414   14.297  0.004    2  1 
  51646.3451   14.308  0.004    2  1 
  51646.3496   14.304  0.004    2  1 
  51646.3530   14.316  0.004    2  1 
  51646.3568   14.319  0.004    2  1 
  51646.3602   14.344  0.006    2  1 
  51646.3637   14.339  0.005    2  1 
  51646.3679   14.343  0.004    2  1 
  51646.3713   14.346  0.004    2  1 
  51646.3746   14.370  0.006    2  1 
  51671.0353   14.716  0.003    2  1 
  51671.0475   14.596  0.003    2  1 
  51671.0585   14.588  0.003    2  1 
  51671.0649   14.584  0.003    2  1 
  51671.0721   14.561  0.004    2  1 
  51671.0771   14.558  0.005    2  1 
  51671.1013   14.390  0.003    2  1 
  51671.1053   14.364  0.003    2  1 
  51671.1107   14.329  0.003    2  1 
  51671.1151   14.295  0.003    2  1 
  51671.1292   14.182  0.003    2  1 
  51671.9878   14.464  0.003    2  1 
  51671.9920   14.440  0.003    2  1 
  51672.0277   14.185  0.003    2  1 
  51672.0316   14.165  0.003    2  1 
  51672.0822   13.987  0.003    2  1 
  51674.0685   14.054  0.004    2  1 
  51674.0726   14.054  0.004    2  1 
  51674.1052   14.106  0.004    2  1 
  51674.1117   14.119  0.004    2  1 
  51674.1260   14.144  0.003    2  1 
  51674.1296   14.147  0.003    2  1 
  51674.1332   14.150  0.003    2  1 
  51674.1368   14.159  0.003    2  1 
  51674.1405   14.168  0.003    2  1 
  51674.1444   14.169  0.003    2  1 
  51674.9689   14.061  0.003    2  1 
  51674.9724   14.059  0.003    2  1 
  51674.9867   14.084  0.003    2  1 
  51674.9911   14.090  0.004    2  1 
  51675.0041   14.108  0.004    2  1 
  51675.0121   14.118  0.004    2  1 
  51675.0159   14.125  0.004    2  1 
  51675.0253   14.142  0.003    2  1 
  51675.0289   14.146  0.003    2  1 
  51675.0351   14.152  0.003    2  1 
  51675.0465   14.169  0.003    2  1 
  51675.0521   14.179  0.004    2  1 
  51675.0558   14.185  0.003    2  1 
  51675.0622   14.195  0.004    2  1 
  51675.0661   14.201  0.003    2  1 
  51675.0719   14.213  0.003    2  1 
  51675.0756   14.214  0.004    2  1 
  51675.0814   14.231  0.004    2  1 
  51675.0858   14.234  0.004    2  1 
  51675.0927   14.247  0.003    2  1 
  51675.0970   14.254  0.003    2  1 
  51675.9751   14.222  0.003    2  1 
  51675.9802   14.230  0.003    2  1 
  51675.9906   14.241  0.003    2  1 
  51675.9939   14.252  0.003    2  1 
  51675.9971   14.253  0.003    2  1 
  51676.0005   14.262  0.003    2  1 
  51676.0036   14.266  0.003    2  1 
  51676.0067   14.274  0.003    2  1 
  51676.0112   14.278  0.003    2  1 
  51676.0240   14.303  0.004    2  1 
  51676.0301   14.307  0.003    2  1 
  51676.9616   14.360  0.005    2  1 
  51676.9713   14.373  0.005    2  1 
  51676.9757   14.381  0.005    2  1 
  51676.9867   14.400  0.005    2  1 
  51676.9919   14.421  0.007    2  1 
  51676.9969   14.406  0.006    2  1 
  51677.0090   14.431  0.005    2  1 
  51677.0126   14.414  0.004    2  1 
  51677.0180   14.422  0.005    2  1 
  51677.0226   14.421  0.005    2  1 
  51677.0271   14.438  0.005    2  1 
  51677.0318   14.432  0.005    2  1 
  51677.0362   14.438  0.005    2  1 
  51677.0410   14.445  0.005    2  1 
  51677.0453   14.449  0.005    2  1 
  51677.0499   14.457  0.005    2  1 
  51677.0580   14.464  0.006    2  1 
  51677.0628   14.468  0.005    2  1 
  51677.0672   14.467  0.005    2  1 
  51677.0713   14.473  0.005    2  1 
  51677.0751   14.486  0.005    2  1 
  51677.0793   14.489  0.005    2  1 
  51677.0835   14.484  0.005    2  1 
  51677.0877   14.489  0.005    2  1 
  51677.0918   14.491  0.005    2  1 
  51677.0956   14.506  0.005    2  1 
  51677.0996   14.547  0.006    2  1 
  51677.1044   14.532  0.006    2  1 
  51677.1082   14.565  0.007    2  1 
  51677.1121   14.537  0.006    2  1 
  51677.1160   14.552  0.006    2  1 
  51677.1199   14.561  0.006    2  1 
  51677.1238   14.546  0.005    2  1 
  51677.1276   14.558  0.005    2  1 
  51677.1315   14.560  0.006    2  1 
  51677.1353   14.571  0.006    2  1 
  51677.1396   14.579  0.006    2  1 
  51677.1434   14.576  0.006    2  1 
  51677.1476   14.578  0.005    2  1 
  51677.1520   14.572  0.005    2  1 
  51677.1564   14.576  0.005    2  1 
  51677.1603   14.570  0.005    2  1 
  51677.1642   14.580  0.005    2  1 
  51677.1680   14.587  0.005    2  1 
  51677.1719   14.582  0.005    2  1 
  51677.1759   14.590  0.005    2  1 
  51677.1797   14.597  0.005    2  1 
  51677.1836   14.618  0.006    2  1 
  51677.1883   14.617  0.005    2  1 
  51677.1922   14.604  0.005    2  1 
  51677.1960   14.613  0.005    2  1 
  51677.1999   14.630  0.006    2  1 
  51677.2038   14.609  0.005    2  1 
  51677.2083   14.635  0.005    2  1 
  51677.2133   14.643  0.006    2  1 
  51677.2176   14.723  0.008    2  1 
  51677.2233   14.717  0.007    2  1 
  51677.2335   14.694  0.008    2  1 
  51677.2391   14.717  0.009    2  1 
  51677.2524   14.696  0.007    2  1 
  51677.2571   14.696  0.006    2  1 
  51677.2620   14.692  0.006    2  1 
  51677.2664   14.695  0.006    2  1 
  51677.2708   14.681  0.006    2  1 
  51691.0375   13.923  0.001    2  1 
  51691.0409   13.934  0.002    2  1 
  51691.0444   13.936  0.002    2  1 
  51691.0509   13.936  0.002    2  1 
  51691.0543   13.938  0.003    2  1 
  51691.0579   13.939  0.003    2  1 
  51691.0633   13.950  0.002    2  1 
  51691.0670   13.947  0.002    2  1 
  51691.0711   13.956  0.002    2  1 
  51691.0770   13.963  0.002    2  1 
  51691.0805   13.964  0.003    2  1 
  51691.0840   13.969  0.002    2  1 
  51691.0896   13.982  0.003    2  1 
  51691.0931   13.979  0.002    2  1 
  51691.0971   13.983  0.002    2  1 
  51691.1040   13.992  0.003    2  1 
  51691.1083   13.996  0.003    2  1 
  51691.1122   14.004  0.002    2  1 
  51691.1180   14.008  0.003    2  1 
  51691.1214   14.013  0.003    2  1 
  51691.1249   14.016  0.003    2  1 
  51691.1323   14.032  0.002    2  1 
  51691.1357   14.038  0.002    2  1 
  51691.1392   14.037  0.002    2  1 
  51691.1448   14.044  0.002    2  1 
  51691.1522   14.059  0.002    2  1 
  51691.1561   14.050  0.001    2  1 
  51693.0130   14.144  0.003    2  1 
  51693.0165   14.160  0.003    2  1 
  51693.0248   14.161  0.003    2  1 
  51693.0305   14.173  0.003    2  1 
  51693.0340   14.176  0.003    2  1 
  51693.0378   14.181  0.003    2  1 
  51694.0082   14.304  0.003    2  1 
  51694.0114   14.309  0.003    2  1 
  51694.0148   14.313  0.003    2  1 
  51694.0202   14.320  0.003    2  1 
  51694.0234   14.325  0.003    2  1 
  51694.0267   14.325  0.003    2  1 
  51694.0319   14.329  0.003    2  1 
  51694.0351   14.338  0.003    2  1 
  51694.0384   14.342  0.003    2  1 
  51694.0418   14.349  0.003    2  1 
  51694.0472   14.353  0.003    2  1 
  51694.0505   14.359  0.003    2  1 
  51694.0537   14.357  0.003    2  1 
  51694.0590   14.365  0.003    2  1 
  51694.0656   14.372  0.003    2  1 
  51694.0714   14.379  0.003    2  1 
  51694.0748   14.386  0.003    2  1 
  51694.0781   14.383  0.003    2  1 
  51694.0836   14.395  0.003    2  1 
  51694.0868   14.397  0.003    2  1 
  51694.0901   14.401  0.003    2  1 
  51694.0957   14.403  0.003    2  1 
  51694.0989   14.403  0.003    2  1 
  51694.1021   14.411  0.003    2  1 
  51694.1075   14.413  0.003    2  1 
  51694.1106   14.417  0.003    2  1 
  51694.1190   14.431  0.003    2  1 
  51694.1221   14.429  0.003    2  1 
  51694.1252   14.434  0.003    2  1 
  51694.1286   14.434  0.003    2  1 
  51695.0280   14.429  0.003    2  1 
  51695.0317   14.432  0.003    2  1 
  51697.9712   14.695  0.004    2  1 
  51697.9818   14.685  0.004    2  1 
  51765.9746   14.333  0.003    2  1 
  51765.9783   14.335  0.004    2  1 
  51765.9820   14.336  0.003    2  1 
  51766.0194   14.397  0.004    2  1 
  51766.0229   14.391  0.004    2  1 
  51216.3063   14.492  0.002    3  1 
  51216.3342   14.527  0.002    3  1 
  51216.3572   14.557  0.003    3  1 
  51216.3847   14.625  0.003    3  1 
  51217.2936   14.642  0.003    3  1 
  51217.3214   14.711  0.003    3  1 
  51217.3852   14.825  0.003    3  1 
  51218.2935   14.881  0.004    3  1 
  51218.3212   14.929  0.004    3  1 
  51218.3442   14.981  0.004    3  1 
  51218.3704   15.023  0.004    3  1 
  51219.2811   15.034  0.002    3  1 
  51219.2844   15.045  0.004    3  1 
  51219.3053   15.058  0.004    3  1 
  51219.3228   15.096  0.004    3  1 
  51219.3465   15.028  0.003    3  1 
  51219.3676   15.157  0.004    3  1 
  51219.3851   15.195  0.004    3  1 
  51220.2805   15.119  0.003    3  1 
  51220.2995   15.180  0.004    3  1 
  51220.3171   15.208  0.004    3  1 
  51220.3349   15.255  0.004    3  1 
  51220.3523   15.272  0.004    3  1 
  51220.3689   15.302  0.005    3  1 
  51220.3877   15.077  0.003    3  1 
  51221.2691   15.131  0.003    3  1 
  51221.2915   15.214  0.004    3  1 
  51221.3097   15.115  0.003    3  1 
  51221.3270   15.138  0.003    3  1 
  51221.3437   15.212  0.003    3  1 
  51221.3619   15.338  0.004    3  1 
  51221.3854   15.321  0.004    3  1 
  51283.2601   15.089  0.003    3  1 
  51283.2830   15.200  0.003    3  1 
  51283.3050   15.304  0.004    3  1 
  51283.3367   15.331  0.004    3  1 
  51283.3600   15.360  0.004    3  1 
  51284.2056   15.247  0.004    3  1 
  51284.2337   15.284  0.004    3  1 
  51284.2542   15.328  0.004    3  1 
  51284.2806   15.298  0.004    3  1 
  51284.3075   15.343  0.004    3  1 
  51284.3333   15.271  0.004    3  1 
  51285.0371   15.194  0.003    3  1 
  51285.0646   15.080  0.003    3  1 
  51285.0885   15.241  0.004    3  1 
  51285.1182   15.297  0.004    3  1 
  51285.1470   15.211  0.003    3  1 
  51285.1988   15.302  0.004    3  1 
  51285.2270   15.332  0.004    3  1 
  51285.2539   15.216  0.004    3  1 
  51285.2851   15.030  0.004    3  1 
  51285.3202   14.683  0.003    3  1 
  51285.3496   14.525  0.003    3  1 
  51286.0308   15.305  0.003    3  1 
  51286.0619   15.322  0.004    3  1 
  51286.0871   15.370  0.004    3  1 
  51286.0921   15.148  0.003    3  1 
  51286.1226   15.006  0.002    3  1 
  51286.1789   14.788  0.001    3  1 
  51286.2076   14.688  0.001    3  1 
  51286.2389   14.579  0.002    3  1 
  51286.2613   14.493  0.002    3  1 
  51286.2889   14.315  0.002    3  1 
  51286.3108   14.261  0.002    3  1 
  51286.3335   14.297  0.002    3  1 
  51286.3566   14.308  0.002    3  1 
  51304.9734   15.067  0.002    3  1 
  51305.0076   15.266  0.004    3  1 
  51305.0510   15.133  0.004    3  1 
  51305.0770   14.871  0.003    3  1 
  51305.1004   14.740  0.003    3  1 
  51305.1407   14.502  0.003    3  1 
  51305.1707   14.302  0.003    3  1 
  51305.1996   14.236  0.003    3  1 
  51305.2299   14.260  0.003    3  1 
  51305.2561   14.292  0.003    3  1 
  51305.2836   14.353  0.003    3  1 
  51305.3139   14.414  0.003    3  1 
  51305.9733   14.907  0.002    3  1 
  51306.0117   14.608  0.002    3  1 
  51306.0157   14.592  0.002    3  1 
  51306.0375   14.487  0.003    3  1 
  51306.0735   14.340  0.002    3  1 
  51306.1026   14.301  0.002    3  1 
  51306.1285   14.259  0.002    3  1 
  51306.1517   14.316  0.003    3  1 
  51306.2059   14.389  0.002    3  1 
  51306.2269   14.426  0.003    3  1 
  51306.2491   14.492  0.002    3  1 
  51306.2725   14.532  0.003    3  1 
  51306.2932   14.591  0.003    3  1 
  51307.9986   14.380  0.002    3  1 
  51308.0524   14.483  0.002    3  1 
  51308.0811   14.537  0.002    3  1 
  51308.0851   14.549  0.002    3  1 
  51308.1202   14.626  0.003    3  1 
  51310.1272   15.031  0.003    3  1 
  51310.1308   14.918  0.002    3  1 
  51314.9714   14.969  0.003    3  1 
  51315.0138   14.568  0.002    3  1 
  51315.0372   14.469  0.002    3  1 
  51315.0710   14.368  0.002    3  1 
  51315.0946   14.262  0.002    3  1 
  51315.1180   14.282  0.002    3  1 
  51316.0363   14.281  0.002    3  1 
  51316.0597   14.327  0.002    3  1 
  51316.0832   14.351  0.002    3  1 
  51316.1079   14.398  0.002    3  1 
  51316.9780   14.433  0.002    3  1 
  51317.0013   14.422  0.002    3  1 
  51317.0241   14.452  0.003    3  1 
  51317.0523   14.496  0.003    3  1 
  51317.0782   14.551  0.003    3  1 
  51317.1035   14.605  0.003    3  1 
  51317.9808   14.590  0.002    3  1 
  51318.0060   14.620  0.003    3  1 
  51318.0331   14.662  0.003    3  1 
  51318.0898   14.784  0.003    3  1 
  51318.1183   14.797  0.003    3  1 
  51318.9811   14.724  0.002    3  1 
  51319.0058   14.822  0.003    3  1 
  51319.0315   14.900  0.003    3  1 
  51319.0717   14.973  0.004    3  1 
  51319.0961   14.987  0.003    3  1 
  51320.9771   15.112  0.004    3  1 
  51321.0212   15.138  0.003    3  1 
  51321.0434   15.168  0.003    3  1 
  51333.0403   14.356  0.003    3  1 
  51333.1062   14.233  0.003    3  1 
  51334.9989   14.410  0.002    3  1 
  51335.0432   14.516  0.002    3  1 
  51335.0972   14.627  0.003    3  1 
  51335.1083   14.651  0.003    3  1 
  51336.0103   14.663  0.003    3  1 
  51336.0508   14.760  0.003    3  1 
  51336.0891   14.840  0.003    3  1 
  51338.0075   15.017  0.004    3  1 
  51339.0046   15.168  0.004    3  1 
  51339.0385   15.065  0.003    3  1 
  51339.0685   15.095  0.003    3  1 
  51339.1006   15.156  0.003    3  1 
  51339.1280   15.323  0.004    3  1 
  51339.9665   15.028  0.002    3  1 
  51340.0189   15.076  0.002    3  1 
  51340.0441   15.269  0.004    3  1 
  51340.0753   15.007  0.002    3  1 
  51340.1041   15.141  0.004    3  1 
  51345.0430   14.755  0.003    3  1 
  51345.0736   14.832  0.003    3  1 
  51345.9747   14.821  0.003    3  1 
  51346.0101   14.892  0.003    3  1 
  51346.0388   14.935  0.003    3  1 
  51346.0670   14.998  0.004    3  1 
  51347.0317   15.023  0.003    3  1 
  51347.0645   15.050  0.003    3  1 
  51347.0896   15.103  0.003    3  1 
  51347.9638   15.023  0.003    3  1 
  51348.0146   15.146  0.003    3  1 
  51348.9591   15.248  0.004    3  1 
  51349.0243   15.179  0.003    3  1 
  51349.9679   15.001  0.002    3  1 
  51364.9721   14.903  0.003    3  1 
  51380.9890   14.699  0.003    3  1 
  51381.9751   14.897  0.003    3  1 
  51382.9716   15.018  0.004    3  1 
  51383.9680   15.151  0.003    3  1 
  51385.9645   15.273  0.003    3  1 
  51386.9859   14.424  0.002    3  1 
  51388.9699   14.456  0.003    3  1 
  51389.9715   14.669  0.003    3  1 
  51390.9663   14.722  0.002    3  1 
  51391.9664   14.968  0.002    3  1 
  51672.0213   14.704  0.003    3  1 
  51674.0796   14.517  0.003    3  1 
  51674.9989   14.549  0.003    3  1 
  51675.0396   14.627  0.002    3  1 
  51693.0053   14.604  0.002    3  1 
  51694.0012   14.805  0.003    3  1 
  51765.9863   14.909  0.004    3  1 
  51766.0153   14.934  0.004    3  1 
 56468.97641   12.901  0.041   -1  1 
 56469.04707   12.876  0.024   -1  1 
 56469.10896   12.731  0.031   -1  1 
 56469.17285   12.789  0.012   -1  1 
 56471.00364   12.703  0.021   -1  1 
 56471.06640   12.884  0.017   -1  1 
 56471.12490   12.650  0.016   -1  1 
 56471.18188   12.633  0.018   -1  1 
 56471.96759   12.645  0.030   -1  1 
 56472.03374   12.443  0.031   -1  1 
 56472.09484   13.271  0.027   -1  1 
 56472.15243   12.750  0.011   -1  1 
 56468.95296   12.973  0.020   -2  1 
 56469.02441   12.762  0.019   -2  1 
 56469.08813   12.942  0.012   -2  1 
 56469.15134   12.724  0.019   -2  1 
 56471.02588   12.659  0.025   -2  1 
 56471.08671   12.576  0.023   -2  1 
 56471.14302   12.687  0.021   -2  1 
 56471.94704   12.724  0.012   -2  1 
 56472.01085   12.573  0.015   -2  1 
 56472.07480   12.558  0.018   -2  1 
 56472.13240   12.616  0.011   -2  1 
 56472.19216   12.601  0.014   -2  1 
 56469.00041   13.194  0.021   -5  1 
 56469.06767   13.280  0.007   -5  1 
 56469.13003   13.171  0.013   -5  1 
 56469.19349   12.983  0.010   -5  1 
 56470.98130   13.081  0.026   -5  1 
 56471.04693   12.961  0.011   -5  1 
 56471.10523   12.945  0.010   -5  1 
 56471.16397   12.999  0.022   -5  1 
 56471.98857   13.095  0.018   -5  1 
 56472.05430   12.994  0.030   -5  1 
 56472.11383   13.079  0.026   -5  1 
 56472.17109   13.084  0.021   -5  1 
