  51216.2987   14.593  0.004    2  1 
  51216.3218   14.551  0.005    2  1 
  51216.3275   14.548  0.004    2  1 
  51216.3464   14.498  0.005    2  1 
  51216.3519   14.503  0.004    2  1 
  51216.3689   14.459  0.005    2  1 
  51216.3771   14.453  0.004    2  1 
  51216.3980   14.431  0.005    2  1 
  51217.2851   14.615  0.004    2  1 
  51217.3101   14.592  0.005    2  1 
  51217.3152   14.598  0.004    2  1 
  51217.3328   14.570  0.005    2  1 
  51217.3378   14.545  0.004    2  1 
  51217.3552   14.522  0.005    2  1 
  51217.3598   14.516  0.004    2  1 
  51217.3759   14.469  0.005    2  1 
  51217.3804   14.475  0.004    2  1 
  51217.3953   14.443  0.005    2  1 
  51218.2773   14.595  0.005    2  1 
  51218.3013   14.594  0.004    2  1 
  51218.3093   14.599  0.005    2  1 
  51218.3254   14.581  0.004    2  1 
  51218.3298   14.576  0.005    2  1 
  51218.3504   14.553  0.004    2  1 
  51218.3573   14.540  0.005    2  1 
  51218.3753   14.508  0.004    2  1 
  51218.3794   14.489  0.005    2  1 
  51219.2775   14.583  0.004    2  1 
  51219.2978   14.489  0.005    2  1 
  51219.3014   14.586  0.004    2  1 
  51219.3149   14.488  0.005    2  1 
  51219.3186   14.590  0.004    2  1 
  51219.3336   14.578  0.005    2  1 
  51219.3397   14.569  0.004    2  1 
  51219.3596   14.545  0.005    2  1 
  51219.3635   14.547  0.004    2  1 
  51219.3768   14.521  0.005    2  1 
  51219.3810   14.518  0.004    2  1 
  51220.2621   14.548  0.005    2  1 
  51220.2867   14.571  0.004    2  1 
  51220.2906   14.567  0.005    2  1 
  51220.3036   14.576  0.004    2  1 
  51220.3077   14.574  0.005    2  1 
  51220.3219   14.579  0.004    2  1 
  51220.3257   14.575  0.005    2  1 
  51220.3432   14.563  0.005    2  1 
  51220.3564   14.564  0.004    2  1 
  51220.3602   14.547  0.005    2  1 
  51220.3729   14.546  0.004    2  1 
  51220.3776   14.529  0.005    2  1 
  51220.3920   14.521  0.004    2  1 
  51221.2619   14.533  0.004    2  1 
  51221.2835   14.543  0.004    2  1 
  51221.2873   14.552  0.004    2  1 
  51221.3009   14.559  0.005    2  1 
  51221.3052   14.557  0.004    2  1 
  51221.3188   14.565  0.005    2  1 
  51221.3230   14.573  0.004    2  1 
  51221.3358   14.563  0.005    2  1 
  51221.3396   14.570  0.004    2  1 
  51221.3538   14.563  0.005    2  1 
  51221.3577   14.571  0.004    2  1 
  51221.3722   14.554  0.005    2  1 
  51221.3762   14.557  0.004    2  1 
  51283.2102   14.634  0.004    2  1 
  51283.2288   14.639  0.004    2  1 
  51283.2338   14.636  0.004    2  1 
  51283.2391   14.628  0.004    2  1 
  51283.2451   14.630  0.004    2  1 
  51283.2493   14.621  0.004    2  1 
  51283.2642   14.599  0.004    2  1 
  51283.2680   14.590  0.004    2  1 
  51283.2714   14.581  0.004    2  1 
  51283.2748   14.576  0.004    2  1 
  51283.2868   14.534  0.003    2  1 
  51283.2902   14.527  0.003    2  1 
  51283.2939   14.511  0.004    2  1 
  51283.2972   14.505  0.004    2  1 
  51283.3138   14.458  0.003    2  1 
  51283.3170   14.450  0.003    2  1 
  51283.3202   14.447  0.004    2  1 
  51283.3234   14.443  0.004    2  1 
  51283.3408   14.416  0.003    2  1 
  51283.3447   14.410  0.003    2  1 
  51283.3487   14.398  0.004    2  1 
  51283.3518   14.399  0.004    2  1 
  51283.3642   14.386  0.003    2  1 
  51283.3673   14.383  0.003    2  1 
  51283.3707   14.379  0.004    2  1 
  51283.3738   14.379  0.004    2  1 
  51284.1955   14.604  0.004    2  1 
  51284.1993   14.612  0.004    2  1 
  51284.2195   14.633  0.005    2  1 
  51284.2229   14.635  0.004    2  1 
  51284.2266   14.633  0.004    2  1 
  51284.2298   14.637  0.004    2  1 
  51284.2413   14.641  0.004    2  1 
  51284.2443   14.643  0.004    2  1 
  51284.2475   14.646  0.004    2  1 
  51284.2506   14.636  0.004    2  1 
  51284.2617   14.633  0.004    2  1 
  51284.2648   14.630  0.004    2  1 
  51284.2679   14.626  0.004    2  1 
  51284.2711   14.622  0.004    2  1 
  51284.2942   14.581  0.004    2  1 
  51284.2973   14.575  0.004    2  1 
  51284.3004   14.558  0.004    2  1 
  51284.3036   14.552  0.004    2  1 
  51284.3168   14.514  0.004    2  1 
  51284.3211   14.502  0.004    2  1 
  51284.3257   14.482  0.004    2  1 
  51284.3289   14.476  0.004    2  1 
  51284.3428   14.438  0.004    2  1 
  51284.3464   14.442  0.004    2  1 
  51285.0269   14.424  0.003    2  1 
  51285.0299   14.425  0.003    2  1 
  51285.0513   14.384  0.003    2  1 
  51285.0543   14.383  0.004    2  1 
  51285.0577   14.383  0.003    2  1 
  51285.0607   14.385  0.003    2  1 
  51285.0739   14.367  0.004    2  1 
  51285.0778   14.367  0.004    2  1 
  51285.0814   14.378  0.003    2  1 
  51285.0847   14.372  0.003    2  1 
  51285.0975   14.383  0.004    2  1 
  51285.1006   14.391  0.006    2  1 
  51285.1052   14.393  0.003    2  1 
  51285.1084   14.392  0.003    2  1 
  51285.1324   14.428  0.004    2  1 
  51285.1360   14.439  0.004    2  1 
  51285.1396   14.448  0.003    2  1 
  51285.1427   14.449  0.003    2  1 
  51285.1558   14.464  0.004    2  1 
  51285.1588   14.475  0.004    2  1 
  51285.1624   14.493  0.003    2  1 
  51285.1654   14.499  0.004    2  1 
  51285.1796   14.522  0.004    2  1 
  51285.1830   14.532  0.004    2  1 
  51285.1891   14.551  0.004    2  1 
  51285.1924   14.551  0.004    2  1 
  51285.2125   14.584  0.004    2  1 
  51285.2157   14.598  0.004    2  1 
  51285.2195   14.602  0.004    2  1 
  51285.2227   14.611  0.004    2  1 
  51285.2362   14.621  0.005    2  1 
  51285.2426   14.628  0.004    2  1 
  51285.2468   14.618  0.004    2  1 
  51285.2498   14.634  0.004    2  1 
  51285.2630   14.635  0.005    2  1 
  51285.2666   14.636  0.005    2  1 
  51285.2738   14.634  0.004    2  1 
  51285.2775   14.633  0.004    2  1 
  51285.2998   14.612  0.004    2  1 
  51285.3033   14.612  0.005    2  1 
  51285.3077   14.594  0.004    2  1 
  51285.3112   14.591  0.004    2  1 
  51285.3308   14.537  0.004    2  1 
  51285.3348   14.524  0.004    2  1 
  51285.3382   14.516  0.004    2  1 
  51285.3425   14.496  0.003    2  1 
  51285.3456   14.491  0.003    2  1 
  51286.0177   14.519  0.003    2  1 
  51286.0241   14.502  0.003    2  1 
  51286.0461   14.440  0.004    2  1 
  51286.0493   14.423  0.004    2  1 
  51286.0542   14.406  0.003    2  1 
  51286.0574   14.423  0.003    2  1 
  51286.0716   14.401  0.004    2  1 
  51286.0753   14.391  0.004    2  1 
  51286.0794   14.403  0.003    2  1 
  51286.0832   14.394  0.003    2  1 
  51286.1026   14.377  0.004    2  1 
  51286.1061   14.374  0.004    2  1 
  51286.1105   14.385  0.003    2  1 
  51286.1136   14.386  0.003    2  1 
  51286.1365   14.398  0.004    2  1 
  51286.1398   14.396  0.004    2  1 
  51286.1441   14.409  0.003    2  1 
  51286.1472   14.420  0.003    2  1 
  51286.1608   14.432  0.004    2  1 
  51286.1639   14.440  0.004    2  1 
  51286.1669   14.440  0.004    2  1 
  51286.1708   14.455  0.003    2  1 
  51286.1740   14.462  0.003    2  1 
  51286.1875   14.482  0.004    2  1 
  51286.1908   14.490  0.004    2  1 
  51286.1969   14.507  0.003    2  1 
  51286.2002   14.516  0.003    2  1 
  51286.2255   14.563  0.004    2  1 
  51286.2285   14.570  0.004    2  1 
  51286.2322   14.577  0.003    2  1 
  51286.2352   14.580  0.003    2  1 
  51286.2476   14.598  0.004    2  1 
  51286.2508   14.600  0.004    2  1 
  51286.2544   14.606  0.004    2  1 
  51286.2573   14.613  0.004    2  1 
  51286.2697   14.625  0.004    2  1 
  51286.2727   14.630  0.004    2  1 
  51286.2785   14.626  0.004    2  1 
  51286.2816   14.626  0.004    2  1 
  51286.3022   14.632  0.004    2  1 
  51286.3055   14.631  0.004    2  1 
  51286.3149   14.614  0.004    2  1 
  51286.3179   14.613  0.004    2  1 
  51286.3218   14.612  0.004    2  1 
  51286.3250   14.608  0.004    2  1 
  51286.3375   14.582  0.004    2  1 
  51286.3409   14.574  0.004    2  1 
  51286.3450   14.563  0.004    2  1 
  51286.3481   14.563  0.004    2  1 
  51286.3604   14.525  0.004    2  1 
  51286.3635   14.516  0.003    2  1 
  51286.3665   14.509  0.004    2  1 
  51304.9667   14.544  0.003    2  1 
  51304.9697   14.548  0.003    2  1 
  51304.9873   14.575  0.004    2  1 
  51304.9926   14.578  0.004    2  1 
  51304.9956   14.592  0.003    2  1 
  51304.9985   14.584  0.003    2  1 
  51305.0328   14.619  0.004    2  1 
  51305.0362   14.610  0.004    2  1 
  51305.0393   14.613  0.003    2  1 
  51305.0423   14.607  0.003    2  1 
  51305.0559   14.601  0.005    2  1 
  51305.0599   14.597  0.005    2  1 
  51305.0812   14.565  0.004    2  1 
  51305.0852   14.563  0.004    2  1 
  51305.0890   14.548  0.004    2  1 
  51305.0922   14.540  0.004    2  1 
  51305.1040   14.520  0.003    2  1 
  51305.1077   14.510  0.003    2  1 
  51305.1235   14.468  0.004    2  1 
  51305.1269   14.468  0.005    2  1 
  51305.1328   14.460  0.004    2  1 
  51305.1357   14.457  0.003    2  1 
  51305.1509   14.419  0.005    2  1 
  51305.1547   14.430  0.005    2  1 
  51305.1582   14.421  0.004    2  1 
  51305.1616   14.423  0.004    2  1 
  51305.1853   14.396  0.004    2  1 
  51305.1885   14.397  0.004    2  1 
  51305.1919   14.403  0.004    2  1 
  51305.1953   14.400  0.004    2  1 
  51305.2098   14.408  0.004    2  1 
  51305.2128   14.405  0.004    2  1 
  51305.2170   14.407  0.004    2  1 
  51305.2202   14.413  0.004    2  1 
  51305.2431   14.438  0.004    2  1 
  51305.2461   14.445  0.004    2  1 
  51305.2493   14.448  0.003    2  1 
  51305.2523   14.449  0.003    2  1 
  51305.2704   14.487  0.004    2  1 
  51305.2734   14.492  0.004    2  1 
  51305.2764   14.496  0.004    2  1 
  51305.2796   14.505  0.004    2  1 
  51305.2966   14.534  0.004    2  1 
  51305.2995   14.542  0.004    2  1 
  51305.3025   14.541  0.004    2  1 
  51305.3054   14.550  0.004    2  1 
  51305.9643   14.514  0.003    2  1 
  51305.9672   14.510  0.003    2  1 
  51305.9857   14.535  0.003    2  1 
  51305.9885   14.537  0.003    2  1 
  51305.9912   14.547  0.003    2  1 
  51305.9940   14.562  0.002    2  1 
  51305.9970   14.563  0.003    2  1 
  51305.9997   14.550  0.003    2  1 
  51306.0256   14.607  0.004    2  1 
  51306.0285   14.604  0.004    2  1 
  51306.0313   14.608  0.003    2  1 
  51306.0340   14.615  0.003    2  1 
  51306.0465   14.620  0.004    2  1 
  51306.0498   14.620  0.004    2  1 
  51306.0638   14.617  0.003    2  1 
  51306.0674   14.617  0.003    2  1 
  51306.0896   14.583  0.004    2  1 
  51306.0930   14.570  0.004    2  1 
  51306.0960   14.541  0.003    2  1 
  51306.0990   14.523  0.003    2  1 
  51306.1123   14.538  0.004    2  1 
  51306.1151   14.533  0.004    2  1 
  51306.1183   14.482  0.003    2  1 
  51306.1209   14.527  0.003    2  1 
  51306.1375   14.475  0.004    2  1 
  51306.1405   14.475  0.004    2  1 
  51306.1434   14.473  0.004    2  1 
  51306.1474   14.460  0.004    2  1 
  51306.1636   14.422  0.004    2  1 
  51306.1673   14.421  0.004    2  1 
  51306.1743   14.417  0.003    2  1 
  51306.1770   14.417  0.003    2  1 
  51306.1937   14.393  0.003    2  1 
  51306.1966   14.397  0.003    2  1 
  51306.1996   14.396  0.003    2  1 
  51306.2025   14.393  0.003    2  1 
  51306.2146   14.385  0.004    2  1 
  51306.2178   14.393  0.003    2  1 
  51306.2207   14.368  0.003    2  1 
  51306.2235   14.397  0.003    2  1 
  51306.2343   14.400  0.003    2  1 
  51306.2380   14.406  0.003    2  1 
  51306.2407   14.375  0.003    2  1 
  51306.2432   14.411  0.003    2  1 
  51306.2458   14.418  0.003    2  1 
  51306.2574   14.427  0.003    2  1 
  51306.2602   14.432  0.003    2  1 
  51306.2665   14.449  0.003    2  1 
  51306.2691   14.459  0.003    2  1 
  51306.2805   14.474  0.003    2  1 
  51306.2835   14.480  0.003    2  1 
  51306.2862   14.473  0.003    2  1 
  51306.2895   14.486  0.003    2  1 
  51306.3009   14.517  0.004    2  1 
  51306.3038   14.526  0.004    2  1 
  51306.3068   14.524  0.003    2  1 
  51306.3101   14.531  0.003    2  1 
  51306.3135   14.545  0.004    2  1 
  51306.3184   14.552  0.005    2  1 
  51306.9828   14.514  0.004    2  1 
  51306.9870   14.537  0.003    2  1 
  51307.0161   14.578  0.003    2  1 
  51307.0270   14.598  0.004    2  1 
  51307.0388   14.610  0.004    2  1 
  51307.0456   14.602  0.005    2  1 
  51307.0501   14.609  0.005    2  1 
  51307.0593   14.622  0.004    2  1 
  51307.0645   14.614  0.003    2  1 
  51307.0699   14.597  0.007    2  1 
  51307.0747   14.611  0.005    2  1 
  51307.0824   14.608  0.005    2  1 
  51307.9862   14.492  0.003    2  1 
  51307.9901   14.500  0.003    2  1 
  51308.0084   14.521  0.003    2  1 
  51308.0112   14.531  0.003    2  1 
  51308.0178   14.550  0.003    2  1 
  51308.0212   14.562  0.003    2  1 
  51308.0334   14.571  0.003    2  1 
  51308.0362   14.577  0.003    2  1 
  51308.0394   14.585  0.004    2  1 
  51308.0443   14.585  0.003    2  1 
  51308.0633   14.605  0.004    2  1 
  51308.0663   14.611  0.003    2  1 
  51308.0713   14.521  0.002    2  1 
  51308.0995   14.610  0.004    2  1 
  51308.1031   14.607  0.004    2  1 
  51308.1072   14.597  0.004    2  1 
  51308.1114   14.599  0.004    2  1 
  51308.1280   14.577  0.004    2  1 
  51308.1309   14.568  0.004    2  1 
  51310.0850   14.557  0.003    2  1 
  51310.0874   14.554  0.002    2  1 
  51310.0897   14.567  0.003    2  1 
  51310.0922   14.567  0.003    2  1 
  51310.1342   14.593  0.003    2  1 
  51310.1371   14.593  0.003    2  1 
  51310.1402   14.583  0.003    2  1 
  51310.1430   14.593  0.004    2  1 
  51310.1458   14.590  0.004    2  1 
  51310.1486   14.583  0.004    2  1 
  51311.0244   14.445  0.005    2  1 
  51311.0302   14.445  0.005    2  1 
  51311.0334   14.447  0.005    2  1 
  51311.0506   14.466  0.003    2  1 
  51311.0539   14.465  0.003    2  1 
  51311.0637   14.484  0.004    2  1 
  51311.0669   14.489  0.004    2  1 
  51311.0702   14.500  0.003    2  1 
  51311.0907   14.511  0.004    2  1 
  51311.0946   14.530  0.004    2  1 
  51311.0980   14.540  0.004    2  1 
  51311.1015   14.543  0.004    2  1 
  51311.1071   14.546  0.004    2  1 
  51311.1298   14.581  0.004    2  1 
  51311.1327   14.575  0.004    2  1 
  51311.1357   14.580  0.005    2  1 
  51311.1398   14.585  0.004    2  1 
  51311.1447   14.592  0.004    2  1 
  51311.9726   14.531  0.001    2  1 
  51311.9755   14.432  0.004    2  1 
  51312.0020   14.401  0.004    2  1 
  51312.0049   14.405  0.004    2  1 
  51312.0255   14.402  0.004    2  1 
  51312.0284   14.395  0.004    2  1 
  51312.0314   14.399  0.004    2  1 
  51312.0584   14.431  0.004    2  1 
  51312.0611   14.435  0.004    2  1 
  51312.0638   14.430  0.003    2  1 
  51312.0903   14.474  0.003    2  1 
  51312.0929   14.492  0.003    2  1 
  51312.0955   14.485  0.003    2  1 
  51312.1146   14.524  0.004    2  1 
  51312.1173   14.536  0.004    2  1 
  51312.1200   14.533  0.004    2  1 
  51312.9860   14.423  0.003    2  1 
  51312.9887   14.423  0.003    2  1 
  51312.9913   14.417  0.003    2  1 
  51313.0096   14.400  0.003    2  1 
  51313.0123   14.399  0.003    2  1 
  51313.0149   14.393  0.003    2  1 
  51313.0333   14.391  0.004    2  1 
  51313.0360   14.395  0.004    2  1 
  51313.0386   14.391  0.003    2  1 
  51313.0413   14.395  0.004    2  1 
  51313.0595   14.400  0.003    2  1 
  51313.0622   14.401  0.003    2  1 
  51313.0648   14.396  0.003    2  1 
  51313.0911   14.440  0.004    2  1 
  51313.0937   14.446  0.003    2  1 
  51313.0964   14.451  0.003    2  1 
  51313.1146   14.490  0.004    2  1 
  51313.1172   14.495  0.004    2  1 
  51313.1199   14.493  0.004    2  1 
  51313.1226   14.505  0.004    2  1 
  51313.9843   14.451  0.004    2  1 
  51313.9872   14.436  0.004    2  1 
  51313.9901   14.443  0.004    2  1 
  51314.0178   14.405  0.004    2  1 
  51314.0207   14.401  0.004    2  1 
  51314.0236   14.399  0.004    2  1 
  51314.0432   14.394  0.004    2  1 
  51314.0461   14.386  0.004    2  1 
  51314.0490   14.390  0.004    2  1 
  51314.0772   14.403  0.004    2  1 
  51314.0802   14.400  0.004    2  1 
  51314.0831   14.413  0.004    2  1 
  51314.1030   14.447  0.004    2  1 
  51314.1059   14.452  0.004    2  1 
  51314.1088   14.457  0.004    2  1 
  51314.1289   14.488  0.004    2  1 
  51314.1333   14.503  0.004    2  1 
  51314.1363   14.508  0.004    2  1 
  51314.9621   14.531  0.004    2  1 
  51314.9650   14.537  0.004    2  1 
  51314.9679   14.520  0.004    2  1 
  51314.9827   14.487  0.004    2  1 
  51314.9856   14.476  0.004    2  1 
  51314.9885   14.465  0.004    2  1 
  51314.9914   14.474  0.003    2  1 
  51314.9943   14.468  0.003    2  1 
  51314.9972   14.460  0.003    2  1 
  51315.0015   14.441  0.004    2  1 
  51315.0043   14.449  0.004    2  1 
  51315.0069   14.435  0.004    2  1 
  51315.0171   14.425  0.003    2  1 
  51315.0197   14.427  0.003    2  1 
  51315.0224   14.423  0.003    2  1 
  51315.0251   14.404  0.003    2  1 
  51315.0277   14.409  0.003    2  1 
  51315.0304   14.401  0.003    2  1 
  51315.0409   14.406  0.003    2  1 
  51315.0436   14.406  0.003    2  1 
  51315.0462   14.401  0.003    2  1 
  51315.0489   14.388  0.003    2  1 
  51315.0516   14.388  0.003    2  1 
  51315.0542   14.385  0.003    2  1 
  51315.0650   14.396  0.003    2  1 
  51315.0677   14.404  0.003    2  1 
  51315.0780   14.394  0.003    2  1 
  51315.0807   14.400  0.003    2  1 
  51315.0833   14.406  0.004    2  1 
  51315.0860   14.414  0.003    2  1 
  51315.0887   14.419  0.003    2  1 
  51315.0913   14.421  0.003    2  1 
  51315.1015   14.428  0.004    2  1 
  51315.1041   14.428  0.004    2  1 
  51315.1068   14.430  0.004    2  1 
  51315.1094   14.443  0.003    2  1 
  51315.1121   14.442  0.003    2  1 
  51315.1148   14.452  0.003    2  1 
  51315.1290   14.474  0.004    2  1 
  51315.1319   14.475  0.004    2  1 
  51316.0194   14.435  0.003    2  1 
  51316.0221   14.432  0.003    2  1 
  51316.0247   14.432  0.003    2  1 
  51316.0277   14.414  0.002    2  1 
  51316.0303   14.436  0.003    2  1 
  51316.0330   14.436  0.003    2  1 
  51316.0431   14.409  0.003    2  1 
  51316.0458   14.405  0.003    2  1 
  51316.0485   14.407  0.004    2  1 
  51316.0511   14.411  0.003    2  1 
  51316.0538   14.412  0.003    2  1 
  51316.0565   14.414  0.003    2  1 
  51316.0667   14.411  0.004    2  1 
  51316.0693   14.407  0.004    2  1 
  51316.0720   14.411  0.004    2  1 
  51316.0746   14.411  0.003    2  1 
  51316.0773   14.416  0.003    2  1 
  51316.0800   14.418  0.003    2  1 
  51316.0905   14.410  0.004    2  1 
  51316.0934   14.408  0.004    2  1 
  51316.0963   14.412  0.004    2  1 
  51316.0992   14.419  0.003    2  1 
  51316.1020   14.423  0.003    2  1 
  51316.1046   14.425  0.003    2  1 
  51316.1148   14.432  0.003    2  1 
  51316.1175   14.443  0.004    2  1 
  51316.1201   14.443  0.003    2  1 
  51316.1228   14.448  0.003    2  1 
  51316.1255   14.460  0.003    2  1 
  51316.1281   14.462  0.003    2  1 
  51316.9647   14.560  0.004    2  1 
  51316.9676   14.558  0.004    2  1 
  51316.9705   14.557  0.004    2  1 
  51316.9815   14.542  0.003    2  1 
  51316.9843   14.531  0.003    2  1 
  51316.9869   14.533  0.003    2  1 
  51316.9896   14.525  0.004    2  1 
  51316.9923   14.516  0.004    2  1 
  51316.9949   14.520  0.004    2  1 
  51316.9978   14.518  0.004    2  1 
  51317.0088   14.490  0.004    2  1 
  51317.0117   14.487  0.004    2  1 
  51317.0147   14.486  0.003    2  1 
  51317.0176   14.485  0.003    2  1 
  51317.0205   14.480  0.004    2  1 
  51317.0321   14.454  0.005    2  1 
  51317.0351   14.440  0.004    2  1 
  51317.0391   14.437  0.004    2  1 
  51317.0420   14.454  0.004    2  1 
  51317.0450   14.439  0.004    2  1 
  51317.0483   14.441  0.004    2  1 
  51317.0602   14.428  0.004    2  1 
  51317.0631   14.418  0.004    2  1 
  51317.0660   14.412  0.004    2  1 
  51317.0689   14.426  0.003    2  1 
  51317.0718   14.426  0.004    2  1 
  51317.0747   14.424  0.004    2  1 
  51317.0858   14.420  0.004    2  1 
  51317.0887   14.424  0.004    2  1 
  51317.0916   14.413  0.004    2  1 
  51317.0946   14.419  0.003    2  1 
  51317.0974   14.418  0.003    2  1 
  51317.1000   14.434  0.003    2  1 
  51317.1111   14.432  0.004    2  1 
  51317.1140   14.438  0.005    2  1 
  51317.1169   14.440  0.004    2  1 
  51317.1199   14.444  0.003    2  1 
  51317.1228   14.449  0.004    2  1 
  51317.1257   14.450  0.004    2  1 
  51317.9628   14.566  0.004    2  1 
  51317.9657   14.561  0.004    2  1 
  51317.9685   14.559  0.004    2  1 
  51317.9715   14.573  0.004    2  1 
  51317.9744   14.561  0.004    2  1 
  51317.9772   14.563  0.004    2  1 
  51317.9883   14.547  0.004    2  1 
  51317.9912   14.544  0.004    2  1 
  51317.9941   14.540  0.004    2  1 
  51317.9970   14.536  0.003    2  1 
  51317.9998   14.538  0.003    2  1 
  51318.0025   14.540  0.003    2  1 
  51318.0135   14.514  0.004    2  1 
  51318.0164   14.513  0.004    2  1 
  51318.0194   14.509  0.005    2  1 
  51318.0227   14.516  0.004    2  1 
  51318.0260   14.507  0.004    2  1 
  51318.0292   14.504  0.005    2  1 
  51318.0413   14.474  0.005    2  1 
  51318.0445   14.467  0.005    2  1 
  51318.0477   14.462  0.005    2  1 
  51318.0510   14.461  0.004    2  1 
  51318.0542   14.458  0.004    2  1 
  51318.0575   14.453  0.004    2  1 
  51318.0697   14.441  0.005    2  1 
  51318.0730   14.441  0.005    2  1 
  51318.0762   14.444  0.005    2  1 
  51318.0795   14.437  0.004    2  1 
  51318.0827   14.444  0.004    2  1 
  51318.0859   14.432  0.004    2  1 
  51318.0981   14.443  0.005    2  1 
  51318.1014   14.433  0.005    2  1 
  51318.1046   14.441  0.005    2  1 
  51318.1079   14.435  0.004    2  1 
  51318.1111   14.434  0.004    2  1 
  51318.1144   14.448  0.005    2  1 
  51318.1265   14.447  0.005    2  1 
  51318.1298   14.446  0.005    2  1 
  51318.9642   14.570  0.004    2  1 
  51318.9680   14.573  0.005    2  1 
  51318.9708   14.574  0.004    2  1 
  51318.9737   14.568  0.004    2  1 
  51318.9846   14.570  0.003    2  1 
  51318.9874   14.572  0.003    2  1 
  51318.9902   14.572  0.003    2  1 
  51318.9929   14.568  0.004    2  1 
  51318.9956   14.571  0.004    2  1 
  51318.9983   14.566  0.004    2  1 
  51319.0093   14.554  0.003    2  1 
  51319.0122   14.559  0.004    2  1 
  51319.0151   14.557  0.004    2  1 
  51319.0180   14.547  0.004    2  1 
  51319.0209   14.545  0.004    2  1 
  51319.0238   14.541  0.004    2  1 
  51319.0351   14.530  0.004    2  1 
  51319.0380   14.523  0.004    2  1 
  51319.0411   14.516  0.004    2  1 
  51319.0443   14.514  0.004    2  1 
  51319.0474   14.501  0.004    2  1 
  51319.0505   14.500  0.005    2  1 
  51319.0623   14.479  0.004    2  1 
  51319.0793   14.458  0.004    2  1 
  51319.0820   14.452  0.004    2  1 
  51319.0847   14.449  0.003    2  1 
  51319.0928   14.443  0.003    2  1 
  51319.1030   14.437  0.004    2  1 
  51319.1084   14.427  0.004    2  1 
  51319.1110   14.427  0.004    2  1 
  51319.1137   14.438  0.003    2  1 
  51319.1164   14.432  0.003    2  1 
  51319.1190   14.428  0.003    2  1 
  51320.0869   14.401  0.003    2  1 
  51320.0909   14.470  0.003    2  1 
  51320.1030   14.456  0.003    2  1 
  51320.1053   14.452  0.003    2  1 
  51320.1076   14.448  0.003    2  1 
  51320.1238   14.430  0.003    2  1 
  51320.1261   14.434  0.003    2  1 
  51320.1284   14.425  0.003    2  1 
  51320.1450   14.424  0.003    2  1 
  51320.1477   14.412  0.003    2  1 
  51320.1503   14.415  0.003    2  1 
  51320.1531   14.422  0.003    2  1 
  51320.1557   14.423  0.003    2  1 
  51320.1584   14.427  0.003    2  1 
  51320.9635   14.543  0.004    2  1 
  51320.9664   14.551  0.004    2  1 
  51320.9693   14.555  0.004    2  1 
  51320.9810   14.572  0.003    2  1 
  51320.9838   14.493  0.003    2  1 
  51320.9887   14.572  0.003    2  1 
  51320.9911   14.573  0.003    2  1 
  51320.9936   14.580  0.003    2  1 
  51321.0102   14.590  0.003    2  1 
  51321.0126   14.596  0.003    2  1 
  51321.0150   14.578  0.003    2  1 
  51321.0292   14.571  0.003    2  1 
  51321.0318   14.593  0.003    2  1 
  51321.0344   14.597  0.003    2  1 
  51321.0369   14.596  0.004    2  1 
  51321.0466   14.589  0.003    2  1 
  51321.0491   14.590  0.003    2  1 
  51321.0517   14.556  0.003    2  1 
  51321.0543   14.583  0.004    2  1 
  51321.0568   14.586  0.003    2  1 
  51321.0594   14.581  0.004    2  1 
  51321.0689   14.561  0.003    2  1 
  51321.0714   14.559  0.003    2  1 
  51321.0740   14.582  0.003    2  1 
  51321.0847   14.537  0.004    2  1 
  51321.0873   14.525  0.004    2  1 
  51321.0898   14.525  0.004    2  1 
  51321.0997   14.507  0.003    2  1 
  51321.1023   14.495  0.003    2  1 
  51321.1049   14.499  0.003    2  1 
  51321.1074   14.492  0.003    2  1 
  51321.1100   14.478  0.003    2  1 
  51321.1133   14.474  0.004    2  1 
  51321.1159   14.471  0.004    2  1 
  51321.1186   14.458  0.004    2  1 
  51321.1285   14.442  0.003    2  1 
  51321.1311   14.439  0.003    2  1 
  51321.1339   14.432  0.003    2  1 
  51321.1365   14.432  0.004    2  1 
  51332.9607   14.576  0.005    2  1 
  51332.9651   14.560  0.006    2  1 
  51332.9696   14.552  0.006    2  1 
  51332.9739   14.544  0.006    2  1 
  51332.9797   14.539  0.004    2  1 
  51332.9834   14.531  0.004    2  1 
  51332.9891   14.511  0.005    2  1 
  51332.9928   14.511  0.005    2  1 
  51332.9965   14.500  0.005    2  1 
  51333.0005   14.496  0.004    2  1 
  51333.0039   14.488  0.004    2  1 
  51333.0083   14.469  0.005    2  1 
  51333.0120   14.467  0.005    2  1 
  51333.0156   14.466  0.004    2  1 
  51333.0192   14.462  0.004    2  1 
  51333.0226   14.444  0.005    2  1 
  51333.0264   14.436  0.005    2  1 
  51333.0445   14.419  0.004    2  1 
  51333.0479   14.420  0.004    2  1 
  51333.0514   14.412  0.005    2  1 
  51333.0552   14.413  0.006    2  1 
  51333.0636   14.408  0.005    2  1 
  51333.0681   14.408  0.005    2  1 
  51333.0742   14.396  0.005    2  1 
  51333.0779   14.407  0.005    2  1 
  51333.0834   14.399  0.004    2  1 
  51333.0869   14.404  0.004    2  1 
  51333.0907   14.404  0.005    2  1 
  51333.0945   14.406  0.005    2  1 
  51333.0981   14.415  0.004    2  1 
  51333.1018   14.416  0.004    2  1 
  51333.1178   14.427  0.005    2  1 
  51333.1221   14.436  0.005    2  1 
  51333.1258   14.441  0.004    2  1 
  51333.1294   14.449  0.005    2  1 
  51333.1335   14.448  0.005    2  1 
  51333.1369   14.458  0.005    2  1 
  51333.1410   14.466  0.005    2  1 
  51333.1452   14.470  0.005    2  1 
  51333.1492   14.475  0.005    2  1 
  51333.1529   14.480  0.005    2  1 
  51333.1565   14.486  0.005    2  1 
  51333.1642   14.506  0.004    2  1 
  51333.1679   14.508  0.004    2  1 
  51333.1716   14.512  0.005    2  1 
  51333.1752   14.518  0.005    2  1 
  51334.9778   14.593  0.003    2  1 
  51334.9806   14.594  0.003    2  1 
  51334.9841   14.589  0.004    2  1 
  51334.9871   14.589  0.004    2  1 
  51335.0115   14.574  0.003    2  1 
  51335.0145   14.565  0.003    2  1 
  51335.0175   14.568  0.004    2  1 
  51335.0204   14.560  0.004    2  1 
  51335.0237   14.555  0.004    2  1 
  51335.0269   14.555  0.004    2  1 
  51335.0301   14.548  0.004    2  1 
  51335.0334   14.549  0.004    2  1 
  51335.0365   14.538  0.004    2  1 
  51335.0396   14.530  0.004    2  1 
  51335.0517   14.507  0.005    2  1 
  51335.0552   14.498  0.005    2  1 
  51335.0624   14.488  0.004    2  1 
  51335.0658   14.484  0.004    2  1 
  51335.0692   14.473  0.005    2  1 
  51335.0727   14.458  0.004    2  1 
  51335.0766   14.464  0.004    2  1 
  51335.0800   14.458  0.004    2  1 
  51335.0833   14.454  0.005    2  1 
  51335.0867   14.442  0.005    2  1 
  51335.1009   14.430  0.004    2  1 
  51335.1041   14.426  0.004    2  1 
  51335.1133   14.420  0.005    2  1 
  51335.1167   14.421  0.005    2  1 
  51335.9535   14.567  0.005    2  1 
  51335.9585   14.570  0.004    2  1 
  51335.9619   14.575  0.004    2  1 
  51335.9661   14.575  0.004    2  1 
  51335.9693   14.574  0.004    2  1 
  51335.9726   14.585  0.005    2  1 
  51335.9768   14.590  0.005    2  1 
  51335.9855   14.590  0.004    2  1 
  51335.9915   14.590  0.004    2  1 
  51335.9966   14.600  0.004    2  1 
  51335.9997   14.596  0.004    2  1 
  51336.0027   14.601  0.004    2  1 
  51336.0139   14.595  0.004    2  1 
  51336.0172   14.592  0.004    2  1 
  51336.0203   14.598  0.004    2  1 
  51336.0236   14.603  0.004    2  1 
  51336.0275   14.589  0.004    2  1 
  51336.0306   14.594  0.004    2  1 
  51336.0357   14.589  0.005    2  1 
  51336.0388   14.580  0.005    2  1 
  51336.0439   14.582  0.004    2  1 
  51336.0470   14.575  0.004    2  1 
  51336.0593   14.551  0.005    2  1 
  51336.0629   14.543  0.005    2  1 
  51336.0662   14.544  0.004    2  1 
  51336.0696   14.536  0.004    2  1 
  51336.0728   14.527  0.004    2  1 
  51336.0769   14.519  0.005    2  1 
  51336.0803   14.516  0.005    2  1 
  51336.0954   14.482  0.004    2  1 
  51336.0989   14.469  0.004    2  1 
  51336.1025   14.461  0.005    2  1 
  51336.1059   14.465  0.005    2  1 
  51336.1119   14.451  0.004    2  1 
  51336.1153   14.445  0.004    2  1 
  51336.1206   14.436  0.005    2  1 
  51336.1240   14.430  0.005    2  1 
  51336.1297   14.431  0.004    2  1 
  51336.1557   14.426  0.006    2  1 
  51336.1600   14.414  0.005    2  1 
  51336.1647   14.418  0.006    2  1 
  51336.9567   14.527  0.002    2  1 
  51337.0022   14.605  0.004    2  1 
  51337.0101   14.599  0.005    2  1 
  51337.9827   14.555  0.005    2  1 
  51337.9868   14.559  0.004    2  1 
  51337.9904   14.562  0.005    2  1 
  51337.9940   14.564  0.005    2  1 
  51337.9997   14.579  0.004    2  1 
  51338.0033   14.587  0.004    2  1 
  51338.0162   14.603  0.005    2  1 
  51338.0196   14.594  0.005    2  1 
  51338.0231   14.601  0.004    2  1 
  51338.0265   14.610  0.004    2  1 
  51338.0304   14.598  0.004    2  1 
  51338.0339   14.606  0.005    2  1 
  51338.0376   14.606  0.006    2  1 
  51338.9791   14.507  0.003    2  1 
  51338.9849   14.522  0.003    2  1 
  51338.9901   14.525  0.004    2  1 
  51338.9938   14.544  0.004    2  1 
  51339.0116   14.563  0.004    2  1 
  51339.0151   14.573  0.004    2  1 
  51339.0226   14.582  0.005    2  1 
  51339.0269   14.586  0.005    2  1 
  51339.0441   14.594  0.004    2  1 
  51339.0477   14.601  0.004    2  1 
  51339.0513   14.604  0.004    2  1 
  51339.0774   14.603  0.004    2  1 
  51339.0807   14.602  0.004    2  1 
  51339.0867   14.591  0.005    2  1 
  51339.0905   14.595  0.005    2  1 
  51339.1053   14.656  0.005    2  1 
  51339.1093   14.572  0.004    2  1 
  51339.1139   14.570  0.005    2  1 
  51339.1177   14.555  0.005    2  1 
  51339.1327   14.534  0.004    2  1 
  51339.1363   14.528  0.004    2  1 
  51339.1448   14.498  0.005    2  1 
  51339.1482   14.493  0.004    2  1 
  51339.9588   14.462  0.003    2  1 
  51339.9627   14.466  0.003    2  1 
  51339.9766   14.478  0.004    2  1 
  51339.9795   14.484  0.004    2  1 
  51339.9835   14.497  0.003    2  1 
  51339.9874   14.492  0.003    2  1 
  51340.0044   14.520  0.004    2  1 
  51340.0078   14.522  0.004    2  1 
  51340.0115   14.536  0.003    2  1 
  51340.0146   14.539  0.003    2  1 
  51340.0274   14.559  0.004    2  1 
  51340.0306   14.562  0.004    2  1 
  51340.0349   14.567  0.004    2  1 
  51340.0380   14.562  0.004    2  1 
  51340.0540   14.579  0.005    2  1 
  51340.0572   14.585  0.005    2  1 
  51340.0659   14.589  0.004    2  1 
  51340.0696   14.592  0.004    2  1 
  51340.0857   14.595  0.005    2  1 
  51340.0892   14.593  0.005    2  1 
  51340.0938   14.596  0.004    2  1 
  51340.0983   14.594  0.004    2  1 
  51340.1152   14.579  0.005    2  1 
  51340.1197   14.574  0.005    2  1 
  51340.1229   14.565  0.005    2  1 
  51340.1263   14.570  0.005    2  1 
  51340.1334   14.553  0.004    2  1 
  51340.1366   14.555  0.004    2  1 
  51340.1404   14.545  0.005    2  1 
  51340.1437   14.543  0.005    2  1 
  51344.9654   14.458  0.003    2  1 
  51344.9786   14.442  0.003    2  1 
  51344.9829   14.434  0.004    2  1 
  51344.9924   14.415  0.004    2  1 
  51344.9958   14.422  0.003    2  1 
  51344.9988   14.406  0.003    2  1 
  51345.0052   14.413  0.003    2  1 
  51345.0092   14.418  0.003    2  1 
  51345.0132   14.410  0.003    2  1 
  51345.0170   14.409  0.004    2  1 
  51345.0216   14.404  0.004    2  1 
  51345.0255   14.404  0.005    2  1 
  51345.0302   14.401  0.004    2  1 
  51345.0353   14.412  0.003    2  1 
  51345.0390   14.415  0.003    2  1 
  51345.0553   14.429  0.004    2  1 
  51345.0603   14.431  0.004    2  1 
  51345.0645   14.443  0.003    2  1 
  51345.0690   14.451  0.003    2  1 
  51345.9658   14.494  0.005    2  1 
  51345.9696   14.482  0.005    2  1 
  51345.9856   14.443  0.005    2  1 
  51345.9896   14.428  0.005    2  1 
  51345.9999   14.427  0.004    2  1 
  51346.0043   14.420  0.004    2  1 
  51346.0219   14.402  0.005    2  1 
  51346.0264   14.401  0.005    2  1 
  51346.0310   14.405  0.004    2  1 
  51346.0343   14.404  0.004    2  1 
  51346.0486   14.397  0.004    2  1 
  51346.0523   14.401  0.004    2  1 
  51346.0571   14.410  0.004    2  1 
  51346.0604   14.417  0.004    2  1 
  51346.0791   14.426  0.004    2  1 
  51346.0826   14.428  0.004    2  1 
  51347.0221   14.423  0.004    2  1 
  51347.0274   14.420  0.002    2  1 
  51347.0416   14.402  0.004    2  1 
  51347.0453   14.409  0.003    2  1 
  51347.0562   14.414  0.003    2  1 
  51347.0597   14.409  0.003    2  1 
  51347.0743   14.410  0.004    2  1 
  51347.0777   14.411  0.004    2  1 
  51347.0815   14.423  0.003    2  1 
  51347.0850   14.427  0.003    2  1 
  51347.0990   14.435  0.003    2  1 
  51347.1022   14.433  0.003    2  1 
  51347.9581   14.564  0.003    2  1 
  51347.9769   14.527  0.004    2  1 
  51347.9802   14.521  0.004    2  1 
  51347.9834   14.519  0.004    2  1 
  51347.9877   14.516  0.004    2  1 
  51347.9914   14.510  0.004    2  1 
  51347.9948   14.511  0.004    2  1 
  51347.9983   14.494  0.004    2  1 
  51348.0028   14.484  0.004    2  1 
  51348.0063   14.477  0.004    2  1 
  51348.0181   14.465  0.004    2  1 
  51348.0211   14.463  0.003    2  1 
  51348.0242   14.455  0.004    2  1 
  51348.0274   14.452  0.004    2  1 
  51348.0849   14.433  0.005    2  1 
  51348.0897   14.427  0.004    2  1 
  51348.0943   14.425  0.005    2  1 
  51348.0983   14.433  0.005    2  1 
  51348.1018   14.438  0.005    2  1 
  51348.1054   14.448  0.004    2  1 
  51348.1088   14.453  0.004    2  1 
  51348.1122   14.453  0.004    2  1 
  51348.9528   14.568  0.003    2  1 
  51348.9557   14.569  0.004    2  1 
  51348.9650   14.558  0.005    2  1 
  51348.9682   14.557  0.004    2  1 
  51348.9795   14.546  0.003    2  1 
  51348.9824   14.552  0.003    2  1 
  51348.9853   14.544  0.004    2  1 
  51348.9883   14.546  0.004    2  1 
  51348.9912   14.538  0.004    2  1 
  51348.9941   14.536  0.003    2  1 
  51349.0152   14.515  0.004    2  1 
  51349.0189   14.514  0.004    2  1 
  51349.0316   14.492  0.004    2  1 
  51349.0346   14.485  0.004    2  1 
  51349.9596   14.544  0.003    2  1 
  51349.9627   14.546  0.003    2  1 
  51349.9815   14.552  0.004    2  1 
  51349.9851   14.559  0.004    2  1 
  51349.9911   14.558  0.003    2  1 
  51349.9944   14.557  0.003    2  1 
  51349.9973   14.553  0.004    2  1 
  51350.0033   14.548  0.005    2  1 
  51350.0066   14.550  0.004    2  1 
  51350.0097   14.552  0.004    2  1 
  51350.0128   14.554  0.004    2  1 
  51350.0164   14.545  0.004    2  1 
  51350.0197   14.541  0.004    2  1 
  51350.0228   14.546  0.004    2  1 
  51350.0296   14.539  0.004    2  1 
  51364.9643   14.456  0.003    2  1 
  51364.9677   14.456  0.003    2  1 
  51380.9714   14.397  0.003    2  1 
  51380.9769   14.386  0.003    2  1 
  51380.9801   14.376  0.003    2  1 
  51380.9845   14.373  0.003    2  1 
  51380.9973   14.363  0.004    2  1 
  51381.0004   14.374  0.003    2  1 
  51381.0031   14.368  0.003    2  1 
  51381.0066   14.377  0.003    2  1 
  51381.0096   14.376  0.003    2  1 
  51381.0136   14.385  0.003    2  1 
  51381.0187   14.387  0.003    2  1 
  51381.0214   14.389  0.003    2  1 
  51381.0242   14.392  0.003    2  1 
  51381.9638   14.438  0.003    2  1 
  51381.9679   14.433  0.003    2  1 
  51381.9716   14.427  0.004    2  1 
  51381.9830   14.411  0.004    2  1 
  51381.9859   14.415  0.004    2  1 
  51381.9888   14.409  0.004    2  1 
  51381.9917   14.400  0.004    2  1 
  51381.9946   14.398  0.004    2  1 
  51382.0000   14.392  0.004    2  1 
  51382.0029   14.384  0.004    2  1 
  51382.9605   14.515  0.003    2  1 
  51382.9652   14.501  0.003    2  1 
  51382.9682   14.494  0.004    2  1 
  51382.9793   14.463  0.005    2  1 
  51382.9826   14.454  0.004    2  1 
  51382.9857   14.457  0.004    2  1 
  51382.9887   14.447  0.003    2  1 
  51382.9916   14.444  0.004    2  1 
  51382.9965   14.438  0.004    2  1 
  51382.9995   14.435  0.004    2  1 
  51383.9595   14.581  0.003    2  1 
  51383.9648   14.570  0.003    2  1 
  51383.9746   14.551  0.004    2  1 
  51383.9773   14.546  0.003    2  1 
  51383.9799   14.539  0.004    2  1 
  51383.9826   14.526  0.003    2  1 
  51383.9853   14.527  0.003    2  1 
  51383.9899   14.511  0.004    2  1 
  51383.9926   14.500  0.004    2  1 
  51384.9657   14.512  0.003    2  1 
  51384.9751   14.612  0.003    2  1 
  51384.9777   14.611  0.004    2  1 
  51384.9802   14.599  0.003    2  1 
  51384.9827   14.578  0.003    2  1 
  51384.9853   14.572  0.003    2  1 
  51384.9896   14.585  0.004    2  1 
  51384.9921   14.579  0.003    2  1 
  51385.9557   14.618  0.003    2  1 
  51385.9589   14.579  0.003    2  1 
  51385.9615   14.640  0.003    2  1 
  51385.9711   14.645  0.004    2  1 
  51385.9737   14.647  0.004    2  1 
  51385.9763   14.643  0.004    2  1 
  51385.9788   14.636  0.003    2  1 
  51385.9814   14.636  0.003    2  1 
  51385.9857   14.642  0.004    2  1 
  51385.9884   14.661  0.005    2  1 
  51386.9731   14.654  0.004    2  1 
  51386.9769   14.652  0.004    2  1 
  51386.9807   14.645  0.004    2  1 
  51386.9965   14.651  0.005    2  1 
  51387.0003   14.644  0.004    2  1 
  51387.0041   14.642  0.005    2  1 
  51387.0101   14.633  0.004    2  1 
  51387.0139   14.627  0.004    2  1 
  51387.0177   14.610  0.004    2  1 
  51387.0216   14.621  0.005    2  1 
  51387.0254   14.597  0.004    2  1 
  51387.0293   14.603  0.005    2  1 
  51388.9571   14.576  0.005    2  1 
  51388.9622   14.575  0.005    2  1 
  51388.9659   14.600  0.005    2  1 
  51388.9801   14.621  0.005    2  1 
  51388.9834   14.625  0.005    2  1 
  51388.9866   14.631  0.005    2  1 
  51388.9899   14.633  0.005    2  1 
  51388.9932   14.640  0.004    2  1 
  51388.9984   14.632  0.005    2  1 
  51389.0017   14.642  0.005    2  1 
  51389.9629   14.543  0.003    2  1 
  51389.9656   14.547  0.003    2  1 
  51389.9683   14.553  0.003    2  1 
  51389.9783   14.576  0.004    2  1 
  51389.9809   14.578  0.004    2  1 
  51389.9836   14.591  0.004    2  1 
  51390.9578   14.458  0.003    2  1 
  51390.9604   14.492  0.003    2  1 
  51390.9631   14.499  0.004    2  1 
  51390.9729   14.501  0.003    2  1 
  51390.9756   14.508  0.003    2  1 
  51390.9783   14.512  0.003    2  1 
  51391.9583   14.391  0.002    2  1 
  51391.9728   14.448  0.003    2  1 
  51391.9754   14.456  0.003    2  1 
  51391.9779   14.459  0.003    2  1 
  51646.1374   14.507  0.004    2  1 
  51646.1447   14.510  0.005    2  1 
  51646.1486   14.505  0.004    2  1 
  51646.1532   14.507  0.004    2  1 
  51646.1570   14.514  0.005    2  1 
  51646.1609   14.512  0.005    2  1 
  51646.1649   14.516  0.005    2  1 
  51646.1687   14.509  0.004    2  1 
  51646.1727   14.516  0.004    2  1 
  51646.1764   14.512  0.004    2  1 
  51646.1801   14.508  0.004    2  1 
  51646.1837   14.511  0.004    2  1 
  51646.1871   14.510  0.004    2  1 
  51646.1907   14.515  0.005    2  1 
  51646.1944   14.516  0.004    2  1 
  51646.1983   14.511  0.004    2  1 
  51646.2025   14.516  0.004    2  1 
  51646.2065   14.507  0.004    2  1 
  51646.2100   14.516  0.004    2  1 
  51646.2138   14.510  0.004    2  1 
  51646.2172   14.509  0.004    2  1 
  51646.2206   14.514  0.004    2  1 
  51646.2245   14.508  0.004    2  1 
  51646.2283   14.510  0.004    2  1 
  51646.2320   14.509  0.004    2  1 
  51646.2362   14.514  0.003    2  1 
  51646.2394   14.517  0.003    2  1 
  51646.2426   14.512  0.003    2  1 
  51646.2457   14.510  0.003    2  1 
  51646.2489   14.512  0.003    2  1 
  51646.2523   14.511  0.004    2  1 
  51646.2557   14.513  0.004    2  1 
  51646.2591   14.517  0.004    2  1 
  51646.2626   14.517  0.004    2  1 
  51646.2660   14.505  0.004    2  1 
  51646.2694   14.510  0.004    2  1 
  51646.2730   14.520  0.005    2  1 
  51646.2769   14.527  0.005    2  1 
  51646.2811   14.523  0.006    2  1 
  51646.2852   14.518  0.005    2  1 
  51646.2895   14.513  0.005    2  1 
  51646.2939   14.522  0.005    2  1 
  51646.2986   14.516  0.005    2  1 
  51646.3027   14.515  0.005    2  1 
  51646.3070   14.514  0.005    2  1 
  51646.3111   14.513  0.005    2  1 
  51646.3151   14.510  0.004    2  1 
  51646.3189   14.515  0.004    2  1 
  51646.3225   14.511  0.004    2  1 
  51646.3260   14.509  0.004    2  1 
  51646.3296   14.505  0.004    2  1 
  51646.3330   14.507  0.004    2  1 
  51646.3377   14.518  0.004    2  1 
  51646.3414   14.515  0.004    2  1 
  51646.3451   14.509  0.004    2  1 
  51646.3496   14.510  0.004    2  1 
  51646.3530   14.507  0.004    2  1 
  51646.3568   14.508  0.004    2  1 
  51646.3602   14.522  0.005    2  1 
  51646.3637   14.517  0.004    2  1 
  51646.3679   14.514  0.004    2  1 
  51646.3713   14.512  0.004    2  1 
  51646.3746   14.520  0.005    2  1 
  51671.0353   14.563  0.004    2  1 
  51671.0475   14.547  0.003    2  1 
  51671.0585   14.535  0.003    2  1 
  51671.0649   14.524  0.004    2  1 
  51671.0721   14.517  0.004    2  1 
  51671.0771   14.510  0.005    2  1 
  51671.0871   14.483  0.004    2  1 
  51671.0917   14.475  0.004    2  1 
  51671.0952   14.465  0.004    2  1 
  51671.1013   14.464  0.004    2  1 
  51671.1053   14.455  0.004    2  1 
  51671.1107   14.451  0.004    2  1 
  51671.1151   14.446  0.004    2  1 
  51671.1189   14.435  0.004    2  1 
  51671.1232   14.432  0.004    2  1 
  51671.1292   14.429  0.004    2  1 
  51671.9878   14.562  0.003    2  1 
  51671.9920   14.563  0.003    2  1 
  51671.9996   14.566  0.004    2  1 
  51672.0039   14.572  0.004    2  1 
  51672.0277   14.573  0.004    2  1 
  51672.0316   14.568  0.003    2  1 
  51672.0350   14.577  0.004    2  1 
  51672.0382   14.575  0.004    2  1 
  51672.0822   14.528  0.003    2  1 
  51673.0232   14.570  0.003    2  1 
  51674.0574   14.556  0.006    2  1 
  51674.0685   14.567  0.005    2  1 
  51674.0726   14.573  0.005    2  1 
  51674.0938   14.568  0.005    2  1 
  51674.0985   14.565  0.005    2  1 
  51674.1052   14.566  0.004    2  1 
  51674.1117   14.560  0.004    2  1 
  51674.1159   14.563  0.005    2  1 
  51674.1223   14.554  0.005    2  1 
  51674.1260   14.551  0.004    2  1 
  51674.1296   14.547  0.004    2  1 
  51674.1332   14.544  0.004    2  1 
  51674.1368   14.544  0.004    2  1 
  51674.1405   14.539  0.004    2  1 
  51674.1444   14.538  0.004    2  1 
  51674.9689   14.442  0.004    2  1 
  51674.9724   14.445  0.004    2  1 
  51674.9763   14.435  0.005    2  1 
  51674.9824   14.444  0.005    2  1 
  51674.9867   14.457  0.004    2  1 
  51674.9911   14.461  0.004    2  1 
  51675.0041   14.479  0.004    2  1 
  51675.0121   14.493  0.005    2  1 
  51675.0159   14.499  0.005    2  1 
  51675.0212   14.494  0.005    2  1 
  51675.0253   14.507  0.004    2  1 
  51675.0289   14.514  0.003    2  1 
  51675.0351   14.523  0.004    2  1 
  51675.0465   14.538  0.004    2  1 
  51675.0521   14.547  0.004    2  1 
  51675.0558   14.548  0.004    2  1 
  51675.0622   14.555  0.004    2  1 
  51675.0661   14.561  0.004    2  1 
  51675.0719   14.563  0.004    2  1 
  51675.0756   14.568  0.004    2  1 
  51675.0814   14.575  0.004    2  1 
  51675.0858   14.574  0.004    2  1 
  51675.0927   14.580  0.004    2  1 
  51675.0970   14.585  0.004    2  1 
  51675.9751   14.429  0.003    2  1 
  51675.9802   14.420  0.004    2  1 
  51675.9906   14.431  0.003    2  1 
  51675.9939   14.433  0.003    2  1 
  51675.9971   14.443  0.003    2  1 
  51676.0005   14.451  0.003    2  1 
  51676.0036   14.452  0.003    2  1 
  51676.0067   14.450  0.003    2  1 
  51676.0112   14.462  0.003    2  1 
  51676.0163   14.456  0.004    2  1 
  51676.0240   14.478  0.004    2  1 
  51676.0301   14.490  0.004    2  1 
  51676.9616   14.404  0.004    2  1 
  51676.9713   14.399  0.004    2  1 
  51676.9757   14.406  0.004    2  1 
  51676.9867   14.410  0.005    2  1 
  51676.9919   14.424  0.006    2  1 
  51676.9969   14.416  0.005    2  1 
  51677.0090   14.434  0.005    2  1 
  51677.0126   14.433  0.004    2  1 
  51677.0180   14.443  0.005    2  1 
  51677.0226   14.445  0.005    2  1 
  51677.0271   14.457  0.005    2  1 
  51677.0318   14.464  0.005    2  1 
  51677.0362   14.465  0.005    2  1 
  51677.0410   14.476  0.005    2  1 
  51677.0453   14.493  0.005    2  1 
  51677.0499   14.493  0.005    2  1 
  51677.0580   14.512  0.005    2  1 
  51677.0628   14.518  0.005    2  1 
  51677.0672   14.527  0.005    2  1 
  51677.0713   14.536  0.005    2  1 
  51677.0751   14.538  0.005    2  1 
  51677.0793   14.551  0.005    2  1 
  51677.0835   14.553  0.005    2  1 
  51677.0877   14.561  0.005    2  1 
  51677.0918   14.566  0.005    2  1 
  51677.0956   14.580  0.005    2  1 
  51677.0996   14.581  0.005    2  1 
  51677.1044   14.594  0.005    2  1 
  51677.1082   14.598  0.006    2  1 
  51677.1121   14.602  0.005    2  1 
  51677.1160   14.604  0.005    2  1 
  51677.1199   14.606  0.005    2  1 
  51677.1238   14.608  0.005    2  1 
  51677.1276   14.609  0.005    2  1 
  51677.1315   14.616  0.005    2  1 
  51677.1353   14.616  0.005    2  1 
  51677.1396   14.618  0.005    2  1 
  51677.1434   14.620  0.005    2  1 
  51677.1476   14.618  0.005    2  1 
  51677.1520   14.620  0.005    2  1 
  51677.1564   14.615  0.005    2  1 
  51677.1603   14.620  0.005    2  1 
  51677.1642   14.609  0.005    2  1 
  51677.1680   14.616  0.005    2  1 
  51677.1719   14.613  0.005    2  1 
  51677.1759   14.613  0.005    2  1 
  51677.1797   14.602  0.005    2  1 
  51677.1836   14.598  0.005    2  1 
  51677.1883   14.588  0.005    2  1 
  51677.1922   14.589  0.005    2  1 
  51677.1960   14.581  0.005    2  1 
  51677.1999   14.571  0.005    2  1 
  51677.2038   14.562  0.004    2  1 
  51677.2083   14.547  0.005    2  1 
  51677.2133   14.542  0.005    2  1 
  51677.2176   14.538  0.005    2  1 
  51677.2233   14.521  0.005    2  1 
  51677.2285   14.513  0.007    2  1 
  51677.2335   14.494  0.006    2  1 
  51677.2391   14.484  0.006    2  1 
  51677.2465   14.470  0.006    2  1 
  51677.2524   14.451  0.005    2  1 
  51677.2571   14.447  0.005    2  1 
  51677.2620   14.439  0.005    2  1 
  51677.2664   14.425  0.005    2  1 
  51677.2708   14.417  0.005    2  1 
  51691.0375   14.480  0.002    2  1 
  51691.0409   14.477  0.003    2  1 
  51691.0444   14.480  0.003    2  1 
  51691.0509   14.500  0.003    2  1 
  51691.0543   14.510  0.003    2  1 
  51691.0579   14.517  0.003    2  1 
  51691.0633   14.528  0.002    2  1 
  51691.0670   14.538  0.002    2  1 
  51691.0711   14.550  0.003    2  1 
  51691.0770   14.556  0.003    2  1 
  51691.0805   14.567  0.003    2  1 
  51691.0840   14.569  0.003    2  1 
  51691.0896   14.583  0.003    2  1 
  51691.0931   14.588  0.003    2  1 
  51691.0971   14.600  0.003    2  1 
  51691.1040   14.608  0.004    2  1 
  51691.1083   14.613  0.004    2  1 
  51691.1122   14.625  0.003    2  1 
  51691.1180   14.616  0.003    2  1 
  51691.1214   14.627  0.003    2  1 
  51691.1249   14.641  0.003    2  1 
  51691.1323   14.638  0.003    2  1 
  51691.1357   14.648  0.003    2  1 
  51691.1392   14.645  0.003    2  1 
  51691.1448   14.642  0.003    2  1 
  51691.1522   14.642  0.002    2  1 
  51691.1561   14.647  0.002    2  1 
  51692.9816   14.371  0.004    2  1 
  51692.9854   14.360  0.004    2  1 
  51693.0130   14.373  0.003    2  1 
  51693.0248   14.383  0.003    2  1 
  51693.0305   14.392  0.003    2  1 
  51693.0340   14.390  0.003    2  1 
  51693.0378   14.400  0.003    2  1 
  51693.9780   14.398  0.004    2  1 
  51693.9814   14.397  0.004    2  1 
  51694.0082   14.386  0.003    2  1 
  51694.0114   14.375  0.003    2  1 
  51694.0148   14.378  0.003    2  1 
  51694.0202   14.378  0.003    2  1 
  51694.0234   14.382  0.003    2  1 
  51694.0267   14.373  0.003    2  1 
  51694.0319   14.380  0.003    2  1 
  51694.0351   14.381  0.003    2  1 
  51694.0384   14.378  0.003    2  1 
  51694.0418   14.378  0.003    2  1 
  51694.0472   14.394  0.003    2  1 
  51694.0505   14.393  0.003    2  1 
  51694.0537   14.402  0.003    2  1 
  51694.0590   14.411  0.003    2  1 
  51694.0623   14.405  0.003    2  1 
  51694.0656   14.415  0.003    2  1 
  51694.0714   14.425  0.003    2  1 
  51694.0748   14.428  0.003    2  1 
  51694.0781   14.435  0.003    2  1 
  51694.0836   14.439  0.003    2  1 
  51694.0868   14.450  0.003    2  1 
  51694.0901   14.461  0.003    2  1 
  51694.0957   14.478  0.003    2  1 
  51694.0989   14.475  0.003    2  1 
  51694.1021   14.481  0.003    2  1 
  51694.1075   14.494  0.003    2  1 
  51694.1106   14.505  0.003    2  1 
  51694.1190   14.522  0.003    2  1 
  51694.1221   14.530  0.003    2  1 
  51694.1252   14.536  0.003    2  1 
  51694.1286   14.538  0.003    2  1 
  51694.9914   14.440  0.003    2  1 
  51694.9946   14.517  0.004    2  1 
  51695.0280   14.413  0.003    2  1 
  51695.0317   14.378  0.003    2  1 
  51697.9712   14.646  0.004    2  1 
  51697.9818   14.648  0.004    2  1 
  51765.9746   14.541  0.004    2  1 
  51765.9783   14.544  0.004    2  1 
  51765.9820   14.540  0.004    2  1 
  51765.9974   14.520  0.004    2  1 
  51766.0012   14.529  0.004    2  1 
  51766.0048   14.525  0.004    2  1 
  51766.0194   14.514  0.004    2  1 
  51766.0229   14.505  0.004    2  1 
  51766.0266   14.503  0.004    2  1 
  51766.0301   14.500  0.005    2  1 
  51216.3063   15.051  0.004    3  1 
  51216.3342   14.977  0.004    3  1 
  51216.3572   14.916  0.004    3  1 
  51216.3847   14.847  0.004    3  1 
  51217.2936   15.082  0.004    3  1 
  51217.3214   15.052  0.004    3  1 
  51217.3648   15.034  0.001    3  1 
  51217.3852   14.880  0.004    3  1 
  51218.2935   15.068  0.004    3  1 
  51218.3212   15.053  0.004    3  1 
  51218.3442   15.005  0.004    3  1 
  51218.3704   14.946  0.004    3  1 
  51219.2811   15.057  0.002    3  1 
  51219.2844   15.034  0.004    3  1 
  51219.3053   15.062  0.004    3  1 
  51219.3228   15.053  0.004    3  1 
  51219.3465   15.028  0.004    3  1 
  51219.3676   14.968  0.004    3  1 
  51219.3851   14.933  0.004    3  1 
  51220.2805   15.028  0.004    3  1 
  51220.2995   15.042  0.004    3  1 
  51220.3171   15.045  0.004    3  1 
  51220.3523   15.027  0.004    3  1 
  51220.3689   15.007  0.004    3  1 
  51220.3877   14.973  0.004    3  1 
  51221.2691   14.980  0.004    3  1 
  51221.2915   15.009  0.004    3  1 
  51221.3097   15.020  0.004    3  1 
  51221.3270   15.026  0.004    3  1 
  51221.3437   15.039  0.004    3  1 
  51221.3619   15.025  0.004    3  1 
  51221.3854   14.996  0.004    3  1 
  51283.2237   15.132  0.004    3  1 
  51283.2601   15.085  0.004    3  1 
  51283.2830   15.004  0.003    3  1 
  51283.3050   14.911  0.003    3  1 
  51283.3367   14.827  0.003    3  1 
  51283.3600   14.793  0.003    3  1 
  51284.2056   15.105  0.004    3  1 
  51284.2337   15.141  0.004    3  1 
  51284.2542   15.132  0.004    3  1 
  51284.2806   15.092  0.004    3  1 
  51284.3075   14.987  0.004    3  1 
  51284.3333   14.879  0.003    3  1 
  51285.0371   14.807  0.003    3  1 
  51285.0646   14.756  0.003    3  1 
  51285.0885   14.744  0.003    3  1 
  51285.1182   14.775  0.003    3  1 
  51285.1470   14.853  0.003    3  1 
  51285.1698   14.931  0.003    3  1 
  51285.1988   15.016  0.004    3  1 
  51285.2270   15.110  0.004    3  1 
  51285.2539   15.124  0.004    3  1 
  51285.2851   15.105  0.004    3  1 
  51285.3202   15.028  0.003    3  1 
  51285.3496   14.912  0.003    3  1 
  51286.0308   14.895  0.003    3  1 
  51286.0619   14.801  0.003    3  1 
  51286.0871   14.756  0.003    3  1 
  51286.0921   14.754  0.003    3  1 
  51286.1226   14.755  0.003    3  1 
  51286.1512   14.799  0.003    3  1 
  51286.1789   14.890  0.003    3  1 
  51286.2076   14.961  0.003    3  1 
  51286.2389   15.047  0.003    3  1 
  51286.2613   15.176  0.004    3  1 
  51286.2889   15.147  0.004    3  1 
  51286.3108   15.138  0.004    3  1 
  51286.3335   15.093  0.004    3  1 
  51286.3566   15.013  0.003    3  1 
  51304.9734   15.023  0.003    3  1 
  51305.0076   15.079  0.004    3  1 
  51305.0510   15.073  0.004    3  1 
  51305.0770   15.019  0.004    3  1 
  51305.1004   14.959  0.003    3  1 
  51305.1407   14.842  0.004    3  1 
  51305.1707   14.778  0.004    3  1 
  51305.1996   14.783  0.004    3  1 
  51305.2299   14.819  0.003    3  1 
  51305.2561   14.885  0.004    3  1 
  51305.2836   14.949  0.004    3  1 
  51305.3139   15.050  0.004    3  1 
  51305.9733   14.970  0.003    3  1 
  51306.0117   15.060  0.003    3  1 
  51306.0157   15.058  0.003    3  1 
  51306.0375   15.093  0.004    3  1 
  51306.0735   15.085  0.004    3  1 
  51306.1026   15.009  0.003    3  1 
  51306.1285   14.928  0.003    3  1 
  51306.1517   14.857  0.004    3  1 
  51306.1807   14.794  0.003    3  1 
  51306.2059   14.773  0.003    3  1 
  51306.2269   14.797  0.003    3  1 
  51306.2491   14.834  0.003    3  1 
  51306.2725   14.905  0.003    3  1 
  51306.2932   14.975  0.003    3  1 
  51307.9986   14.926  0.003    3  1 
  51308.0249   15.013  0.003    3  1 
  51308.0524   15.053  0.003    3  1 
  51308.0811   15.085  0.003    3  1 
  51308.1202   15.066  0.004    3  1 
  51310.1272   15.047  0.003    3  1 
  51310.1308   15.059  0.003    3  1 
  51314.9714   14.940  0.003    3  1 
  51315.0138   14.814  0.003    3  1 
  51315.0372   14.777  0.003    3  1 
  51315.0710   14.755  0.003    3  1 
  51315.0946   14.804  0.003    3  1 
  51315.1180   14.846  0.003    3  1 
  51316.0597   14.777  0.003    3  1 
  51316.0832   14.784  0.003    3  1 
  51316.1079   14.817  0.003    3  1 
  51316.9780   14.985  0.004    3  1 
  51317.0013   14.938  0.004    3  1 
  51317.0241   14.876  0.004    3  1 
  51317.0523   14.803  0.004    3  1 
  51317.0782   14.829  0.004    3  1 
  51317.1035   14.814  0.003    3  1 
  51317.9808   15.006  0.004    3  1 
  51318.0060   14.964  0.004    3  1 
  51318.0331   14.910  0.004    3  1 
  51318.0898   14.823  0.004    3  1 
  51318.1183   14.846  0.004    3  1 
  51318.9811   15.020  0.004    3  1 
  51319.0058   14.999  0.004    3  1 
  51319.0315   14.963  0.004    3  1 
  51319.0717   14.865  0.003    3  1 
  51319.0961   14.833  0.003    3  1 
  51320.0968   15.097  0.003    3  1 
  51320.1175   14.838  0.003    3  1 
  51320.9771   14.987  0.003    3  1 
  51321.0434   15.047  0.003    3  1 
  51321.0965   14.930  0.003    3  1 
  51321.1252   14.846  0.003    3  1 
  51333.0403   14.811  0.004    3  1 
  51333.1062   14.805  0.003    3  1 
  51334.9989   15.069  0.003    3  1 
  51335.0432   14.968  0.004    3  1 
  51335.0972   14.834  0.003    3  1 
  51335.1083   14.830  0.004    3  1 
  51336.0103   15.076  0.004    3  1 
  51336.0508   15.018  0.004    3  1 
  51336.0891   14.915  0.004    3  1 
  51338.0075   15.051  0.004    3  1 
  51338.9740   14.923  0.003    3  1 
  51339.0046   15.006  0.004    3  1 
  51339.0385   15.064  0.004    3  1 
  51339.0685   15.097  0.004    3  1 
  51339.1006   15.060  0.004    3  1 
  51339.1280   14.993  0.004    3  1 
  51339.9665   14.865  0.003    3  1 
  51339.9935   14.932  0.003    3  1 
  51340.0189   14.991  0.003    3  1 
  51340.0441   15.047  0.004    3  1 
  51340.0753   15.075  0.004    3  1 
  51340.1041   15.073  0.004    3  1 
  51345.0430   14.807  0.003    3  1 
  51345.0736   14.871  0.003    3  1 
  51345.9747   14.875  0.004    3  1 
  51346.0101   14.805  0.004    3  1 
  51346.0388   14.784  0.003    3  1 
  51346.0670   14.803  0.003    3  1 
  51347.0317   14.800  0.003    3  1 
  51347.0645   14.789  0.003    3  1 
  51347.0896   14.834  0.003    3  1 
  51347.9638   15.000  0.003    3  1 
  51348.0146   14.898  0.003    3  1 
  51348.9591   15.023  0.004    3  1 
  51349.0243   14.927  0.003    3  1 
  51349.9679   15.013  0.003    3  1 
  51364.9721   14.869  0.003    3  1 
  51380.9890   14.743  0.003    3  1 
  51381.9751   14.822  0.003    3  1 
  51382.9716   14.916  0.004    3  1 
  51383.9680   15.036  0.003    3  1 
  51384.9688   15.101  0.003    3  1 
  51385.9645   15.155  0.003    3  1 
  51386.9859   15.164  0.004    3  1 
  51388.9699   15.082  0.004    3  1 
  51389.9715   15.037  0.003    3  1 
  51390.9663   14.925  0.003    3  1 
  51391.9664   14.813  0.002    3  1 
  51672.0213   15.045  0.004    3  1 
  51674.0796   15.027  0.004    3  1 
  51674.9989   14.879  0.004    3  1 
  51675.0396   14.959  0.003    3  1 
  51693.0053   14.738  0.003    3  1 
  51694.0012   14.752  0.003    3  1 
  51695.0214   14.697  0.003    3  1 
  51765.9863   14.976  0.004    3  1 
  51766.0153   14.953  0.004    3  1 
 56468.97641   13.043  0.109   -1  1 
 56469.04707   13.108  0.105   -1  1 
 56469.10896   12.960  0.142   -1  1 
 56469.17285   13.353  0.045   -1  1 
 56471.00364   13.184  0.066   -1  1 
 56471.06640   13.472  0.029   -1  1 
 56471.12490   13.291  0.050   -1  1 
 56471.18188   13.426  0.034   -1  1 
 56471.96759   13.079  0.064   -1  1 
 56472.03374   13.242  0.039   -1  1 
 56472.09484   13.423  0.045   -1  1 
 56472.15243   13.356  0.034   -1  1 
 56468.95296   13.256  0.126   -2  1 
 56469.02441   13.203  0.090   -2  1 
 56469.08813   13.201  0.074   -2  1 
 56469.15134   13.354  0.042   -2  1 
 56471.02588   13.237  0.075   -2  1 
 56471.08671   13.347  0.031   -2  1 
 56471.14302   13.418  0.024   -2  1 
 56471.94704   13.391  0.038   -2  1 
 56472.01085   13.266  0.061   -2  1 
 56472.07480   13.247  0.053   -2  1 
 56472.13240   13.442  0.027   -2  1 
 56472.19216   13.407  0.024   -2  1 
 56469.00041   13.423  0.050   -5  1 
 56469.06767   13.546  0.038   -5  1 
 56469.13003   13.566  0.032   -5  1 
 56469.19349   13.575  0.026   -5  1 
 56470.98130   13.574  0.027   -5  1 
 56471.04693   13.559  0.035   -5  1 
 56471.10523   13.544  0.023   -5  1 
 56471.16397   13.660  0.023   -5  1 
 56471.98857   13.566  0.039   -5  1 
 56472.05430   13.614  0.030   -5  1 
 56472.11383   13.504  0.028   -5  1 
 56472.17109   13.516  0.018   -5  1 
