  51216.3218   14.946  0.005    2  1 
  51216.3464   15.016  0.005    2  1 
  51216.3689   15.116  0.006    2  1 
  51216.3980   15.230  0.008    2  1 
  51217.3101   15.030  0.006    2  1 
  51217.3328   15.114  0.006    2  1 
  51217.3552   15.203  0.006    2  1 
  51217.3759   15.271  0.006    2  1 
  51217.3953   15.328  0.007    2  1 
  51218.2773   15.033  0.006    2  1 
  51218.3093   15.153  0.006    2  1 
  51218.3298   15.245  0.006    2  1 
  51218.3573   15.314  0.007    2  1 
  51218.3794   15.357  0.006    2  1 
  51219.3336   15.324  0.006    2  1 
  51219.3596   15.369  0.006    2  1 
  51219.3768   15.373  0.007    2  1 
  51220.2621   15.254  0.006    2  1 
  51220.2906   15.320  0.006    2  1 
  51220.3077   15.346  0.006    2  1 
  51220.3257   15.367  0.006    2  1 
  51220.3432   15.363  0.006    2  1 
  51220.3602   15.344  0.006    2  1 
  51220.3776   15.278  0.006    2  1 
  51221.2835   15.354  0.006    2  1 
  51221.3009   15.369  0.006    2  1 
  51221.3188   15.350  0.006    2  1 
  51221.3358   15.298  0.006    2  1 
  51221.3538   15.185  0.006    2  1 
  51221.3722   15.034  0.005    2  1 
  51283.2451   15.291  0.005    2  1 
  51283.2493   15.307  0.006    2  1 
  51283.2714   15.344  0.006    2  1 
  51283.2748   15.365  0.006    2  1 
  51283.2939   15.384  0.006    2  1 
  51283.2972   15.383  0.006    2  1 
  51283.3202   15.384  0.006    2  1 
  51283.3234   15.380  0.006    2  1 
  51283.3487   15.304  0.005    2  1 
  51283.3518   15.279  0.005    2  1 
  51283.3707   15.117  0.005    2  1 
  51283.3738   15.080  0.005    2  1 
  51284.2195   15.309  0.006    2  1 
  51284.2229   15.317  0.006    2  1 
  51284.2413   15.348  0.006    2  1 
  51284.2443   15.357  0.006    2  1 
  51284.2617   15.378  0.006    2  1 
  51284.2648   15.383  0.006    2  1 
  51284.2942   15.376  0.006    2  1 
  51284.2973   15.371  0.006    2  1 
  51284.3168   15.288  0.006    2  1 
  51284.3211   15.244  0.006    2  1 
  51284.3428   15.061  0.005    2  1 
  51284.3464   15.038  0.005    2  1 
  51285.0513   14.942  0.004    2  1 
  51285.0543   14.947  0.004    2  1 
  51285.0739   14.977  0.005    2  1 
  51285.0778   14.977  0.005    2  1 
  51285.0975   15.022  0.005    2  1 
  51285.1006   15.023  0.005    2  1 
  51285.1324   15.121  0.005    2  1 
  51285.1360   15.135  0.005    2  1 
  51285.1558   15.210  0.005    2  1 
  51285.1588   15.223  0.005    2  1 
  51285.1796   15.298  0.006    2  1 
  51285.1830   15.290  0.005    2  1 
  51285.2125   15.353  0.005    2  1 
  51285.2157   15.349  0.006    2  1 
  51285.2362   15.375  0.006    2  1 
  51285.2426   15.377  0.006    2  1 
  51285.2630   15.338  0.006    2  1 
  51285.2666   15.323  0.006    2  1 
  51285.2998   15.124  0.005    2  1 
  51285.3033   15.097  0.005    2  1 
  51285.3308   14.963  0.005    2  1 
  51285.3348   14.947  0.005    2  1 
  51285.3382   14.931  0.005    2  1 
  51286.0461   14.991  0.004    2  1 
  51286.0493   14.987  0.004    2  1 
  51286.0716   15.040  0.005    2  1 
  51286.0753   15.051  0.005    2  1 
  51286.1026   15.146  0.005    2  1 
  51286.1061   15.162  0.005    2  1 
  51286.1365   15.276  0.005    2  1 
  51286.1398   15.284  0.005    2  1 
  51286.1608   15.324  0.006    2  1 
  51286.1639   15.316  0.005    2  1 
  51286.1669   15.330  0.005    2  1 
  51286.1875   15.364  0.006    2  1 
  51286.1908   15.362  0.006    2  1 
  51286.2255   15.350  0.005    2  1 
  51286.2285   15.339  0.005    2  1 
  51286.2476   15.252  0.005    2  1 
  51286.2508   15.228  0.005    2  1 
  51286.2697   15.078  0.005    2  1 
  51286.2727   15.060  0.005    2  1 
  51286.3022   14.953  0.005    2  1 
  51286.3055   14.944  0.005    2  1 
  51286.3450   14.916  0.005    2  1 
  51286.3481   14.922  0.005    2  1 
  51304.9873   14.938  0.005    2  1 
  51304.9926   14.945  0.005    2  1 
  51305.0328   15.067  0.005    2  1 
  51305.0362   15.074  0.005    2  1 
  51305.0559   15.154  0.006    2  1 
  51305.0599   15.169  0.006    2  1 
  51305.0890   15.285  0.005    2  1 
  51305.0922   15.287  0.006    2  1 
  51305.1235   15.345  0.006    2  1 
  51305.1269   15.344  0.006    2  1 
  51305.1509   15.361  0.007    2  1 
  51305.1547   15.364  0.007    2  1 
  51305.1853   15.336  0.006    2  1 
  51305.1885   15.319  0.006    2  1 
  51305.2098   15.186  0.005    2  1 
  51305.2128   15.161  0.005    2  1 
  51305.2431   14.979  0.005    2  1 
  51305.2461   14.978  0.005    2  1 
  51305.2704   14.918  0.005    2  1 
  51305.2734   14.921  0.005    2  1 
  51305.2966   14.933  0.005    2  1 
  51305.2995   14.941  0.005    2  1 
  51305.9857   15.020  0.004    2  1 
  51305.9885   15.033  0.004    2  1 
  51305.9912   15.034  0.004    2  1 
  51306.0256   15.173  0.004    2  1 
  51306.0285   15.182  0.004    2  1 
  51306.0465   15.259  0.005    2  1 
  51306.0498   15.266  0.005    2  1 
  51306.0896   15.342  0.005    2  1 
  51306.0930   15.341  0.005    2  1 
  51306.1123   15.364  0.005    2  1 
  51306.1151   15.366  0.005    2  1 
  51306.1375   15.355  0.005    2  1 
  51306.1405   15.354  0.005    2  1 
  51306.1636   15.269  0.005    2  1 
  51306.1673   15.249  0.005    2  1 
  51306.1937   15.028  0.004    2  1 
  51306.1966   15.009  0.004    2  1 
  51306.2146   14.953  0.005    2  1 
  51306.2178   14.943  0.004    2  1 
  51306.2343   14.921  0.004    2  1 
  51306.2380   14.917  0.004    2  1 
  51306.2574   14.944  0.003    2  1 
  51306.2602   14.930  0.004    2  1 
  51306.2805   14.957  0.004    2  1 
  51306.2835   14.965  0.004    2  1 
  51306.3009   15.000  0.004    2  1 
  51306.3038   15.014  0.004    2  1 
  51306.3135   15.041  0.005    2  1 
  51306.3184   15.061  0.005    2  1 
  51307.0456   15.326  0.006    2  1 
  51307.0501   15.310  0.006    2  1 
  51307.0593   15.332  0.005    2  1 
  51307.0645   15.319  0.004    2  1 
  51308.0084   15.326  0.005    2  1 
  51308.0112   15.334  0.005    2  1 
  51308.0334   15.363  0.004    2  1 
  51308.0362   15.360  0.005    2  1 
  51308.0394   15.371  0.005    2  1 
  51308.0633   15.360  0.005    2  1 
  51308.0663   15.369  0.005    2  1 
  51308.0995   15.217  0.004    2  1 
  51308.1031   15.178  0.004    2  1 
  51308.1280   15.017  0.005    2  1 
  51308.1309   15.003  0.005    2  1 
  51310.0850   14.937  0.003    2  1 
  51310.0874   14.930  0.003    2  1 
  51310.0897   14.926  0.003    2  1 
  51310.0922   14.927  0.003    2  1 
  51310.1430   14.959  0.004    2  1 
  51310.1458   14.966  0.004    2  1 
  51310.1486   14.979  0.005    2  1 
  51311.0244   15.036  0.005    2  1 
  51311.0302   15.009  0.006    2  1 
  51311.0334   15.001  0.005    2  1 
  51311.0506   14.938  0.003    2  1 
  51311.0539   14.944  0.003    2  1 
  51311.0637   14.931  0.004    2  1 
  51311.0669   14.917  0.005    2  1 
  51311.0702   14.923  0.004    2  1 
  51311.0907   14.930  0.005    2  1 
  51311.0946   14.935  0.005    2  1 
  51311.0980   14.939  0.005    2  1 
  51311.1015   14.946  0.005    2  1 
  51311.1071   14.963  0.005    2  1 
  51311.1298   15.034  0.005    2  1 
  51311.1327   15.047  0.005    2  1 
  51311.1357   15.054  0.005    2  1 
  51311.1398   15.070  0.005    2  1 
  51311.1447   15.093  0.005    2  1 
  51311.9726   15.081  0.005    2  1 
  51311.9755   15.055  0.005    2  1 
  51312.0020   14.975  0.005    2  1 
  51312.0049   14.972  0.005    2  1 
  51312.0255   14.928  0.005    2  1 
  51312.0284   14.922  0.004    2  1 
  51312.0314   14.917  0.004    2  1 
  51312.0584   14.937  0.004    2  1 
  51312.0611   14.936  0.004    2  1 
  51312.0638   14.942  0.004    2  1 
  51312.0903   15.018  0.004    2  1 
  51312.0929   15.024  0.004    2  1 
  51312.0955   15.041  0.004    2  1 
  51312.1146   15.112  0.005    2  1 
  51312.1173   15.121  0.005    2  1 
  51312.1200   15.134  0.005    2  1 
  51312.9860   14.944  0.004    2  1 
  51312.9887   14.933  0.004    2  1 
  51312.9913   14.933  0.004    2  1 
  51313.0096   14.925  0.004    2  1 
  51313.0123   14.932  0.004    2  1 
  51313.0149   14.933  0.004    2  1 
  51313.0333   14.952  0.004    2  1 
  51313.0360   14.953  0.004    2  1 
  51313.0386   14.964  0.004    2  1 
  51313.0413   14.974  0.005    2  1 
  51313.0595   15.028  0.004    2  1 
  51313.0622   15.037  0.004    2  1 
  51313.0648   15.046  0.004    2  1 
  51313.0911   15.160  0.005    2  1 
  51313.0937   15.178  0.005    2  1 
  51313.0964   15.180  0.004    2  1 
  51313.1146   15.263  0.005    2  1 
  51313.1172   15.265  0.005    2  1 
  51313.1199   15.277  0.005    2  1 
  51313.1226   15.279  0.005    2  1 
  51313.9843   14.941  0.005    2  1 
  51313.9872   14.951  0.005    2  1 
  51313.9901   14.954  0.005    2  1 
  51314.0178   15.012  0.005    2  1 
  51314.0207   15.022  0.005    2  1 
  51314.0236   15.028  0.005    2  1 
  51314.0432   15.107  0.005    2  1 
  51314.0461   15.116  0.005    2  1 
  51314.0490   15.130  0.005    2  1 
  51314.0772   15.246  0.005    2  1 
  51314.0802   15.257  0.005    2  1 
  51314.0831   15.268  0.005    2  1 
  51314.1030   15.315  0.006    2  1 
  51314.1059   15.315  0.006    2  1 
  51314.1088   15.330  0.006    2  1 
  51314.1289   15.361  0.006    2  1 
  51314.1333   15.352  0.006    2  1 
  51314.1363   15.363  0.006    2  1 
  51314.9827   15.026  0.005    2  1 
  51314.9856   15.035  0.005    2  1 
  51314.9885   15.044  0.005    2  1 
  51315.0015   15.081  0.005    2  1 
  51315.0043   15.100  0.005    2  1 
  51315.0069   15.111  0.005    2  1 
  51315.0251   15.183  0.005    2  1 
  51315.0277   15.193  0.005    2  1 
  51315.0304   15.204  0.005    2  1 
  51315.0489   15.274  0.005    2  1 
  51315.0516   15.293  0.005    2  1 
  51315.0542   15.289  0.005    2  1 
  51315.0780   15.339  0.005    2  1 
  51315.0807   15.345  0.005    2  1 
  51315.0833   15.352  0.005    2  1 
  51315.1015   15.361  0.005    2  1 
  51315.1041   15.367  0.005    2  1 
  51315.1068   15.374  0.005    2  1 
  51315.1290   15.358  0.006    2  1 
  51315.1319   15.357  0.006    2  1 
  51316.0194   15.289  0.005    2  1 
  51316.0221   15.308  0.005    2  1 
  51316.0247   15.311  0.005    2  1 
  51316.0431   15.345  0.005    2  1 
  51316.0458   15.344  0.005    2  1 
  51316.0485   15.346  0.005    2  1 
  51316.0667   15.353  0.005    2  1 
  51316.0693   15.362  0.005    2  1 
  51316.0720   15.354  0.005    2  1 
  51316.0905   15.360  0.006    2  1 
  51316.0934   15.357  0.005    2  1 
  51316.0963   15.352  0.005    2  1 
  51316.1148   15.317  0.005    2  1 
  51316.1175   15.299  0.005    2  1 
  51316.1201   15.292  0.005    2  1 
  51316.9647   15.232  0.005    2  1 
  51316.9676   15.236  0.005    2  1 
  51316.9705   15.239  0.005    2  1 
  51316.9896   15.306  0.005    2  1 
  51316.9923   15.313  0.005    2  1 
  51316.9949   15.327  0.005    2  1 
  51317.0088   15.329  0.005    2  1 
  51317.0117   15.343  0.006    2  1 
  51317.0321   15.355  0.006    2  1 
  51317.0351   15.352  0.006    2  1 
  51317.0391   15.366  0.006    2  1 
  51317.0602   15.352  0.006    2  1 
  51317.0631   15.353  0.006    2  1 
  51317.0660   15.347  0.006    2  1 
  51317.0858   15.281  0.005    2  1 
  51317.0887   15.251  0.005    2  1 
  51317.0916   15.236  0.005    2  1 
  51317.1111   15.079  0.005    2  1 
  51317.1140   15.065  0.005    2  1 
  51317.1169   15.039  0.005    2  1 
  51317.9628   15.323  0.006    2  1 
  51317.9657   15.311  0.006    2  1 
  51317.9685   15.318  0.006    2  1 
  51317.9883   15.337  0.005    2  1 
  51317.9912   15.355  0.006    2  1 
  51317.9941   15.362  0.006    2  1 
  51318.0135   15.363  0.006    2  1 
  51318.0164   15.344  0.006    2  1 
  51318.0194   15.348  0.006    2  1 
  51318.0413   15.315  0.006    2  1 
  51318.0445   15.289  0.006    2  1 
  51318.0477   15.283  0.006    2  1 
  51318.0697   15.123  0.006    2  1 
  51318.0730   15.097  0.006    2  1 
  51318.0762   15.077  0.006    2  1 
  51318.0981   15.010  0.006    2  1 
  51318.1014   15.002  0.006    2  1 
  51318.1046   15.006  0.005    2  1 
  51318.1265   14.955  0.005    2  1 
  51318.1298   14.946  0.005    2  1 
  51318.9642   15.371  0.005    2  1 
  51318.9680   15.375  0.006    2  1 
  51318.9708   15.369  0.006    2  1 
  51318.9737   15.360  0.006    2  1 
  51318.9929   15.341  0.005    2  1 
  51318.9956   15.329  0.005    2  1 
  51318.9983   15.329  0.006    2  1 
  51319.0180   15.227  0.005    2  1 
  51319.0209   15.204  0.005    2  1 
  51319.0238   15.183  0.005    2  1 
  51319.0443   15.035  0.005    2  1 
  51319.0474   15.023  0.005    2  1 
  51319.0505   15.005  0.005    2  1 
  51319.0793   14.937  0.004    2  1 
  51319.0820   14.927  0.004    2  1 
  51319.0847   14.932  0.004    2  1 
  51319.1030   14.925  0.005    2  1 
  51319.1084   14.931  0.004    2  1 
  51319.1110   14.932  0.004    2  1 
  51320.1030   14.969  0.003    2  1 
  51320.1053   14.979  0.003    2  1 
  51320.1076   14.974  0.003    2  1 
  51320.1238   15.012  0.004    2  1 
  51320.1261   15.019  0.004    2  1 
  51320.1284   15.032  0.004    2  1 
  51320.1450   15.096  0.004    2  1 
  51320.1477   15.102  0.004    2  1 
  51320.1503   15.118  0.004    2  1 
  51320.9635   15.077  0.005    2  1 
  51320.9664   15.056  0.005    2  1 
  51320.9693   15.034  0.005    2  1 
  51320.9887   14.985  0.003    2  1 
  51320.9911   14.982  0.003    2  1 
  51320.9936   14.985  0.003    2  1 
  51321.0102   14.940  0.003    2  1 
  51321.0126   14.945  0.004    2  1 
  51321.0150   14.942  0.003    2  1 
  51321.0318   14.929  0.004    2  1 
  51321.0344   14.923  0.004    2  1 
  51321.0369   14.932  0.004    2  1 
  51321.0543   14.958  0.004    2  1 
  51321.0568   14.959  0.004    2  1 
  51321.0594   14.952  0.004    2  1 
  51321.0847   15.014  0.004    2  1 
  51321.0873   15.027  0.004    2  1 
  51321.0898   15.047  0.004    2  1 
  51321.1133   15.122  0.004    2  1 
  51321.1159   15.128  0.005    2  1 
  51321.1186   15.140  0.005    2  1 
  51321.1339   15.200  0.005    2  1 
  51321.1365   15.214  0.005    2  1 
  51332.9696   14.988  0.007    2  1 
  51332.9739   15.014  0.006    2  1 
  51332.9891   15.060  0.006    2  1 
  51332.9928   15.079  0.006    2  1 
  51332.9965   15.101  0.006    2  1 
  51333.0083   15.150  0.006    2  1 
  51333.0120   15.167  0.006    2  1 
  51333.0226   15.209  0.006    2  1 
  51333.0264   15.229  0.006    2  1 
  51333.0514   15.315  0.007    2  1 
  51333.0552   15.313  0.007    2  1 
  51333.0742   15.366  0.007    2  1 
  51333.0779   15.358  0.007    2  1 
  51333.0907   15.378  0.007    2  1 
  51333.0945   15.383  0.007    2  1 
  51333.1178   15.391  0.007    2  1 
  51333.1221   15.374  0.007    2  1 
  51333.1335   15.347  0.007    2  1 
  51333.1369   15.342  0.007    2  1 
  51333.1529   15.265  0.007    2  1 
  51333.1565   15.238  0.007    2  1 
  51333.1716   15.090  0.007    2  1 
  51333.1752   15.054  0.006    2  1 
  51334.9841   15.311  0.005    2  1 
  51334.9871   15.316  0.005    2  1 
  51335.0175   15.362  0.006    2  1 
  51335.0204   15.371  0.006    2  1 
  51335.0301   15.373  0.006    2  1 
  51335.0334   15.379  0.006    2  1 
  51335.0517   15.381  0.007    2  1 
  51335.0552   15.371  0.007    2  1 
  51335.0692   15.336  0.006    2  1 
  51335.0727   15.321  0.006    2  1 
  51335.0833   15.261  0.006    2  1 
  51335.0867   15.236  0.006    2  1 
  51335.1133   15.026  0.006    2  1 
  51335.1167   15.009  0.006    2  1 
  51335.9535   15.308  0.007    2  1 
  51335.9726   15.338  0.006    2  1 
  51335.9768   15.351  0.006    2  1 
  51335.9997   15.373  0.006    2  1 
  51336.0027   15.370  0.006    2  1 
  51336.0203   15.355  0.006    2  1 
  51336.0236   15.355  0.006    2  1 
  51336.0357   15.313  0.006    2  1 
  51336.0388   15.293  0.006    2  1 
  51336.0593   15.161  0.006    2  1 
  51336.0629   15.131  0.006    2  1 
  51336.0769   15.029  0.006    2  1 
  51336.0803   15.024  0.006    2  1 
  51336.1025   14.950  0.005    2  1 
  51336.1059   14.942  0.005    2  1 
  51336.1206   14.925  0.006    2  1 
  51336.1240   14.911  0.005    2  1 
  51337.0101   15.239  0.005    2  1 
  51337.9904   15.127  0.006    2  1 
  51337.9940   15.100  0.006    2  1 
  51338.0162   15.003  0.006    2  1 
  51338.0196   14.996  0.006    2  1 
  51338.0339   14.950  0.006    2  1 
  51338.0376   14.953  0.006    2  1 
  51338.9901   14.981  0.005    2  1 
  51338.9938   14.972  0.005    2  1 
  51339.0226   14.948  0.005    2  1 
  51339.0269   14.935  0.005    2  1 
  51339.0867   15.054  0.006    2  1 
  51339.0905   15.056  0.006    2  1 
  51339.1139   15.159  0.006    2  1 
  51339.1177   15.172  0.006    2  1 
  51339.1448   15.275  0.006    2  1 
  51339.1482   15.288  0.006    2  1 
  51339.9766   14.928  0.005    2  1 
  51339.9795   14.919  0.005    2  1 
  51340.0044   14.919  0.004    2  1 
  51340.0078   14.926  0.004    2  1 
  51340.0274   14.962  0.005    2  1 
  51340.0306   14.973  0.005    2  1 
  51340.0540   15.045  0.005    2  1 
  51340.0572   15.056  0.005    2  1 
  51340.0857   15.178  0.006    2  1 
  51340.0892   15.191  0.006    2  1 
  51340.1152   15.287  0.006    2  1 
  51340.1197   15.297  0.006    2  1 
  51340.1229   15.304  0.006    2  1 
  51340.1263   15.308  0.006    2  1 
  51340.1404   15.336  0.006    2  1 
  51340.1437   15.340  0.006    2  1 
  51344.9924   15.367  0.006    2  1 
  51344.9958   15.367  0.005    2  1 
  51344.9988   15.363  0.005    2  1 
  51345.0216   15.333  0.006    2  1 
  51345.0255   15.318  0.006    2  1 
  51345.0302   15.306  0.006    2  1 
  51345.0553   15.143  0.005    2  1 
  51345.0603   15.100  0.005    2  1 
  51345.9856   15.341  0.007    2  1 
  51345.9896   15.331  0.007    2  1 
  51346.0219   15.148  0.006    2  1 
  51346.0264   15.099  0.006    2  1 
  51346.0486   14.987  0.005    2  1 
  51346.0523   14.981  0.005    2  1 
  51346.0791   14.911  0.005    2  1 
  51346.0826   14.910  0.005    2  1 
  51347.0416   14.924  0.005    2  1 
  51347.0453   14.923  0.004    2  1 
  51347.0743   14.942  0.005    2  1 
  51347.0777   14.946  0.004    2  1 
  51347.0990   14.989  0.004    2  1 
  51347.1022   14.999  0.003    2  1 
  51347.9769   14.998  0.005    2  1 
  51347.9802   14.988  0.005    2  1 
  51347.9834   14.985  0.005    2  1 
  51347.9983   14.942  0.005    2  1 
  51348.0028   14.935  0.005    2  1 
  51348.0063   14.927  0.005    2  1 
  51348.0242   14.921  0.005    2  1 
  51348.0274   14.932  0.005    2  1 
  51348.0943   15.103  0.006    2  1 
  51348.0983   15.108  0.006    2  1 
  51348.1018   15.124  0.006    2  1 
  51348.9650   14.925  0.005    2  1 
  51348.9682   14.924  0.005    2  1 
  51348.9853   14.913  0.004    2  1 
  51348.9883   14.916  0.005    2  1 
  51348.9912   14.920  0.004    2  1 
  51349.0316   14.995  0.005    2  1 
  51349.0346   15.009  0.005    2  1 
  51349.9815   14.958  0.005    2  1 
  51349.9851   14.969  0.004    2  1 
  51349.9973   14.996  0.005    2  1 
  51350.0033   15.008  0.006    2  1 
  51350.0066   15.017  0.005    2  1 
  51350.0164   15.053  0.005    2  1 
  51350.0197   15.070  0.005    2  1 
  51350.0296   15.111  0.005    2  1 
  51380.9973   15.350  0.005    2  1 
  51381.0004   15.362  0.005    2  1 
  51381.0031   15.349  0.005    2  1 
  51381.0187   15.290  0.005    2  1 
  51381.0214   15.274  0.005    2  1 
  51381.0242   15.262  0.005    2  1 
  51381.9830   15.290  0.006    2  1 
  51381.9859   15.261  0.006    2  1 
  51381.9888   15.247  0.006    2  1 
  51382.0000   15.165  0.005    2  1 
  51382.0029   15.137  0.005    2  1 
  51382.9793   15.036  0.006    2  1 
  51382.9826   15.017  0.005    2  1 
  51382.9857   14.996  0.005    2  1 
  51382.9965   14.975  0.005    2  1 
  51382.9995   14.986  0.005    2  1 
  51383.9746   14.933  0.004    2  1 
  51383.9773   14.929  0.004    2  1 
  51383.9799   14.937  0.004    2  1 
  51383.9899   14.921  0.004    2  1 
  51383.9926   14.924  0.004    2  1 
  51384.9751   14.945  0.004    2  1 
  51384.9777   14.931  0.004    2  1 
  51384.9802   14.936  0.004    2  1 
  51384.9896   14.953  0.004    2  1 
  51384.9921   14.955  0.004    2  1 
  51385.9711   14.977  0.004    2  1 
  51385.9737   14.982  0.004    2  1 
  51385.9763   14.998  0.004    2  1 
  51385.9857   15.031  0.005    2  1 
  51385.9884   15.037  0.005    2  1 
  51386.9965   15.190  0.006    2  1 
  51387.0003   15.206  0.006    2  1 
  51387.0041   15.220  0.007    2  1 
  51387.0216   15.290  0.008    2  1 
  51387.0254   15.286  0.007    2  1 
  51387.0293   15.306  0.008    2  1 
  51388.9801   15.343  0.006    2  1 
  51388.9834   15.345  0.006    2  1 
  51388.9866   15.357  0.006    2  1 
  51388.9984   15.342  0.006    2  1 
  51389.9783   15.377  0.005    2  1 
  51389.9809   15.381  0.005    2  1 
  51389.9836   15.392  0.005    2  1 
  51390.9729   15.346  0.005    2  1 
  51390.9756   15.325  0.005    2  1 
  51390.9783   15.307  0.005    2  1 
  51391.9728   15.094  0.004    2  1 
  51391.9754   15.070  0.004    2  1 
  51391.9779   15.058  0.004    2  1 
  51671.0871   15.347  0.006    2  1 
  51671.0917   15.364  0.006    2  1 
  51671.0952   15.366  0.006    2  1 
  51671.1189   15.378  0.006    2  1 
  51671.1232   15.369  0.006    2  1 
  51671.9996   15.226  0.005    2  1 
  51672.0039   15.238  0.005    2  1 
  51672.0350   15.327  0.005    2  1 
  51672.0382   15.331  0.006    2  1 
  51673.0232   15.352  0.005    2  1 
  51674.0574   15.224  0.007    2  1 
  51674.0620   15.193  0.007    2  1 
  51674.0938   15.006  0.006    2  1 
  51674.0985   14.993  0.006    2  1 
  51674.1159   14.943  0.006    2  1 
  51674.1223   14.924  0.005    2  1 
  51674.9763   15.359  0.007    2  1 
  51674.9824   15.367  0.008    2  1 
  51675.0212   15.229  0.007    2  1 
  51676.0163   15.006  0.005    2  1 
  51692.9816   15.362  0.006    2  1 
  51692.9854   15.355  0.006    2  1 
  51693.9780   15.223  0.005    2  1 
  51693.9814   15.193  0.005    2  1 
  51694.9914   14.954  0.004    2  1 
  51694.9946   14.943  0.004    2  1 
  51765.9974   14.955  0.005    2  1 
  51766.0012   14.952  0.005    2  1 
  51766.0048   14.941  0.005    2  1 
  51766.0266   14.925  0.005    2  1 
  51766.0301   14.925  0.005    2  1 
  51216.3144   15.205  0.004    3  1 
  51216.3408   15.300  0.004    3  1 
  51216.3634   15.438  0.004    3  1 
  51216.3905   15.606  0.005    3  1 
  51217.3019   15.301  0.004    3  1 
  51217.3494   15.564  0.005    3  1 
  51217.3710   15.688  0.005    3  1 
  51217.3906   15.753  0.005    3  1 
  51218.2854   15.398  0.005    3  1 
  51218.3156   15.574  0.005    3  1 
  51218.3347   15.692  0.005    3  1 
  51218.3653   15.793  0.005    3  1 
  51218.3848   15.826  0.005    3  1 
  51219.2918   15.650  0.005    3  1 
  51219.3100   15.725  0.005    3  1 
  51219.3296   15.781  0.005    3  1 
  51219.3536   15.828  0.005    3  1 
  51219.3723   15.837  0.005    3  1 
  51220.2720   15.732  0.005    3  1 
  51220.2946   15.785  0.005    3  1 
  51220.3117   15.810  0.005    3  1 
  51220.3299   15.833  0.005    3  1 
  51220.3473   15.837  0.006    3  1 
  51220.3643   15.794  0.005    3  1 
  51220.3816   15.657  0.005    3  1 
  51221.2763   15.815  0.005    3  1 
  51221.2964   15.829  0.005    3  1 
  51221.3145   15.818  0.005    3  1 
  51221.3318   15.749  0.005    3  1 
  51221.3496   15.604  0.005    3  1 
  51221.3673   15.391  0.004    3  1 
  51283.2546   15.782  0.004    3  1 
  51283.2783   15.846  0.005    3  1 
  51283.3008   15.866  0.005    3  1 
  51283.3322   15.843  0.005    3  1 
  51283.3553   15.680  0.004    3  1 
  51283.3773   15.381  0.004    3  1 
  51284.2134   15.741  0.005    3  1 
  51284.2375   15.824  0.005    3  1 
  51284.2581   15.860  0.005    3  1 
  51284.2875   15.870  0.005    3  1 
  51284.3124   15.767  0.005    3  1 
  51284.3383   15.449  0.004    3  1 
  51285.0451   15.212  0.003    3  1 
  51285.0691   15.260  0.003    3  1 
  51285.0932   15.310  0.004    3  1 
  51285.1257   15.437  0.004    3  1 
  51285.1514   15.605  0.004    3  1 
  51285.1754   15.730  0.004    3  1 
  51285.2060   15.810  0.005    3  1 
  51285.2321   15.853  0.005    3  1 
  51285.2586   15.827  0.005    3  1 
  51285.2928   15.557  0.004    3  1 
  51285.3257   15.270  0.004    3  1 
  51286.0393   15.267  0.003    3  1 
  51286.0670   15.350  0.004    3  1 
  51286.0977   15.505  0.004    3  1 
  51286.1302   15.678  0.004    3  1 
  51286.1833   15.806  0.004    3  1 
  51286.2193   15.816  0.005    3  1 
  51286.2434   15.691  0.004    3  1 
  51286.2655   15.455  0.004    3  1 
  51286.2958   15.288  0.003    3  1 
  51286.3291   15.161  0.003    3  1 
  51286.3521   15.216  0.003    3  1 
  51304.9838   15.209  0.003    3  1 
  51305.0251   15.344  0.004    3  1 
  51305.0718   15.629  0.005    3  1 
  51305.0961   15.748  0.005    3  1 
  51305.1465   15.839  0.006    3  1 
  51305.1755   15.822  0.006    3  1 
  51305.2054   15.622  0.006    3  1 
  51305.2345   15.298  0.004    3  1 
  51305.2666   15.208  0.004    3  1 
  51305.2880   15.190  0.004    3  1 
  51305.9773   15.284  0.003    3  1 
  51306.0428   15.648  0.005    3  1 
  51306.0809   15.803  0.005    3  1 
  51306.1087   15.829  0.005    3  1 
  51306.1330   15.832  0.005    3  1 
  51306.1578   15.731  0.005    3  1 
  51306.1875   15.402  0.004    3  1 
  51306.2101   15.250  0.004    3  1 
  51306.2308   15.196  0.003    3  1 
  51306.2771   15.252  0.003    3  1 
  51306.2972   15.310  0.004    3  1 
  51308.0025   15.786  0.004    3  1 
  51308.0294   15.818  0.004    3  1 
  51308.0600   15.826  0.004    3  1 
  51308.0919   15.676  0.004    3  1 
  51308.0958   15.636  0.004    3  1 
  51308.1244   15.333  0.004    3  1 
  51310.1057   15.185  0.002    3  1 
  51310.1100   15.181  0.002    3  1 
  51310.1132   15.182  0.003    3  1 
  51311.9792   15.330  0.005    3  1 
  51311.9983   15.285  0.004    3  1 
  51312.0087   15.247  0.004    3  1 
  51312.0350   15.184  0.004    3  1 
  51312.0550   15.196  0.003    3  1 
  51312.0672   15.226  0.003    3  1 
  51312.0870   15.298  0.004    3  1 
  51312.0988   15.365  0.004    3  1 
  51312.9828   15.227  0.003    3  1 
  51313.0063   15.205  0.003    3  1 
  51313.0300   15.217  0.003    3  1 
  51313.0562   15.316  0.003    3  1 
  51313.0838   15.487  0.004    3  1 
  51313.1113   15.661  0.004    3  1 
  51313.9807   15.217  0.004    3  1 
  51314.0143   15.302  0.004    3  1 
  51314.0397   15.433  0.004    3  1 
  51314.1124   15.807  0.005    3  1 
  51314.9752   15.317  0.004    3  1 
  51315.0102   15.471  0.004    3  1 
  51315.0336   15.624  0.004    3  1 
  51315.0747   15.805  0.005    3  1 
  51315.0982   15.838  0.005    3  1 
  51315.1216   15.856  0.005    3  1 
  51316.0399   15.785  0.004    3  1 
  51316.0634   15.826  0.005    3  1 
  51316.0869   15.847  0.005    3  1 
  51316.1115   15.775  0.004    3  1 
  51316.9740   15.698  0.005    3  1 
  51317.0052   15.805  0.006    3  1 
  51317.0282   15.834  0.007    3  1 
  51317.0566   15.828  0.005    3  1 
  51317.0822   15.715  0.005    3  1 
  51317.1075   15.451  0.004    3  1 
  51317.9847   15.836  0.005    3  1 
  51318.0099   15.835  0.006    3  1 
  51318.0374   15.777  0.007    3  1 
  51318.0942   15.284  0.006    3  1 
  51318.1226   15.204  0.005    3  1 
  51318.9772   15.839  0.005    3  1 
  51319.0019   15.760  0.005    3  1 
  51319.0274   15.523  0.004    3  1 
  51319.0757   15.223  0.004    3  1 
  51319.0997   15.196  0.003    3  1 
  51320.1000   15.239  0.003    3  1 
  51320.1208   15.309  0.003    3  1 
  51320.1417   15.420  0.004    3  1 
  51320.9728   15.316  0.004    3  1 
  51321.0180   15.191  0.003    3  1 
  51321.0400   15.196  0.003    3  1 
  51321.0624   15.238  0.003    3  1 
  51321.0930   15.372  0.004    3  1 
  51321.1217   15.529  0.004    3  1 
  51380.9937   15.817  0.005    3  1 
  51381.9793   15.741  0.005    3  1 
  51382.9755   15.370  0.005    3  1 
  51385.9679   15.261  0.003    3  1 
  51386.9917   15.551  0.005    3  1 
  51388.9755   15.808  0.006    3  1 
  51389.9750   15.860  0.004    3  1 
  51390.9697   15.811  0.004    3  1 
 56468.97641   14.176  0.027   -1  1 
 56469.04707   14.061  0.019   -1  1 
 56469.10896   14.097  0.032   -1  1 
 56469.17285   13.948  0.020   -1  1 
 56471.00364   14.040  0.018   -1  1 
 56471.06640   13.913  0.022   -1  1 
 56471.12490   13.987  0.014   -1  1 
 56471.18188   13.872  0.012   -1  1 
 56471.96759   14.039  0.021   -1  1 
 56472.03374   14.018  0.019   -1  1 
 56472.09484   13.951  0.018   -1  1 
 56472.15243   13.930  0.010   -1  1 
 56468.95296   13.869  0.019   -2  1 
 56469.02441   14.001  0.017   -2  1 
 56469.08813   14.010  0.027   -2  1 
 56469.15134   13.920  0.011   -2  1 
 56471.02588   13.970  0.018   -2  1 
 56471.08671   13.866  0.012   -2  1 
 56471.14302   13.936  0.014   -2  1 
 56471.94704   14.093  0.010   -2  1 
 56472.01085   13.941  0.022   -2  1 
 56472.07480   13.900  0.021   -2  1 
 56472.13240   13.959  0.008   -2  1 
 56472.19216   14.086  0.024   -2  1 
 56469.00041   14.288  0.013   -5  1 
 56469.06767   14.274  0.008   -5  1 
 56469.13003   14.087  0.018   -5  1 
 56469.19349   14.101  0.010   -5  1 
 56470.98130   14.320  0.012   -5  1 
 56471.04693   14.172  0.013   -5  1 
 56471.10523   14.143  0.017   -5  1 
 56471.16397   14.087  0.029   -5  1 
 56471.98857   14.208  0.012   -5  1 
 56472.05430   14.084  0.014   -5  1 
 56472.11383   14.158  0.011   -5  1 
 56472.17109   14.224  0.011   -5  1 
