  51216.2987   14.754  0.005    2  1 
  51216.3275   14.672  0.005    2  1 
  51216.3519   14.598  0.004    2  1 
  51216.3771   14.562  0.004    2  1 
  51217.2851   14.565  0.004    2  1 
  51217.3152   14.558  0.004    2  1 
  51217.3378   14.572  0.004    2  1 
  51217.3598   14.602  0.004    2  1 
  51217.3804   14.643  0.004    2  1 
  51218.3013   14.681  0.004    2  1 
  51218.3254   14.712  0.004    2  1 
  51218.3504   14.752  0.004    2  1 
  51218.3753   14.783  0.004    2  1 
  51219.2775   14.764  0.004    2  1 
  51219.3014   14.769  0.004    2  1 
  51219.3186   14.761  0.004    2  1 
  51219.3397   14.725  0.004    2  1 
  51219.3635   14.675  0.004    2  1 
  51219.3810   14.618  0.004    2  1 
  51220.2867   14.645  0.004    2  1 
  51220.3036   14.591  0.004    2  1 
  51220.3219   14.559  0.004    2  1 
  51220.3391   14.546  0.004    2  1 
  51220.3564   14.554  0.004    2  1 
  51220.3729   14.566  0.004    2  1 
  51220.3920   14.600  0.004    2  1 
  51221.2619   14.554  0.004    2  1 
  51221.2873   14.576  0.004    2  1 
  51221.3052   14.607  0.004    2  1 
  51221.3230   14.642  0.004    2  1 
  51221.3396   14.676  0.004    2  1 
  51221.3577   14.711  0.004    2  1 
  51221.3762   14.744  0.004    2  1 
  51283.2102   14.641  0.004    2  1 
  51283.2288   14.685  0.004    2  1 
  51283.2338   14.695  0.004    2  1 
  51283.2391   14.703  0.004    2  1 
  51283.2642   14.749  0.004    2  1 
  51283.2680   14.753  0.004    2  1 
  51283.2868   14.771  0.004    2  1 
  51283.2902   14.767  0.004    2  1 
  51283.3138   14.772  0.004    2  1 
  51283.3170   14.771  0.004    2  1 
  51283.3408   14.751  0.004    2  1 
  51283.3447   14.742  0.004    2  1 
  51283.3642   14.691  0.004    2  1 
  51283.3673   14.680  0.004    2  1 
  51284.1955   14.773  0.004    2  1 
  51284.1993   14.768  0.004    2  1 
  51284.2266   14.772  0.004    2  1 
  51284.2298   14.772  0.004    2  1 
  51284.2475   14.742  0.004    2  1 
  51284.2506   14.749  0.004    2  1 
  51284.2679   14.709  0.004    2  1 
  51284.2711   14.697  0.004    2  1 
  51284.3004   14.622  0.004    2  1 
  51284.3036   14.615  0.004    2  1 
  51284.3257   14.560  0.004    2  1 
  51284.3289   14.560  0.004    2  1 
  51285.0269   14.650  0.003    2  1 
  51285.0299   14.641  0.003    2  1 
  51285.0577   14.711  0.003    2  1 
  51285.0607   14.683  0.004    2  1 
  51285.0814   14.730  0.004    2  1 
  51285.0847   14.740  0.004    2  1 
  51285.1052   14.764  0.004    2  1 
  51285.1084   14.769  0.004    2  1 
  51285.1396   14.776  0.004    2  1 
  51285.1427   14.759  0.004    2  1 
  51285.1624   14.739  0.004    2  1 
  51285.1654   14.731  0.004    2  1 
  51285.1891   14.672  0.004    2  1 
  51285.1924   14.673  0.004    2  1 
  51285.2195   14.605  0.004    2  1 
  51285.2227   14.587  0.004    2  1 
  51285.2468   14.559  0.004    2  1 
  51285.2498   14.556  0.004    2  1 
  51285.2738   14.541  0.004    2  1 
  51285.2775   14.555  0.004    2  1 
  51285.3077   14.598  0.004    2  1 
  51285.3112   14.595  0.004    2  1 
  51285.3425   14.658  0.004    2  1 
  51285.3456   14.659  0.004    2  1 
  51286.0177   14.763  0.004    2  1 
  51286.0241   14.770  0.004    2  1 
  51286.0542   14.759  0.003    2  1 
  51286.0574   14.756  0.004    2  1 
  51286.0794   14.727  0.003    2  1 
  51286.0832   14.717  0.004    2  1 
  51286.1105   14.647  0.003    2  1 
  51286.1136   14.633  0.004    2  1 
  51286.1441   14.572  0.003    2  1 
  51286.1472   14.571  0.003    2  1 
  51286.1708   14.559  0.003    2  1 
  51286.1740   14.555  0.003    2  1 
  51286.1969   14.563  0.004    2  1 
  51286.2002   14.565  0.004    2  1 
  51286.2322   14.617  0.004    2  1 
  51286.2352   14.620  0.003    2  1 
  51286.2544   14.660  0.004    2  1 
  51286.2573   14.665  0.004    2  1 
  51286.2785   14.702  0.004    2  1 
  51286.2816   14.716  0.004    2  1 
  51286.3149   14.758  0.004    2  1 
  51286.3179   14.764  0.004    2  1 
  51286.3375   14.776  0.004    2  1 
  51286.3409   14.778  0.004    2  1 
  51286.3604   14.780  0.005    2  1 
  51286.3635   14.763  0.004    2  1 
  51286.3665   14.759  0.004    2  1 
  51304.9667   14.563  0.003    2  1 
  51304.9697   14.552  0.003    2  1 
  51304.9956   14.565  0.003    2  1 
  51304.9985   14.577  0.003    2  1 
  51305.0393   14.612  0.004    2  1 
  51305.0423   14.615  0.004    2  1 
  51305.0812   14.692  0.004    2  1 
  51305.0852   14.705  0.004    2  1 
  51305.1040   14.747  0.004    2  1 
  51305.1077   14.749  0.004    2  1 
  51305.1328   14.807  0.005    2  1 
  51305.1357   14.782  0.004    2  1 
  51305.1582   14.781  0.005    2  1 
  51305.1616   14.781  0.005    2  1 
  51305.1919   14.736  0.005    2  1 
  51305.1953   14.724  0.005    2  1 
  51305.2170   14.665  0.004    2  1 
  51305.2202   14.656  0.004    2  1 
  51305.2493   14.585  0.004    2  1 
  51305.2523   14.580  0.004    2  1 
  51305.2764   14.550  0.004    2  1 
  51305.2796   14.544  0.005    2  1 
  51305.3025   14.566  0.004    2  1 
  51305.3054   14.559  0.004    2  1 
  51305.9643   14.645  0.003    2  1 
  51305.9672   14.657  0.003    2  1 
  51305.9997   14.706  0.003    2  1 
  51306.0313   14.758  0.003    2  1 
  51306.0340   14.756  0.003    2  1 
  51306.0638   14.779  0.004    2  1 
  51306.0674   14.770  0.004    2  1 
  51306.0960   14.742  0.004    2  1 
  51306.0990   14.733  0.004    2  1 
  51306.1183   14.685  0.003    2  1 
  51306.1209   14.680  0.003    2  1 
  51306.1434   14.607  0.004    2  1 
  51306.1474   14.605  0.005    2  1 
  51306.1743   14.558  0.003    2  1 
  51306.1770   14.563  0.003    2  1 
  51306.1996   14.553  0.003    2  1 
  51306.2025   14.568  0.003    2  1 
  51306.2235   14.567  0.003    2  1 
  51306.2407   14.564  0.003    2  1 
  51306.2432   14.563  0.003    2  1 
  51306.2458   14.601  0.003    2  1 
  51306.2665   14.644  0.003    2  1 
  51306.2691   14.647  0.003    2  1 
  51306.2862   14.680  0.003    2  1 
  51306.2895   14.683  0.004    2  1 
  51306.3068   14.722  0.004    2  1 
  51306.3101   14.728  0.004    2  1 
  51306.9828   14.780  0.005    2  1 
  51306.9870   14.800  0.004    2  1 
  51307.0161   14.720  0.004    2  1 
  51307.0270   14.699  0.004    2  1 
  51307.0388   14.658  0.004    2  1 
  51307.0824   14.565  0.006    2  1 
  51307.9862   14.576  0.003    2  1 
  51307.9901   14.587  0.003    2  1 
  51308.0178   14.567  0.003    2  1 
  51308.0443   14.570  0.003    2  1 
  51308.1072   14.672  0.004    2  1 
  51308.1114   14.688  0.004    2  1 
  51310.1342   14.557  0.003    2  1 
  51310.1371   14.551  0.003    2  1 
  51310.1402   14.555  0.003    2  1 
  51314.9621   14.587  0.005    2  1 
  51314.9650   14.566  0.004    2  1 
  51314.9679   14.562  0.004    2  1 
  51314.9914   14.551  0.003    2  1 
  51314.9943   14.555  0.003    2  1 
  51314.9972   14.545  0.003    2  1 
  51315.0171   14.562  0.003    2  1 
  51315.0197   14.576  0.003    2  1 
  51315.0224   14.561  0.003    2  1 
  51315.0409   14.596  0.003    2  1 
  51315.0436   14.598  0.003    2  1 
  51315.0462   14.604  0.003    2  1 
  51315.0650   14.640  0.003    2  1 
  51315.0677   14.639  0.003    2  1 
  51315.0860   14.682  0.003    2  1 
  51315.0887   14.694  0.004    2  1 
  51315.0913   14.695  0.004    2  1 
  51315.1094   14.728  0.004    2  1 
  51315.1121   14.734  0.004    2  1 
  51315.1148   14.738  0.004    2  1 
  51316.0277   14.731  0.003    2  1 
  51316.0303   14.732  0.003    2  1 
  51316.0330   14.744  0.003    2  1 
  51316.0511   14.771  0.004    2  1 
  51316.0538   14.771  0.004    2  1 
  51316.0565   14.772  0.003    2  1 
  51316.0746   14.780  0.004    2  1 
  51316.0773   14.780  0.004    2  1 
  51316.0800   14.774  0.004    2  1 
  51316.0992   14.752  0.004    2  1 
  51316.1020   14.751  0.003    2  1 
  51316.1046   14.744  0.003    2  1 
  51316.1228   14.700  0.003    2  1 
  51316.1255   14.697  0.004    2  1 
  51316.1281   14.693  0.004    2  1 
  51316.9815   14.779  0.004    2  1 
  51316.9843   14.769  0.004    2  1 
  51316.9869   14.768  0.003    2  1 
  51316.9978   14.777  0.004    2  1 
  51317.0147   14.741  0.004    2  1 
  51317.0176   14.740  0.004    2  1 
  51317.0205   14.739  0.005    2  1 
  51317.0420   14.685  0.005    2  1 
  51317.0450   14.667  0.005    2  1 
  51317.0483   14.666  0.005    2  1 
  51317.0689   14.601  0.004    2  1 
  51317.0718   14.595  0.004    2  1 
  51317.0747   14.587  0.004    2  1 
  51317.0946   14.565  0.003    2  1 
  51317.0974   14.566  0.003    2  1 
  51317.1000   14.557  0.004    2  1 
  51317.1199   14.543  0.004    2  1 
  51317.1228   14.549  0.004    2  1 
  51317.1257   14.545  0.004    2  1 
  51317.9715   14.624  0.005    2  1 
  51317.9744   14.614  0.004    2  1 
  51317.9772   14.617  0.004    2  1 
  51317.9970   14.589  0.003    2  1 
  51317.9998   14.590  0.003    2  1 
  51318.0025   14.554  0.004    2  1 
  51318.0227   14.544  0.005    2  1 
  51318.0260   14.534  0.005    2  1 
  51318.0292   14.518  0.007    2  1 
  51318.0510   14.554  0.005    2  1 
  51318.0542   14.552  0.005    2  1 
  51318.0575   14.558  0.005    2  1 
  51318.0795   14.590  0.005    2  1 
  51318.0827   14.608  0.005    2  1 
  51318.0859   14.612  0.005    2  1 
  51318.1079   14.656  0.007    2  1 
  51318.1111   14.670  0.006    2  1 
  51318.1144   14.688  0.009    2  1 
  51318.9846   14.593  0.003    2  1 
  51318.9874   14.596  0.004    2  1 
  51318.9902   14.600  0.003    2  1 
  51319.0093   14.634  0.004    2  1 
  51319.0122   14.643  0.004    2  1 
  51319.0151   14.645  0.005    2  1 
  51319.0351   14.696  0.005    2  1 
  51319.0380   14.699  0.005    2  1 
  51319.0411   14.701  0.005    2  1 
  51319.0623   14.738  0.004    2  1 
  51319.0653   14.746  0.004    2  1 
  51319.0682   14.752  0.004    2  1 
  51319.0874   14.772  0.004    2  1 
  51319.0902   14.763  0.004    2  1 
  51319.0928   14.768  0.004    2  1 
  51319.1137   14.771  0.004    2  1 
  51319.1164   14.774  0.004    2  1 
  51319.1190   14.772  0.004    2  1 
  51320.0869   14.664  0.002    2  1 
  51320.0909   14.644  0.003    2  1 
  51320.1531   14.551  0.003    2  1 
  51320.1557   14.554  0.003    2  1 
  51320.1584   14.554  0.003    2  1 
  51320.9810   14.693  0.004    2  1 
  51321.0292   14.582  0.003    2  1 
  51321.0466   14.550  0.003    2  1 
  51321.0491   14.552  0.003    2  1 
  51321.0517   14.546  0.003    2  1 
  51321.0689   14.551  0.003    2  1 
  51321.0714   14.556  0.003    2  1 
  51321.0740   14.555  0.003    2  1 
  51321.0997   14.579  0.003    2  1 
  51321.1023   14.583  0.003    2  1 
  51321.1049   14.586  0.003    2  1 
  51321.1074   14.599  0.003    2  1 
  51321.1100   14.601  0.003    2  1 
  51321.1285   14.632  0.003    2  1 
  51321.1311   14.639  0.003    2  1 
  51332.9607   14.639  0.006    2  1 
  51332.9651   14.639  0.007    2  1 
  51332.9797   14.675  0.005    2  1 
  51332.9834   14.685  0.005    2  1 
  51333.0005   14.715  0.005    2  1 
  51333.0039   14.725  0.005    2  1 
  51333.0156   14.747  0.005    2  1 
  51333.0192   14.756  0.006    2  1 
  51333.0445   14.780  0.005    2  1 
  51333.0479   14.777  0.005    2  1 
  51333.0636   14.781  0.006    2  1 
  51333.0681   14.782  0.006    2  1 
  51333.0834   14.764  0.005    2  1 
  51333.0869   14.754  0.005    2  1 
  51333.0981   14.740  0.005    2  1 
  51333.1018   14.732  0.005    2  1 
  51333.1258   14.668  0.005    2  1 
  51333.1294   14.654  0.006    2  1 
  51333.1410   14.615  0.006    2  1 
  51333.1452   14.616  0.005    2  1 
  51333.1492   14.598  0.005    2  1 
  51333.1642   14.573  0.005    2  1 
  51333.1679   14.569  0.005    2  1 
  51334.9778   14.584  0.003    2  1 
  51334.9806   14.582  0.003    2  1 
  51335.0115   14.556  0.003    2  1 
  51335.0145   14.554  0.003    2  1 
  51335.0237   14.558  0.004    2  1 
  51335.0269   14.557  0.004    2  1 
  51335.0365   14.557  0.004    2  1 
  51335.0396   14.558  0.004    2  1 
  51335.0624   14.590  0.005    2  1 
  51335.0658   14.594  0.004    2  1 
  51335.0766   14.613  0.004    2  1 
  51335.0800   14.625  0.004    2  1 
  51335.1009   14.665  0.004    2  1 
  51335.1041   14.671  0.005    2  1 
  51335.9585   14.574  0.004    2  1 
  51335.9619   14.576  0.004    2  1 
  51335.9661   14.580  0.004    2  1 
  51335.9693   14.583  0.004    2  1 
  51335.9855   14.609  0.004    2  1 
  51335.9915   14.628  0.004    2  1 
  51335.9966   14.633  0.004    2  1 
  51336.0139   14.674  0.004    2  1 
  51336.0172   14.679  0.004    2  1 
  51336.0275   14.701  0.004    2  1 
  51336.0306   14.705  0.004    2  1 
  51336.0439   14.726  0.004    2  1 
  51336.0470   14.737  0.004    2  1 
  51336.0662   14.759  0.005    2  1 
  51336.0696   14.761  0.004    2  1 
  51336.0728   14.767  0.005    2  1 
  51336.0954   14.774  0.005    2  1 
  51336.0989   14.774  0.005    2  1 
  51336.1119   14.769  0.005    2  1 
  51336.1153   14.758  0.004    2  1 
  51336.1297   14.750  0.006    2  1 
  51336.1557   14.708  0.012    2  1 
  51336.1600   14.673  0.007    2  1 
  51336.1647   14.655  0.009    2  1 
  51336.9567   14.747  0.003    2  1 
  51337.0022   14.817  0.006    2  1 
  51337.9827   14.665  0.006    2  1 
  51337.9868   14.661  0.006    2  1 
  51337.9997   14.618  0.005    2  1 
  51338.0033   14.601  0.005    2  1 
  51338.0231   14.560  0.005    2  1 
  51338.0265   14.561  0.005    2  1 
  51338.0304   14.552  0.005    2  1 
  51338.9791   14.561  0.004    2  1 
  51338.9849   14.568  0.004    2  1 
  51339.0116   14.607  0.005    2  1 
  51339.0151   14.604  0.005    2  1 
  51339.0441   14.668  0.004    2  1 
  51339.0477   14.679  0.004    2  1 
  51339.0513   14.689  0.005    2  1 
  51339.0774   14.735  0.005    2  1 
  51339.0807   14.741  0.005    2  1 
  51339.1053   14.760  0.005    2  1 
  51339.1093   14.773  0.005    2  1 
  51339.1327   14.775  0.005    2  1 
  51339.1363   14.770  0.005    2  1 
  51339.9588   14.675  0.004    2  1 
  51339.9627   14.678  0.004    2  1 
  51339.9835   14.720  0.004    2  1 
  51339.9874   14.731  0.004    2  1 
  51340.0115   14.769  0.004    2  1 
  51340.0146   14.763  0.004    2  1 
  51340.0349   14.780  0.004    2  1 
  51340.0380   14.776  0.004    2  1 
  51340.0659   14.757  0.005    2  1 
  51340.0696   14.749  0.005    2  1 
  51340.0938   14.692  0.005    2  1 
  51340.0983   14.683  0.005    2  1 
  51340.1334   14.580  0.004    2  1 
  51340.1366   14.580  0.004    2  1 
  51344.9654   14.636  0.003    2  1 
  51344.9786   14.607  0.003    2  1 
  51344.9829   14.593  0.004    2  1 
  51345.0052   14.555  0.004    2  1 
  51345.0092   14.540  0.004    2  1 
  51345.0132   14.551  0.003    2  1 
  51345.0170   14.549  0.004    2  1 
  51345.0353   14.548  0.003    2  1 
  51345.0390   14.547  0.003    2  1 
  51345.0645   14.579  0.004    2  1 
  51345.0690   14.584  0.003    2  1 
  51345.9658   14.559  0.006    2  1 
  51345.9696   14.563  0.006    2  1 
  51345.9999   14.626  0.005    2  1 
  51346.0043   14.632  0.005    2  1 
  51346.0310   14.682  0.004    2  1 
  51346.0343   14.685  0.004    2  1 
  51346.0571   14.726  0.004    2  1 
  51346.0604   14.740  0.005    2  1 
  51347.0221   14.762  0.005    2  1 
  51347.0274   14.767  0.003    2  1 
  51347.0562   14.727  0.004    2  1 
  51347.0597   14.720  0.004    2  1 
  51347.0815   14.667  0.003    2  1 
  51347.0850   14.657  0.004    2  1 
  51347.9550   14.725  0.004    2  1 
  51347.9581   14.742  0.004    2  1 
  51347.9877   14.673  0.004    2  1 
  51347.9914   14.666  0.004    2  1 
  51347.9948   14.653  0.004    2  1 
  51348.0181   14.592  0.004    2  1 
  51348.0211   14.585  0.004    2  1 
  51348.0849   14.546  0.006    2  1 
  51348.0897   14.556  0.005    2  1 
  51348.1054   14.576  0.005    2  1 
  51348.1088   14.589  0.005    2  1 
  51348.1122   14.590  0.005    2  1 
  51348.9528   14.563  0.003    2  1 
  51348.9557   14.552  0.004    2  1 
  51348.9795   14.555  0.003    2  1 
  51348.9824   14.548  0.003    2  1 
  51348.9941   14.556  0.004    2  1 
  51349.0152   14.588  0.004    2  1 
  51349.0189   14.598  0.004    2  1 
  51349.9596   14.642  0.004    2  1 
  51349.9627   14.658  0.004    2  1 
  51349.9911   14.715  0.004    2  1 
  51349.9944   14.721  0.004    2  1 
  51350.0097   14.746  0.004    2  1 
  51350.0128   14.750  0.004    2  1 
  51350.0228   14.771  0.004    2  1 
  51364.9643   14.713  0.004    2  1 
  51364.9677   14.700  0.003    2  1 
  51380.9714   14.758  0.003    2  1 
  51380.9769   14.765  0.004    2  1 
  51380.9801   14.768  0.003    2  1 
  51380.9845   14.767  0.004    2  1 
  51381.0066   14.763  0.003    2  1 
  51381.0096   14.760  0.003    2  1 
  51381.0136   14.756  0.003    2  1 
  51381.9638   14.680  0.003    2  1 
  51381.9679   14.660  0.004    2  1 
  51381.9716   14.657  0.005    2  1 
  51381.9917   14.601  0.004    2  1 
  51381.9946   14.594  0.005    2  1 
  51382.9605   14.549  0.003    2  1 
  51382.9652   14.557  0.004    2  1 
  51382.9682   14.535  0.005    2  1 
  51382.9887   14.573  0.004    2  1 
  51382.9916   14.584  0.004    2  1 
  51383.9595   14.702  0.003    2  1 
  51383.9621   14.733  0.003    2  1 
  51383.9648   14.704  0.003    2  1 
  51383.9826   14.744  0.004    2  1 
  51383.9853   14.768  0.004    2  1 
  51384.9657   14.745  0.003    2  1 
  51385.9557   14.570  0.003    2  1 
  51385.9615   14.562  0.003    2  1 
  51385.9788   14.550  0.003    2  1 
  51385.9814   14.560  0.003    2  1 
  51386.9731   14.653  0.004    2  1 
  51386.9769   14.657  0.004    2  1 
  51386.9807   14.675  0.004    2  1 
  51387.0101   14.726  0.004    2  1 
  51387.0139   14.739  0.004    2  1 
  51387.0177   14.747  0.004    2  1 
  51388.9571   14.631  0.006    2  1 
  51388.9659   14.602  0.005    2  1 
  51388.9899   14.554  0.005    2  1 
  51388.9932   14.562  0.005    2  1 
  51389.9629   14.588  0.003    2  1 
  51389.9656   14.588  0.003    2  1 
  51389.9683   14.586  0.003    2  1 
  51390.9578   14.729  0.003    2  1 
  51390.9604   14.717  0.003    2  1 
  51390.9631   14.757  0.005    2  1 
  51646.1374   14.798  0.005    2  1 
  51646.1447   14.809  0.007    2  1 
  51646.1486   14.783  0.005    2  1 
  51646.1532   14.783  0.006    2  1 
  51646.1570   14.821  0.009    2  1 
  51646.1609   14.807  0.008    2  1 
  51646.1649   14.790  0.007    2  1 
  51646.1687   14.767  0.006    2  1 
  51646.1727   14.752  0.005    2  1 
  51646.1764   14.743  0.005    2  1 
  51646.1801   14.731  0.005    2  1 
  51646.1837   14.728  0.005    2  1 
  51646.1871   14.732  0.006    2  1 
  51646.1907   14.718  0.006    2  1 
  51646.1944   14.705  0.006    2  1 
  51646.1983   14.691  0.005    2  1 
  51646.2025   14.675  0.005    2  1 
  51646.2065   14.661  0.005    2  1 
  51646.2100   14.657  0.004    2  1 
  51646.2138   14.645  0.004    2  1 
  51646.2172   14.632  0.004    2  1 
  51646.2206   14.629  0.004    2  1 
  51646.2245   14.617  0.004    2  1 
  51646.2283   14.612  0.004    2  1 
  51646.2320   14.597  0.004    2  1 
  51646.2362   14.588  0.004    2  1 
  51646.2394   14.585  0.003    2  1 
  51646.2426   14.584  0.003    2  1 
  51646.2457   14.579  0.003    2  1 
  51646.2489   14.567  0.003    2  1 
  51646.2523   14.566  0.004    2  1 
  51646.2557   14.566  0.004    2  1 
  51646.2591   14.568  0.004    2  1 
  51646.2626   14.550  0.005    2  1 
  51646.2660   14.554  0.004    2  1 
  51646.2694   14.537  0.006    2  1 
  51646.2730   14.538  0.007    2  1 
  51646.2769   14.536  0.010    2  1 
  51646.2811   14.517  0.013    2  1 
  51646.2852   14.542  0.007    2  1 
  51646.2895   14.553  0.005    2  1 
  51646.2939   14.535  0.007    2  1 
  51646.2986   14.551  0.008    2  1 
  51646.3027   14.552  0.008    2  1 
  51646.3070   14.573  0.006    2  1 
  51646.3111   14.580  0.005    2  1 
  51646.3151   14.591  0.004    2  1 
  51646.3189   14.595  0.004    2  1 
  51646.3225   14.610  0.004    2  1 
  51646.3260   14.603  0.004    2  1 
  51646.3296   14.610  0.004    2  1 
  51646.3330   14.623  0.004    2  1 
  51646.3377   14.633  0.004    2  1 
  51646.3414   14.639  0.005    2  1 
  51646.3451   14.648  0.004    2  1 
  51646.3496   14.653  0.004    2  1 
  51646.3530   14.666  0.005    2  1 
  51646.3568   14.666  0.004    2  1 
  51646.3602   14.696  0.008    2  1 
  51646.3637   14.692  0.006    2  1 
  51646.3679   14.699  0.005    2  1 
  51646.3713   14.715  0.005    2  1 
  51646.3746   14.748  0.008    2  1 
  51671.0721   14.680  0.004    2  1 
  51671.0771   14.671  0.006    2  1 
  51671.1013   14.611  0.004    2  1 
  51671.1053   14.600  0.004    2  1 
  51671.1107   14.585  0.004    2  1 
  51671.1151   14.580  0.004    2  1 
  51671.1292   14.565  0.004    2  1 
  51671.9878   14.668  0.003    2  1 
  51671.9920   14.657  0.003    2  1 
  51672.0277   14.579  0.004    2  1 
  51672.0316   14.572  0.003    2  1 
  51672.0822   14.565  0.003    2  1 
  51674.0685   14.770  0.006    2  1 
  51674.0726   14.777  0.007    2  1 
  51674.1052   14.683  0.005    2  1 
  51674.1117   14.671  0.005    2  1 
  51674.1260   14.630  0.004    2  1 
  51674.1296   14.626  0.004    2  1 
  51674.1332   14.617  0.004    2  1 
  51674.1368   14.603  0.004    2  1 
  51674.1405   14.595  0.004    2  1 
  51674.1444   14.589  0.004    2  1 
  51674.9689   14.772  0.005    2  1 
  51674.9724   14.764  0.005    2  1 
  51674.9867   14.744  0.005    2  1 
  51674.9911   14.743  0.005    2  1 
  51675.0041   14.715  0.005    2  1 
  51675.0121   14.701  0.006    2  1 
  51675.0159   14.693  0.006    2  1 
  51675.0253   14.656  0.004    2  1 
  51675.0289   14.640  0.004    2  1 
  51675.0351   14.631  0.004    2  1 
  51675.0465   14.601  0.004    2  1 
  51675.0521   14.592  0.005    2  1 
  51675.0558   14.583  0.004    2  1 
  51675.0622   14.570  0.004    2  1 
  51675.0661   14.571  0.004    2  1 
  51675.0719   14.560  0.004    2  1 
  51675.0756   14.554  0.005    2  1 
  51675.0814   14.555  0.004    2  1 
  51675.0858   14.547  0.004    2  1 
  51675.0927   14.555  0.004    2  1 
  51675.0970   14.556  0.004    2  1 
  51675.9751   14.570  0.003    2  1 
  51675.9802   14.562  0.004    2  1 
  51675.9906   14.556  0.004    2  1 
  51675.9939   14.552  0.003    2  1 
  51675.9971   14.560  0.004    2  1 
  51676.0005   14.556  0.003    2  1 
  51676.0036   14.558  0.003    2  1 
  51676.0067   14.547  0.004    2  1 
  51676.0112   14.547  0.004    2  1 
  51676.0240   14.553  0.005    2  1 
  51676.0301   14.565  0.004    2  1 
  51676.9616   14.594  0.006    2  1 
  51676.9713   14.606  0.005    2  1 
  51676.9757   14.616  0.006    2  1 
  51676.9867   14.638  0.006    2  1 
  51676.9919   14.661  0.010    2  1 
  51676.9969   14.662  0.008    2  1 
  51677.0090   14.699  0.007    2  1 
  51677.0126   14.688  0.005    2  1 
  51677.0180   14.713  0.007    2  1 
  51677.0226   14.723  0.006    2  1 
  51677.0271   14.734  0.007    2  1 
  51677.0318   14.732  0.006    2  1 
  51677.0362   14.742  0.006    2  1 
  51677.0410   14.749  0.007    2  1 
  51677.0453   14.756  0.007    2  1 
  51677.0499   14.766  0.007    2  1 
  51677.0580   14.775  0.007    2  1 
  51677.0628   14.781  0.007    2  1 
  51677.0672   14.775  0.007    2  1 
  51677.0713   14.780  0.006    2  1 
  51677.0751   14.785  0.007    2  1 
  51677.0793   14.780  0.006    2  1 
  51677.0835   14.777  0.006    2  1 
  51677.0877   14.771  0.006    2  1 
  51677.0918   14.778  0.006    2  1 
  51677.0956   14.778  0.006    2  1 
  51677.0996   14.804  0.009    2  1 
  51677.1044   14.784  0.007    2  1 
  51677.1082   14.800  0.010    2  1 
  51677.1121   14.765  0.007    2  1 
  51677.1160   14.764  0.007    2  1 
  51677.1199   14.754  0.008    2  1 
  51677.1238   14.737  0.006    2  1 
  51677.1276   14.729  0.006    2  1 
  51677.1315   14.722  0.007    2  1 
  51677.1353   14.711  0.007    2  1 
  51677.1396   14.697  0.007    2  1 
  51677.1434   14.684  0.007    2  1 
  51677.1476   14.667  0.006    2  1 
  51677.1520   14.654  0.006    2  1 
  51677.1564   14.645  0.006    2  1 
  51677.1603   14.630  0.005    2  1 
  51677.1642   14.624  0.005    2  1 
  51677.1680   14.611  0.006    2  1 
  51677.1719   14.595  0.005    2  1 
  51677.1759   14.590  0.005    2  1 
  51677.1797   14.578  0.005    2  1 
  51677.1836   14.575  0.006    2  1 
  51677.1883   14.568  0.006    2  1 
  51677.1922   14.565  0.005    2  1 
  51677.1960   14.559  0.005    2  1 
  51677.1999   14.551  0.006    2  1 
  51677.2038   14.555  0.005    2  1 
  51677.2083   14.553  0.006    2  1 
  51677.2133   14.551  0.006    2  1 
  51677.2176   14.522  0.008    2  1 
  51677.2233   14.534  0.008    2  1 
  51677.2285   14.514  0.014    2  1 
  51677.2335   14.546  0.008    2  1 
  51677.2391   14.526  0.009    2  1 
  51677.2465   14.548  0.011    2  1 
  51677.2524   14.569  0.007    2  1 
  51677.2571   14.576  0.006    2  1 
  51677.2620   14.588  0.006    2  1 
  51677.2664   14.591  0.006    2  1 
  51677.2708   14.605  0.006    2  1 
  51691.0375   14.777  0.002    2  1 
  51691.0409   14.761  0.003    2  1 
  51691.0444   14.762  0.004    2  1 
  51691.0509   14.760  0.003    2  1 
  51691.0543   14.759  0.004    2  1 
  51691.0579   14.760  0.004    2  1 
  51691.0633   14.751  0.003    2  1 
  51691.0670   14.746  0.003    2  1 
  51691.0711   14.735  0.003    2  1 
  51691.0770   14.718  0.003    2  1 
  51691.0805   14.716  0.004    2  1 
  51691.0840   14.717  0.004    2  1 
  51691.0896   14.694  0.004    2  1 
  51691.0931   14.686  0.003    2  1 
  51691.0971   14.677  0.003    2  1 
  51691.1040   14.659  0.004    2  1 
  51691.1083   14.648  0.004    2  1 
  51691.1122   14.633  0.003    2  1 
  51691.1180   14.633  0.003    2  1 
  51691.1214   14.618  0.003    2  1 
  51691.1249   14.606  0.003    2  1 
  51691.1323   14.589  0.003    2  1 
  51691.1357   14.586  0.003    2  1 
  51691.1392   14.583  0.003    2  1 
  51691.1448   14.571  0.003    2  1 
  51691.1522   14.566  0.002    2  1 
  51691.1561   14.560  0.002    2  1 
  51693.0130   14.560  0.004    2  1 
  51693.0165   14.554  0.004    2  1 
  51693.0248   14.578  0.004    2  1 
  51693.0305   14.587  0.004    2  1 
  51693.0340   14.582  0.004    2  1 
  51693.0378   14.593  0.004    2  1 
  51694.0082   14.703  0.004    2  1 
  51694.0114   14.703  0.004    2  1 
  51694.0267   14.743  0.004    2  1 
  51694.0319   14.739  0.004    2  1 
  51694.0351   14.751  0.004    2  1 
  51694.0384   14.750  0.004    2  1 
  51694.0418   14.754  0.004    2  1 
  51694.0472   14.755  0.004    2  1 
  51694.0505   14.772  0.004    2  1 
  51694.0537   14.763  0.004    2  1 
  51694.0590   14.768  0.004    2  1 
  51694.0623   14.759  0.004    2  1 
  51694.0656   14.767  0.004    2  1 
  51694.0714   14.769  0.004    2  1 
  51694.0748   14.761  0.004    2  1 
  51694.0781   14.766  0.004    2  1 
  51694.0836   14.753  0.004    2  1 
  51694.0901   14.798  0.003    2  1 
  51694.0957   14.746  0.004    2  1 
  51694.0989   14.762  0.004    2  1 
  51694.1075   14.741  0.004    2  1 
  51694.1190   14.712  0.004    2  1 
  51694.1221   14.702  0.003    2  1 
  51694.1252   14.693  0.003    2  1 
  51694.1286   14.692  0.004    2  1 
  51695.0280   14.715  0.003    2  1 
  51695.0317   14.709  0.003    2  1 
  51697.9712   14.745  0.005    2  1 
  51697.9818   14.751  0.004    2  1 
  51765.9746   14.783  0.005    2  1 
  51765.9783   14.782  0.005    2  1 
  51765.9820   14.774  0.004    2  1 
  51766.0194   14.723  0.005    2  1 
  51766.0229   14.707  0.005    2  1 
  51216.3063   15.046  0.004    3  1 
  51216.3342   14.945  0.004    3  1 
  51216.3572   14.869  0.003    3  1 
  51216.3847   14.834  0.003    3  1 
  51217.2936   14.825  0.003    3  1 
  51217.3214   14.828  0.004    3  1 
  51217.3852   14.953  0.003    3  1 
  51218.2935   14.952  0.004    3  1 
  51218.3212   15.018  0.004    3  1 
  51218.3442   15.049  0.004    3  1 
  51218.3704   15.100  0.004    3  1 
  51219.2811   15.125  0.002    3  1 
  51219.2844   15.108  0.004    3  1 
  51219.3053   15.125  0.004    3  1 
  51219.3228   15.091  0.004    3  1 
  51219.3465   15.037  0.004    3  1 
  51219.3676   14.950  0.004    3  1 
  51219.3851   14.900  0.003    3  1 
  51220.2805   14.949  0.003    3  1 
  51220.2995   14.882  0.003    3  1 
  51220.3171   14.844  0.003    3  1 
  51220.3349   14.821  0.003    3  1 
  51220.3523   14.818  0.003    3  1 
  51220.3689   14.838  0.003    3  1 
  51220.3877   14.890  0.003    3  1 
  51221.2691   14.850  0.003    3  1 
  51221.2915   14.867  0.003    3  1 
  51221.3097   14.910  0.003    3  1 
  51221.3270   14.944  0.003    3  1 
  51221.3437   14.976  0.003    3  1 
  51221.3619   15.036  0.004    3  1 
  51221.3854   15.090  0.004    3  1 
  51283.2237   14.975  0.003    3  1 
  51283.2601   15.060  0.003    3  1 
  51283.2830   15.100  0.003    3  1 
  51283.3050   15.125  0.004    3  1 
  51283.3367   15.097  0.003    3  1 
  51283.3600   15.046  0.003    3  1 
  51284.2056   15.114  0.003    3  1 
  51284.2337   15.102  0.003    3  1 
  51284.2542   15.061  0.003    3  1 
  51284.2806   14.982  0.003    3  1 
  51284.3075   14.894  0.003    3  1 
  51284.3333   14.854  0.003    3  1 
  51285.0371   14.973  0.003    3  1 
  51285.0885   15.090  0.004    3  1 
  51285.1182   15.102  0.003    3  1 
  51285.1470   15.089  0.003    3  1 
  51285.1698   15.008  0.002    3  1 
  51285.1988   14.951  0.003    3  1 
  51285.2270   14.874  0.003    3  1 
  51285.2539   14.833  0.003    3  1 
  51285.2851   14.849  0.003    3  1 
  51285.3202   14.918  0.003    3  1 
  51285.3496   15.008  0.003    3  1 
  51286.0308   15.139  0.003    3  1 
  51286.0619   15.111  0.003    3  1 
  51286.0921   15.026  0.003    3  1 
  51286.2076   14.881  0.003    3  1 
  51286.2389   14.928  0.003    3  1 
  51286.2613   14.988  0.003    3  1 
  51286.2889   15.064  0.003    3  1 
  51286.3108   15.096  0.003    3  1 
  51286.3335   15.139  0.003    3  1 
  51286.3566   15.137  0.003    3  1 
  51304.9734   14.854  0.003    3  1 
  51305.0076   14.849  0.003    3  1 
  51305.0510   14.934  0.003    3  1 
  51305.0770   15.008  0.004    3  1 
  51305.1004   15.061  0.003    3  1 
  51305.1407   15.119  0.004    3  1 
  51305.1707   15.097  0.004    3  1 
  51305.1996   15.043  0.004    3  1 
  51305.2299   14.935  0.004    3  1 
  51305.2561   14.871  0.004    3  1 
  51305.2836   14.834  0.004    3  1 
  51305.3139   14.882  0.004    3  1 
  51305.9733   14.978  0.003    3  1 
  51306.0157   15.066  0.003    3  1 
  51306.0375   15.109  0.004    3  1 
  51306.0735   15.095  0.003    3  1 
  51306.1285   14.959  0.003    3  1 
  51306.1517   14.891  0.004    3  1 
  51306.2269   14.855  0.003    3  1 
  51306.2491   14.918  0.003    3  1 
  51306.2725   14.979  0.003    3  1 
  51306.2932   15.031  0.003    3  1 
  51308.0249   14.880  0.002    3  1 
  51308.0524   14.862  0.003    3  1 
  51308.0811   14.942  0.002    3  1 
  51308.0851   14.930  0.003    3  1 
  51308.1202   15.023  0.003    3  1 
  51310.1272   14.838  0.003    3  1 
  51310.1308   14.836  0.003    3  1 
  51314.9714   14.843  0.003    3  1 
  51315.0138   14.837  0.003    3  1 
  51315.0372   14.882  0.003    3  1 
  51315.0710   14.948  0.003    3  1 
  51315.0946   15.021  0.003    3  1 
  51315.1180   15.085  0.003    3  1 
  51316.0363   15.096  0.003    3  1 
  51316.0597   15.117  0.003    3  1 
  51316.0832   15.118  0.003    3  1 
  51316.1079   15.066  0.003    3  1 
  51317.0013   15.096  0.004    3  1 
  51317.0241   15.051  0.004    3  1 
  51317.0523   14.948  0.004    3  1 
  51317.0782   14.867  0.003    3  1 
  51317.1035   14.836  0.003    3  1 
  51317.9808   14.907  0.003    3  1 
  51318.0060   14.842  0.003    3  1 
  51318.0331   14.846  0.004    3  1 
  51318.0898   14.933  0.004    3  1 
  51318.1183   14.994  0.004    3  1 
  51318.9811   14.889  0.003    3  1 
  51319.0058   14.936  0.003    3  1 
  51319.0315   15.003  0.004    3  1 
  51319.0717   15.094  0.004    3  1 
  51319.0961   15.124  0.003    3  1 
  51320.0968   14.938  0.002    3  1 
  51320.1175   14.886  0.002    3  1 
  51321.0212   14.881  0.003    3  1 
  51321.0434   14.842  0.003    3  1 
  51321.0658   14.830  0.003    3  1 
  51321.0965   14.862  0.003    3  1 
  51321.1252   14.926  0.003    3  1 
  51333.0403   15.113  0.004    3  1 
  51333.1062   15.043  0.004    3  1 
  51335.0432   14.856  0.003    3  1 
  51335.0972   14.970  0.003    3  1 
  51335.1083   14.997  0.004    3  1 
  51336.0103   14.978  0.003    3  1 
  51336.0508   15.078  0.004    3  1 
  51336.0891   15.127  0.004    3  1 
  51338.0075   14.885  0.004    3  1 
  51339.0046   14.881  0.003    3  1 
  51339.0385   14.960  0.003    3  1 
  51339.0685   15.039  0.004    3  1 
  51339.1006   15.100  0.004    3  1 
  51339.1280   15.129  0.004    3  1 
  51339.9665   15.004  0.003    3  1 
  51339.9935   15.078  0.003    3  1 
  51340.0189   15.107  0.003    3  1 
  51340.0441   15.109  0.004    3  1 
  51340.0753   15.054  0.004    3  1 
  51340.1041   14.971  0.004    3  1 
  51345.0430   14.840  0.003    3  1 
  51345.0736   14.887  0.003    3  1 
  51345.9747   14.860  0.004    3  1 
  51346.0101   14.948  0.004    3  1 
  51346.0388   15.024  0.004    3  1 
  51346.0670   15.087  0.004    3  1 
  51347.0317   15.108  0.003    3  1 
  51347.0645   15.035  0.003    3  1 
  51347.0896   14.946  0.003    3  1 
  51347.9638   15.061  0.003    3  1 
  51348.0146   14.896  0.003    3  1 
  51348.9591   14.839  0.003    3  1 
  51349.0243   14.902  0.003    3  1 
  51349.9679   14.977  0.003    3  1 
  51364.9721   15.005  0.003    3  1 
  51380.9890   15.122  0.003    3  1 
  51381.9751   14.957  0.003    3  1 
  51382.9716   14.845  0.003    3  1 
  51383.9680   15.029  0.003    3  1 
  51385.9645   14.839  0.003    3  1 
  51386.9859   15.003  0.003    3  1 
  51388.9699   14.899  0.003    3  1 
  51389.9715   14.894  0.003    3  1 
  51391.9664   14.993  0.002    3  1 
  51672.0213   14.888  0.003    3  1 
  51674.0796   15.080  0.004    3  1 
  51674.9989   15.062  0.004    3  1 
  51694.0012   15.012  0.003    3  1 
  51765.9863   15.126  0.004    3  1 
  51766.0153   15.069  0.004    3  1 
 56468.97641   13.731  0.044   -1  1 
 56469.04707   13.522  0.044   -1  1 
 56469.10896   13.538  0.034   -1  1 
 56469.17285   13.657  0.011   -1  1 
 56471.00364   13.568  0.021   -1  1 
 56471.06640   13.821  0.033   -1  1 
 56471.12490   13.574  0.012   -1  1 
 56471.18188   13.572  0.010   -1  1 
 56471.96759   13.535  0.026   -1  1 
 56472.03374   13.614  0.010   -1  1 
 56472.09484   13.795  0.035   -1  1 
 56472.15243   13.608  0.014   -1  1 
 56468.95296   13.444  0.030   -2  1 
 56469.02441   13.517  0.021   -2  1 
 56469.08813   13.527  0.021   -2  1 
 56469.15134   13.545  0.013   -2  1 
 56471.02588   13.581  0.019   -2  1 
 56471.08671   13.577  0.029   -2  1 
 56471.14302   13.534  0.007   -2  1 
 56471.94704   13.557  0.014   -2  1 
 56472.01085   13.571  0.023   -2  1 
 56472.07480   13.548  0.015   -2  1 
 56472.13240   13.487  0.018   -2  1 
 56472.19216   13.558  0.008   -2  1 
 56469.00041   13.745  0.017   -5  1 
 56469.06767   13.771  0.015   -5  1 
 56469.13003   13.805  0.011   -5  1 
 56469.19349   13.799  0.012   -5  1 
 56470.98130   13.833  0.011   -5  1 
 56471.04693   13.773  0.010   -5  1 
 56471.10523   13.740  0.011   -5  1 
 56471.16397   13.723  0.009   -5  1 
 56471.98857   13.753  0.012   -5  1 
 56472.05430   13.774  0.011   -5  1 
 56472.11383   13.771  0.010   -5  1 
 56472.17109   13.863  0.012   -5  1 
