  51216.3218   14.300  0.004    2  1 
  51216.3464   14.351  0.004    2  1 
  51216.3689   14.394  0.004    2  1 
  51216.3980   14.483  0.007    2  1 
  51217.3101   14.605  0.005    2  1 
  51217.3328   14.643  0.005    2  1 
  51217.3552   14.654  0.005    2  1 
  51217.3759   14.654  0.005    2  1 
  51217.3953   14.633  0.005    2  1 
  51218.2773   14.523  0.006    2  1 
  51218.3093   14.437  0.004    2  1 
  51218.3298   14.395  0.004    2  1 
  51218.3573   14.341  0.004    2  1 
  51218.3794   14.320  0.004    2  1 
  51219.2978   14.321  0.004    2  1 
  51219.3149   14.319  0.004    2  1 
  51219.3336   14.413  0.004    2  1 
  51219.3596   14.475  0.004    2  1 
  51219.3768   14.521  0.004    2  1 
  51220.2621   14.597  0.005    2  1 
  51220.2906   14.636  0.005    2  1 
  51220.3077   14.644  0.005    2  1 
  51220.3257   14.639  0.005    2  1 
  51220.3432   14.631  0.005    2  1 
  51220.3602   14.605  0.005    2  1 
  51220.3776   14.563  0.004    2  1 
  51221.2835   14.413  0.004    2  1 
  51221.3009   14.388  0.004    2  1 
  51221.3188   14.357  0.004    2  1 
  51221.3358   14.328  0.004    2  1 
  51221.3538   14.316  0.004    2  1 
  51221.3722   14.306  0.004    2  1 
  51283.2451   14.635  0.004    2  1 
  51283.2493   14.631  0.004    2  1 
  51283.2714   14.656  0.005    2  1 
  51283.2748   14.645  0.004    2  1 
  51283.2939   14.632  0.004    2  1 
  51283.2972   14.625  0.004    2  1 
  51283.3202   14.589  0.004    2  1 
  51283.3234   14.590  0.004    2  1 
  51283.3487   14.493  0.004    2  1 
  51283.3518   14.477  0.004    2  1 
  51283.3707   14.423  0.004    2  1 
  51283.3738   14.409  0.004    2  1 
  51284.2195   14.438  0.004    2  1 
  51284.2229   14.438  0.004    2  1 
  51284.2413   14.417  0.004    2  1 
  51284.2443   14.406  0.004    2  1 
  51284.2617   14.375  0.004    2  1 
  51284.2942   14.318  0.004    2  1 
  51284.2973   14.306  0.004    2  1 
  51284.3168   14.296  0.004    2  1 
  51284.3211   14.298  0.004    2  1 
  51284.3464   14.306  0.004    2  1 
  51285.0513   14.493  0.004    2  1 
  51285.0543   14.473  0.004    2  1 
  51285.0739   14.429  0.004    2  1 
  51285.0778   14.415  0.004    2  1 
  51285.0975   14.380  0.004    2  1 
  51285.1006   14.384  0.004    2  1 
  51285.1324   14.324  0.004    2  1 
  51285.1360   14.319  0.004    2  1 
  51285.1558   14.309  0.003    2  1 
  51285.1588   14.313  0.003    2  1 
  51285.1796   14.301  0.004    2  1 
  51285.1830   14.305  0.003    2  1 
  51285.2125   14.358  0.004    2  1 
  51285.2157   14.348  0.004    2  1 
  51285.2426   14.394  0.004    2  1 
  51285.2630   14.443  0.004    2  1 
  51285.2998   14.530  0.004    2  1 
  51285.3348   14.591  0.004    2  1 
  51286.0461   14.325  0.003    2  1 
  51286.0493   14.331  0.003    2  1 
  51286.0716   14.356  0.003    2  1 
  51286.0753   14.365  0.003    2  1 
  51286.1026   14.440  0.004    2  1 
  51286.1061   14.445  0.004    2  1 
  51286.1365   14.518  0.004    2  1 
  51286.1398   14.523  0.004    2  1 
  51286.1639   14.574  0.004    2  1 
  51286.1669   14.583  0.004    2  1 
  51286.1875   14.609  0.004    2  1 
  51286.1908   14.622  0.004    2  1 
  51286.2255   14.645  0.004    2  1 
  51286.2285   14.650  0.004    2  1 
  51286.2508   14.636  0.004    2  1 
  51286.2697   14.624  0.004    2  1 
  51286.2727   14.613  0.004    2  1 
  51286.3022   14.548  0.004    2  1 
  51286.3055   14.520  0.004    2  1 
  51286.3218   14.470  0.004    2  1 
  51286.3250   14.469  0.004    2  1 
  51286.3450   14.412  0.004    2  1 
  51286.3481   14.419  0.004    2  1 
  51304.9873   14.350  0.004    2  1 
  51304.9926   14.349  0.003    2  1 
  51305.0328   14.330  0.004    2  1 
  51305.0362   14.342  0.004    2  1 
  51305.0559   14.344  0.004    2  1 
  51305.0599   14.347  0.004    2  1 
  51305.0890   14.389  0.004    2  1 
  51305.0922   14.397  0.004    2  1 
  51305.1269   14.459  0.004    2  1 
  51305.1509   14.516  0.005    2  1 
  51305.1853   14.569  0.004    2  1 
  51305.1885   14.579  0.005    2  1 
  51305.2098   14.598  0.004    2  1 
  51305.2128   14.598  0.004    2  1 
  51305.2431   14.620  0.004    2  1 
  51305.2461   14.619  0.004    2  1 
  51305.2704   14.613  0.005    2  1 
  51305.2734   14.583  0.004    2  1 
  51305.2995   14.544  0.004    2  1 
  51305.9857   14.489  0.003    2  1 
  51305.9885   14.493  0.003    2  1 
  51305.9912   14.499  0.003    2  1 
  51306.0256   14.566  0.003    2  1 
  51306.0285   14.573  0.003    2  1 
  51306.0465   14.586  0.004    2  1 
  51306.0498   14.592  0.004    2  1 
  51306.0896   14.618  0.004    2  1 
  51306.0930   14.625  0.004    2  1 
  51306.1123   14.602  0.004    2  1 
  51306.1151   14.605  0.004    2  1 
  51306.1375   14.581  0.004    2  1 
  51306.1405   14.586  0.004    2  1 
  51306.1636   14.521  0.004    2  1 
  51306.1673   14.505  0.004    2  1 
  51306.1937   14.438  0.003    2  1 
  51306.1966   14.443  0.003    2  1 
  51306.2146   14.408  0.004    2  1 
  51306.2343   14.371  0.003    2  1 
  51306.2380   14.375  0.003    2  1 
  51306.2574   14.347  0.003    2  1 
  51306.2602   14.343  0.003    2  1 
  51306.2805   14.320  0.003    2  1 
  51306.2835   14.329  0.003    2  1 
  51306.3038   14.328  0.004    2  1 
  51306.3135   14.329  0.004    2  1 
  51306.3184   14.339  0.004    2  1 
  51307.0456   14.432  0.004    2  1 
  51307.0501   14.438  0.005    2  1 
  51307.0593   14.418  0.004    2  1 
  51307.0645   14.422  0.003    2  1 
  51307.0699   14.411  0.007    2  1 
  51307.0747   14.412  0.005    2  1 
  51308.0084   14.329  0.003    2  1 
  51308.0112   14.334  0.003    2  1 
  51308.0334   14.360  0.003    2  1 
  51308.0362   14.376  0.003    2  1 
  51308.0394   14.372  0.003    2  1 
  51308.0633   14.422  0.003    2  1 
  51308.0663   14.419  0.003    2  1 
  51308.0995   14.490  0.003    2  1 
  51308.1280   14.548  0.004    2  1 
  51308.1309   14.554  0.004    2  1 
  51310.0850   14.334  0.002    2  1 
  51310.0874   14.329  0.002    2  1 
  51310.0897   14.332  0.002    2  1 
  51310.1430   14.361  0.003    2  1 
  51310.1458   14.370  0.003    2  1 
  51310.1486   14.369  0.004    2  1 
  51311.0244   14.431  0.005    2  1 
  51311.0302   14.445  0.005    2  1 
  51311.0334   14.454  0.005    2  1 
  51311.0506   14.486  0.003    2  1 
  51311.0539   14.491  0.003    2  1 
  51311.0637   14.507  0.004    2  1 
  51311.0669   14.510  0.005    2  1 
  51311.0907   14.549  0.005    2  1 
  51311.0946   14.560  0.005    2  1 
  51311.1015   14.567  0.004    2  1 
  51311.1071   14.575  0.005    2  1 
  51311.1298   14.593  0.004    2  1 
  51311.1327   14.604  0.005    2  1 
  51311.1357   14.603  0.005    2  1 
  51311.1398   14.605  0.004    2  1 
  51311.1447   14.606  0.004    2  1 
  51311.9726   14.612  0.005    2  1 
  51311.9755   14.595  0.005    2  1 
  51312.0020   14.610  0.005    2  1 
  51312.0049   14.616  0.005    2  1 
  51312.0255   14.602  0.004    2  1 
  51312.0284   14.600  0.004    2  1 
  51312.0314   14.592  0.004    2  1 
  51312.0584   14.553  0.004    2  1 
  51312.0611   14.549  0.004    2  1 
  51312.0638   14.540  0.004    2  1 
  51312.0903   14.473  0.003    2  1 
  51312.0955   14.460  0.003    2  1 
  51312.1146   14.433  0.004    2  1 
  51312.1173   14.422  0.003    2  1 
  51312.1200   14.426  0.003    2  1 
  51312.9860   14.407  0.003    2  1 
  51312.9887   14.392  0.003    2  1 
  51312.9913   14.383  0.003    2  1 
  51313.0096   14.378  0.003    2  1 
  51313.0123   14.374  0.003    2  1 
  51313.0149   14.370  0.003    2  1 
  51313.0333   14.348  0.003    2  1 
  51313.0360   14.341  0.003    2  1 
  51313.0386   14.336  0.003    2  1 
  51313.0413   14.332  0.004    2  1 
  51313.0595   14.333  0.003    2  1 
  51313.0622   14.325  0.003    2  1 
  51313.0648   14.332  0.003    2  1 
  51313.0911   14.349  0.003    2  1 
  51313.0937   14.346  0.003    2  1 
  51313.0964   14.358  0.003    2  1 
  51313.1146   14.376  0.003    2  1 
  51313.1172   14.374  0.003    2  1 
  51313.1199   14.386  0.003    2  1 
  51313.1226   14.388  0.003    2  1 
  51313.9843   14.423  0.004    2  1 
  51313.9872   14.429  0.004    2  1 
  51313.9901   14.443  0.004    2  1 
  51314.0178   14.490  0.004    2  1 
  51314.0207   14.500  0.004    2  1 
  51314.0236   14.506  0.004    2  1 
  51314.0432   14.540  0.004    2  1 
  51314.0461   14.547  0.004    2  1 
  51314.0490   14.552  0.004    2  1 
  51314.0772   14.591  0.004    2  1 
  51314.0802   14.597  0.004    2  1 
  51314.0831   14.601  0.004    2  1 
  51314.1030   14.612  0.005    2  1 
  51314.1059   14.616  0.005    2  1 
  51314.1088   14.612  0.004    2  1 
  51314.1289   14.612  0.004    2  1 
  51314.1333   14.611  0.005    2  1 
  51314.1363   14.609  0.005    2  1 
  51314.9827   14.590  0.004    2  1 
  51314.9856   14.592  0.004    2  1 
  51314.9885   14.588  0.004    2  1 
  51315.0015   14.572  0.004    2  1 
  51315.0043   14.576  0.004    2  1 
  51315.0069   14.565  0.004    2  1 
  51315.0251   14.519  0.003    2  1 
  51315.0277   14.519  0.004    2  1 
  51315.0304   14.510  0.003    2  1 
  51315.0516   14.465  0.003    2  1 
  51315.0542   14.462  0.003    2  1 
  51315.0780   14.433  0.003    2  1 
  51315.0807   14.430  0.003    2  1 
  51315.0833   14.429  0.004    2  1 
  51315.1015   14.405  0.004    2  1 
  51315.1041   14.406  0.004    2  1 
  51315.1068   14.399  0.004    2  1 
  51315.1290   14.372  0.004    2  1 
  51315.1319   14.358  0.004    2  1 
  51316.0194   14.313  0.003    2  1 
  51316.0221   14.314  0.003    2  1 
  51316.0247   14.313  0.003    2  1 
  51316.0431   14.326  0.003    2  1 
  51316.0458   14.341  0.003    2  1 
  51316.0485   14.336  0.003    2  1 
  51316.0667   14.377  0.004    2  1 
  51316.0693   14.372  0.004    2  1 
  51316.0720   14.382  0.003    2  1 
  51316.0905   14.412  0.004    2  1 
  51316.0934   14.422  0.004    2  1 
  51316.0963   14.426  0.004    2  1 
  51316.1148   14.465  0.003    2  1 
  51316.1175   14.475  0.003    2  1 
  51316.1201   14.472  0.003    2  1 
  51316.9647   14.465  0.004    2  1 
  51316.9676   14.475  0.004    2  1 
  51316.9705   14.489  0.004    2  1 
  51316.9896   14.522  0.004    2  1 
  51316.9923   14.524  0.004    2  1 
  51316.9949   14.527  0.003    2  1 
  51317.0088   14.551  0.004    2  1 
  51317.0117   14.565  0.004    2  1 
  51317.0321   14.589  0.005    2  1 
  51317.0351   14.589  0.004    2  1 
  51317.0391   14.589  0.004    2  1 
  51317.0602   14.599  0.004    2  1 
  51317.0631   14.608  0.004    2  1 
  51317.0660   14.609  0.004    2  1 
  51317.0858   14.613  0.004    2  1 
  51317.0887   14.622  0.005    2  1 
  51317.0916   14.608  0.004    2  1 
  51317.1111   14.596  0.004    2  1 
  51317.1140   14.583  0.005    2  1 
  51317.1169   14.586  0.004    2  1 
  51317.9657   14.590  0.005    2  1 
  51317.9685   14.581  0.004    2  1 
  51317.9883   14.534  0.004    2  1 
  51317.9912   14.523  0.004    2  1 
  51317.9941   14.511  0.004    2  1 
  51318.0135   14.464  0.004    2  1 
  51318.0164   14.462  0.004    2  1 
  51318.0194   14.457  0.005    2  1 
  51318.0413   14.421  0.004    2  1 
  51318.0445   14.424  0.005    2  1 
  51318.0477   14.411  0.004    2  1 
  51318.0697   14.374  0.005    2  1 
  51318.0730   14.363  0.005    2  1 
  51318.0762   14.361  0.005    2  1 
  51318.0981   14.329  0.005    2  1 
  51318.1014   14.332  0.005    2  1 
  51318.1046   14.327  0.005    2  1 
  51318.1265   14.313  0.005    2  1 
  51318.1298   14.316  0.005    2  1 
  51318.9642   14.325  0.003    2  1 
  51318.9680   14.320  0.004    2  1 
  51318.9708   14.319  0.003    2  1 
  51318.9737   14.322  0.003    2  1 
  51318.9929   14.353  0.004    2  1 
  51318.9956   14.330  0.004    2  1 
  51318.9983   14.328  0.004    2  1 
  51319.0180   14.362  0.004    2  1 
  51319.0209   14.357  0.004    2  1 
  51319.0238   14.370  0.004    2  1 
  51319.0443   14.401  0.004    2  1 
  51319.0474   14.412  0.004    2  1 
  51319.0505   14.415  0.004    2  1 
  51319.0793   14.483  0.004    2  1 
  51319.0820   14.483  0.004    2  1 
  51319.0847   14.489  0.003    2  1 
  51319.1030   14.523  0.004    2  1 
  51319.1084   14.541  0.004    2  1 
  51319.1110   14.540  0.004    2  1 
  51320.1030   14.514  0.003    2  1 
  51320.1053   14.526  0.003    2  1 
  51320.1076   14.505  0.003    2  1 
  51320.1238   14.472  0.003    2  1 
  51320.1261   14.466  0.003    2  1 
  51320.1284   14.502  0.003    2  1 
  51320.1450   14.441  0.003    2  1 
  51320.1477   14.432  0.003    2  1 
  51320.1503   14.434  0.003    2  1 
  51320.9635   14.495  0.004    2  1 
  51320.9664   14.482  0.004    2  1 
  51320.9693   14.484  0.004    2  1 
  51320.9887   14.453  0.003    2  1 
  51320.9911   14.441  0.003    2  1 
  51320.9936   14.447  0.003    2  1 
  51321.0102   14.414  0.003    2  1 
  51321.0126   14.413  0.003    2  1 
  51321.0150   14.400  0.003    2  1 
  51321.0318   14.381  0.003    2  1 
  51321.0344   14.371  0.003    2  1 
  51321.0369   14.370  0.003    2  1 
  51321.0543   14.339  0.003    2  1 
  51321.0568   14.353  0.003    2  1 
  51321.0594   14.330  0.003    2  1 
  51321.0847   14.310  0.003    2  1 
  51321.0873   14.313  0.003    2  1 
  51321.0898   14.310  0.003    2  1 
  51321.1133   14.328  0.003    2  1 
  51321.1159   14.325  0.003    2  1 
  51321.1186   14.334  0.003    2  1 
  51321.1339   14.352  0.003    2  1 
  51321.1365   14.355  0.003    2  1 
  51332.9696   14.363  0.006    2  1 
  51332.9739   14.368  0.005    2  1 
  51332.9891   14.403  0.005    2  1 
  51332.9928   14.407  0.005    2  1 
  51332.9965   14.421  0.005    2  1 
  51333.0083   14.444  0.005    2  1 
  51333.0120   14.453  0.005    2  1 
  51333.0226   14.476  0.005    2  1 
  51333.0264   14.487  0.005    2  1 
  51333.0514   14.549  0.006    2  1 
  51333.0552   14.549  0.006    2  1 
  51333.0742   14.579  0.005    2  1 
  51333.0779   14.586  0.006    2  1 
  51333.0907   14.596  0.005    2  1 
  51333.0945   14.601  0.005    2  1 
  51333.1178   14.622  0.005    2  1 
  51333.1221   14.626  0.005    2  1 
  51333.1335   14.621  0.006    2  1 
  51333.1529   14.612  0.005    2  1 
  51333.1565   14.610  0.006    2  1 
  51333.1716   14.592  0.005    2  1 
  51333.1752   14.589  0.006    2  1 
  51334.9871   14.367  0.003    2  1 
  51335.0175   14.327  0.004    2  1 
  51335.0204   14.319  0.003    2  1 
  51335.0301   14.317  0.004    2  1 
  51335.0334   14.317  0.004    2  1 
  51335.0517   14.329  0.004    2  1 
  51335.0552   14.330  0.004    2  1 
  51335.0692   14.349  0.004    2  1 
  51335.0727   14.352  0.004    2  1 
  51335.0833   14.368  0.005    2  1 
  51335.0867   14.376  0.004    2  1 
  51335.1133   14.424  0.005    2  1 
  51335.1167   14.435  0.005    2  1 
  51335.9535   14.430  0.005    2  1 
  51335.9726   14.455  0.004    2  1 
  51335.9768   14.464  0.004    2  1 
  51335.9997   14.506  0.004    2  1 
  51336.0027   14.515  0.004    2  1 
  51336.0203   14.544  0.004    2  1 
  51336.0357   14.562  0.005    2  1 
  51336.0388   14.572  0.005    2  1 
  51336.0593   14.597  0.005    2  1 
  51336.0629   14.591  0.005    2  1 
  51336.0769   14.603  0.005    2  1 
  51336.0803   14.598  0.005    2  1 
  51336.1025   14.600  0.005    2  1 
  51336.1059   14.596  0.005    2  1 
  51336.1206   14.580  0.005    2  1 
  51336.1240   14.575  0.005    2  1 
  51337.0101   14.502  0.004    2  1 
  51337.9904   14.316  0.005    2  1 
  51337.9940   14.323  0.005    2  1 
  51338.0162   14.336  0.005    2  1 
  51338.0196   14.348  0.005    2  1 
  51338.0339   14.377  0.005    2  1 
  51338.0376   14.374  0.005    2  1 
  51338.9901   14.570  0.005    2  1 
  51338.9938   14.569  0.004    2  1 
  51339.0226   14.587  0.005    2  1 
  51339.0269   14.604  0.005    2  1 
  51339.0867   14.590  0.006    2  1 
  51339.0905   14.571  0.006    2  1 
  51339.1139   14.533  0.005    2  1 
  51339.1177   14.523  0.005    2  1 
  51339.1448   14.463  0.005    2  1 
  51339.1482   14.456  0.004    2  1 
  51339.9766   14.454  0.004    2  1 
  51339.9795   14.447  0.004    2  1 
  51340.0044   14.416  0.004    2  1 
  51340.0078   14.415  0.004    2  1 
  51340.0274   14.385  0.004    2  1 
  51340.0306   14.377  0.004    2  1 
  51340.0540   14.351  0.004    2  1 
  51340.0572   14.352  0.004    2  1 
  51340.0857   14.336  0.004    2  1 
  51340.0892   14.331  0.004    2  1 
  51340.1152   14.333  0.004    2  1 
  51340.1197   14.335  0.004    2  1 
  51340.1229   14.335  0.004    2  1 
  51340.1263   14.340  0.004    2  1 
  51340.1404   14.359  0.005    2  1 
  51340.1437   14.363  0.004    2  1 
  51344.9924   14.593  0.004    2  1 
  51344.9958   14.593  0.003    2  1 
  51344.9988   14.581  0.004    2  1 
  51345.0216   14.545  0.004    2  1 
  51345.0255   14.536  0.005    2  1 
  51345.0302   14.521  0.004    2  1 
  51345.0553   14.458  0.004    2  1 
  51345.0603   14.453  0.004    2  1 
  51345.9856   14.343  0.005    2  1 
  51345.9896   14.342  0.005    2  1 
  51346.0219   14.319  0.005    2  1 
  51346.0264   14.328  0.004    2  1 
  51346.0486   14.331  0.004    2  1 
  51346.0523   14.345  0.004    2  1 
  51346.0791   14.384  0.004    2  1 
  51346.0826   14.386  0.004    2  1 
  51347.0416   14.611  0.005    2  1 
  51347.0453   14.616  0.003    2  1 
  51347.0743   14.619  0.004    2  1 
  51347.0777   14.618  0.004    2  1 
  51347.0990   14.627  0.004    2  1 
  51347.1022   14.602  0.003    2  1 
  51347.9769   14.519  0.004    2  1 
  51347.9802   14.524  0.004    2  1 
  51347.9834   14.506  0.004    2  1 
  51347.9983   14.475  0.004    2  1 
  51348.0028   14.480  0.004    2  1 
  51348.0063   14.465  0.004    2  1 
  51348.0242   14.442  0.004    2  1 
  51348.0274   14.435  0.004    2  1 
  51348.0943   14.353  0.005    2  1 
  51348.0983   14.343  0.005    2  1 
  51348.1018   14.326  0.005    2  1 
  51348.9650   14.330  0.004    2  1 
  51348.9853   14.334  0.003    2  1 
  51348.9883   14.335  0.004    2  1 
  51348.9912   14.345  0.004    2  1 
  51349.0316   14.390  0.004    2  1 
  51349.0346   14.407  0.004    2  1 
  51349.9815   14.567  0.004    2  1 
  51349.9851   14.576  0.004    2  1 
  51349.9973   14.587  0.004    2  1 
  51350.0033   14.591  0.005    2  1 
  51350.0066   14.595  0.004    2  1 
  51350.0164   14.597  0.004    2  1 
  51350.0197   14.597  0.004    2  1 
  51350.0296   14.602  0.004    2  1 
  51380.9973   14.463  0.004    2  1 
  51381.0004   14.446  0.003    2  1 
  51381.0031   14.444  0.003    2  1 
  51381.0187   14.425  0.003    2  1 
  51381.0214   14.419  0.003    2  1 
  51381.0242   14.416  0.003    2  1 
  51381.9830   14.374  0.004    2  1 
  51381.9859   14.364  0.004    2  1 
  51381.9888   14.372  0.004    2  1 
  51382.0000   14.378  0.004    2  1 
  51382.0029   14.385  0.004    2  1 
  51382.9793   14.578  0.005    2  1 
  51382.9826   14.590  0.005    2  1 
  51382.9857   14.586  0.005    2  1 
  51382.9965   14.589  0.004    2  1 
  51382.9995   14.570  0.005    2  1 
  51383.9746   14.430  0.003    2  1 
  51383.9773   14.422  0.003    2  1 
  51383.9799   14.420  0.003    2  1 
  51383.9899   14.417  0.004    2  1 
  51383.9926   14.405  0.004    2  1 
  51384.9777   14.414  0.003    2  1 
  51384.9802   14.426  0.003    2  1 
  51384.9896   14.437  0.003    2  1 
  51384.9921   14.442  0.003    2  1 
  51385.9711   14.581  0.003    2  1 
  51385.9763   14.577  0.004    2  1 
  51385.9857   14.563  0.004    2  1 
  51385.9884   14.568  0.004    2  1 
  51386.9965   14.351  0.004    2  1 
  51387.0003   14.355  0.003    2  1 
  51387.0041   14.345  0.004    2  1 
  51387.0216   14.348  0.004    2  1 
  51387.0254   14.355  0.003    2  1 
  51387.0293   14.347  0.003    2  1 
  51388.9801   14.527  0.004    2  1 
  51388.9834   14.511  0.004    2  1 
  51388.9866   14.510  0.004    2  1 
  51388.9984   14.487  0.005    2  1 
  51389.0017   14.493  0.005    2  1 
  51389.9783   14.334  0.003    2  1 
  51389.9809   14.340  0.003    2  1 
  51389.9836   14.332  0.003    2  1 
  51390.9729   14.547  0.003    2  1 
  51390.9756   14.559  0.003    2  1 
  51390.9783   14.550  0.003    2  1 
  51391.9728   14.473  0.003    2  1 
  51391.9754   14.466  0.003    2  1 
  51391.9779   14.454  0.003    2  1 
  51671.0871   14.311  0.004    2  1 
  51671.0917   14.321  0.004    2  1 
  51671.0952   14.329  0.004    2  1 
  51671.1189   14.355  0.004    2  1 
  51671.1232   14.368  0.004    2  1 
  51671.9996   14.442  0.004    2  1 
  51672.0039   14.445  0.004    2  1 
  51672.0350   14.518  0.004    2  1 
  51672.0382   14.521  0.004    2  1 
  51673.0232   14.588  0.003    2  1 
  51674.0574   14.337  0.005    2  1 
  51674.0620   14.342  0.005    2  1 
  51674.0938   14.400  0.005    2  1 
  51674.0985   14.410  0.005    2  1 
  51674.1159   14.440  0.005    2  1 
  51674.1223   14.448  0.004    2  1 
  51674.9763   14.470  0.005    2  1 
  51674.9824   14.479  0.005    2  1 
  51675.0212   14.570  0.005    2  1 
  51676.0163   14.518  0.004    2  1 
  51692.9816   14.409  0.004    2  1 
  51692.9854   14.413  0.004    2  1 
  51693.9780   14.393  0.004    2  1 
  51693.9814   14.406  0.004    2  1 
  51765.9974   14.574  0.005    2  1 
  51766.0012   14.575  0.005    2  1 
  51766.0048   14.581  0.004    2  1 
  51766.0266   14.600  0.005    2  1 
  51766.0301   14.596  0.005    2  1 
  51216.3144   14.630  0.003    3  1 
  51216.3408   14.691  0.003    3  1 
  51216.3634   14.765  0.003    3  1 
  51216.3905   14.858  0.003    3  1 
  51217.3019   15.045  0.004    3  1 
  51217.3494   15.112  0.004    3  1 
  51217.3906   15.093  0.004    3  1 
  51218.2854   14.903  0.004    3  1 
  51218.3156   14.803  0.004    3  1 
  51218.3347   14.751  0.003    3  1 
  51218.3653   14.687  0.003    3  1 
  51218.3848   14.650  0.003    3  1 
  51219.2918   14.675  0.003    3  1 
  51219.3100   14.721  0.003    3  1 
  51219.3296   14.781  0.003    3  1 
  51219.3536   14.871  0.003    3  1 
  51219.3723   14.937  0.003    3  1 
  51220.2720   15.072  0.004    3  1 
  51220.2946   15.104  0.004    3  1 
  51220.3117   15.109  0.004    3  1 
  51220.3299   15.098  0.004    3  1 
  51220.3473   15.079  0.004    3  1 
  51220.3643   15.046  0.004    3  1 
  51220.3816   14.973  0.003    3  1 
  51221.2763   14.789  0.003    3  1 
  51221.2964   14.758  0.003    3  1 
  51221.3145   14.708  0.003    3  1 
  51221.3318   14.676  0.003    3  1 
  51221.3496   14.652  0.003    3  1 
  51221.3673   14.647  0.003    3  1 
  51283.2546   15.119  0.003    3  1 
  51283.2783   15.127  0.003    3  1 
  51283.3008   15.116  0.003    3  1 
  51283.3322   15.023  0.003    3  1 
  51283.3553   14.915  0.003    3  1 
  51283.3773   14.856  0.003    3  1 
  51284.2134   14.853  0.003    3  1 
  51284.2375   14.822  0.003    3  1 
  51284.2581   14.766  0.003    3  1 
  51284.2875   14.690  0.003    3  1 
  51284.3124   14.657  0.003    3  1 
  51284.3383   14.670  0.003    3  1 
  51285.0451   14.905  0.003    3  1 
  51285.0691   14.812  0.003    3  1 
  51285.0932   14.760  0.003    3  1 
  51285.1257   14.671  0.003    3  1 
  51285.1514   14.640  0.003    3  1 
  51285.1754   14.640  0.003    3  1 
  51285.2060   14.691  0.003    3  1 
  51285.2321   14.758  0.003    3  1 
  51285.2586   14.834  0.003    3  1 
  51285.2928   14.952  0.003    3  1 
  51285.3257   15.066  0.003    3  1 
  51286.0393   14.654  0.002    3  1 
  51286.0670   14.707  0.002    3  1 
  51286.0977   14.845  0.002    3  1 
  51286.1302   14.925  0.003    3  1 
  51286.1833   15.085  0.003    3  1 
  51286.2193   15.128  0.003    3  1 
  51286.2434   15.139  0.003    3  1 
  51286.2655   15.115  0.003    3  1 
  51286.3291   14.896  0.003    3  1 
  51286.3521   14.839  0.003    3  1 
  51304.9838   14.712  0.003    3  1 
  51305.0251   14.675  0.003    3  1 
  51305.0961   14.781  0.003    3  1 
  51305.1465   14.925  0.004    3  1 
  51305.1755   14.996  0.004    3  1 
  51305.2054   15.060  0.004    3  1 
  51305.2345   15.085  0.004    3  1 
  51305.2666   15.059  0.004    3  1 
  51305.2880   15.025  0.004    3  1 
  51305.9773   14.860  0.003    3  1 
  51306.0428   15.031  0.003    3  1 
  51306.0809   15.070  0.003    3  1 
  51306.1087   15.052  0.004    3  1 
  51306.1330   15.025  0.004    3  1 
  51306.1578   14.947  0.004    3  1 
  51306.1875   14.855  0.003    3  1 
  51306.2771   14.722  0.002    3  1 
  51308.0025   14.678  0.002    3  1 
  51308.0600   14.796  0.003    3  1 
  51310.1100   14.687  0.002    3  1 
  51311.9792   15.060  0.004    3  1 
  51311.9983   15.058  0.004    3  1 
  51312.0087   15.062  0.004    3  1 
  51312.0350   15.024  0.003    3  1 
  51312.0550   14.986  0.003    3  1 
  51312.0672   14.943  0.003    3  1 
  51312.0870   14.872  0.003    3  1 
  51312.0988   14.843  0.003    3  1 
  51312.9828   14.784  0.003    3  1 
  51313.0063   14.732  0.003    3  1 
  51313.0300   14.689  0.003    3  1 
  51313.0562   14.673  0.002    3  1 
  51313.1113   14.734  0.003    3  1 
  51313.9807   14.798  0.003    3  1 
  51314.0143   14.891  0.003    3  1 
  51314.0397   14.959  0.003    3  1 
  51314.1124   15.069  0.004    3  1 
  51314.9752   15.053  0.003    3  1 
  51315.0102   14.987  0.003    3  1 
  51315.0336   14.913  0.003    3  1 
  51315.0747   14.826  0.003    3  1 
  51315.0982   14.786  0.003    3  1 
  51315.1216   14.747  0.003    3  1 
  51316.0399   14.670  0.003    3  1 
  51316.0634   14.718  0.003    3  1 
  51316.0869   14.781  0.003    3  1 
  51316.1115   14.863  0.003    3  1 
  51316.9740   14.915  0.003    3  1 
  51317.0052   14.983  0.003    3  1 
  51317.0282   15.026  0.004    3  1 
  51317.0566   15.056  0.004    3  1 
  51317.0822   15.063  0.004    3  1 
  51317.1075   15.033  0.004    3  1 
  51317.9847   14.963  0.003    3  1 
  51318.0099   14.877  0.003    3  1 
  51318.0374   14.830  0.004    3  1 
  51318.1226   14.669  0.003    3  1 
  51318.9772   14.670  0.003    3  1 
  51319.0019   14.684  0.003    3  1 
  51319.0274   14.734  0.003    3  1 
  51319.0757   14.868  0.003    3  1 
  51319.0997   14.939  0.003    3  1 
  51320.1208   14.869  0.003    3  1 
  51320.1417   14.846  0.003    3  1 
  51320.9728   14.866  0.003    3  1 
  51320.9965   14.887  0.002    3  1 
  51321.0180   14.774  0.002    3  1 
  51321.0400   14.704  0.003    3  1 
  51321.0624   14.674  0.002    3  1 
  51321.0930   14.666  0.003    3  1 
  51321.1217   14.692  0.002    3  1 
  51380.9937   14.855  0.003    3  1 
  51381.9793   14.744  0.003    3  1 
  51382.9755   15.034  0.004    3  1 
  51385.9679   15.023  0.003    3  1 
  51388.9755   14.966  0.004    3  1 
  51389.9750   14.685  0.002    3  1 
 56468.97641   13.540  0.096   -1  1 
 56469.04707   13.297  0.080   -1  1 
 56469.10896   13.149  0.071   -1  1 
 56469.17285   13.334  0.025   -1  1 
 56471.00364   13.428  0.055   -1  1 
 56471.06640   13.379  0.020   -1  1 
 56471.12490   13.315  0.017   -1  1 
 56471.18188   13.277  0.026   -1  1 
 56471.96759   13.302  0.048   -1  1 
 56472.03374   13.275  0.030   -1  1 
 56472.09484   13.333  0.022   -1  1 
 56472.15243   13.344  0.021   -1  1 
 56468.95296   13.166  0.052   -2  1 
 56469.02441   13.259  0.052   -2  1 
 56469.08813   13.130  0.029   -2  1 
 56469.15134   13.243  0.030   -2  1 
 56471.02588   13.294  0.039   -2  1 
 56471.08671   13.269  0.023   -2  1 
 56471.14302   13.240  0.014   -2  1 
 56471.94704   13.256  0.018   -2  1 
 56472.01085   13.299  0.046   -2  1 
 56472.07480   13.150  0.022   -2  1 
 56472.13240   13.266  0.011   -2  1 
 56472.19216   13.228  0.022   -2  1 
 56469.00041   13.461  0.031   -5  1 
 56469.06767   13.437  0.015   -5  1 
 56469.13003   13.455  0.020   -5  1 
 56469.19349   13.510  0.020   -5  1 
 56470.98130   13.625  0.013   -5  1 
 56471.04693   13.550  0.016   -5  1 
 56471.10523   13.475  0.022   -5  1 
 56471.16397   13.476  0.011   -5  1 
 56471.98857   13.501  0.023   -5  1 
 56472.05430   13.517  0.021   -5  1 
 56472.11383   13.422  0.019   -5  1 
 56472.17109   13.470  0.012   -5  1 
