  51216.3218   14.454  0.005    2  1 
  51216.3464   14.401  0.004    2  1 
  51216.3689   14.385  0.004    2  1 
  51216.3980   14.385  0.005    2  1 
  51217.3101   14.389  0.005    2  1 
  51217.3328   14.376  0.004    2  1 
  51217.3552   14.377  0.004    2  1 
  51217.3759   14.409  0.004    2  1 
  51217.3953   14.444  0.005    2  1 
  51218.2773   14.376  0.005    2  1 
  51218.3093   14.389  0.004    2  1 
  51218.3298   14.420  0.004    2  1 
  51218.3573   14.473  0.005    2  1 
  51218.3794   14.521  0.005    2  1 
  51219.3336   14.531  0.004    2  1 
  51219.3596   14.578  0.005    2  1 
  51219.3768   14.601  0.005    2  1 
  51220.2621   14.497  0.005    2  1 
  51220.2906   14.555  0.004    2  1 
  51220.3077   14.581  0.005    2  1 
  51220.3257   14.601  0.005    2  1 
  51220.3432   14.606  0.005    2  1 
  51220.3602   14.604  0.005    2  1 
  51220.3776   14.576  0.005    2  1 
  51221.2835   14.608  0.005    2  1 
  51221.3009   14.606  0.005    2  1 
  51221.3188   14.592  0.005    2  1 
  51221.3358   14.566  0.005    2  1 
  51221.3538   14.525  0.005    2  1 
  51221.3722   14.466  0.004    2  1 
  51283.2451   14.551  0.004    2  1 
  51283.2493   14.541  0.004    2  1 
  51283.2714   14.479  0.004    2  1 
  51283.2748   14.462  0.004    2  1 
  51283.2939   14.412  0.004    2  1 
  51283.2972   14.406  0.004    2  1 
  51283.3202   14.381  0.004    2  1 
  51283.3234   14.378  0.004    2  1 
  51283.3487   14.374  0.004    2  1 
  51283.3518   14.375  0.004    2  1 
  51283.3707   14.391  0.004    2  1 
  51283.3738   14.391  0.004    2  1 
  51284.2195   14.470  0.004    2  1 
  51284.2229   14.456  0.004    2  1 
  51284.2413   14.413  0.004    2  1 
  51284.2443   14.413  0.004    2  1 
  51284.2617   14.385  0.004    2  1 
  51284.2648   14.378  0.004    2  1 
  51284.2942   14.384  0.004    2  1 
  51284.2973   14.376  0.004    2  1 
  51284.3168   14.392  0.004    2  1 
  51284.3211   14.401  0.004    2  1 
  51284.3428   14.432  0.004    2  1 
  51284.3464   14.441  0.004    2  1 
  51285.0513   14.588  0.004    2  1 
  51285.0543   14.583  0.004    2  1 
  51285.0739   14.608  0.004    2  1 
  51285.0778   14.613  0.004    2  1 
  51285.0975   14.622  0.004    2  1 
  51285.1006   14.622  0.005    2  1 
  51285.1324   14.580  0.004    2  1 
  51285.1360   14.568  0.004    2  1 
  51285.1558   14.501  0.004    2  1 
  51285.1588   14.497  0.004    2  1 
  51285.1796   14.436  0.004    2  1 
  51285.1830   14.422  0.004    2  1 
  51285.2125   14.390  0.004    2  1 
  51285.2157   14.386  0.004    2  1 
  51285.2362   14.373  0.004    2  1 
  51285.2426   14.374  0.004    2  1 
  51285.2630   14.395  0.004    2  1 
  51285.2666   14.394  0.004    2  1 
  51285.2998   14.447  0.004    2  1 
  51285.3033   14.458  0.004    2  1 
  51285.3308   14.515  0.004    2  1 
  51285.3348   14.521  0.004    2  1 
  51285.3382   14.524  0.004    2  1 
  51286.0461   14.619  0.004    2  1 
  51286.0493   14.616  0.004    2  1 
  51286.0716   14.587  0.004    2  1 
  51286.0753   14.580  0.004    2  1 
  51286.1026   14.504  0.004    2  1 
  51286.1061   14.494  0.004    2  1 
  51286.1365   14.420  0.004    2  1 
  51286.1398   14.410  0.004    2  1 
  51286.1608   14.382  0.004    2  1 
  51286.1639   14.380  0.004    2  1 
  51286.1669   14.377  0.004    2  1 
  51286.1875   14.370  0.004    2  1 
  51286.1908   14.373  0.004    2  1 
  51286.2255   14.406  0.004    2  1 
  51286.2285   14.409  0.004    2  1 
  51286.2476   14.445  0.004    2  1 
  51286.2508   14.444  0.004    2  1 
  51286.2697   14.490  0.004    2  1 
  51286.2727   14.504  0.004    2  1 
  51286.3022   14.561  0.004    2  1 
  51286.3055   14.573  0.004    2  1 
  51286.3218   14.590  0.004    2  1 
  51286.3250   14.597  0.004    2  1 
  51286.3450   14.610  0.004    2  1 
  51286.3481   14.611  0.004    2  1 
  51304.9873   14.612  0.004    2  1 
  51304.9926   14.615  0.004    2  1 
  51305.0328   14.564  0.004    2  1 
  51305.0362   14.562  0.004    2  1 
  51305.0559   14.498  0.004    2  1 
  51305.0599   14.486  0.004    2  1 
  51305.0890   14.409  0.004    2  1 
  51305.0922   14.401  0.004    2  1 
  51305.1235   14.380  0.004    2  1 
  51305.1269   14.373  0.004    2  1 
  51305.1509   14.372  0.005    2  1 
  51305.1547   14.382  0.005    2  1 
  51305.1853   14.426  0.004    2  1 
  51305.1885   14.429  0.004    2  1 
  51305.2098   14.474  0.004    2  1 
  51305.2128   14.479  0.004    2  1 
  51305.2431   14.546  0.004    2  1 
  51305.2461   14.552  0.004    2  1 
  51305.2704   14.594  0.004    2  1 
  51305.2734   14.601  0.004    2  1 
  51305.2966   14.612  0.004    2  1 
  51305.2995   14.606  0.004    2  1 
  51305.9857   14.551  0.003    2  1 
  51305.9885   14.549  0.003    2  1 
  51305.9912   14.538  0.003    2  1 
  51306.0256   14.434  0.003    2  1 
  51306.0285   14.424  0.003    2  1 
  51306.0465   14.395  0.004    2  1 
  51306.0498   14.388  0.004    2  1 
  51306.0896   14.370  0.004    2  1 
  51306.0930   14.371  0.004    2  1 
  51306.1123   14.391  0.003    2  1 
  51306.1151   14.395  0.003    2  1 
  51306.1375   14.441  0.004    2  1 
  51306.1405   14.440  0.004    2  1 
  51306.1636   14.484  0.004    2  1 
  51306.1673   14.490  0.004    2  1 
  51306.1937   14.543  0.003    2  1 
  51306.1966   14.546  0.003    2  1 
  51306.2146   14.580  0.004    2  1 
  51306.2178   14.588  0.004    2  1 
  51306.2343   14.605  0.004    2  1 
  51306.2380   14.602  0.003    2  1 
  51306.2574   14.610  0.003    2  1 
  51306.2602   14.616  0.003    2  1 
  51306.2805   14.598  0.003    2  1 
  51306.2835   14.595  0.003    2  1 
  51306.3009   14.557  0.004    2  1 
  51306.3038   14.547  0.004    2  1 
  51306.3135   14.521  0.004    2  1 
  51306.3184   14.500  0.004    2  1 
  51307.0456   14.376  0.004    2  1 
  51307.0501   14.379  0.004    2  1 
  51307.0593   14.392  0.003    2  1 
  51307.0645   14.406  0.003    2  1 
  51307.0699   14.420  0.007    2  1 
  51307.0747   14.419  0.005    2  1 
  51308.0084   14.402  0.003    2  1 
  51308.0112   14.398  0.003    2  1 
  51308.0334   14.425  0.003    2  1 
  51308.0362   14.440  0.003    2  1 
  51308.0394   14.448  0.003    2  1 
  51308.0633   14.499  0.003    2  1 
  51308.0663   14.499  0.003    2  1 
  51308.0995   14.574  0.003    2  1 
  51308.1031   14.578  0.004    2  1 
  51308.1280   14.602  0.004    2  1 
  51308.1309   14.604  0.004    2  1 
  51310.0850   14.564  0.003    2  1 
  51310.0874   14.560  0.002    2  1 
  51310.0897   14.552  0.003    2  1 
  51310.0922   14.547  0.003    2  1 
  51310.1430   14.412  0.003    2  1 
  51310.1458   14.409  0.003    2  1 
  51310.1486   14.399  0.004    2  1 
  51311.0244   14.571  0.005    2  1 
  51311.0302   14.564  0.005    2  1 
  51311.0334   14.559  0.005    2  1 
  51311.0506   14.515  0.003    2  1 
  51311.0539   14.506  0.003    2  1 
  51311.0637   14.480  0.004    2  1 
  51311.0669   14.468  0.004    2  1 
  51311.0702   14.453  0.003    2  1 
  51311.0907   14.409  0.004    2  1 
  51311.0946   14.401  0.004    2  1 
  51311.0980   14.402  0.004    2  1 
  51311.1015   14.397  0.004    2  1 
  51311.1071   14.387  0.004    2  1 
  51311.1298   14.373  0.004    2  1 
  51311.1327   14.374  0.004    2  1 
  51311.1357   14.369  0.004    2  1 
  51311.1398   14.368  0.004    2  1 
  51311.1447   14.381  0.004    2  1 
  51311.9755   14.578  0.005    2  1 
  51312.0020   14.508  0.004    2  1 
  51312.0049   14.495  0.004    2  1 
  51312.0255   14.438  0.004    2  1 
  51312.0284   14.430  0.004    2  1 
  51312.0314   14.419  0.004    2  1 
  51312.0584   14.381  0.003    2  1 
  51312.0611   14.376  0.003    2  1 
  51312.0638   14.380  0.003    2  1 
  51312.0903   14.371  0.003    2  1 
  51312.0929   14.368  0.003    2  1 
  51312.0955   14.378  0.003    2  1 
  51312.1146   14.383  0.003    2  1 
  51312.1173   14.393  0.003    2  1 
  51312.1200   14.402  0.003    2  1 
  51312.9860   14.408  0.003    2  1 
  51312.9887   14.405  0.003    2  1 
  51312.9913   14.402  0.003    2  1 
  51313.0096   14.382  0.003    2  1 
  51313.0123   14.386  0.003    2  1 
  51313.0149   14.378  0.003    2  1 
  51313.0333   14.370  0.003    2  1 
  51313.0360   14.374  0.003    2  1 
  51313.0386   14.371  0.003    2  1 
  51313.0413   14.380  0.004    2  1 
  51313.0595   14.388  0.003    2  1 
  51313.0622   14.394  0.003    2  1 
  51313.0648   14.396  0.003    2  1 
  51313.0911   14.443  0.004    2  1 
  51313.0937   14.444  0.003    2  1 
  51313.0964   14.457  0.003    2  1 
  51313.1146   14.494  0.004    2  1 
  51313.1172   14.499  0.004    2  1 
  51313.1199   14.510  0.004    2  1 
  51313.1226   14.506  0.004    2  1 
  51313.9843   14.373  0.004    2  1 
  51313.9872   14.374  0.004    2  1 
  51313.9901   14.375  0.004    2  1 
  51314.0178   14.408  0.004    2  1 
  51314.0207   14.410  0.004    2  1 
  51314.0236   14.414  0.004    2  1 
  51314.0432   14.460  0.004    2  1 
  51314.0461   14.457  0.004    2  1 
  51314.0490   14.465  0.004    2  1 
  51314.0772   14.522  0.004    2  1 
  51314.0802   14.531  0.004    2  1 
  51314.0831   14.538  0.004    2  1 
  51314.1030   14.573  0.004    2  1 
  51314.1059   14.571  0.005    2  1 
  51314.1088   14.585  0.004    2  1 
  51314.1289   14.601  0.004    2  1 
  51314.1333   14.603  0.005    2  1 
  51314.1363   14.614  0.005    2  1 
  51314.9827   14.435  0.004    2  1 
  51314.9856   14.438  0.004    2  1 
  51314.9885   14.447  0.004    2  1 
  51315.0015   14.472  0.004    2  1 
  51315.0043   14.481  0.004    2  1 
  51315.0069   14.488  0.004    2  1 
  51315.0251   14.528  0.004    2  1 
  51315.0277   14.538  0.004    2  1 
  51315.0304   14.543  0.004    2  1 
  51315.0489   14.570  0.004    2  1 
  51315.0516   14.576  0.004    2  1 
  51315.0542   14.579  0.004    2  1 
  51315.0780   14.611  0.004    2  1 
  51315.0807   14.605  0.004    2  1 
  51315.0833   14.611  0.004    2  1 
  51315.1015   14.611  0.004    2  1 
  51315.1041   14.615  0.004    2  1 
  51315.1068   14.600  0.004    2  1 
  51315.1290   14.579  0.005    2  1 
  51315.1319   14.572  0.004    2  1 
  51316.0194   14.603  0.004    2  1 
  51316.0221   14.607  0.004    2  1 
  51316.0247   14.616  0.004    2  1 
  51316.0431   14.612  0.004    2  1 
  51316.0458   14.609  0.004    2  1 
  51316.0485   14.611  0.004    2  1 
  51316.0667   14.589  0.004    2  1 
  51316.0693   14.587  0.004    2  1 
  51316.0720   14.587  0.004    2  1 
  51316.0905   14.548  0.004    2  1 
  51316.0934   14.544  0.004    2  1 
  51316.0963   14.533  0.004    2  1 
  51316.1148   14.481  0.003    2  1 
  51316.1175   14.478  0.004    2  1 
  51316.1201   14.466  0.003    2  1 
  51316.9647   14.601  0.004    2  1 
  51316.9676   14.605  0.004    2  1 
  51316.9705   14.605  0.004    2  1 
  51316.9896   14.616  0.004    2  1 
  51316.9923   14.619  0.004    2  1 
  51316.9949   14.608  0.004    2  1 
  51317.0088   14.598  0.004    2  1 
  51317.0117   14.600  0.004    2  1 
  51317.0321   14.566  0.005    2  1 
  51317.0351   14.560  0.004    2  1 
  51317.0391   14.550  0.004    2  1 
  51317.0602   14.495  0.004    2  1 
  51317.0631   14.475  0.004    2  1 
  51317.0660   14.468  0.004    2  1 
  51317.0858   14.417  0.004    2  1 
  51317.0887   14.420  0.004    2  1 
  51317.0916   14.409  0.004    2  1 
  51317.1111   14.379  0.004    2  1 
  51317.1140   14.377  0.005    2  1 
  51317.1169   14.380  0.004    2  1 
  51317.9628   14.598  0.004    2  1 
  51317.9657   14.589  0.005    2  1 
  51317.9685   14.583  0.004    2  1 
  51317.9883   14.549  0.004    2  1 
  51317.9912   14.540  0.004    2  1 
  51317.9941   14.535  0.004    2  1 
  51318.0135   14.476  0.004    2  1 
  51318.0164   14.461  0.004    2  1 
  51318.0194   14.452  0.005    2  1 
  51318.0413   14.403  0.004    2  1 
  51318.0445   14.404  0.005    2  1 
  51318.0477   14.397  0.004    2  1 
  51318.0697   14.379  0.005    2  1 
  51318.0730   14.379  0.005    2  1 
  51318.0762   14.380  0.005    2  1 
  51318.0981   14.391  0.005    2  1 
  51318.1014   14.388  0.005    2  1 
  51318.1046   14.399  0.005    2  1 
  51318.1265   14.420  0.005    2  1 
  51318.1298   14.424  0.005    2  1 
  51318.9642   14.462  0.003    2  1 
  51318.9680   14.448  0.004    2  1 
  51318.9708   14.442  0.004    2  1 
  51318.9737   14.430  0.004    2  1 
  51318.9929   14.401  0.003    2  1 
  51318.9956   14.401  0.004    2  1 
  51318.9983   14.389  0.004    2  1 
  51319.0180   14.381  0.004    2  1 
  51319.0209   14.378  0.004    2  1 
  51319.0238   14.375  0.004    2  1 
  51319.0443   14.378  0.004    2  1 
  51319.0474   14.374  0.004    2  1 
  51319.0505   14.385  0.004    2  1 
  51319.0793   14.414  0.004    2  1 
  51319.0820   14.425  0.003    2  1 
  51319.0847   14.424  0.003    2  1 
  51319.1030   14.465  0.004    2  1 
  51319.1084   14.476  0.004    2  1 
  51319.1110   14.481  0.004    2  1 
  51320.1030   14.571  0.003    2  1 
  51320.1053   14.580  0.003    2  1 
  51320.1076   14.577  0.003    2  1 
  51320.1238   14.608  0.003    2  1 
  51320.1261   14.605  0.003    2  1 
  51320.1284   14.602  0.003    2  1 
  51320.1450   14.609  0.004    2  1 
  51320.1477   14.611  0.004    2  1 
  51320.1503   14.607  0.004    2  1 
  51320.9635   14.402  0.004    2  1 
  51320.9664   14.407  0.004    2  1 
  51320.9693   14.407  0.004    2  1 
  51320.9887   14.446  0.003    2  1 
  51320.9911   14.448  0.003    2  1 
  51320.9936   14.457  0.003    2  1 
  51321.0102   14.488  0.003    2  1 
  51321.0126   14.494  0.003    2  1 
  51321.0150   14.494  0.003    2  1 
  51321.0318   14.534  0.003    2  1 
  51321.0344   14.542  0.003    2  1 
  51321.0369   14.551  0.003    2  1 
  51321.0543   14.584  0.004    2  1 
  51321.0568   14.584  0.003    2  1 
  51321.0594   14.588  0.004    2  1 
  51321.0847   14.607  0.004    2  1 
  51321.0873   14.606  0.004    2  1 
  51321.0898   14.611  0.004    2  1 
  51321.1133   14.599  0.004    2  1 
  51321.1159   14.602  0.004    2  1 
  51321.1186   14.596  0.004    2  1 
  51321.1339   14.571  0.004    2  1 
  51321.1365   14.565  0.004    2  1 
  51332.9696   14.408  0.006    2  1 
  51332.9739   14.417  0.005    2  1 
  51332.9891   14.443  0.005    2  1 
  51332.9928   14.455  0.005    2  1 
  51332.9965   14.462  0.005    2  1 
  51333.0083   14.487  0.005    2  1 
  51333.0120   14.493  0.005    2  1 
  51333.0226   14.516  0.005    2  1 
  51333.0264   14.524  0.005    2  1 
  51333.0514   14.571  0.005    2  1 
  51333.0552   14.574  0.006    2  1 
  51333.0742   14.596  0.005    2  1 
  51333.0779   14.596  0.006    2  1 
  51333.0907   14.606  0.005    2  1 
  51333.0945   14.603  0.005    2  1 
  51333.1178   14.596  0.005    2  1 
  51333.1221   14.589  0.005    2  1 
  51333.1335   14.574  0.006    2  1 
  51333.1369   14.574  0.005    2  1 
  51333.1529   14.533  0.005    2  1 
  51333.1565   14.523  0.005    2  1 
  51333.1716   14.473  0.005    2  1 
  51333.1752   14.466  0.005    2  1 
  51334.9841   14.610  0.004    2  1 
  51334.9871   14.609  0.004    2  1 
  51335.0175   14.592  0.004    2  1 
  51335.0204   14.593  0.004    2  1 
  51335.0301   14.574  0.004    2  1 
  51335.0334   14.569  0.004    2  1 
  51335.0517   14.516  0.005    2  1 
  51335.0552   14.511  0.005    2  1 
  51335.0692   14.460  0.005    2  1 
  51335.0727   14.448  0.004    2  1 
  51335.0833   14.428  0.005    2  1 
  51335.0867   14.419  0.004    2  1 
  51335.1133   14.390  0.005    2  1 
  51335.1167   14.385  0.005    2  1 
  51335.9535   14.608  0.005    2  1 
  51335.9726   14.584  0.005    2  1 
  51335.9768   14.579  0.005    2  1 
  51335.9997   14.517  0.004    2  1 
  51336.0027   14.504  0.004    2  1 
  51336.0203   14.451  0.004    2  1 
  51336.0236   14.444  0.004    2  1 
  51336.0357   14.419  0.004    2  1 
  51336.0388   14.414  0.004    2  1 
  51336.0593   14.384  0.004    2  1 
  51336.0629   14.382  0.004    2  1 
  51336.0769   14.368  0.004    2  1 
  51336.0803   14.373  0.005    2  1 
  51336.1025   14.370  0.004    2  1 
  51336.1059   14.382  0.004    2  1 
  51336.1206   14.400  0.005    2  1 
  51336.1240   14.399  0.004    2  1 
  51337.0101   14.393  0.004    2  1 
  51337.9904   14.368  0.005    2  1 
  51337.9940   14.373  0.005    2  1 
  51338.0162   14.397  0.005    2  1 
  51338.0196   14.398  0.005    2  1 
  51338.0339   14.430  0.005    2  1 
  51338.0376   14.437  0.005    2  1 
  51338.9901   14.443  0.004    2  1 
  51338.9938   14.452  0.004    2  1 
  51339.0226   14.521  0.005    2  1 
  51339.0269   14.520  0.005    2  1 
  51339.0867   14.598  0.006    2  1 
  51339.0905   14.600  0.006    2  1 
  51339.1139   14.597  0.005    2  1 
  51339.1177   14.586  0.005    2  1 
  51339.1448   14.556  0.005    2  1 
  51339.1482   14.543  0.005    2  1 
  51339.9766   14.526  0.004    2  1 
  51339.9795   14.535  0.004    2  1 
  51340.0044   14.576  0.004    2  1 
  51340.0078   14.575  0.004    2  1 
  51340.0274   14.600  0.004    2  1 
  51340.0306   14.607  0.004    2  1 
  51340.0540   14.608  0.005    2  1 
  51340.0572   14.605  0.005    2  1 
  51340.0857   14.573  0.005    2  1 
  51340.0892   14.561  0.005    2  1 
  51340.1152   14.489  0.005    2  1 
  51340.1197   14.474  0.004    2  1 
  51340.1229   14.469  0.004    2  1 
  51340.1263   14.458  0.004    2  1 
  51340.1404   14.424  0.004    2  1 
  51340.1437   14.421  0.004    2  1 
  51344.9924   14.451  0.004    2  1 
  51344.9958   14.454  0.003    2  1 
  51344.9988   14.463  0.003    2  1 
  51345.0216   14.510  0.004    2  1 
  51345.0255   14.517  0.005    2  1 
  51345.0302   14.526  0.004    2  1 
  51345.0553   14.577  0.004    2  1 
  51345.0603   14.577  0.004    2  1 
  51345.9856   14.542  0.005    2  1 
  51345.9896   14.547  0.005    2  1 
  51346.0219   14.598  0.005    2  1 
  51346.0264   14.601  0.005    2  1 
  51346.0486   14.610  0.005    2  1 
  51346.0523   14.608  0.005    2  1 
  51346.0791   14.581  0.005    2  1 
  51346.0826   14.579  0.004    2  1 
  51347.0416   14.549  0.005    2  1 
  51347.0453   14.540  0.003    2  1 
  51347.0743   14.445  0.004    2  1 
  51347.0777   14.441  0.004    2  1 
  51347.0990   14.399  0.003    2  1 
  51347.1022   14.394  0.003    2  1 
  51347.9769   14.575  0.004    2  1 
  51347.9802   14.568  0.004    2  1 
  51347.9834   14.563  0.004    2  1 
  51347.9983   14.520  0.004    2  1 
  51348.0028   14.509  0.004    2  1 
  51348.0063   14.492  0.004    2  1 
  51348.0242   14.442  0.004    2  1 
  51348.0274   14.442  0.004    2  1 
  51348.0943   14.373  0.005    2  1 
  51348.0983   14.379  0.005    2  1 
  51348.1018   14.380  0.005    2  1 
  51348.9650   14.466  0.004    2  1 
  51348.9682   14.455  0.004    2  1 
  51348.9853   14.412  0.004    2  1 
  51348.9883   14.415  0.004    2  1 
  51348.9912   14.403  0.004    2  1 
  51349.0316   14.371  0.004    2  1 
  51349.0346   14.373  0.004    2  1 
  51349.9815   14.372  0.004    2  1 
  51349.9851   14.379  0.004    2  1 
  51349.9973   14.375  0.004    2  1 
  51350.0033   14.380  0.004    2  1 
  51350.0066   14.386  0.004    2  1 
  51350.0164   14.401  0.004    2  1 
  51350.0197   14.404  0.004    2  1 
  51350.0296   14.424  0.004    2  1 
  51380.9973   14.446  0.004    2  1 
  51381.0004   14.459  0.003    2  1 
  51381.0031   14.462  0.003    2  1 
  51381.0187   14.497  0.003    2  1 
  51381.0214   14.504  0.004    2  1 
  51381.0242   14.513  0.004    2  1 
  51381.9830   14.530  0.004    2  1 
  51381.9859   14.547  0.004    2  1 
  51381.9888   14.549  0.005    2  1 
  51382.0000   14.563  0.004    2  1 
  51382.0029   14.568  0.004    2  1 
  51382.9793   14.603  0.005    2  1 
  51382.9826   14.609  0.004    2  1 
  51382.9857   14.612  0.004    2  1 
  51382.9965   14.615  0.005    2  1 
  51382.9995   14.614  0.005    2  1 
  51383.9746   14.585  0.004    2  1 
  51383.9773   14.579  0.004    2  1 
  51383.9799   14.581  0.004    2  1 
  51383.9899   14.557  0.004    2  1 
  51383.9926   14.551  0.004    2  1 
  51384.9751   14.456  0.003    2  1 
  51384.9777   14.443  0.003    2  1 
  51384.9802   14.440  0.003    2  1 
  51384.9896   14.421  0.003    2  1 
  51384.9921   14.418  0.003    2  1 
  51385.9711   14.371  0.003    2  1 
  51385.9737   14.371  0.003    2  1 
  51385.9763   14.371  0.003    2  1 
  51385.9857   14.378  0.003    2  1 
  51385.9884   14.379  0.004    2  1 
  51386.9965   14.436  0.004    2  1 
  51387.0003   14.448  0.004    2  1 
  51387.0041   14.460  0.004    2  1 
  51387.0216   14.500  0.004    2  1 
  51387.0254   14.501  0.004    2  1 
  51387.0293   14.498  0.004    2  1 
  51388.9801   14.600  0.005    2  1 
  51388.9866   14.606  0.005    2  1 
  51388.9984   14.607  0.005    2  1 
  51389.0017   14.600  0.005    2  1 
  51389.9783   14.585  0.004    2  1 
  51389.9809   14.573  0.004    2  1 
  51389.9836   14.578  0.004    2  1 
  51390.9729   14.459  0.003    2  1 
  51390.9756   14.453  0.003    2  1 
  51390.9783   14.449  0.003    2  1 
  51391.9728   14.375  0.003    2  1 
  51391.9754   14.376  0.003    2  1 
  51391.9779   14.370  0.003    2  1 
  51671.0871   14.516  0.004    2  1 
  51671.0917   14.502  0.004    2  1 
  51671.0952   14.485  0.004    2  1 
  51671.1189   14.425  0.004    2  1 
  51671.1232   14.417  0.004    2  1 
  51671.9996   14.591  0.004    2  1 
  51672.0039   14.576  0.004    2  1 
  51672.0350   14.511  0.004    2  1 
  51672.0382   14.506  0.004    2  1 
  51673.0232   14.424  0.003    2  1 
  51674.0574   14.413  0.005    2  1 
  51674.0938   14.487  0.005    2  1 
  51674.0985   14.493  0.005    2  1 
  51674.1159   14.530  0.005    2  1 
  51674.1223   14.541  0.004    2  1 
  51674.9763   14.387  0.005    2  1 
  51674.9824   14.384  0.005    2  1 
  51675.0212   14.443  0.005    2  1 
  51676.0163   14.533  0.004    2  1 
  51692.9816   14.383  0.004    2  1 
  51692.9854   14.384  0.004    2  1 
  51693.9780   14.458  0.004    2  1 
  51693.9814   14.468  0.004    2  1 
  51694.9914   14.577  0.004    2  1 
  51694.9946   14.576  0.006    2  1 
  51765.9974   14.480  0.004    2  1 
  51766.0012   14.493  0.004    2  1 
  51766.0048   14.495  0.004    2  1 
  51766.0266   14.548  0.005    2  1 
  51766.0301   14.545  0.005    2  1 
  51216.3144   14.794  0.003    3  1 
  51216.3408   14.733  0.003    3  1 
  51216.3634   14.712  0.003    3  1 
  51216.3905   14.679  0.003    3  1 
  51217.3019   14.722  0.004    3  1 
  51217.3494   14.649  0.003    3  1 
  51217.3710   14.711  0.003    3  1 
  51217.3906   14.764  0.003    3  1 
  51218.2854   14.677  0.003    3  1 
  51218.3156   14.721  0.004    3  1 
  51218.3347   14.755  0.003    3  1 
  51218.3653   14.876  0.003    3  1 
  51218.3848   14.911  0.004    3  1 
  51219.2918   14.782  0.003    3  1 
  51219.3100   14.843  0.004    3  1 
  51219.3296   14.902  0.004    3  1 
  51219.3536   14.965  0.004    3  1 
  51219.3723   15.003  0.004    3  1 
  51220.2720   14.887  0.003    3  1 
  51220.2946   14.952  0.003    3  1 
  51220.3117   14.991  0.004    3  1 
  51220.3299   15.010  0.004    3  1 
  51220.3473   15.018  0.004    3  1 
  51220.3643   15.001  0.004    3  1 
  51220.3816   14.976  0.004    3  1 
  51221.2763   15.023  0.004    3  1 
  51221.2964   15.026  0.004    3  1 
  51221.3145   15.007  0.004    3  1 
  51221.3318   14.970  0.004    3  1 
  51221.3496   14.912  0.004    3  1 
  51221.3673   14.831  0.003    3  1 
  51283.2546   14.896  0.003    3  1 
  51283.2783   14.787  0.003    3  1 
  51283.3008   14.707  0.003    3  1 
  51283.3322   14.676  0.003    3  1 
  51283.3553   14.686  0.003    3  1 
  51284.2134   14.846  0.003    3  1 
  51284.2375   14.736  0.003    3  1 
  51284.2581   14.685  0.003    3  1 
  51284.2875   14.667  0.003    3  1 
  51284.3124   14.694  0.003    3  1 
  51284.3383   14.746  0.003    3  1 
  51285.0451   14.996  0.003    3  1 
  51285.0691   15.032  0.003    3  1 
  51285.0932   15.041  0.003    3  1 
  51285.1257   14.997  0.003    3  1 
  51285.1514   14.888  0.003    3  1 
  51285.1754   14.780  0.003    3  1 
  51285.2060   14.704  0.003    3  1 
  51285.2321   14.678  0.003    3  1 
  51285.2586   14.695  0.003    3  1 
  51285.2928   14.755  0.003    3  1 
  51285.3257   14.860  0.003    3  1 
  51286.0393   15.047  0.003    3  1 
  51286.0670   15.012  0.003    3  1 
  51286.1302   14.759  0.003    3  1 
  51286.1833   14.673  0.003    3  1 
  51286.2193   14.711  0.003    3  1 
  51286.2434   14.767  0.003    3  1 
  51286.2655   14.846  0.003    3  1 
  51286.2958   14.944  0.003    3  1 
  51286.3291   15.024  0.003    3  1 
  51286.3521   15.041  0.003    3  1 
  51304.9838   15.040  0.003    3  1 
  51305.0251   14.979  0.004    3  1 
  51305.0718   14.790  0.003    3  1 
  51305.0961   14.713  0.003    3  1 
  51305.1465   14.670  0.004    3  1 
  51305.1755   14.723  0.003    3  1 
  51305.2054   14.800  0.004    3  1 
  51305.2345   14.900  0.004    3  1 
  51305.2666   14.989  0.004    3  1 
  51305.2880   15.021  0.004    3  1 
  51305.9773   14.955  0.003    3  1 
  51306.0428   14.722  0.003    3  1 
  51306.0809   14.675  0.003    3  1 
  51306.1330   14.746  0.003    3  1 
  51306.1875   14.880  0.003    3  1 
  51306.2101   14.942  0.003    3  1 
  51306.2538   15.027  0.003    3  1 
  51306.2771   15.003  0.003    3  1 
  51306.2972   14.963  0.003    3  1 
  51308.0025   14.652  0.002    3  1 
  51308.0294   14.711  0.002    3  1 
  51308.0600   14.832  0.003    3  1 
  51308.0919   14.949  0.002    3  1 
  51308.0958   14.886  0.003    3  1 
  51308.1244   15.000  0.003    3  1 
  51310.1100   14.833  0.002    3  1 
  51310.1132   14.820  0.002    3  1 
  51311.9792   14.969  0.005    3  1 
  51311.9983   14.886  0.004    3  1 
  51312.0087   14.837  0.004    3  1 
  51312.0350   14.732  0.003    3  1 
  51312.0550   14.681  0.003    3  1 
  51312.0672   14.678  0.003    3  1 
  51312.0870   14.663  0.003    3  1 
  51312.0988   14.669  0.003    3  1 
  51312.9828   14.740  0.003    3  1 
  51313.0063   14.691  0.003    3  1 
  51313.0300   14.670  0.003    3  1 
  51313.0562   14.685  0.003    3  1 
  51313.1113   14.826  0.003    3  1 
  51313.9807   14.679  0.003    3  1 
  51314.0143   14.711  0.003    3  1 
  51314.0397   14.772  0.003    3  1 
  51314.1124   14.993  0.004    3  1 
  51314.9752   14.753  0.003    3  1 
  51315.0102   14.847  0.003    3  1 
  51315.0336   14.919  0.003    3  1 
  51315.0747   15.013  0.003    3  1 
  51315.0982   15.016  0.004    3  1 
  51315.1216   14.993  0.003    3  1 
  51316.0399   15.018  0.003    3  1 
  51316.0634   14.994  0.003    3  1 
  51316.0869   14.942  0.003    3  1 
  51316.1115   14.836  0.003    3  1 
  51316.9740   15.028  0.003    3  1 
  51317.0052   15.022  0.004    3  1 
  51317.0282   14.979  0.005    3  1 
  51317.0566   14.854  0.003    3  1 
  51317.0822   14.741  0.003    3  1 
  51317.1075   14.694  0.003    3  1 
  51317.9847   14.932  0.004    3  1 
  51318.0099   14.835  0.004    3  1 
  51318.0374   14.725  0.004    3  1 
  51318.1226   14.711  0.004    3  1 
  51318.9772   14.746  0.003    3  1 
  51319.0274   14.668  0.003    3  1 
  51319.0757   14.727  0.003    3  1 
  51319.0997   14.791  0.003    3  1 
  51320.1000   14.990  0.003    3  1 
  51320.1208   15.001  0.003    3  1 
  51320.1417   15.025  0.003    3  1 
  51320.9728   14.742  0.003    3  1 
  51321.0180   14.823  0.003    3  1 
  51321.0400   14.935  0.003    3  1 
  51321.0624   14.988  0.003    3  1 
  51321.0930   15.027  0.004    3  1 
  51321.1217   14.989  0.003    3  1 
  51380.9937   14.778  0.003    3  1 
  51381.9793   14.906  0.004    3  1 
  51382.9755   15.020  0.005    3  1 
  51383.9715   14.976  0.003    3  1 
  51385.9679   14.659  0.002    3  1 
  51386.9917   14.765  0.003    3  1 
  51388.9755   15.008  0.004    3  1 
  51389.9750   14.981  0.003    3  1 
  51693.9923   14.839  0.003    3  1 
  51695.0052   15.004  0.003    3  1 
 56468.97641   12.909  0.147   -1  1 
 56469.04707   12.449  0.145   -1  1 
 56469.10896   12.369  0.191   -1  1 
 56469.17285   12.855  0.041   -1  1 
 56471.00364   13.230  0.105   -1  1 
 56471.06640   13.175  0.039   -1  1 
 56471.12490   12.854  0.074   -1  1 
 56471.18188   12.975  0.032   -1  1 
 56471.96759   12.926  0.107   -1  1 
 56472.03374   13.027  0.055   -1  1 
 56472.09484   13.045  0.045   -1  1 
 56472.15243   12.987  0.043   -1  1 
 56468.95296   12.991  0.136   -2  1 
 56469.02441   12.427  0.153   -2  1 
 56469.08813   12.295  0.132   -2  1 
 56469.15134   12.892  0.110   -2  1 
 56471.02588   12.490  0.137   -2  1 
 56471.08671   12.996  0.077   -2  1 
 56471.14302   13.145  0.052   -2  1 
 56471.94704   13.037  0.065   -2  1 
 56472.01085   12.722  0.111   -2  1 
 56472.07480   12.634  0.104   -2  1 
 56472.13240   13.264  0.045   -2  1 
 56472.19216   13.099  0.054   -2  1 
 56469.00041   12.892  0.102   -5  1 
 56469.06767   13.354  0.072   -5  1 
 56469.13003   13.353  0.081   -5  1 
 56469.19349   13.455  0.054   -5  1 
 56470.98130   13.428  0.046   -5  1 
 56471.04693   13.402  0.080   -5  1 
 56471.10523   13.456  0.043   -5  1 
 56471.16397   13.538  0.033   -5  1 
 56471.98857   13.435  0.066   -5  1 
 56472.05430   13.588  0.046   -5  1 
 56472.11383   13.436  0.049   -5  1 
 56472.17109   13.391  0.035   -5  1 
