  51216.3218   14.742  0.006    2  1 
  51216.3464   14.768  0.005    2  1 
  51216.3689   14.770  0.006    2  1 
  51216.3980   14.741  0.006    2  1 
  51217.3101   14.405  0.005    2  1 
  51217.3328   14.349  0.004    2  1 
  51217.3552   14.304  0.004    2  1 
  51217.3759   14.295  0.004    2  1 
  51217.3953   14.306  0.005    2  1 
  51218.2773   14.375  0.005    2  1 
  51218.3093   14.415  0.004    2  1 
  51218.3298   14.429  0.005    2  1 
  51218.3573   14.460  0.005    2  1 
  51218.3794   14.483  0.005    2  1 
  51219.3336   14.610  0.005    2  1 
  51219.3596   14.626  0.005    2  1 
  51219.3768   14.646  0.005    2  1 
  51220.2621   14.676  0.005    2  1 
  51220.2906   14.688  0.005    2  1 
  51220.3077   14.696  0.005    2  1 
  51220.3257   14.710  0.005    2  1 
  51220.3432   14.721  0.005    2  1 
  51220.3602   14.737  0.005    2  1 
  51220.3776   14.747  0.005    2  1 
  51221.2835   14.743  0.005    2  1 
  51221.3009   14.692  0.005    2  1 
  51221.3188   14.595  0.005    2  1 
  51221.3358   14.482  0.005    2  1 
  51221.3538   14.432  0.005    2  1 
  51221.3722   14.410  0.004    2  1 
  51283.2451   14.316  0.004    2  1 
  51283.2493   14.323  0.004    2  1 
  51283.2714   14.347  0.004    2  1 
  51283.2748   14.342  0.004    2  1 
  51283.2939   14.356  0.004    2  1 
  51283.2972   14.368  0.004    2  1 
  51283.3202   14.396  0.004    2  1 
  51283.3234   14.395  0.004    2  1 
  51283.3487   14.420  0.004    2  1 
  51283.3518   14.428  0.004    2  1 
  51283.3707   14.444  0.004    2  1 
  51283.3738   14.448  0.004    2  1 
  51284.2195   14.476  0.004    2  1 
  51284.2229   14.486  0.004    2  1 
  51284.2413   14.489  0.004    2  1 
  51284.2443   14.502  0.004    2  1 
  51284.2617   14.512  0.004    2  1 
  51284.2648   14.522  0.004    2  1 
  51284.2942   14.549  0.004    2  1 
  51284.2973   14.552  0.004    2  1 
  51284.3168   14.567  0.005    2  1 
  51284.3211   14.567  0.005    2  1 
  51284.3428   14.596  0.005    2  1 
  51284.3464   14.596  0.005    2  1 
  51285.0513   14.490  0.004    2  1 
  51285.0543   14.493  0.004    2  1 
  51285.0739   14.508  0.004    2  1 
  51285.0778   14.515  0.004    2  1 
  51285.0975   14.538  0.004    2  1 
  51285.1006   14.532  0.005    2  1 
  51285.1324   14.572  0.004    2  1 
  51285.1360   14.570  0.004    2  1 
  51285.1558   14.582  0.004    2  1 
  51285.1588   14.590  0.004    2  1 
  51285.1796   14.613  0.004    2  1 
  51285.1830   14.609  0.004    2  1 
  51285.2125   14.634  0.004    2  1 
  51285.2157   14.634  0.004    2  1 
  51285.2362   14.643  0.005    2  1 
  51285.2426   14.647  0.004    2  1 
  51285.2630   14.650  0.005    2  1 
  51285.2666   14.662  0.005    2  1 
  51285.2998   14.676  0.005    2  1 
  51285.3033   14.682  0.005    2  1 
  51285.3308   14.704  0.005    2  1 
  51285.3348   14.700  0.004    2  1 
  51285.3382   14.708  0.005    2  1 
  51286.0461   14.635  0.004    2  1 
  51286.0493   14.648  0.004    2  1 
  51286.0716   14.655  0.004    2  1 
  51286.0753   14.659  0.004    2  1 
  51286.1026   14.660  0.004    2  1 
  51286.1061   14.670  0.004    2  1 
  51286.1365   14.686  0.004    2  1 
  51286.1398   14.686  0.005    2  1 
  51286.1608   14.703  0.005    2  1 
  51286.1639   14.697  0.004    2  1 
  51286.1669   14.699  0.004    2  1 
  51286.1875   14.729  0.005    2  1 
  51286.1908   14.727  0.005    2  1 
  51286.2255   14.751  0.005    2  1 
  51286.2285   14.754  0.005    2  1 
  51286.2476   14.767  0.004    2  1 
  51286.2508   14.765  0.005    2  1 
  51286.2697   14.774  0.005    2  1 
  51286.2727   14.782  0.005    2  1 
  51286.3022   14.773  0.005    2  1 
  51286.3055   14.774  0.005    2  1 
  51286.3218   14.744  0.005    2  1 
  51286.3250   14.731  0.005    2  1 
  51286.3450   14.649  0.004    2  1 
  51286.3481   14.632  0.004    2  1 
  51304.9873   14.778  0.005    2  1 
  51304.9926   14.778  0.005    2  1 
  51305.0328   14.697  0.005    2  1 
  51305.0362   14.681  0.004    2  1 
  51305.0559   14.565  0.005    2  1 
  51305.0599   14.537  0.005    2  1 
  51305.0890   14.428  0.004    2  1 
  51305.0922   14.423  0.004    2  1 
  51305.1235   14.373  0.004    2  1 
  51305.1269   14.363  0.004    2  1 
  51305.1509   14.312  0.005    2  1 
  51305.1547   14.312  0.005    2  1 
  51305.1853   14.303  0.004    2  1 
  51305.1885   14.310  0.004    2  1 
  51305.2098   14.330  0.004    2  1 
  51305.2128   14.329  0.004    2  1 
  51305.2431   14.362  0.004    2  1 
  51305.2461   14.363  0.004    2  1 
  51305.2704   14.394  0.004    2  1 
  51305.2734   14.390  0.004    2  1 
  51305.2966   14.422  0.004    2  1 
  51305.2995   14.423  0.004    2  1 
  51305.9857   14.311  0.003    2  1 
  51305.9885   14.313  0.003    2  1 
  51305.9912   14.307  0.003    2  1 
  51306.0256   14.323  0.003    2  1 
  51306.0285   14.333  0.003    2  1 
  51306.0465   14.351  0.004    2  1 
  51306.0498   14.346  0.004    2  1 
  51306.0896   14.396  0.004    2  1 
  51306.0930   14.398  0.004    2  1 
  51306.1123   14.413  0.003    2  1 
  51306.1151   14.421  0.003    2  1 
  51306.1375   14.451  0.004    2  1 
  51306.1405   14.451  0.004    2  1 
  51306.1636   14.468  0.004    2  1 
  51306.1673   14.476  0.004    2  1 
  51306.1937   14.499  0.003    2  1 
  51306.1966   14.499  0.003    2  1 
  51306.2146   14.512  0.004    2  1 
  51306.2178   14.517  0.004    2  1 
  51306.2343   14.534  0.003    2  1 
  51306.2380   14.541  0.003    2  1 
  51306.2574   14.553  0.003    2  1 
  51306.2602   14.559  0.003    2  1 
  51306.2805   14.589  0.003    2  1 
  51306.2835   14.578  0.003    2  1 
  51306.3009   14.604  0.004    2  1 
  51306.3038   14.603  0.004    2  1 
  51306.3135   14.613  0.004    2  1 
  51306.3184   14.613  0.005    2  1 
  51307.0456   14.533  0.005    2  1 
  51307.0501   14.523  0.005    2  1 
  51307.0593   14.544  0.004    2  1 
  51307.0645   14.531  0.003    2  1 
  51307.0699   14.523  0.006    2  1 
  51307.0747   14.539  0.005    2  1 
  51308.0084   14.660  0.004    2  1 
  51308.0112   14.653  0.004    2  1 
  51308.0334   14.671  0.003    2  1 
  51308.0362   14.673  0.004    2  1 
  51308.0394   14.674  0.004    2  1 
  51308.0633   14.684  0.004    2  1 
  51308.0663   14.683  0.004    2  1 
  51308.0995   14.696  0.004    2  1 
  51308.1031   14.686  0.004    2  1 
  51308.1280   14.715  0.005    2  1 
  51308.1309   14.706  0.004    2  1 
  51310.0850   14.323  0.003    2  1 
  51310.0874   14.330  0.002    2  1 
  51310.0897   14.324  0.002    2  1 
  51310.0922   14.330  0.003    2  1 
  51310.1430   14.388  0.003    2  1 
  51310.1458   14.390  0.003    2  1 
  51310.1486   14.391  0.004    2  1 
  51311.0244   14.458  0.005    2  1 
  51311.0302   14.464  0.005    2  1 
  51311.0334   14.468  0.005    2  1 
  51311.0506   14.484  0.003    2  1 
  51311.0539   14.486  0.003    2  1 
  51311.0637   14.497  0.004    2  1 
  51311.0669   14.496  0.005    2  1 
  51311.0702   14.481  0.003    2  1 
  51311.0907   14.515  0.005    2  1 
  51311.0946   14.518  0.004    2  1 
  51311.0980   14.529  0.004    2  1 
  51311.1015   14.531  0.004    2  1 
  51311.1071   14.527  0.004    2  1 
  51311.1298   14.553  0.005    2  1 
  51311.1327   14.552  0.005    2  1 
  51311.1357   14.554  0.005    2  1 
  51311.1398   14.561  0.004    2  1 
  51311.1447   14.561  0.004    2  1 
  51311.9755   14.562  0.005    2  1 
  51312.0020   14.602  0.004    2  1 
  51312.0049   14.595  0.004    2  1 
  51312.0255   14.615  0.004    2  1 
  51312.0284   14.621  0.004    2  1 
  51312.0314   14.627  0.004    2  1 
  51312.0584   14.645  0.004    2  1 
  51312.0611   14.641  0.004    2  1 
  51312.0638   14.648  0.004    2  1 
  51312.0903   14.658  0.004    2  1 
  51312.0929   14.663  0.004    2  1 
  51312.0955   14.670  0.004    2  1 
  51312.1146   14.666  0.004    2  1 
  51312.1173   14.674  0.004    2  1 
  51312.1200   14.676  0.004    2  1 
  51312.9860   14.693  0.004    2  1 
  51312.9887   14.710  0.004    2  1 
  51312.9913   14.709  0.004    2  1 
  51313.0096   14.715  0.004    2  1 
  51313.0123   14.728  0.004    2  1 
  51313.0149   14.720  0.004    2  1 
  51313.0333   14.731  0.004    2  1 
  51313.0360   14.737  0.004    2  1 
  51313.0386   14.735  0.004    2  1 
  51313.0413   14.737  0.005    2  1 
  51313.0595   14.747  0.004    2  1 
  51313.0622   14.762  0.004    2  1 
  51313.0648   14.770  0.004    2  1 
  51313.0911   14.771  0.004    2  1 
  51313.0937   14.767  0.004    2  1 
  51313.0964   14.778  0.004    2  1 
  51313.1146   14.786  0.004    2  1 
  51313.1172   14.776  0.004    2  1 
  51313.1199   14.780  0.004    2  1 
  51313.1226   14.771  0.004    2  1 
  51313.9843   14.653  0.004    2  1 
  51313.9872   14.638  0.005    2  1 
  51313.9901   14.621  0.004    2  1 
  51314.0178   14.451  0.004    2  1 
  51314.0207   14.441  0.004    2  1 
  51314.0236   14.440  0.004    2  1 
  51314.0432   14.420  0.004    2  1 
  51314.0461   14.415  0.004    2  1 
  51314.0490   14.408  0.004    2  1 
  51314.0772   14.346  0.004    2  1 
  51314.0802   14.334  0.004    2  1 
  51314.0831   14.333  0.004    2  1 
  51314.1030   14.314  0.004    2  1 
  51314.1059   14.318  0.004    2  1 
  51314.1088   14.307  0.004    2  1 
  51314.1289   14.311  0.004    2  1 
  51314.1333   14.320  0.004    2  1 
  51314.1363   14.316  0.004    2  1 
  51314.9827   14.335  0.004    2  1 
  51314.9856   14.345  0.004    2  1 
  51314.9885   14.353  0.004    2  1 
  51315.0015   14.363  0.004    2  1 
  51315.0043   14.365  0.004    2  1 
  51315.0069   14.373  0.004    2  1 
  51315.0251   14.389  0.003    2  1 
  51315.0277   14.394  0.004    2  1 
  51315.0304   14.394  0.003    2  1 
  51315.0489   14.411  0.003    2  1 
  51315.0516   14.418  0.004    2  1 
  51315.0542   14.425  0.003    2  1 
  51315.0780   14.444  0.004    2  1 
  51315.0807   14.443  0.004    2  1 
  51315.0833   14.454  0.004    2  1 
  51315.1015   14.467  0.004    2  1 
  51315.1041   14.473  0.004    2  1 
  51315.1068   14.470  0.004    2  1 
  51315.1290   14.489  0.004    2  1 
  51315.1319   14.497  0.004    2  1 
  51316.0194   14.560  0.004    2  1 
  51316.0221   14.573  0.004    2  1 
  51316.0247   14.571  0.004    2  1 
  51316.0431   14.582  0.004    2  1 
  51316.0458   14.592  0.004    2  1 
  51316.0485   14.592  0.004    2  1 
  51316.0667   14.592  0.004    2  1 
  51316.0693   14.604  0.004    2  1 
  51316.0720   14.606  0.004    2  1 
  51316.0905   14.615  0.004    2  1 
  51316.0934   14.619  0.004    2  1 
  51316.0963   14.622  0.004    2  1 
  51316.1148   14.639  0.004    2  1 
  51316.1175   14.636  0.004    2  1 
  51316.1201   14.639  0.004    2  1 
  51316.9647   14.663  0.004    2  1 
  51316.9676   14.656  0.004    2  1 
  51316.9705   14.650  0.005    2  1 
  51316.9896   14.672  0.004    2  1 
  51316.9923   14.685  0.004    2  1 
  51316.9949   14.669  0.004    2  1 
  51317.0088   14.674  0.005    2  1 
  51317.0117   14.681  0.005    2  1 
  51317.0321   14.690  0.005    2  1 
  51317.0351   14.683  0.005    2  1 
  51317.0391   14.690  0.005    2  1 
  51317.0602   14.703  0.005    2  1 
  51317.0631   14.711  0.005    2  1 
  51317.0660   14.715  0.005    2  1 
  51317.0858   14.726  0.005    2  1 
  51317.0887   14.708  0.005    2  1 
  51317.0916   14.736  0.005    2  1 
  51317.1111   14.739  0.005    2  1 
  51317.1140   14.730  0.006    2  1 
  51317.1169   14.741  0.005    2  1 
  51317.9628   14.759  0.005    2  1 
  51317.9657   14.746  0.005    2  1 
  51317.9685   14.740  0.005    2  1 
  51317.9883   14.756  0.005    2  1 
  51317.9912   14.768  0.005    2  1 
  51317.9941   14.780  0.005    2  1 
  51318.0135   14.753  0.005    2  1 
  51318.0164   14.738  0.005    2  1 
  51318.0194   14.732  0.005    2  1 
  51318.0445   14.652  0.005    2  1 
  51318.0477   14.653  0.005    2  1 
  51318.0697   14.513  0.005    2  1 
  51318.0730   14.488  0.005    2  1 
  51318.0762   14.475  0.005    2  1 
  51318.0981   14.431  0.005    2  1 
  51318.1014   14.428  0.005    2  1 
  51318.1046   14.432  0.005    2  1 
  51318.1265   14.387  0.005    2  1 
  51318.1298   14.378  0.005    2  1 
  51318.9642   14.323  0.003    2  1 
  51318.9680   14.316  0.004    2  1 
  51318.9708   14.310  0.004    2  1 
  51318.9737   14.308  0.004    2  1 
  51318.9929   14.301  0.003    2  1 
  51318.9956   14.308  0.003    2  1 
  51318.9983   14.304  0.004    2  1 
  51319.0180   14.318  0.004    2  1 
  51319.0209   14.315  0.004    2  1 
  51319.0238   14.314  0.004    2  1 
  51319.0443   14.339  0.004    2  1 
  51319.0474   14.335  0.004    2  1 
  51319.0505   14.345  0.004    2  1 
  51319.0793   14.369  0.004    2  1 
  51319.0820   14.380  0.003    2  1 
  51319.0847   14.380  0.003    2  1 
  51319.1030   14.408  0.004    2  1 
  51319.1084   14.410  0.004    2  1 
  51319.1110   14.409  0.004    2  1 
  51320.1030   14.584  0.003    2  1 
  51320.1053   14.580  0.003    2  1 
  51320.1076   14.586  0.003    2  1 
  51320.1238   14.599  0.003    2  1 
  51320.1261   14.606  0.003    2  1 
  51320.1284   14.603  0.003    2  1 
  51320.1450   14.611  0.004    2  1 
  51320.1477   14.618  0.004    2  1 
  51320.1503   14.621  0.004    2  1 
  51320.9635   14.622  0.004    2  1 
  51320.9664   14.621  0.004    2  1 
  51320.9693   14.623  0.004    2  1 
  51320.9887   14.621  0.003    2  1 
  51320.9911   14.623  0.003    2  1 
  51320.9936   14.629  0.003    2  1 
  51321.0102   14.650  0.003    2  1 
  51321.0126   14.653  0.003    2  1 
  51321.0150   14.653  0.003    2  1 
  51321.0318   14.664  0.004    2  1 
  51321.0344   14.668  0.004    2  1 
  51321.0369   14.662  0.004    2  1 
  51321.0543   14.670  0.004    2  1 
  51321.0568   14.661  0.004    2  1 
  51321.0594   14.679  0.004    2  1 
  51321.0847   14.685  0.004    2  1 
  51321.0873   14.690  0.004    2  1 
  51321.0898   14.685  0.004    2  1 
  51321.1133   14.703  0.004    2  1 
  51321.1159   14.705  0.004    2  1 
  51321.1186   14.698  0.004    2  1 
  51321.1339   14.703  0.004    2  1 
  51321.1365   14.714  0.004    2  1 
  51332.9696   14.450  0.006    2  1 
  51332.9739   14.458  0.006    2  1 
  51332.9891   14.472  0.005    2  1 
  51332.9928   14.475  0.005    2  1 
  51332.9965   14.477  0.005    2  1 
  51333.0083   14.493  0.005    2  1 
  51333.0120   14.491  0.005    2  1 
  51333.0226   14.493  0.005    2  1 
  51333.0264   14.505  0.005    2  1 
  51333.0514   14.525  0.005    2  1 
  51333.0552   14.528  0.006    2  1 
  51333.0742   14.545  0.005    2  1 
  51333.0779   14.544  0.006    2  1 
  51333.0907   14.568  0.005    2  1 
  51333.0945   14.569  0.005    2  1 
  51333.1178   14.591  0.005    2  1 
  51333.1221   14.584  0.005    2  1 
  51333.1335   14.594  0.006    2  1 
  51333.1369   14.600  0.006    2  1 
  51333.1529   14.616  0.006    2  1 
  51333.1565   14.612  0.006    2  1 
  51333.1716   14.631  0.006    2  1 
  51333.1752   14.632  0.006    2  1 
  51334.9841   14.731  0.004    2  1 
  51334.9871   14.736  0.004    2  1 
  51335.0175   14.757  0.005    2  1 
  51335.0204   14.769  0.005    2  1 
  51335.0301   14.767  0.005    2  1 
  51335.0334   14.770  0.005    2  1 
  51335.0517   14.783  0.005    2  1 
  51335.0552   14.773  0.006    2  1 
  51335.0692   14.771  0.006    2  1 
  51335.0727   14.777  0.005    2  1 
  51335.0833   14.762  0.006    2  1 
  51335.0867   14.754  0.005    2  1 
  51335.1133   14.681  0.005    2  1 
  51335.1167   14.666  0.005    2  1 
  51335.9535   14.520  0.005    2  1 
  51335.9726   14.436  0.005    2  1 
  51335.9768   14.427  0.004    2  1 
  51335.9997   14.400  0.004    2  1 
  51336.0027   14.393  0.004    2  1 
  51336.0203   14.354  0.004    2  1 
  51336.0236   14.345  0.004    2  1 
  51336.0357   14.324  0.004    2  1 
  51336.0388   14.324  0.004    2  1 
  51336.0593   14.302  0.004    2  1 
  51336.0629   14.303  0.004    2  1 
  51336.0769   14.302  0.004    2  1 
  51336.0803   14.310  0.004    2  1 
  51336.1025   14.318  0.004    2  1 
  51336.1059   14.326  0.004    2  1 
  51336.1206   14.348  0.005    2  1 
  51336.1240   14.348  0.004    2  1 
  51337.0101   14.436  0.004    2  1 
  51337.9904   14.578  0.005    2  1 
  51337.9940   14.580  0.006    2  1 
  51338.0162   14.600  0.005    2  1 
  51338.0196   14.597  0.005    2  1 
  51338.0339   14.613  0.006    2  1 
  51338.0376   14.601  0.006    2  1 
  51338.9901   14.695  0.005    2  1 
  51338.9938   14.689  0.005    2  1 
  51339.0226   14.686  0.005    2  1 
  51339.0269   14.708  0.005    2  1 
  51339.0905   14.732  0.006    2  1 
  51339.1139   14.770  0.006    2  1 
  51339.1177   14.754  0.006    2  1 
  51339.1448   14.763  0.005    2  1 
  51339.1482   14.761  0.005    2  1 
  51339.9766   14.728  0.005    2  1 
  51339.9795   14.733  0.005    2  1 
  51340.0044   14.611  0.004    2  1 
  51340.0078   14.591  0.004    2  1 
  51340.0274   14.468  0.004    2  1 
  51340.0306   14.457  0.004    2  1 
  51340.0540   14.421  0.004    2  1 
  51340.0572   14.416  0.004    2  1 
  51340.0857   14.360  0.004    2  1 
  51340.0892   14.346  0.004    2  1 
  51340.1152   14.315  0.004    2  1 
  51340.1197   14.313  0.004    2  1 
  51340.1229   14.303  0.004    2  1 
  51340.1263   14.310  0.004    2  1 
  51340.1404   14.316  0.004    2  1 
  51340.1437   14.312  0.004    2  1 
  51344.9924   14.305  0.004    2  1 
  51344.9958   14.301  0.003    2  1 
  51344.9988   14.304  0.003    2  1 
  51345.0216   14.308  0.004    2  1 
  51345.0255   14.312  0.004    2  1 
  51345.0302   14.309  0.004    2  1 
  51345.0553   14.344  0.004    2  1 
  51345.0603   14.341  0.004    2  1 
  51345.9856   14.457  0.005    2  1 
  51345.9896   14.455  0.005    2  1 
  51346.0219   14.489  0.005    2  1 
  51346.0264   14.495  0.005    2  1 
  51346.0486   14.515  0.005    2  1 
  51346.0523   14.518  0.005    2  1 
  51346.0791   14.543  0.005    2  1 
  51346.0826   14.548  0.004    2  1 
  51347.0416   14.655  0.005    2  1 
  51347.0453   14.665  0.004    2  1 
  51347.0743   14.675  0.004    2  1 
  51347.0777   14.675  0.004    2  1 
  51347.0990   14.691  0.004    2  1 
  51347.1022   14.693  0.003    2  1 
  51347.9769   14.725  0.005    2  1 
  51347.9802   14.726  0.005    2  1 
  51347.9834   14.728  0.005    2  1 
  51347.9983   14.738  0.005    2  1 
  51348.0028   14.741  0.005    2  1 
  51348.0063   14.750  0.005    2  1 
  51348.0242   14.753  0.005    2  1 
  51348.0274   14.755  0.005    2  1 
  51348.0943   14.740  0.006    2  1 
  51348.0983   14.715  0.006    2  1 
  51348.1018   14.722  0.006    2  1 
  51348.9650   14.487  0.004    2  1 
  51348.9682   14.468  0.004    2  1 
  51348.9853   14.430  0.004    2  1 
  51348.9883   14.423  0.004    2  1 
  51348.9912   14.425  0.004    2  1 
  51349.0316   14.345  0.004    2  1 
  51349.0346   14.343  0.004    2  1 
  51349.9815   14.394  0.004    2  1 
  51349.9851   14.400  0.004    2  1 
  51349.9973   14.404  0.004    2  1 
  51350.0033   14.413  0.005    2  1 
  51350.0066   14.417  0.004    2  1 
  51350.0164   14.429  0.004    2  1 
  51350.0197   14.428  0.004    2  1 
  51350.0296   14.441  0.004    2  1 
  51380.9973   14.517  0.004    2  1 
  51381.0004   14.512  0.004    2  1 
  51381.0031   14.516  0.004    2  1 
  51381.0187   14.538  0.004    2  1 
  51381.0214   14.538  0.004    2  1 
  51381.0242   14.537  0.004    2  1 
  51381.9830   14.650  0.005    2  1 
  51381.9859   14.649  0.005    2  1 
  51381.9888   14.648  0.005    2  1 
  51382.0000   14.660  0.004    2  1 
  51382.0029   14.666  0.004    2  1 
  51382.9793   14.758  0.005    2  1 
  51382.9826   14.763  0.005    2  1 
  51382.9857   14.766  0.005    2  1 
  51382.9965   14.772  0.005    2  1 
  51382.9995   14.748  0.005    2  1 
  51383.9746   14.385  0.003    2  1 
  51383.9773   14.367  0.003    2  1 
  51383.9799   14.367  0.003    2  1 
  51383.9899   14.347  0.004    2  1 
  51383.9926   14.341  0.003    2  1 
  51384.9751   14.434  0.003    2  1 
  51384.9777   14.434  0.003    2  1 
  51384.9802   14.442  0.003    2  1 
  51384.9896   14.449  0.003    2  1 
  51384.9921   14.454  0.003    2  1 
  51385.9711   14.603  0.004    2  1 
  51385.9737   14.605  0.004    2  1 
  51385.9763   14.604  0.004    2  1 
  51385.9857   14.617  0.004    2  1 
  51385.9884   14.612  0.004    2  1 
  51386.9965   14.727  0.005    2  1 
  51387.0003   14.728  0.005    2  1 
  51387.0041   14.744  0.005    2  1 
  51387.0216   14.746  0.005    2  1 
  51387.0254   14.755  0.005    2  1 
  51387.0293   14.739  0.005    2  1 
  51388.9801   14.363  0.004    2  1 
  51388.9834   14.368  0.004    2  1 
  51388.9866   14.373  0.004    2  1 
  51388.9984   14.395  0.005    2  1 
  51389.0017   14.391  0.004    2  1 
  51389.9783   14.556  0.004    2  1 
  51389.9809   14.554  0.004    2  1 
  51389.9836   14.560  0.004    2  1 
  51390.9756   14.667  0.004    2  1 
  51390.9783   14.677  0.004    2  1 
  51391.9728   14.748  0.003    2  1 
  51391.9754   14.760  0.003    2  1 
  51391.9779   14.771  0.004    2  1 
  51671.0871   14.388  0.004    2  1 
  51671.0917   14.391  0.004    2  1 
  51671.0952   14.396  0.004    2  1 
  51671.1189   14.422  0.004    2  1 
  51671.1232   14.425  0.004    2  1 
  51671.9996   14.482  0.004    2  1 
  51672.0039   14.489  0.004    2  1 
  51672.0350   14.522  0.004    2  1 
  51672.0382   14.520  0.004    2  1 
  51673.0232   14.659  0.004    2  1 
  51674.0574   14.763  0.006    2  1 
  51674.0938   14.725  0.006    2  1 
  51674.0985   14.703  0.006    2  1 
  51674.1159   14.632  0.005    2  1 
  51674.1223   14.594  0.005    2  1 
  51674.9763   14.429  0.005    2  1 
  51674.9824   14.414  0.005    2  1 
  51675.0212   14.333  0.005    2  1 
  51676.0163   14.443  0.004    2  1 
  51692.9816   14.324  0.004    2  1 
  51692.9854   14.328  0.004    2  1 
  51693.9780   14.515  0.004    2  1 
  51693.9814   14.517  0.004    2  1 
  51694.9914   14.661  0.004    2  1 
  51765.9974   14.500  0.004    2  1 
  51766.0012   14.484  0.004    2  1 
  51766.0048   14.469  0.004    2  1 
  51766.0266   14.434  0.004    2  1 
  51766.0301   14.422  0.004    2  1 
  51216.3408   15.256  0.004    3  1 
  51216.3634   15.252  0.004    3  1 
  51216.3905   15.239  0.005    3  1 
  51217.3019   14.762  0.004    3  1 
  51217.3494   14.595  0.003    3  1 
  51217.3710   14.598  0.003    3  1 
  51217.3906   14.611  0.003    3  1 
  51218.2854   14.754  0.004    3  1 
  51218.3156   14.799  0.004    3  1 
  51218.3347   14.828  0.003    3  1 
  51218.3653   14.896  0.003    3  1 
  51218.3848   14.904  0.003    3  1 
  51219.2918   15.026  0.004    3  1 
  51219.3100   15.040  0.004    3  1 
  51219.3296   15.065  0.004    3  1 
  51219.3536   15.098  0.004    3  1 
  51219.3723   15.110  0.004    3  1 
  51220.2720   15.153  0.004    3  1 
  51220.2946   15.162  0.004    3  1 
  51220.3117   15.175  0.004    3  1 
  51220.3299   15.182  0.004    3  1 
  51220.3473   15.201  0.004    3  1 
  51220.3643   15.219  0.004    3  1 
  51220.3816   15.236  0.004    3  1 
  51221.2763   15.229  0.004    3  1 
  51221.2964   15.157  0.004    3  1 
  51221.3145   15.055  0.004    3  1 
  51221.3318   14.900  0.003    3  1 
  51221.3496   14.802  0.003    3  1 
  51221.3673   14.766  0.003    3  1 
  51283.2546   14.648  0.003    3  1 
  51283.2783   14.690  0.003    3  1 
  51283.3008   14.728  0.003    3  1 
  51283.3322   14.796  0.003    3  1 
  51283.3553   14.840  0.003    3  1 
  51284.2134   14.882  0.003    3  1 
  51284.2375   14.917  0.003    3  1 
  51284.2581   14.940  0.003    3  1 
  51284.2875   14.985  0.003    3  1 
  51284.3124   15.026  0.003    3  1 
  51284.3383   15.062  0.004    3  1 
  51285.0451   14.901  0.003    3  1 
  51285.0691   14.932  0.003    3  1 
  51285.0932   14.961  0.003    3  1 
  51285.1257   15.004  0.003    3  1 
  51285.1514   15.035  0.003    3  1 
  51285.1754   15.067  0.003    3  1 
  51285.2060   15.096  0.004    3  1 
  51285.2321   15.124  0.004    3  1 
  51285.2586   15.134  0.004    3  1 
  51285.2928   15.161  0.004    3  1 
  51285.3257   15.181  0.004    3  1 
  51286.0393   15.094  0.003    3  1 
  51286.0670   15.130  0.003    3  1 
  51286.1833   15.210  0.004    3  1 
  51286.2193   15.238  0.004    3  1 
  51286.2434   15.254  0.004    3  1 
  51286.2655   15.279  0.004    3  1 
  51286.2958   15.257  0.004    3  1 
  51286.3291   15.196  0.004    3  1 
  51286.3521   15.064  0.003    3  1 
  51304.9838   15.248  0.004    3  1 
  51305.0251   15.167  0.005    3  1 
  51305.0718   14.840  0.004    3  1 
  51305.0961   14.771  0.003    3  1 
  51305.1465   14.644  0.004    3  1 
  51305.1755   14.621  0.003    3  1 
  51305.2054   14.654  0.004    3  1 
  51305.2666   14.762  0.003    3  1 
  51305.2880   14.807  0.003    3  1 
  51305.9773   14.603  0.003    3  1 
  51306.0428   14.678  0.003    3  1 
  51306.1330   14.835  0.003    3  1 
  51306.1578   14.843  0.004    3  1 
  51306.2538   15.005  0.003    3  1 
  51306.2771   15.054  0.003    3  1 
  51306.2972   15.080  0.004    3  1 
  51308.0025   15.076  0.003    3  1 
  51308.0600   15.143  0.003    3  1 
  51308.0919   15.160  0.003    3  1 
  51308.1244   15.186  0.004    3  1 
  51310.1057   14.640  0.002    3  1 
  51310.1100   14.632  0.002    3  1 
  51311.9792   15.028  0.005    3  1 
  51311.9983   15.051  0.004    3  1 
  51312.0087   15.067  0.004    3  1 
  51312.0350   15.093  0.004    3  1 
  51312.0550   15.108  0.004    3  1 
  51312.0672   15.125  0.004    3  1 
  51312.0870   15.130  0.004    3  1 
  51312.0988   15.133  0.004    3  1 
  51312.9828   15.168  0.003    3  1 
  51313.0063   15.185  0.003    3  1 
  51313.0300   15.211  0.004    3  1 
  51313.0562   15.229  0.003    3  1 
  51313.1113   15.252  0.004    3  1 
  51313.9807   15.107  0.004    3  1 
  51314.0143   14.826  0.003    3  1 
  51314.0397   14.767  0.003    3  1 
  51314.1124   14.619  0.003    3  1 
  51314.9752   14.653  0.003    3  1 
  51315.0102   14.723  0.003    3  1 
  51315.0336   14.763  0.003    3  1 
  51315.0747   14.836  0.003    3  1 
  51315.0982   14.868  0.003    3  1 
  51315.1216   14.900  0.003    3  1 
  51316.0399   15.030  0.003    3  1 
  51316.0634   15.060  0.003    3  1 
  51316.0869   15.090  0.004    3  1 
  51316.1115   15.103  0.003    3  1 
  51316.9740   15.132  0.004    3  1 
  51317.0052   15.139  0.004    3  1 
  51317.0282   15.147  0.005    3  1 
  51317.0566   15.183  0.004    3  1 
  51317.0822   15.205  0.004    3  1 
  51317.1075   15.225  0.004    3  1 
  51317.9847   15.247  0.004    3  1 
  51318.0099   15.223  0.004    3  1 
  51318.0374   15.140  0.005    3  1 
  51318.0942   14.986  0.002    3  1 
  51318.1226   14.746  0.004    3  1 
  51318.9772   14.611  0.003    3  1 
  51319.0274   14.647  0.003    3  1 
  51319.0757   14.712  0.003    3  1 
  51319.0997   14.762  0.003    3  1 
  51320.1000   15.042  0.003    3  1 
  51320.1208   15.057  0.003    3  1 
  51320.1417   15.094  0.003    3  1 
  51320.9728   15.091  0.003    3  1 
  51321.0180   15.081  0.003    3  1 
  51321.0400   15.144  0.003    3  1 
  51321.0624   15.144  0.003    3  1 
  51321.0930   15.164  0.004    3  1 
  51321.1217   15.187  0.003    3  1 
  51380.9937   14.939  0.003    3  1 
  51381.9793   15.141  0.004    3  1 
  51382.9755   15.231  0.005    3  1 
  51383.9715   14.721  0.003    3  1 
  51385.9679   15.034  0.003    3  1 
  51386.9917   15.200  0.004    3  1 
  51388.9755   14.711  0.003    3  1 
  51389.9750   15.008  0.003    3  1 
  51390.9697   15.115  0.003    3  1 
  51391.9697   15.153  0.003    3  1 
  51693.9923   14.956  0.003    3  1 
 56468.97641   12.311  0.120   -1  1 
 56469.04707   12.346  0.072   -1  1 
 56469.10896   11.507  0.148   -1  1 
 56469.17285   12.333  0.043   -1  1 
 56471.00364   12.338  0.063   -1  1 
 56471.06640   12.630  0.040   -1  1 
 56471.12490   12.457  0.043   -1  1 
 56471.18188   12.661  0.031   -1  1 
 56471.96759   11.830  0.085   -1  1 
 56472.03374   12.346  0.040   -1  1 
 56472.09484   12.409  0.046   -1  1 
 56472.15243   12.503  0.043   -1  1 
 56468.95296   12.783  0.067   -2  1 
 56469.02441   12.264  0.120   -2  1 
 56469.08813   12.324  0.076   -2  1 
 56469.15134   12.453  0.072   -2  1 
 56471.02588   12.270  0.099   -2  1 
 56471.08671   12.770  0.055   -2  1 
 56471.14302   12.830  0.040   -2  1 
 56471.94704   12.544  0.050   -2  1 
 56472.01085   12.662  0.089   -2  1 
 56472.07480   12.382  0.068   -2  1 
 56472.13240   12.698  0.030   -2  1 
 56472.19216   12.642  0.038   -2  1 
 56469.00041   12.835  0.073   -5  1 
 56469.06767   12.871  0.044   -5  1 
 56469.13003   12.982  0.046   -5  1 
 56469.19349   12.991  0.030   -5  1 
 56470.98130   13.122  0.029   -5  1 
 56471.04693   13.117  0.050   -5  1 
 56471.10523   13.159  0.025   -5  1 
 56471.16397   13.284  0.028   -5  1 
 56471.98857   13.267  0.055   -5  1 
 56472.05430   13.279  0.037   -5  1 
 56472.11383   13.057  0.026   -5  1 
 56472.17109   13.011  0.020   -5  1 
