  51216.2987   14.548  0.004    2  1 
  51216.3275   14.499  0.004    2  1 
  51216.3519   14.460  0.004    2  1 
  51216.3771   14.455  0.004    2  1 
  51217.2851   14.471  0.004    2  1 
  51217.3152   14.457  0.004    2  1 
  51217.3598   14.488  0.004    2  1 
  51217.3804   14.519  0.004    2  1 
  51218.3013   14.491  0.004    2  1 
  51218.3254   14.532  0.004    2  1 
  51218.3504   14.574  0.004    2  1 
  51218.3753   14.615  0.004    2  1 
  51219.2775   14.556  0.004    2  1 
  51219.3014   14.590  0.004    2  1 
  51219.3186   14.615  0.004    2  1 
  51219.3397   14.637  0.004    2  1 
  51219.3635   14.643  0.004    2  1 
  51219.3810   14.632  0.004    2  1 
  51220.2867   14.638  0.004    2  1 
  51220.3036   14.636  0.004    2  1 
  51220.3219   14.626  0.004    2  1 
  51220.3391   14.602  0.004    2  1 
  51220.3564   14.568  0.004    2  1 
  51220.3729   14.535  0.004    2  1 
  51220.3920   14.495  0.004    2  1 
  51221.2619   14.623  0.004    2  1 
  51221.2873   14.587  0.004    2  1 
  51221.3052   14.553  0.004    2  1 
  51221.3230   14.510  0.004    2  1 
  51221.3396   14.477  0.004    2  1 
  51221.3577   14.464  0.004    2  1 
  51221.3762   14.453  0.004    2  1 
  51283.2102   14.569  0.004    2  1 
  51283.2288   14.534  0.004    2  1 
  51283.2338   14.517  0.004    2  1 
  51283.2391   14.506  0.004    2  1 
  51283.2642   14.466  0.004    2  1 
  51283.2680   14.465  0.003    2  1 
  51283.2868   14.455  0.003    2  1 
  51283.2902   14.450  0.003    2  1 
  51283.3138   14.463  0.003    2  1 
  51283.3170   14.462  0.004    2  1 
  51283.3408   14.495  0.004    2  1 
  51283.3447   14.495  0.004    2  1 
  51283.3642   14.527  0.004    2  1 
  51283.3673   14.531  0.004    2  1 
  51284.1955   14.479  0.004    2  1 
  51284.1993   14.474  0.004    2  1 
  51284.2266   14.446  0.003    2  1 
  51284.2298   14.447  0.004    2  1 
  51284.2475   14.454  0.004    2  1 
  51284.2506   14.456  0.004    2  1 
  51284.2679   14.474  0.004    2  1 
  51284.2711   14.480  0.004    2  1 
  51284.3004   14.522  0.004    2  1 
  51284.3036   14.527  0.004    2  1 
  51284.3257   14.563  0.004    2  1 
  51284.3289   14.569  0.004    2  1 
  51285.0269   14.652  0.003    2  1 
  51285.0299   14.638  0.004    2  1 
  51285.0577   14.641  0.004    2  1 
  51285.0607   14.612  0.004    2  1 
  51285.0814   14.590  0.004    2  1 
  51285.0847   14.575  0.004    2  1 
  51285.1052   14.522  0.003    2  1 
  51285.1084   14.517  0.004    2  1 
  51285.1396   14.471  0.004    2  1 
  51285.1427   14.465  0.003    2  1 
  51285.1624   14.457  0.003    2  1 
  51285.1654   14.451  0.004    2  1 
  51285.1891   14.461  0.004    2  1 
  51285.1924   14.460  0.004    2  1 
  51285.2195   14.491  0.004    2  1 
  51285.2227   14.494  0.004    2  1 
  51285.2468   14.527  0.004    2  1 
  51285.2498   14.538  0.004    2  1 
  51285.2738   14.581  0.004    2  1 
  51285.2775   14.587  0.004    2  1 
  51285.3077   14.634  0.004    2  1 
  51285.3112   14.639  0.004    2  1 
  51285.3425   14.649  0.004    2  1 
  51285.3456   14.646  0.004    2  1 
  51286.0177   14.593  0.004    2  1 
  51286.0241   14.577  0.003    2  1 
  51286.0542   14.518  0.003    2  1 
  51286.0574   14.498  0.003    2  1 
  51286.0794   14.469  0.003    2  1 
  51286.0832   14.464  0.003    2  1 
  51286.1105   14.460  0.003    2  1 
  51286.1136   14.448  0.003    2  1 
  51286.1441   14.476  0.003    2  1 
  51286.1472   14.484  0.003    2  1 
  51286.1708   14.514  0.003    2  1 
  51286.1740   14.511  0.004    2  1 
  51286.1969   14.556  0.004    2  1 
  51286.2002   14.561  0.004    2  1 
  51286.2322   14.613  0.004    2  1 
  51286.2352   14.609  0.004    2  1 
  51286.2544   14.631  0.004    2  1 
  51286.2573   14.634  0.004    2  1 
  51286.2785   14.643  0.004    2  1 
  51286.2816   14.646  0.004    2  1 
  51286.3149   14.622  0.004    2  1 
  51286.3179   14.612  0.004    2  1 
  51286.3375   14.577  0.004    2  1 
  51286.3409   14.579  0.004    2  1 
  51286.3604   14.532  0.004    2  1 
  51286.3635   14.512  0.004    2  1 
  51286.3665   14.510  0.004    2  1 
  51304.9667   14.574  0.003    2  1 
  51304.9697   14.571  0.003    2  1 
  51304.9956   14.611  0.004    2  1 
  51304.9985   14.614  0.003    2  1 
  51305.0393   14.645  0.004    2  1 
  51305.0423   14.644  0.004    2  1 
  51305.0812   14.612  0.004    2  1 
  51305.0852   14.602  0.004    2  1 
  51305.1040   14.562  0.004    2  1 
  51305.1077   14.558  0.004    2  1 
  51305.1328   14.503  0.004    2  1 
  51305.1357   14.499  0.004    2  1 
  51305.1582   14.465  0.004    2  1 
  51305.1616   14.465  0.004    2  1 
  51305.1919   14.455  0.004    2  1 
  51305.1953   14.457  0.004    2  1 
  51305.2170   14.473  0.004    2  1 
  51305.2202   14.478  0.004    2  1 
  51305.2493   14.521  0.004    2  1 
  51305.2523   14.529  0.004    2  1 
  51305.2764   14.570  0.004    2  1 
  51305.2796   14.574  0.005    2  1 
  51305.3025   14.608  0.004    2  1 
  51305.3054   14.611  0.004    2  1 
  51305.9643   14.646  0.004    2  1 
  51305.9672   14.648  0.004    2  1 
  51305.9940   14.638  0.003    2  1 
  51305.9970   14.638  0.003    2  1 
  51305.9997   14.641  0.003    2  1 
  51306.0313   14.590  0.003    2  1 
  51306.0340   14.583  0.003    2  1 
  51306.0638   14.515  0.003    2  1 
  51306.0674   14.512  0.003    2  1 
  51306.0960   14.461  0.003    2  1 
  51306.0990   14.470  0.003    2  1 
  51306.1183   14.451  0.003    2  1 
  51306.1209   14.455  0.003    2  1 
  51306.1434   14.457  0.004    2  1 
  51306.1474   14.463  0.004    2  1 
  51306.1743   14.505  0.003    2  1 
  51306.1770   14.500  0.003    2  1 
  51306.1996   14.543  0.003    2  1 
  51306.2025   14.543  0.003    2  1 
  51306.2207   14.582  0.003    2  1 
  51306.2235   14.579  0.003    2  1 
  51306.2407   14.614  0.003    2  1 
  51306.2432   14.605  0.003    2  1 
  51306.2458   14.616  0.003    2  1 
  51306.2665   14.644  0.003    2  1 
  51306.2691   14.644  0.003    2  1 
  51306.2862   14.640  0.004    2  1 
  51306.2895   14.643  0.004    2  1 
  51306.3068   14.642  0.004    2  1 
  51306.3101   14.640  0.004    2  1 
  51306.9828   14.567  0.005    2  1 
  51306.9870   14.556  0.003    2  1 
  51307.0161   14.487  0.003    2  1 
  51307.0270   14.473  0.004    2  1 
  51307.0388   14.458  0.004    2  1 
  51307.0824   14.454  0.005    2  1 
  51307.9862   14.451  0.003    2  1 
  51307.9901   14.451  0.003    2  1 
  51308.0178   14.454  0.003    2  1 
  51308.0212   14.460  0.003    2  1 
  51308.0443   14.484  0.003    2  1 
  51308.0749   14.528  0.003    2  1 
  51308.1072   14.594  0.004    2  1 
  51308.1114   14.600  0.004    2  1 
  51310.1342   14.510  0.003    2  1 
  51310.1371   14.504  0.003    2  1 
  51310.1402   14.492  0.003    2  1 
  51314.9621   14.546  0.004    2  1 
  51314.9650   14.556  0.004    2  1 
  51314.9679   14.559  0.004    2  1 
  51314.9914   14.594  0.004    2  1 
  51314.9943   14.599  0.004    2  1 
  51314.9972   14.604  0.004    2  1 
  51315.0171   14.630  0.003    2  1 
  51315.0197   14.630  0.003    2  1 
  51315.0224   14.635  0.003    2  1 
  51315.0409   14.646  0.003    2  1 
  51315.0436   14.644  0.003    2  1 
  51315.0462   14.646  0.003    2  1 
  51315.0650   14.635  0.003    2  1 
  51315.0677   14.634  0.003    2  1 
  51315.0860   14.612  0.003    2  1 
  51315.0887   14.607  0.003    2  1 
  51315.0913   14.603  0.004    2  1 
  51315.1094   14.570  0.003    2  1 
  51315.1121   14.567  0.003    2  1 
  51315.1148   14.556  0.003    2  1 
  51316.0303   14.612  0.003    2  1 
  51316.0330   14.601  0.003    2  1 
  51316.0511   14.563  0.003    2  1 
  51316.0538   14.559  0.003    2  1 
  51316.0565   14.545  0.003    2  1 
  51316.0746   14.504  0.003    2  1 
  51316.0773   14.507  0.003    2  1 
  51316.0800   14.494  0.003    2  1 
  51316.0992   14.460  0.003    2  1 
  51316.1020   14.466  0.003    2  1 
  51316.1046   14.468  0.003    2  1 
  51316.1228   14.455  0.003    2  1 
  51316.1255   14.454  0.003    2  1 
  51316.1281   14.451  0.003    2  1 
  51316.9815   14.574  0.004    2  1 
  51316.9843   14.570  0.004    2  1 
  51316.9869   14.563  0.003    2  1 
  51316.9978   14.536  0.004    2  1 
  51317.0147   14.510  0.004    2  1 
  51317.0176   14.493  0.004    2  1 
  51317.0205   14.497  0.004    2  1 
  51317.0420   14.462  0.004    2  1 
  51317.0450   14.463  0.004    2  1 
  51317.0483   14.457  0.004    2  1 
  51317.0689   14.452  0.004    2  1 
  51317.0718   14.454  0.004    2  1 
  51317.0747   14.454  0.004    2  1 
  51317.0946   14.464  0.003    2  1 
  51317.0974   14.473  0.003    2  1 
  51317.1000   14.473  0.003    2  1 
  51317.1199   14.495  0.004    2  1 
  51317.1228   14.498  0.004    2  1 
  51317.1257   14.504  0.004    2  1 
  51317.9715   14.477  0.004    2  1 
  51317.9744   14.469  0.004    2  1 
  51317.9772   14.465  0.004    2  1 
  51317.9970   14.452  0.003    2  1 
  51317.9998   14.451  0.003    2  1 
  51318.0025   14.452  0.003    2  1 
  51318.0227   14.457  0.004    2  1 
  51318.0260   14.458  0.004    2  1 
  51318.0292   14.460  0.005    2  1 
  51318.0510   14.484  0.004    2  1 
  51318.0542   14.486  0.004    2  1 
  51318.0575   14.498  0.004    2  1 
  51318.0795   14.531  0.004    2  1 
  51318.0827   14.534  0.005    2  1 
  51318.0859   14.545  0.004    2  1 
  51318.1079   14.573  0.005    2  1 
  51318.1111   14.579  0.005    2  1 
  51318.1144   14.570  0.005    2  1 
  51318.9846   14.481  0.003    2  1 
  51318.9874   14.480  0.003    2  1 
  51318.9902   14.490  0.003    2  1 
  51319.0093   14.519  0.004    2  1 
  51319.0122   14.520  0.004    2  1 
  51319.0151   14.529  0.004    2  1 
  51319.0351   14.560  0.004    2  1 
  51319.0380   14.572  0.004    2  1 
  51319.0411   14.575  0.004    2  1 
  51319.0623   14.606  0.004    2  1 
  51319.0928   14.635  0.003    2  1 
  51319.1137   14.639  0.003    2  1 
  51319.1164   14.644  0.003    2  1 
  51319.1190   14.638  0.003    2  1 
  51320.0869   14.618  0.003    2  1 
  51320.0909   14.619  0.003    2  1 
  51320.1531   14.486  0.003    2  1 
  51320.1557   14.482  0.003    2  1 
  51320.1584   14.486  0.003    2  1 
  51320.9838   14.642  0.003    2  1 
  51321.0292   14.613  0.003    2  1 
  51321.0466   14.577  0.003    2  1 
  51321.0491   14.574  0.003    2  1 
  51321.0517   14.561  0.003    2  1 
  51321.0689   14.523  0.003    2  1 
  51321.0714   14.528  0.003    2  1 
  51321.0740   14.520  0.003    2  1 
  51321.0997   14.475  0.003    2  1 
  51321.1023   14.468  0.003    2  1 
  51321.1049   14.470  0.003    2  1 
  51321.1074   14.461  0.003    2  1 
  51321.1100   14.459  0.003    2  1 
  51321.1285   14.452  0.003    2  1 
  51321.1311   14.456  0.003    2  1 
  51332.9607   14.508  0.005    2  1 
  51332.9651   14.503  0.006    2  1 
  51332.9797   14.476  0.005    2  1 
  51332.9834   14.470  0.004    2  1 
  51333.0005   14.458  0.004    2  1 
  51333.0039   14.460  0.004    2  1 
  51333.0156   14.456  0.004    2  1 
  51333.0192   14.456  0.005    2  1 
  51333.0445   14.468  0.004    2  1 
  51333.0479   14.478  0.004    2  1 
  51333.0636   14.489  0.005    2  1 
  51333.0681   14.500  0.005    2  1 
  51333.0834   14.522  0.004    2  1 
  51333.0869   14.530  0.004    2  1 
  51333.0981   14.551  0.004    2  1 
  51333.1018   14.552  0.004    2  1 
  51333.1258   14.594  0.005    2  1 
  51333.1294   14.601  0.005    2  1 
  51333.1410   14.617  0.006    2  1 
  51333.1452   14.619  0.005    2  1 
  51333.1492   14.628  0.005    2  1 
  51333.1642   14.643  0.005    2  1 
  51333.1679   14.639  0.005    2  1 
  51334.9778   14.557  0.003    2  1 
  51334.9806   14.561  0.003    2  1 
  51335.0115   14.610  0.004    2  1 
  51335.0145   14.614  0.004    2  1 
  51335.0237   14.623  0.004    2  1 
  51335.0269   14.627  0.004    2  1 
  51335.0365   14.632  0.004    2  1 
  51335.0396   14.635  0.004    2  1 
  51335.0624   14.637  0.005    2  1 
  51335.0658   14.638  0.005    2  1 
  51335.0766   14.636  0.005    2  1 
  51335.0800   14.627  0.005    2  1 
  51335.1009   14.611  0.004    2  1 
  51335.1041   14.608  0.005    2  1 
  51335.9585   14.618  0.004    2  1 
  51335.9619   14.621  0.004    2  1 
  51335.9661   14.625  0.005    2  1 
  51335.9693   14.634  0.004    2  1 
  51335.9855   14.643  0.004    2  1 
  51335.9915   14.641  0.004    2  1 
  51335.9966   14.639  0.004    2  1 
  51336.0139   14.639  0.004    2  1 
  51336.0172   14.635  0.004    2  1 
  51336.0275   14.629  0.004    2  1 
  51336.0306   14.620  0.004    2  1 
  51336.0439   14.608  0.004    2  1 
  51336.0470   14.601  0.004    2  1 
  51336.0662   14.561  0.004    2  1 
  51336.0696   14.555  0.004    2  1 
  51336.0728   14.543  0.004    2  1 
  51336.0954   14.496  0.004    2  1 
  51336.0989   14.493  0.004    2  1 
  51336.1119   14.469  0.004    2  1 
  51336.1153   14.473  0.004    2  1 
  51336.1297   14.455  0.005    2  1 
  51336.1557   14.463  0.006    2  1 
  51336.1600   14.463  0.006    2  1 
  51336.1647   14.464  0.006    2  1 
  51336.9567   14.637  0.003    2  1 
  51337.0022   14.557  0.004    2  1 
  51337.9827   14.477  0.005    2  1 
  51337.9868   14.474  0.004    2  1 
  51337.9997   14.460  0.004    2  1 
  51338.0033   14.461  0.004    2  1 
  51338.0231   14.454  0.004    2  1 
  51338.0265   14.455  0.004    2  1 
  51338.0304   14.452  0.004    2  1 
  51338.9791   14.463  0.003    2  1 
  51338.9849   14.466  0.003    2  1 
  51339.0116   14.502  0.004    2  1 
  51339.0151   14.511  0.004    2  1 
  51339.0441   14.551  0.004    2  1 
  51339.0477   14.558  0.004    2  1 
  51339.0513   14.567  0.004    2  1 
  51339.0774   14.603  0.004    2  1 
  51339.0807   14.608  0.004    2  1 
  51339.1093   14.642  0.005    2  1 
  51339.1327   14.642  0.005    2  1 
  51339.1363   14.640  0.005    2  1 
  51339.9588   14.518  0.003    2  1 
  51339.9627   14.523  0.004    2  1 
  51339.9835   14.552  0.004    2  1 
  51339.9874   14.564  0.004    2  1 
  51340.0115   14.594  0.004    2  1 
  51340.0146   14.608  0.004    2  1 
  51340.0349   14.625  0.004    2  1 
  51340.0380   14.626  0.004    2  1 
  51340.0659   14.641  0.004    2  1 
  51340.0696   14.640  0.004    2  1 
  51340.0938   14.623  0.005    2  1 
  51340.0983   14.621  0.005    2  1 
  51340.1334   14.556  0.004    2  1 
  51340.1366   14.552  0.004    2  1 
  51344.9654   14.516  0.003    2  1 
  51344.9786   14.546  0.003    2  1 
  51344.9829   14.544  0.004    2  1 
  51345.0052   14.589  0.004    2  1 
  51345.0092   14.594  0.004    2  1 
  51345.0132   14.598  0.003    2  1 
  51345.0170   14.608  0.004    2  1 
  51345.0353   14.629  0.004    2  1 
  51345.0390   14.636  0.003    2  1 
  51345.0645   14.643  0.004    2  1 
  51345.0690   14.643  0.004    2  1 
  51345.9658   14.609  0.005    2  1 
  51345.9696   14.618  0.005    2  1 
  51345.9999   14.645  0.005    2  1 
  51346.0043   14.642  0.005    2  1 
  51346.0310   14.630  0.004    2  1 
  51346.0343   14.630  0.004    2  1 
  51346.0571   14.591  0.004    2  1 
  51346.0604   14.586  0.004    2  1 
  51347.0221   14.528  0.004    2  1 
  51347.0274   14.519  0.003    2  1 
  51347.0562   14.475  0.004    2  1 
  51347.0597   14.466  0.004    2  1 
  51347.0815   14.452  0.003    2  1 
  51347.0850   14.450  0.003    2  1 
  51347.9550   14.561  0.004    2  1 
  51347.9581   14.535  0.004    2  1 
  51347.9877   14.477  0.004    2  1 
  51347.9914   14.471  0.004    2  1 
  51347.9948   14.471  0.004    2  1 
  51348.0181   14.452  0.004    2  1 
  51348.0211   14.453  0.004    2  1 
  51348.0849   14.508  0.005    2  1 
  51348.0897   14.515  0.005    2  1 
  51348.1054   14.549  0.005    2  1 
  51348.1088   14.547  0.005    2  1 
  51348.1122   14.557  0.005    2  1 
  51348.9528   14.455  0.003    2  1 
  51348.9557   14.455  0.004    2  1 
  51348.9795   14.465  0.003    2  1 
  51348.9824   14.456  0.003    2  1 
  51348.9941   14.473  0.003    2  1 
  51349.0152   14.495  0.004    2  1 
  51349.0189   14.505  0.004    2  1 
  51349.9596   14.496  0.003    2  1 
  51349.9627   14.503  0.003    2  1 
  51349.9911   14.555  0.004    2  1 
  51349.9944   14.561  0.003    2  1 
  51350.0097   14.580  0.004    2  1 
  51350.0128   14.588  0.004    2  1 
  51350.0228   14.605  0.004    2  1 
  51364.9643   14.496  0.004    2  1 
  51364.9677   14.497  0.003    2  1 
  51380.9714   14.593  0.003    2  1 
  51380.9769   14.600  0.003    2  1 
  51380.9801   14.609  0.003    2  1 
  51380.9845   14.613  0.003    2  1 
  51381.0066   14.636  0.003    2  1 
  51381.0096   14.636  0.003    2  1 
  51381.0136   14.650  0.003    2  1 
  51381.9638   14.640  0.003    2  1 
  51381.9679   14.644  0.004    2  1 
  51381.9716   14.642  0.005    2  1 
  51381.9917   14.635  0.004    2  1 
  51381.9946   14.621  0.004    2  1 
  51382.9605   14.584  0.004    2  1 
  51382.9652   14.567  0.004    2  1 
  51382.9682   14.563  0.004    2  1 
  51382.9887   14.524  0.004    2  1 
  51382.9916   14.517  0.004    2  1 
  51383.9595   14.470  0.003    2  1 
  51383.9648   14.461  0.003    2  1 
  51383.9826   14.450  0.003    2  1 
  51383.9853   14.462  0.003    2  1 
  51384.9631   14.485  0.003    2  1 
  51384.9827   14.510  0.003    2  1 
  51384.9853   14.501  0.003    2  1 
  51385.9557   14.565  0.003    2  1 
  51385.9589   14.580  0.003    2  1 
  51385.9615   14.571  0.003    2  1 
  51385.9788   14.599  0.003    2  1 
  51385.9814   14.605  0.003    2  1 
  51386.9731   14.646  0.004    2  1 
  51386.9769   14.656  0.004    2  1 
  51386.9807   14.647  0.004    2  1 
  51387.0101   14.618  0.004    2  1 
  51387.0139   14.610  0.004    2  1 
  51387.0177   14.598  0.004    2  1 
  51388.9571   14.470  0.004    2  1 
  51388.9622   14.472  0.005    2  1 
  51388.9659   14.463  0.005    2  1 
  51388.9899   14.453  0.004    2  1 
  51388.9932   14.450  0.004    2  1 
  51389.9629   14.471  0.003    2  1 
  51389.9656   14.475  0.003    2  1 
  51389.9683   14.483  0.003    2  1 
  51390.9578   14.565  0.003    2  1 
  51390.9604   14.572  0.003    2  1 
  51390.9631   14.571  0.004    2  1 
  51391.9583   14.639  0.003    2  1 
  51646.1374   14.570  0.004    2  1 
  51646.1447   14.583  0.005    2  1 
  51646.1486   14.590  0.005    2  1 
  51646.1532   14.594  0.005    2  1 
  51646.1570   14.591  0.005    2  1 
  51646.1609   14.602  0.005    2  1 
  51646.1649   14.608  0.005    2  1 
  51646.1687   14.614  0.005    2  1 
  51646.1727   14.621  0.005    2  1 
  51646.1764   14.628  0.005    2  1 
  51646.1801   14.627  0.005    2  1 
  51646.1837   14.639  0.004    2  1 
  51646.1871   14.632  0.005    2  1 
  51646.1907   14.639  0.005    2  1 
  51646.1944   14.636  0.005    2  1 
  51646.1983   14.643  0.005    2  1 
  51646.2025   14.639  0.005    2  1 
  51646.2065   14.640  0.004    2  1 
  51646.2100   14.648  0.004    2  1 
  51646.2138   14.643  0.004    2  1 
  51646.2172   14.641  0.004    2  1 
  51646.2206   14.646  0.004    2  1 
  51646.2245   14.642  0.004    2  1 
  51646.2283   14.644  0.004    2  1 
  51646.2320   14.642  0.004    2  1 
  51646.2362   14.634  0.004    2  1 
  51646.2394   14.630  0.003    2  1 
  51646.2426   14.624  0.003    2  1 
  51646.2457   14.625  0.003    2  1 
  51646.2489   14.612  0.004    2  1 
  51646.2523   14.607  0.004    2  1 
  51646.2557   14.602  0.004    2  1 
  51646.2591   14.597  0.004    2  1 
  51646.2626   14.585  0.005    2  1 
  51646.2660   14.582  0.004    2  1 
  51646.2694   14.570  0.005    2  1 
  51646.2730   14.565  0.005    2  1 
  51646.2769   14.551  0.005    2  1 
  51646.2811   14.533  0.006    2  1 
  51646.2852   14.534  0.005    2  1 
  51646.2895   14.530  0.005    2  1 
  51646.2939   14.516  0.005    2  1 
  51646.2986   14.516  0.005    2  1 
  51646.3027   14.497  0.006    2  1 
  51646.3070   14.492  0.005    2  1 
  51646.3111   14.486  0.005    2  1 
  51646.3151   14.474  0.004    2  1 
  51646.3189   14.473  0.004    2  1 
  51646.3225   14.468  0.004    2  1 
  51646.3260   14.467  0.004    2  1 
  51646.3296   14.471  0.004    2  1 
  51646.3330   14.464  0.004    2  1 
  51646.3377   14.458  0.004    2  1 
  51646.3414   14.457  0.004    2  1 
  51646.3451   14.455  0.004    2  1 
  51646.3496   14.454  0.004    2  1 
  51646.3530   14.457  0.004    2  1 
  51646.3568   14.455  0.004    2  1 
  51646.3602   14.465  0.005    2  1 
  51646.3637   14.461  0.004    2  1 
  51646.3679   14.459  0.004    2  1 
  51646.3713   14.469  0.004    2  1 
  51646.3746   14.478  0.005    2  1 
  51671.0353   14.449  0.003    2  1 
  51671.0721   14.467  0.004    2  1 
  51671.0771   14.465  0.005    2  1 
  51671.1013   14.484  0.004    2  1 
  51671.1053   14.493  0.004    2  1 
  51671.1107   14.500  0.004    2  1 
  51671.1151   14.505  0.004    2  1 
  51671.1292   14.529  0.004    2  1 
  51671.9878   14.460  0.003    2  1 
  51671.9920   14.456  0.003    2  1 
  51672.0277   14.472  0.004    2  1 
  51672.0316   14.481  0.003    2  1 
  51672.0822   14.550  0.004    2  1 
  51674.0685   14.624  0.005    2  1 
  51674.0726   14.620  0.005    2  1 
  51674.1052   14.567  0.005    2  1 
  51674.1117   14.552  0.005    2  1 
  51674.1260   14.529  0.004    2  1 
  51674.1296   14.522  0.004    2  1 
  51674.1332   14.515  0.004    2  1 
  51674.1368   14.507  0.004    2  1 
  51674.1405   14.502  0.004    2  1 
  51674.1444   14.496  0.004    2  1 
  51674.9689   14.638  0.004    2  1 
  51674.9724   14.647  0.005    2  1 
  51674.9867   14.653  0.005    2  1 
  51674.9911   14.646  0.005    2  1 
  51675.0041   14.634  0.005    2  1 
  51675.0121   14.630  0.005    2  1 
  51675.0159   14.616  0.005    2  1 
  51675.0253   14.611  0.004    2  1 
  51675.0289   14.596  0.004    2  1 
  51675.0351   14.589  0.004    2  1 
  51675.0465   14.573  0.004    2  1 
  51675.0521   14.555  0.005    2  1 
  51675.0558   14.547  0.004    2  1 
  51675.0622   14.530  0.004    2  1 
  51675.0661   14.526  0.004    2  1 
  51675.0719   14.518  0.004    2  1 
  51675.0756   14.508  0.004    2  1 
  51675.0814   14.502  0.004    2  1 
  51675.0858   14.493  0.004    2  1 
  51675.0927   14.481  0.004    2  1 
  51675.0970   14.480  0.004    2  1 
  51675.9751   14.591  0.004    2  1 
  51675.9802   14.579  0.004    2  1 
  51675.9906   14.553  0.004    2  1 
  51675.9939   14.540  0.004    2  1 
  51675.9971   14.541  0.004    2  1 
  51676.0005   14.528  0.003    2  1 
  51676.0036   14.524  0.003    2  1 
  51676.0067   14.516  0.004    2  1 
  51676.0112   14.507  0.004    2  1 
  51676.0240   14.488  0.004    2  1 
  51676.0301   14.478  0.004    2  1 
  51676.9616   14.479  0.005    2  1 
  51676.9713   14.470  0.005    2  1 
  51676.9757   14.467  0.005    2  1 
  51676.9867   14.458  0.005    2  1 
  51676.9919   14.458  0.006    2  1 
  51676.9969   14.457  0.005    2  1 
  51677.0090   14.466  0.005    2  1 
  51677.0126   14.456  0.005    2  1 
  51677.0180   14.460  0.005    2  1 
  51677.0226   14.463  0.005    2  1 
  51677.0271   14.467  0.005    2  1 
  51677.0318   14.473  0.005    2  1 
  51677.0362   14.472  0.005    2  1 
  51677.0410   14.485  0.005    2  1 
  51677.0453   14.489  0.005    2  1 
  51677.0499   14.492  0.005    2  1 
  51677.0580   14.503  0.005    2  1 
  51677.0628   14.513  0.005    2  1 
  51677.0672   14.521  0.005    2  1 
  51677.0713   14.524  0.005    2  1 
  51677.0751   14.535  0.005    2  1 
  51677.0793   14.540  0.005    2  1 
  51677.0835   14.550  0.005    2  1 
  51677.0877   14.554  0.005    2  1 
  51677.0918   14.562  0.005    2  1 
  51677.0956   14.569  0.005    2  1 
  51677.0996   14.571  0.006    2  1 
  51677.1044   14.583  0.005    2  1 
  51677.1082   14.580  0.006    2  1 
  51677.1121   14.594  0.005    2  1 
  51677.1160   14.596  0.005    2  1 
  51677.1199   14.598  0.005    2  1 
  51677.1238   14.612  0.005    2  1 
  51677.1276   14.613  0.005    2  1 
  51677.1315   14.616  0.005    2  1 
  51677.1353   14.619  0.005    2  1 
  51677.1396   14.625  0.005    2  1 
  51677.1434   14.622  0.005    2  1 
  51677.1476   14.633  0.005    2  1 
  51677.1520   14.636  0.005    2  1 
  51677.1564   14.635  0.005    2  1 
  51677.1603   14.641  0.005    2  1 
  51677.1642   14.641  0.005    2  1 
  51677.1680   14.642  0.005    2  1 
  51677.1719   14.640  0.005    2  1 
  51677.1759   14.642  0.005    2  1 
  51677.1797   14.639  0.005    2  1 
  51677.1836   14.631  0.005    2  1 
  51677.1883   14.628  0.005    2  1 
  51677.1922   14.630  0.005    2  1 
  51677.1960   14.624  0.005    2  1 
  51677.1999   14.624  0.005    2  1 
  51677.2038   14.623  0.005    2  1 
  51677.2083   14.611  0.005    2  1 
  51677.2133   14.605  0.005    2  1 
  51677.2176   14.594  0.006    2  1 
  51677.2233   14.582  0.006    2  1 
  51677.2285   14.559  0.007    2  1 
  51677.2335   14.562  0.007    2  1 
  51677.2391   14.555  0.007    2  1 
  51677.2524   14.526  0.006    2  1 
  51677.2571   14.516  0.006    2  1 
  51677.2620   14.508  0.006    2  1 
  51677.2664   14.497  0.006    2  1 
  51677.2708   14.495  0.005    2  1 
  51691.0375   14.473  0.002    2  1 
  51691.0409   14.472  0.003    2  1 
  51691.0444   14.469  0.003    2  1 
  51691.0543   14.464  0.004    2  1 
  51691.0579   14.457  0.003    2  1 
  51691.0633   14.458  0.002    2  1 
  51691.0670   14.450  0.002    2  1 
  51691.0711   14.455  0.003    2  1 
  51691.0770   14.455  0.003    2  1 
  51691.0805   14.452  0.003    2  1 
  51691.0840   14.456  0.003    2  1 
  51691.0896   14.465  0.003    2  1 
  51691.0931   14.462  0.003    2  1 
  51691.0971   14.464  0.003    2  1 
  51691.1040   14.477  0.004    2  1 
  51691.1083   14.477  0.003    2  1 
  51691.1122   14.483  0.003    2  1 
  51691.1180   14.491  0.003    2  1 
  51691.1214   14.489  0.003    2  1 
  51691.1249   14.504  0.003    2  1 
  51691.1323   14.517  0.003    2  1 
  51691.1357   14.509  0.003    2  1 
  51691.1392   14.529  0.003    2  1 
  51691.1448   14.532  0.003    2  1 
  51691.1522   14.542  0.002    2  1 
  51691.1561   14.548  0.002    2  1 
  51693.0130   14.521  0.004    2  1 
  51693.0165   14.521  0.003    2  1 
  51693.0248   14.540  0.004    2  1 
  51693.0305   14.549  0.004    2  1 
  51693.0340   14.557  0.004    2  1 
  51693.0378   14.557  0.004    2  1 
  51694.0082   14.610  0.004    2  1 
  51694.0114   14.617  0.004    2  1 
  51694.0148   14.610  0.004    2  1 
  51694.0202   14.628  0.004    2  1 
  51694.0267   14.631  0.004    2  1 
  51694.0319   14.633  0.004    2  1 
  51694.0351   14.640  0.004    2  1 
  51694.0384   14.642  0.004    2  1 
  51694.0418   14.641  0.004    2  1 
  51694.0472   14.648  0.004    2  1 
  51694.0505   14.650  0.004    2  1 
  51694.0537   14.651  0.004    2  1 
  51694.0590   14.644  0.004    2  1 
  51694.0623   14.647  0.004    2  1 
  51694.0656   14.635  0.004    2  1 
  51694.0714   14.642  0.004    2  1 
  51694.0748   14.625  0.004    2  1 
  51694.0781   14.635  0.004    2  1 
  51694.0836   14.633  0.004    2  1 
  51694.0868   14.635  0.004    2  1 
  51694.0901   14.619  0.004    2  1 
  51694.0989   14.609  0.003    2  1 
  51694.1021   14.603  0.004    2  1 
  51694.1075   14.594  0.003    2  1 
  51694.1106   14.583  0.003    2  1 
  51694.1190   14.569  0.003    2  1 
  51694.1221   14.556  0.003    2  1 
  51694.1252   14.552  0.003    2  1 
  51694.1286   14.546  0.003    2  1 
  51695.0280   14.619  0.003    2  1 
  51695.0317   14.609  0.003    2  1 
  51697.9712   14.458  0.004    2  1 
  51697.9818   14.470  0.004    2  1 
  51765.9746   14.637  0.004    2  1 
  51765.9783   14.636  0.004    2  1 
  51765.9820   14.642  0.004    2  1 
  51766.0194   14.605  0.005    2  1 
  51766.0229   14.606  0.004    2  1 
  51216.3063   14.846  0.003    3  1 
  51216.3342   14.777  0.003    3  1 
  51216.3572   14.735  0.003    3  1 
  51216.3847   14.729  0.004    3  1 
  51217.2936   14.751  0.003    3  1 
  51217.3214   14.741  0.003    3  1 
  51217.3648   14.823  0.002    3  1 
  51217.3852   14.828  0.003    3  1 
  51218.2935   14.770  0.004    3  1 
  51218.3212   14.824  0.003    3  1 
  51218.3442   14.877  0.003    3  1 
  51218.3704   14.929  0.003    3  1 
  51219.2811   14.880  0.002    3  1 
  51219.2844   14.885  0.003    3  1 
  51219.3053   14.935  0.004    3  1 
  51219.3228   14.950  0.004    3  1 
  51219.3465   14.966  0.003    3  1 
  51219.3676   14.973  0.004    3  1 
  51219.3851   14.955  0.004    3  1 
  51220.2805   14.976  0.003    3  1 
  51220.2995   14.965  0.003    3  1 
  51220.3171   14.971  0.004    3  1 
  51220.3349   14.970  0.004    3  1 
  51220.3523   14.901  0.004    3  1 
  51220.3689   14.849  0.004    3  1 
  51220.3877   14.786  0.004    3  1 
  51221.2691   14.936  0.003    3  1 
  51221.2915   14.901  0.003    3  1 
  51221.3097   14.843  0.003    3  1 
  51221.3270   14.809  0.003    3  1 
  51221.3437   14.764  0.003    3  1 
  51221.3619   14.735  0.003    3  1 
  51221.3854   14.733  0.003    3  1 
  51283.2237   14.851  0.003    3  1 
  51283.2601   14.767  0.003    3  1 
  51283.2830   14.747  0.003    3  1 
  51283.3050   14.730  0.003    3  1 
  51283.3367   14.766  0.003    3  1 
  51283.3600   14.829  0.003    3  1 
  51284.2056   14.747  0.003    3  1 
  51284.2337   14.728  0.003    3  1 
  51284.2542   14.742  0.003    3  1 
  51284.2806   14.777  0.003    3  1 
  51284.3075   14.836  0.003    3  1 
  51284.3333   14.907  0.004    3  1 
  51285.0371   14.961  0.002    3  1 
  51285.0646   14.944  0.003    3  1 
  51285.0885   14.905  0.003    3  1 
  51285.1182   14.807  0.003    3  1 
  51285.1470   14.757  0.003    3  1 
  51285.1988   14.768  0.003    3  1 
  51285.2270   14.794  0.003    3  1 
  51285.2539   14.856  0.003    3  1 
  51285.2851   14.909  0.003    3  1 
  51285.3202   14.965  0.003    3  1 
  51285.3496   14.975  0.003    3  1 
  51286.0308   14.883  0.002    3  1 
  51286.0619   14.808  0.003    3  1 
  51286.1512   14.787  0.003    3  1 
  51286.1789   14.829  0.003    3  1 
  51286.2076   14.888  0.003    3  1 
  51286.2389   14.933  0.003    3  1 
  51286.2613   14.959  0.003    3  1 
  51286.2889   14.959  0.003    3  1 
  51286.3108   14.953  0.003    3  1 
  51286.3335   14.901  0.003    3  1 
  51286.3566   14.837  0.003    3  1 
  51304.9734   14.923  0.003    3  1 
  51305.0076   14.970  0.004    3  1 
  51305.0510   14.960  0.003    3  1 
  51305.0770   14.946  0.004    3  1 
  51305.1004   14.888  0.003    3  1 
  51305.1407   14.773  0.004    3  1 
  51305.1707   14.735  0.003    3  1 
  51305.1996   14.731  0.004    3  1 
  51305.2299   14.781  0.003    3  1 
  51305.2561   14.837  0.004    3  1 
  51305.2836   14.900  0.004    3  1 
  51305.3139   14.966  0.004    3  1 
  51305.9733   14.976  0.003    3  1 
  51306.0117   14.936  0.002    3  1 
  51306.0157   14.933  0.002    3  1 
  51306.0375   14.901  0.003    3  1 
  51306.0735   14.785  0.003    3  1 
  51306.1026   14.752  0.003    3  1 
  51306.1285   14.734  0.003    3  1 
  51306.1517   14.729  0.004    3  1 
  51306.1807   14.801  0.003    3  1 
  51306.2059   14.853  0.003    3  1 
  51306.2269   14.890  0.003    3  1 
  51306.2491   14.930  0.003    3  1 
  51306.2725   14.962  0.003    3  1 
  51306.2932   14.956  0.003    3  1 
  51308.0249   14.787  0.002    3  1 
  51308.0524   14.799  0.003    3  1 
  51308.0811   14.857  0.003    3  1 
  51308.0851   14.862  0.003    3  1 
  51308.1202   14.941  0.003    3  1 
  51310.1272   14.815  0.003    3  1 
  51310.1308   14.811  0.003    3  1 
  51314.9714   14.894  0.003    3  1 
  51315.0138   14.977  0.003    3  1 
  51315.0372   14.986  0.003    3  1 
  51315.0710   14.960  0.003    3  1 
  51315.0946   14.932  0.004    3  1 
  51315.1180   14.854  0.003    3  1 
  51316.0363   14.914  0.003    3  1 
  51316.0597   14.849  0.003    3  1 
  51316.0832   14.781  0.003    3  1 
  51316.1079   14.763  0.002    3  1 
  51316.9780   14.892  0.003    3  1 
  51317.0013   14.845  0.003    3  1 
  51317.0241   14.759  0.005    3  1 
  51317.0523   14.730  0.003    3  1 
  51317.0782   14.711  0.004    3  1 
  51317.1035   14.748  0.003    3  1 
  51317.9808   14.755  0.003    3  1 
  51318.0060   14.720  0.004    3  1 
  51318.0331   14.722  0.006    3  1 
  51318.0898   14.855  0.005    3  1 
  51318.1183   14.963  0.009    3  1 
  51318.9811   14.789  0.003    3  1 
  51319.0058   14.817  0.003    3  1 
  51319.0315   14.871  0.004    3  1 
  51319.0717   14.947  0.003    3  1 
  51319.0961   14.984  0.003    3  1 
  51320.1175   14.869  0.002    3  1 
  51320.9771   14.943  0.003    3  1 
  51321.0212   14.949  0.003    3  1 
  51321.0434   14.898  0.003    3  1 
  51321.0658   14.836  0.002    3  1 
  51321.0965   14.767  0.003    3  1 
  51321.1252   14.731  0.003    3  1 
  51333.0403   14.740  0.003    3  1 
  51333.1062   14.864  0.003    3  1 
  51334.9989   14.895  0.002    3  1 
  51335.0432   14.980  0.004    3  1 
  51335.0972   14.951  0.004    3  1 
  51335.1083   14.915  0.004    3  1 
  51336.0103   14.982  0.003    3  1 
  51336.0508   14.910  0.003    3  1 
  51336.0891   14.795  0.004    3  1 
  51338.0075   14.732  0.004    3  1 
  51339.0046   14.779  0.003    3  1 
  51339.0385   14.852  0.003    3  1 
  51339.0685   14.912  0.004    3  1 
  51339.1006   14.964  0.004    3  1 
  51339.1280   14.976  0.004    3  1 
  51339.9665   14.840  0.003    3  1 
  51339.9935   14.895  0.003    3  1 
  51340.0189   14.942  0.003    3  1 
  51340.0441   14.991  0.004    3  1 
  51340.0753   14.987  0.004    3  1 
  51340.1041   14.942  0.005    3  1 
  51345.0430   14.975  0.003    3  1 
  51345.0736   14.980  0.003    3  1 
  51345.9747   14.971  0.004    3  1 
  51346.0101   14.990  0.004    3  1 
  51346.0388   14.956  0.004    3  1 
  51346.0670   14.877  0.003    3  1 
  51347.0317   14.798  0.003    3  1 
  51347.0645   14.739  0.003    3  1 
  51347.0896   14.736  0.002    3  1 
  51347.9638   14.827  0.003    3  1 
  51348.0146   14.732  0.003    3  1 
  51348.9591   14.737  0.003    3  1 
  51349.0243   14.812  0.003    3  1 
  51349.9679   14.820  0.002    3  1 
  51364.9721   14.804  0.003    3  1 
  51380.9890   14.950  0.003    3  1 
  51381.9751   14.971  0.003    3  1 
  51382.9716   14.877  0.004    3  1 
  51383.9680   14.756  0.002    3  1 
  51384.9688   14.794  0.002    3  1 
  51385.9645   14.888  0.003    3  1 
  51386.9859   14.961  0.003    3  1 
  51388.9699   14.717  0.004    3  1 
  51389.9715   14.758  0.003    3  1 
  51390.9663   14.887  0.002    3  1 
  51391.9664   14.951  0.002    3  1 
  51672.0213   14.769  0.003    3  1 
  51674.0796   14.978  0.005    3  1 
  51674.9989   15.001  0.004    3  1 
  51675.0396   14.903  0.003    3  1 
  51693.0053   14.812  0.003    3  1 
  51694.0012   14.933  0.003    3  1 
  51765.9863   14.974  0.004    3  1 
  51766.0153   14.972  0.006    3  1 
 56468.97641   13.182  0.173   -1  1 
 56469.04707   13.306  0.098   -1  1 
 56469.10896   13.331  0.099   -1  1 
 56469.17285   13.570  0.052   -1  1 
 56471.00364   13.440  0.080   -1  1 
 56471.06640   13.504  0.039   -1  1 
 56471.12490   13.458  0.063   -1  1 
 56471.18188   13.372  0.043   -1  1 
 56471.96759   13.043  0.089   -1  1 
 56472.03374   13.497  0.075   -1  1 
 56472.09484   13.600  0.044   -1  1 
 56472.15243   13.517  0.055   -1  1 
 56468.95296   13.209  0.144   -2  1 
 56469.02441   13.331  0.092   -2  1 
 56469.08813   13.301  0.073   -2  1 
 56469.15134   13.459  0.047   -2  1 
 56471.02588   13.415  0.059   -2  1 
 56471.08671   13.463  0.037   -2  1 
 56471.14302   13.466  0.033   -2  1 
 56471.94704   13.624  0.046   -2  1 
 56472.01085   13.299  0.073   -2  1 
 56472.07480   13.381  0.059   -2  1 
 56472.13240   13.527  0.029   -2  1 
 56472.19216   13.497  0.024   -2  1 
 56469.00041   13.474  0.057   -5  1 
 56469.06767   13.671  0.042   -5  1 
 56469.13003   13.617  0.038   -5  1 
 56469.19349   13.700  0.028   -5  1 
 56470.98130   13.720  0.029   -5  1 
 56471.04693   13.640  0.046   -5  1 
 56471.10523   13.667  0.025   -5  1 
 56471.16397   13.708  0.029   -5  1 
 56471.98857   13.661  0.028   -5  1 
 56472.05430   13.729  0.037   -5  1 
 56472.11383   13.575  0.030   -5  1 
 56472.17109   13.565  0.024   -5  1 
