  51216.2987   14.440  0.004    2  1 
  51216.3218   14.507  0.006    2  1 
  51216.3275   14.503  0.004    2  1 
  51216.3464   14.555  0.005    2  1 
  51216.3519   14.533  0.004    2  1 
  51216.3689   14.575  0.006    2  1 
  51216.3771   14.567  0.004    2  1 
  51216.3980   14.594  0.009    2  1 
  51217.2851   14.576  0.004    2  1 
  51217.3101   14.573  0.006    2  1 
  51217.3152   14.547  0.004    2  1 
  51217.3328   14.522  0.005    2  1 
  51217.3378   14.487  0.004    2  1 
  51217.3552   14.416  0.005    2  1 
  51217.3598   14.384  0.004    2  1 
  51217.3759   14.351  0.005    2  1 
  51217.3804   14.321  0.004    2  1 
  51217.3953   14.304  0.005    2  1 
  51218.2773   14.340  0.008    2  1 
  51218.3013   14.301  0.004    2  1 
  51218.3093   14.283  0.004    2  1 
  51218.3254   14.253  0.004    2  1 
  51218.3298   14.215  0.004    2  1 
  51218.3504   14.184  0.003    2  1 
  51218.3573   14.160  0.004    2  1 
  51218.3753   14.177  0.003    2  1 
  51218.3794   14.177  0.004    2  1 
  51219.2775   14.167  0.003    2  1 
  51219.2978   14.167  0.004    2  1 
  51219.3014   14.204  0.004    2  1 
  51219.3149   14.154  0.004    2  1 
  51219.3186   14.236  0.004    2  1 
  51219.3336   14.272  0.004    2  1 
  51219.3397   14.290  0.004    2  1 
  51219.3596   14.345  0.005    2  1 
  51219.3635   14.357  0.004    2  1 
  51219.3768   14.406  0.005    2  1 
  51219.3810   14.409  0.004    2  1 
  51220.2621   14.399  0.005    2  1 
  51220.2867   14.460  0.004    2  1 
  51220.2906   14.483  0.005    2  1 
  51220.3036   14.492  0.004    2  1 
  51220.3077   14.512  0.005    2  1 
  51220.3219   14.528  0.004    2  1 
  51220.3257   14.549  0.005    2  1 
  51220.3391   14.548  0.004    2  1 
  51220.3432   14.573  0.005    2  1 
  51220.3564   14.560  0.004    2  1 
  51220.3602   14.582  0.005    2  1 
  51220.3729   14.573  0.005    2  1 
  51220.3776   14.594  0.005    2  1 
  51220.3920   14.567  0.004    2  1 
  51221.2619   14.569  0.004    2  1 
  51221.2835   14.594  0.005    2  1 
  51221.2873   14.558  0.004    2  1 
  51221.3009   14.566  0.005    2  1 
  51221.3052   14.530  0.004    2  1 
  51221.3188   14.510  0.005    2  1 
  51221.3230   14.480  0.004    2  1 
  51221.3358   14.447  0.005    2  1 
  51221.3396   14.415  0.004    2  1 
  51221.3538   14.353  0.005    2  1 
  51221.3577   14.355  0.004    2  1 
  51221.3722   14.302  0.005    2  1 
  51221.3762   14.315  0.004    2  1 
  51283.2102   14.480  0.004    2  1 
  51283.2288   14.516  0.004    2  1 
  51283.2338   14.516  0.004    2  1 
  51283.2391   14.529  0.004    2  1 
  51283.2451   14.573  0.005    2  1 
  51283.2493   14.565  0.005    2  1 
  51283.2642   14.554  0.004    2  1 
  51283.2680   14.555  0.004    2  1 
  51283.2714   14.594  0.006    2  1 
  51283.2748   14.574  0.005    2  1 
  51283.2868   14.567  0.004    2  1 
  51283.2902   14.561  0.004    2  1 
  51283.2939   14.581  0.005    2  1 
  51283.2972   14.572  0.005    2  1 
  51283.3138   14.544  0.004    2  1 
  51283.3170   14.541  0.004    2  1 
  51283.3202   14.552  0.005    2  1 
  51283.3234   14.539  0.005    2  1 
  51283.3408   14.488  0.004    2  1 
  51283.3447   14.472  0.004    2  1 
  51283.3487   14.462  0.004    2  1 
  51283.3518   14.444  0.004    2  1 
  51283.3642   14.390  0.003    2  1 
  51283.3673   14.370  0.003    2  1 
  51283.3707   14.367  0.004    2  1 
  51283.3738   14.338  0.004    2  1 
  51284.1955   14.556  0.004    2  1 
  51284.1993   14.555  0.004    2  1 
  51284.2195   14.528  0.005    2  1 
  51284.2229   14.515  0.005    2  1 
  51284.2266   14.488  0.004    2  1 
  51284.2298   14.477  0.004    2  1 
  51284.2413   14.433  0.005    2  1 
  51284.2443   14.414  0.005    2  1 
  51284.2475   14.410  0.004    2  1 
  51284.2506   14.392  0.004    2  1 
  51284.2617   14.335  0.004    2  1 
  51284.2679   14.327  0.003    2  1 
  51284.2711   14.313  0.003    2  1 
  51284.2942   14.305  0.004    2  1 
  51284.2973   14.313  0.004    2  1 
  51284.3004   14.311  0.003    2  1 
  51284.3036   14.303  0.003    2  1 
  51284.3168   14.249  0.004    2  1 
  51284.3211   14.232  0.004    2  1 
  51284.3257   14.251  0.004    2  1 
  51284.3289   14.240  0.004    2  1 
  51284.3464   14.191  0.004    2  1 
  51285.0269   14.557  0.003    2  1 
  51285.0299   14.558  0.004    2  1 
  51285.0513   14.571  0.004    2  1 
  51285.0543   14.584  0.004    2  1 
  51285.0577   14.555  0.003    2  1 
  51285.0607   14.555  0.004    2  1 
  51285.0739   14.574  0.005    2  1 
  51285.0778   14.569  0.004    2  1 
  51285.0814   14.548  0.004    2  1 
  51285.0847   14.549  0.004    2  1 
  51285.0975   14.555  0.005    2  1 
  51285.1006   14.541  0.006    2  1 
  51285.1052   14.501  0.004    2  1 
  51285.1084   14.494  0.004    2  1 
  51285.1324   14.399  0.004    2  1 
  51285.1360   14.384  0.004    2  1 
  51285.1396   14.364  0.004    2  1 
  51285.1427   14.349  0.003    2  1 
  51285.1558   14.304  0.004    2  1 
  51285.1588   14.302  0.004    2  1 
  51285.1624   14.307  0.003    2  1 
  51285.1654   14.306  0.004    2  1 
  51285.1796   14.303  0.004    2  1 
  51285.1830   14.299  0.004    2  1 
  51285.1891   14.299  0.004    2  1 
  51285.1924   14.297  0.003    2  1 
  51285.2125   14.223  0.004    2  1 
  51285.2157   14.216  0.004    2  1 
  51285.2195   14.226  0.003    2  1 
  51285.2227   14.221  0.003    2  1 
  51285.2426   14.149  0.004    2  1 
  51285.2468   14.164  0.003    2  1 
  51285.2498   14.170  0.003    2  1 
  51285.2630   14.122  0.004    2  1 
  51285.2738   14.176  0.003    2  1 
  51285.2775   14.164  0.003    2  1 
  51285.2998   14.174  0.004    2  1 
  51285.3077   14.204  0.003    2  1 
  51285.3112   14.216  0.004    2  1 
  51285.3348   14.238  0.004    2  1 
  51285.3425   14.284  0.003    2  1 
  51285.3456   14.298  0.003    2  1 
  51286.0177   14.402  0.003    2  1 
  51286.0241   14.372  0.003    2  1 
  51286.0461   14.296  0.004    2  1 
  51286.0493   14.300  0.004    2  1 
  51286.0542   14.287  0.003    2  1 
  51286.0574   14.285  0.003    2  1 
  51286.0716   14.291  0.004    2  1 
  51286.0753   14.289  0.004    2  1 
  51286.0794   14.292  0.003    2  1 
  51286.0832   14.283  0.003    2  1 
  51286.1026   14.224  0.004    2  1 
  51286.1061   14.211  0.004    2  1 
  51286.1105   14.216  0.003    2  1 
  51286.1136   14.199  0.003    2  1 
  51286.1365   14.156  0.004    2  1 
  51286.1398   14.144  0.004    2  1 
  51286.1441   14.154  0.003    2  1 
  51286.1472   14.160  0.003    2  1 
  51286.1608   14.138  0.005    2  1 
  51286.1639   14.145  0.004    2  1 
  51286.1669   14.157  0.003    2  1 
  51286.1708   14.166  0.003    2  1 
  51286.1740   14.168  0.003    2  1 
  51286.1875   14.169  0.004    2  1 
  51286.1908   14.188  0.004    2  1 
  51286.1969   14.201  0.003    2  1 
  51286.2002   14.211  0.003    2  1 
  51286.2255   14.260  0.004    2  1 
  51286.2285   14.263  0.004    2  1 
  51286.2322   14.295  0.003    2  1 
  51286.2352   14.292  0.003    2  1 
  51286.2476   14.324  0.005    2  1 
  51286.2508   14.342  0.004    2  1 
  51286.2544   14.353  0.003    2  1 
  51286.2573   14.366  0.004    2  1 
  51286.2697   14.395  0.004    2  1 
  51286.2727   14.404  0.004    2  1 
  51286.2785   14.422  0.004    2  1 
  51286.2816   14.433  0.004    2  1 
  51286.3022   14.484  0.004    2  1 
  51286.3055   14.487  0.004    2  1 
  51286.3149   14.507  0.004    2  1 
  51286.3179   14.504  0.004    2  1 
  51286.3218   14.534  0.005    2  1 
  51286.3250   14.531  0.005    2  1 
  51286.3375   14.546  0.004    2  1 
  51286.3409   14.538  0.004    2  1 
  51286.3450   14.549  0.005    2  1 
  51286.3481   14.566  0.005    2  1 
  51286.3604   14.558  0.004    2  1 
  51286.3635   14.563  0.004    2  1 
  51286.3665   14.564  0.004    2  1 
  51304.9667   14.565  0.003    2  1 
  51304.9697   14.561  0.003    2  1 
  51304.9873   14.577  0.005    2  1 
  51304.9926   14.573  0.004    2  1 
  51304.9956   14.561  0.004    2  1 
  51304.9985   14.560  0.003    2  1 
  51305.0328   14.531  0.005    2  1 
  51305.0362   14.510  0.005    2  1 
  51305.0393   14.496  0.004    2  1 
  51305.0423   14.486  0.004    2  1 
  51305.0559   14.444  0.005    2  1 
  51305.0599   14.418  0.005    2  1 
  51305.0812   14.352  0.004    2  1 
  51305.0852   14.351  0.004    2  1 
  51305.0890   14.338  0.004    2  1 
  51305.0922   14.338  0.004    2  1 
  51305.1040   14.336  0.003    2  1 
  51305.1077   14.330  0.003    2  1 
  51305.1269   14.310  0.005    2  1 
  51305.1328   14.306  0.004    2  1 
  51305.1357   14.290  0.003    2  1 
  51305.1509   14.229  0.005    2  1 
  51305.1582   14.214  0.004    2  1 
  51305.1616   14.200  0.004    2  1 
  51305.1853   14.136  0.004    2  1 
  51305.1885   14.124  0.005    2  1 
  51305.1919   14.150  0.004    2  1 
  51305.1953   14.150  0.003    2  1 
  51305.2098   14.124  0.004    2  1 
  51305.2128   14.128  0.004    2  1 
  51305.2170   14.149  0.003    2  1 
  51305.2202   14.156  0.003    2  1 
  51305.2431   14.191  0.004    2  1 
  51305.2461   14.185  0.004    2  1 
  51305.2493   14.208  0.003    2  1 
  51305.2523   14.222  0.003    2  1 
  51305.2704   14.256  0.005    2  1 
  51305.2734   14.254  0.004    2  1 
  51305.2764   14.290  0.004    2  1 
  51305.2796   14.291  0.004    2  1 
  51305.2995   14.345  0.005    2  1 
  51305.3025   14.357  0.003    2  1 
  51305.3054   14.361  0.003    2  1 
  51305.9643   14.367  0.003    2  1 
  51305.9672   14.362  0.003    2  1 
  51305.9857   14.315  0.003    2  1 
  51305.9885   14.314  0.003    2  1 
  51305.9912   14.306  0.003    2  1 
  51305.9940   14.308  0.003    2  1 
  51305.9970   14.310  0.003    2  1 
  51305.9997   14.313  0.003    2  1 
  51306.0256   14.235  0.003    2  1 
  51306.0285   14.229  0.003    2  1 
  51306.0313   14.231  0.003    2  1 
  51306.0340   14.220  0.003    2  1 
  51306.0465   14.155  0.004    2  1 
  51306.0498   14.163  0.004    2  1 
  51306.0638   14.151  0.003    2  1 
  51306.0674   14.154  0.003    2  1 
  51306.0896   14.143  0.004    2  1 
  51306.0930   14.161  0.004    2  1 
  51306.0960   14.160  0.003    2  1 
  51306.0990   14.171  0.003    2  1 
  51306.1123   14.171  0.003    2  1 
  51306.1151   14.172  0.003    2  1 
  51306.1183   14.202  0.003    2  1 
  51306.1209   14.202  0.003    2  1 
  51306.1375   14.221  0.004    2  1 
  51306.1405   14.229  0.004    2  1 
  51306.1434   14.251  0.003    2  1 
  51306.1474   14.254  0.004    2  1 
  51306.1636   14.285  0.004    2  1 
  51306.1673   14.288  0.004    2  1 
  51306.1743   14.324  0.003    2  1 
  51306.1770   14.331  0.003    2  1 
  51306.1937   14.361  0.004    2  1 
  51306.1966   14.394  0.004    2  1 
  51306.1996   14.399  0.003    2  1 
  51306.2025   14.400  0.003    2  1 
  51306.2146   14.438  0.004    2  1 
  51306.2207   14.443  0.003    2  1 
  51306.2235   14.452  0.003    2  1 
  51306.2343   14.488  0.004    2  1 
  51306.2380   14.494  0.004    2  1 
  51306.2407   14.486  0.003    2  1 
  51306.2432   14.490  0.003    2  1 
  51306.2458   14.504  0.003    2  1 
  51306.2574   14.528  0.004    2  1 
  51306.2602   14.540  0.003    2  1 
  51306.2665   14.537  0.003    2  1 
  51306.2691   14.541  0.003    2  1 
  51306.2805   14.567  0.004    2  1 
  51306.2835   14.570  0.004    2  1 
  51306.2862   14.553  0.003    2  1 
  51306.2895   14.554  0.003    2  1 
  51306.3038   14.603  0.005    2  1 
  51306.3068   14.567  0.003    2  1 
  51306.3101   14.564  0.004    2  1 
  51306.3135   14.583  0.005    2  1 
  51306.3184   14.612  0.006    2  1 
  51306.9828   14.174  0.004    2  1 
  51306.9870   14.178  0.003    2  1 
  51307.0161   14.204  0.003    2  1 
  51307.0270   14.224  0.003    2  1 
  51307.0388   14.257  0.003    2  1 
  51307.0456   14.258  0.005    2  1 
  51307.0501   14.285  0.005    2  1 
  51307.0593   14.301  0.004    2  1 
  51307.0645   14.326  0.004    2  1 
  51307.0699   14.340  0.011    2  1 
  51307.0747   14.350  0.007    2  1 
  51307.0824   14.365  0.004    2  1 
  51307.9862   14.414  0.003    2  1 
  51307.9901   14.438  0.003    2  1 
  51308.0084   14.489  0.004    2  1 
  51308.0112   14.478  0.004    2  1 
  51308.0178   14.479  0.003    2  1 
  51308.0212   14.502  0.003    2  1 
  51308.0334   14.521  0.003    2  1 
  51308.0362   14.531  0.004    2  1 
  51308.0394   14.533  0.004    2  1 
  51308.0443   14.535  0.003    2  1 
  51308.0633   14.568  0.004    2  1 
  51308.0663   14.578  0.004    2  1 
  51308.0713   14.554  0.003    2  1 
  51308.0749   14.553  0.003    2  1 
  51308.0995   14.584  0.004    2  1 
  51308.1072   14.557  0.004    2  1 
  51308.1114   14.552  0.004    2  1 
  51308.1280   14.554  0.005    2  1 
  51308.1309   14.554  0.005    2  1 
  51310.0850   14.145  0.003    2  1 
  51310.0874   14.139  0.002    2  1 
  51310.0897   14.146  0.002    2  1 
  51310.1342   14.245  0.003    2  1 
  51310.1371   14.254  0.003    2  1 
  51310.1402   14.257  0.003    2  1 
  51310.1430   14.259  0.004    2  1 
  51310.1458   14.265  0.003    2  1 
  51310.1486   14.274  0.004    2  1 
  51311.0244   14.227  0.006    2  1 
  51311.0302   14.249  0.005    2  1 
  51311.0334   14.263  0.005    2  1 
  51311.0506   14.300  0.003    2  1 
  51311.0539   14.298  0.003    2  1 
  51311.0637   14.355  0.004    2  1 
  51311.0669   14.353  0.005    2  1 
  51311.0702   14.553  0.001    2  1 
  51311.0907   14.425  0.005    2  1 
  51311.0946   14.438  0.005    2  1 
  51311.1015   14.450  0.005    2  1 
  51311.1071   14.485  0.005    2  1 
  51311.1298   14.525  0.005    2  1 
  51311.1327   14.524  0.005    2  1 
  51311.1357   14.541  0.005    2  1 
  51311.1398   14.541  0.005    2  1 
  51311.1447   14.544  0.005    2  1 
  51311.9726   14.445  0.006    2  1 
  51311.9755   14.449  0.005    2  1 
  51312.0020   14.505  0.005    2  1 
  51312.0049   14.526  0.005    2  1 
  51312.0255   14.552  0.005    2  1 
  51312.0284   14.550  0.004    2  1 
  51312.0314   14.554  0.004    2  1 
  51312.0584   14.587  0.004    2  1 
  51312.0611   14.583  0.004    2  1 
  51312.0638   14.589  0.004    2  1 
  51312.0903   14.596  0.004    2  1 
  51312.0955   14.606  0.004    2  1 
  51312.1146   14.569  0.004    2  1 
  51312.1173   14.555  0.004    2  1 
  51312.1200   14.554  0.004    2  1 
  51312.9860   14.558  0.004    2  1 
  51312.9887   14.559  0.004    2  1 
  51312.9913   14.559  0.004    2  1 
  51313.0096   14.533  0.004    2  1 
  51313.0123   14.511  0.004    2  1 
  51313.0149   14.507  0.004    2  1 
  51313.0333   14.430  0.004    2  1 
  51313.0360   14.424  0.004    2  1 
  51313.0386   14.419  0.004    2  1 
  51313.0413   14.391  0.004    2  1 
  51313.0595   14.316  0.003    2  1 
  51313.0622   14.310  0.004    2  1 
  51313.0648   14.305  0.003    2  1 
  51313.0911   14.298  0.004    2  1 
  51313.0937   14.294  0.004    2  1 
  51313.0964   14.288  0.003    2  1 
  51313.1146   14.255  0.004    2  1 
  51313.1172   14.249  0.003    2  1 
  51313.1199   14.242  0.004    2  1 
  51313.1226   14.236  0.004    2  1 
  51313.9843   14.304  0.004    2  1 
  51313.9872   14.301  0.004    2  1 
  51313.9901   14.291  0.004    2  1 
  51314.0178   14.196  0.004    2  1 
  51314.0207   14.188  0.004    2  1 
  51314.0236   14.181  0.004    2  1 
  51314.0432   14.180  0.004    2  1 
  51314.0461   14.129  0.004    2  1 
  51314.0490   14.137  0.004    2  1 
  51314.0772   14.137  0.004    2  1 
  51314.0802   14.148  0.004    2  1 
  51314.0831   14.152  0.004    2  1 
  51314.1030   14.193  0.004    2  1 
  51314.1059   14.184  0.005    2  1 
  51314.1088   14.196  0.004    2  1 
  51314.1289   14.257  0.004    2  1 
  51314.1333   14.261  0.005    2  1 
  51314.1363   14.276  0.005    2  1 
  51314.9621   14.171  0.003    2  1 
  51314.9650   14.158  0.003    2  1 
  51314.9679   14.171  0.003    2  1 
  51314.9827   14.174  0.004    2  1 
  51314.9856   14.183  0.004    2  1 
  51314.9885   14.186  0.004    2  1 
  51314.9914   14.207  0.003    2  1 
  51314.9943   14.212  0.003    2  1 
  51314.9972   14.215  0.003    2  1 
  51315.0015   14.223  0.004    2  1 
  51315.0043   14.226  0.004    2  1 
  51315.0069   14.234  0.004    2  1 
  51315.0171   14.271  0.003    2  1 
  51315.0197   14.271  0.003    2  1 
  51315.0224   14.285  0.003    2  1 
  51315.0251   14.285  0.003    2  1 
  51315.0277   14.288  0.004    2  1 
  51315.0304   14.300  0.003    2  1 
  51315.0409   14.330  0.003    2  1 
  51315.0436   14.335  0.003    2  1 
  51315.0462   14.340  0.003    2  1 
  51315.0516   14.365  0.004    2  1 
  51315.0542   14.368  0.004    2  1 
  51315.0650   14.391  0.003    2  1 
  51315.0677   14.394  0.003    2  1 
  51315.0780   14.446  0.004    2  1 
  51315.0807   14.443  0.004    2  1 
  51315.0833   14.444  0.004    2  1 
  51315.0860   14.446  0.003    2  1 
  51315.0887   14.449  0.003    2  1 
  51315.0913   14.462  0.003    2  1 
  51315.1015   14.496  0.004    2  1 
  51315.1041   14.504  0.004    2  1 
  51315.1068   14.492  0.005    2  1 
  51315.1094   14.495  0.003    2  1 
  51315.1121   14.497  0.003    2  1 
  51315.1148   14.500  0.003    2  1 
  51315.1290   14.556  0.005    2  1 
  51315.1319   14.553  0.006    2  1 
  51316.0194   14.549  0.004    2  1 
  51316.0221   14.549  0.004    2  1 
  51316.0247   14.552  0.004    2  1 
  51316.0277   14.583  0.003    2  1 
  51316.0303   14.557  0.003    2  1 
  51316.0330   14.550  0.003    2  1 
  51316.0431   14.580  0.004    2  1 
  51316.0458   14.567  0.004    2  1 
  51316.0485   14.592  0.004    2  1 
  51316.0511   14.566  0.003    2  1 
  51316.0538   14.566  0.003    2  1 
  51316.0565   14.565  0.003    2  1 
  51316.0667   14.595  0.005    2  1 
  51316.0693   14.598  0.005    2  1 
  51316.0720   14.592  0.004    2  1 
  51316.0746   14.564  0.003    2  1 
  51316.0773   14.564  0.003    2  1 
  51316.0800   14.564  0.003    2  1 
  51316.0905   14.576  0.005    2  1 
  51316.0934   14.563  0.005    2  1 
  51316.0963   14.570  0.005    2  1 
  51316.0992   14.543  0.004    2  1 
  51316.1020   14.546  0.003    2  1 
  51316.1046   14.536  0.003    2  1 
  51316.1148   14.512  0.004    2  1 
  51316.1175   14.510  0.004    2  1 
  51316.1201   14.493  0.004    2  1 
  51316.1228   14.486  0.003    2  1 
  51316.1255   14.478  0.003    2  1 
  51316.1281   14.462  0.003    2  1 
  51316.9647   14.578  0.005    2  1 
  51316.9676   14.604  0.005    2  1 
  51316.9705   14.589  0.006    2  1 
  51316.9815   14.537  0.004    2  1 
  51316.9843   14.534  0.004    2  1 
  51316.9869   14.542  0.003    2  1 
  51316.9896   14.550  0.004    2  1 
  51316.9923   14.539  0.004    2  1 
  51316.9949   14.533  0.004    2  1 
  51316.9978   14.506  0.004    2  1 
  51317.0088   14.490  0.005    2  1 
  51317.0117   14.489  0.005    2  1 
  51317.0147   14.455  0.004    2  1 
  51317.0176   14.444  0.004    2  1 
  51317.0205   14.427  0.004    2  1 
  51317.0321   14.384  0.005    2  1 
  51317.0351   14.372  0.005    2  1 
  51317.0391   14.354  0.004    2  1 
  51317.0420   14.350  0.004    2  1 
  51317.0450   14.334  0.004    2  1 
  51317.0483   14.330  0.004    2  1 
  51317.0602   14.300  0.004    2  1 
  51317.0631   14.299  0.004    2  1 
  51317.0689   14.302  0.003    2  1 
  51317.0718   14.301  0.004    2  1 
  51317.0747   14.305  0.004    2  1 
  51317.0858   14.285  0.004    2  1 
  51317.0887   14.277  0.005    2  1 
  51317.0916   14.271  0.004    2  1 
  51317.0946   14.268  0.003    2  1 
  51317.0974   14.265  0.003    2  1 
  51317.1000   14.254  0.003    2  1 
  51317.1111   14.207  0.004    2  1 
  51317.1140   14.184  0.004    2  1 
  51317.1169   14.187  0.004    2  1 
  51317.1199   14.208  0.003    2  1 
  51317.1228   14.196  0.003    2  1 
  51317.1257   14.189  0.003    2  1 
  51317.9657   14.305  0.005    2  1 
  51317.9685   14.306  0.005    2  1 
  51317.9715   14.310  0.004    2  1 
  51317.9744   14.300  0.003    2  1 
  51317.9772   14.297  0.003    2  1 
  51317.9883   14.242  0.005    2  1 
  51317.9912   14.224  0.004    2  1 
  51317.9941   14.223  0.004    2  1 
  51317.9970   14.234  0.003    2  1 
  51317.9998   14.220  0.003    2  1 
  51318.0025   14.223  0.003    2  1 
  51318.0135   14.168  0.004    2  1 
  51318.0164   14.169  0.005    2  1 
  51318.0194   14.154  0.005    2  1 
  51318.0227   14.177  0.004    2  1 
  51318.0260   14.179  0.004    2  1 
  51318.0292   14.189  0.004    2  1 
  51318.0413   14.131  0.004    2  1 
  51318.0445   14.128  0.005    2  1 
  51318.0477   14.139  0.004    2  1 
  51318.0510   14.159  0.004    2  1 
  51318.0542   14.164  0.004    2  1 
  51318.0575   14.164  0.004    2  1 
  51318.0697   14.151  0.005    2  1 
  51318.0730   14.144  0.005    2  1 
  51318.0762   14.148  0.005    2  1 
  51318.0795   14.180  0.004    2  1 
  51318.0827   14.189  0.004    2  1 
  51318.0859   14.196  0.004    2  1 
  51318.0981   14.198  0.006    2  1 
  51318.1014   14.203  0.005    2  1 
  51318.1046   14.212  0.006    2  1 
  51318.1079   14.246  0.004    2  1 
  51318.1111   14.250  0.004    2  1 
  51318.1144   14.268  0.004    2  1 
  51318.1265   14.266  0.006    2  1 
  51318.1298   14.276  0.006    2  1 
  51318.9642   14.156  0.003    2  1 
  51318.9680   14.179  0.004    2  1 
  51318.9708   14.171  0.004    2  1 
  51318.9737   14.177  0.004    2  1 
  51318.9846   14.221  0.003    2  1 
  51318.9874   14.229  0.003    2  1 
  51318.9902   14.237  0.003    2  1 
  51318.9929   14.231  0.004    2  1 
  51318.9956   14.240  0.004    2  1 
  51318.9983   14.243  0.004    2  1 
  51319.0093   14.277  0.003    2  1 
  51319.0122   14.292  0.003    2  1 
  51319.0151   14.298  0.004    2  1 
  51319.0180   14.297  0.005    2  1 
  51319.0209   14.305  0.004    2  1 
  51319.0238   14.321  0.004    2  1 
  51319.0351   14.358  0.004    2  1 
  51319.0380   14.360  0.004    2  1 
  51319.0411   14.370  0.004    2  1 
  51319.0443   14.371  0.005    2  1 
  51319.0474   14.395  0.005    2  1 
  51319.0505   14.401  0.005    2  1 
  51319.0623   14.421  0.004    2  1 
  51319.0793   14.475  0.004    2  1 
  51319.0820   14.492  0.004    2  1 
  51319.0847   14.490  0.004    2  1 
  51319.0928   14.501  0.003    2  1 
  51319.1030   14.527  0.005    2  1 
  51319.1084   14.544  0.004    2  1 
  51319.1110   14.546  0.004    2  1 
  51319.1137   14.532  0.003    2  1 
  51319.1164   14.528  0.003    2  1 
  51319.1190   14.536  0.003    2  1 
  51320.0869   14.533  0.003    2  1 
  51320.0909   14.526  0.003    2  1 
  51320.1030   14.507  0.003    2  1 
  51320.1053   14.510  0.003    2  1 
  51320.1076   14.491  0.003    2  1 
  51320.1238   14.407  0.003    2  1 
  51320.1261   14.405  0.003    2  1 
  51320.1284   14.396  0.004    2  1 
  51320.1450   14.331  0.004    2  1 
  51320.1477   14.314  0.004    2  1 
  51320.1503   14.329  0.004    2  1 
  51320.1531   14.312  0.003    2  1 
  51320.1557   14.310  0.003    2  1 
  51320.1584   14.312  0.003    2  1 
  51320.9635   14.566  0.004    2  1 
  51320.9664   14.564  0.005    2  1 
  51320.9693   14.554  0.005    2  1 
  51320.9810   14.521  0.004    2  1 
  51320.9838   14.521  0.003    2  1 
  51320.9887   14.508  0.003    2  1 
  51320.9911   14.505  0.003    2  1 
  51320.9936   14.495  0.003    2  1 
  51321.0102   14.418  0.003    2  1 
  51321.0126   14.414  0.003    2  1 
  51321.0150   14.402  0.003    2  1 
  51321.0292   14.334  0.003    2  1 
  51321.0318   14.343  0.003    2  1 
  51321.0344   14.311  0.003    2  1 
  51321.0369   14.312  0.003    2  1 
  51321.0466   14.300  0.003    2  1 
  51321.0491   14.298  0.003    2  1 
  51321.0517   14.301  0.003    2  1 
  51321.0543   14.303  0.003    2  1 
  51321.0568   14.300  0.003    2  1 
  51321.0594   14.308  0.003    2  1 
  51321.0689   14.309  0.003    2  1 
  51321.0714   14.313  0.003    2  1 
  51321.0740   14.295  0.003    2  1 
  51321.0847   14.263  0.003    2  1 
  51321.0873   14.255  0.004    2  1 
  51321.0898   14.243  0.003    2  1 
  51321.0997   14.217  0.003    2  1 
  51321.1023   14.210  0.003    2  1 
  51321.1049   14.196  0.003    2  1 
  51321.1074   14.200  0.003    2  1 
  51321.1100   14.189  0.003    2  1 
  51321.1133   14.167  0.003    2  1 
  51321.1159   14.169  0.003    2  1 
  51321.1186   14.164  0.003    2  1 
  51321.1285   14.156  0.003    2  1 
  51321.1311   14.155  0.003    2  1 
  51321.1339   14.146  0.003    2  1 
  51321.1365   14.141  0.003    2  1 
  51332.9607   14.444  0.005    2  1 
  51332.9651   14.431  0.006    2  1 
  51332.9696   14.415  0.007    2  1 
  51332.9739   14.396  0.006    2  1 
  51332.9797   14.374  0.004    2  1 
  51332.9834   14.355  0.004    2  1 
  51332.9891   14.331  0.005    2  1 
  51332.9928   14.322  0.006    2  1 
  51332.9965   14.344  0.006    2  1 
  51333.0005   14.315  0.004    2  1 
  51333.0039   14.311  0.004    2  1 
  51333.0083   14.299  0.005    2  1 
  51333.0120   14.296  0.005    2  1 
  51333.0156   14.311  0.004    2  1 
  51333.0192   14.312  0.004    2  1 
  51333.0226   14.303  0.005    2  1 
  51333.0264   14.303  0.005    2  1 
  51333.0445   14.282  0.004    2  1 
  51333.0479   14.267  0.004    2  1 
  51333.0514   14.255  0.006    2  1 
  51333.0552   14.244  0.006    2  1 
  51333.0636   14.218  0.005    2  1 
  51333.0681   14.205  0.005    2  1 
  51333.0742   14.178  0.005    2  1 
  51333.0779   14.170  0.005    2  1 
  51333.0834   14.168  0.004    2  1 
  51333.0869   14.155  0.004    2  1 
  51333.0907   14.146  0.005    2  1 
  51333.0945   14.137  0.004    2  1 
  51333.0981   14.153  0.004    2  1 
  51333.1018   14.136  0.004    2  1 
  51333.1178   14.131  0.004    2  1 
  51333.1221   14.136  0.005    2  1 
  51333.1258   14.151  0.004    2  1 
  51333.1294   14.168  0.004    2  1 
  51333.1335   14.151  0.005    2  1 
  51333.1410   14.178  0.004    2  1 
  51333.1452   14.187  0.004    2  1 
  51333.1492   14.193  0.004    2  1 
  51333.1529   14.183  0.005    2  1 
  51333.1565   14.206  0.005    2  1 
  51333.1642   14.230  0.004    2  1 
  51333.1679   14.237  0.004    2  1 
  51333.1716   14.246  0.005    2  1 
  51333.1752   14.256  0.005    2  1 
  51334.9778   14.337  0.003    2  1 
  51334.9806   14.346  0.003    2  1 
  51334.9871   14.353  0.004    2  1 
  51335.0115   14.422  0.003    2  1 
  51335.0145   14.431  0.003    2  1 
  51335.0175   14.453  0.004    2  1 
  51335.0204   14.446  0.004    2  1 
  51335.0237   14.451  0.004    2  1 
  51335.0269   14.453  0.004    2  1 
  51335.0301   14.475  0.004    2  1 
  51335.0334   14.487  0.005    2  1 
  51335.0365   14.488  0.004    2  1 
  51335.0396   14.495  0.004    2  1 
  51335.0517   14.526  0.005    2  1 
  51335.0552   14.532  0.006    2  1 
  51335.0624   14.527  0.005    2  1 
  51335.0658   14.532  0.004    2  1 
  51335.0692   14.565  0.006    2  1 
  51335.0727   14.555  0.005    2  1 
  51335.0766   14.541  0.004    2  1 
  51335.0800   14.541  0.004    2  1 
  51335.0833   14.578  0.006    2  1 
  51335.0867   14.569  0.006    2  1 
  51335.1009   14.559  0.004    2  1 
  51335.1041   14.549  0.004    2  1 
  51335.1133   14.608  0.006    2  1 
  51335.1167   14.605  0.006    2  1 
  51335.9535   14.574  0.006    2  1 
  51335.9585   14.540  0.004    2  1 
  51335.9619   14.549  0.004    2  1 
  51335.9661   14.547  0.004    2  1 
  51335.9693   14.547  0.004    2  1 
  51335.9726   14.577  0.006    2  1 
  51335.9768   14.575  0.005    2  1 
  51335.9855   14.564  0.004    2  1 
  51335.9915   14.556  0.004    2  1 
  51335.9966   14.559  0.004    2  1 
  51335.9997   14.580  0.005    2  1 
  51336.0027   14.576  0.005    2  1 
  51336.0139   14.557  0.004    2  1 
  51336.0172   14.557  0.004    2  1 
  51336.0203   14.585  0.005    2  1 
  51336.0275   14.539  0.004    2  1 
  51336.0306   14.542  0.004    2  1 
  51336.0357   14.560  0.005    2  1 
  51336.0388   14.552  0.005    2  1 
  51336.0439   14.521  0.004    2  1 
  51336.0470   14.507  0.004    2  1 
  51336.0593   14.482  0.005    2  1 
  51336.0629   14.469  0.005    2  1 
  51336.0662   14.449  0.004    2  1 
  51336.0696   14.427  0.004    2  1 
  51336.0728   14.413  0.004    2  1 
  51336.0769   14.408  0.005    2  1 
  51336.0803   14.400  0.006    2  1 
  51336.0954   14.338  0.004    2  1 
  51336.0989   14.323  0.004    2  1 
  51336.1025   14.308  0.005    2  1 
  51336.1059   14.310  0.005    2  1 
  51336.1119   14.310  0.004    2  1 
  51336.1153   14.301  0.004    2  1 
  51336.1206   14.299  0.005    2  1 
  51336.1240   14.289  0.005    2  1 
  51336.1297   14.297  0.004    2  1 
  51336.1557   14.260  0.005    2  1 
  51336.1600   14.234  0.005    2  1 
  51336.1647   14.229  0.005    2  1 
  51336.9567   14.416  0.002    2  1 
  51337.0022   14.314  0.003    2  1 
  51337.0101   14.298  0.005    2  1 
  51337.9827   14.151  0.004    2  1 
  51337.9868   14.160  0.004    2  1 
  51337.9904   14.126  0.005    2  1 
  51337.9940   14.131  0.005    2  1 
  51337.9997   14.159  0.004    2  1 
  51338.0033   14.169  0.004    2  1 
  51338.0162   14.171  0.005    2  1 
  51338.0196   14.183  0.005    2  1 
  51338.0231   14.204  0.004    2  1 
  51338.0265   14.216  0.004    2  1 
  51338.0304   14.218  0.004    2  1 
  51338.0339   14.218  0.005    2  1 
  51338.0376   14.227  0.006    2  1 
  51338.9791   14.372  0.003    2  1 
  51338.9849   14.387  0.003    2  1 
  51338.9901   14.431  0.006    2  1 
  51338.9938   14.410  0.004    2  1 
  51339.0116   14.452  0.004    2  1 
  51339.0151   14.461  0.004    2  1 
  51339.0226   14.499  0.006    2  1 
  51339.0269   14.502  0.006    2  1 
  51339.0441   14.511  0.004    2  1 
  51339.0477   14.522  0.004    2  1 
  51339.0513   14.522  0.004    2  1 
  51339.0774   14.556  0.004    2  1 
  51339.0807   14.547  0.004    2  1 
  51339.0867   14.618  0.008    2  1 
  51339.0905   14.605  0.007    2  1 
  51339.1053   14.554  0.004    2  1 
  51339.1093   14.555  0.004    2  1 
  51339.1139   14.614  0.006    2  1 
  51339.1177   14.583  0.006    2  1 
  51339.1327   14.534  0.004    2  1 
  51339.1363   14.530  0.004    2  1 
  51339.1448   14.546  0.006    2  1 
  51339.1482   14.520  0.005    2  1 
  51339.9588   14.556  0.004    2  1 
  51339.9627   14.555  0.004    2  1 
  51339.9766   14.581  0.005    2  1 
  51339.9795   14.597  0.005    2  1 
  51339.9835   14.570  0.004    2  1 
  51339.9874   14.571  0.004    2  1 
  51340.0044   14.580  0.005    2  1 
  51340.0078   14.578  0.004    2  1 
  51340.0115   14.558  0.004    2  1 
  51340.0146   14.557  0.004    2  1 
  51340.0274   14.552  0.005    2  1 
  51340.0306   14.547  0.005    2  1 
  51340.0349   14.513  0.004    2  1 
  51340.0380   14.506  0.004    2  1 
  51340.0540   14.460  0.005    2  1 
  51340.0572   14.441  0.005    2  1 
  51340.0659   14.396  0.004    2  1 
  51340.0696   14.378  0.004    2  1 
  51340.0857   14.329  0.005    2  1 
  51340.0892   14.325  0.005    2  1 
  51340.0938   14.320  0.004    2  1 
  51340.0983   14.316  0.004    2  1 
  51340.1152   14.300  0.005    2  1 
  51340.1197   14.300  0.005    2  1 
  51340.1229   14.284  0.005    2  1 
  51340.1263   14.275  0.005    2  1 
  51340.1334   14.271  0.004    2  1 
  51340.1366   14.257  0.004    2  1 
  51340.1404   14.256  0.005    2  1 
  51340.1437   14.221  0.005    2  1 
  51344.9654   14.329  0.003    2  1 
  51344.9786   14.328  0.003    2  1 
  51344.9829   14.323  0.004    2  1 
  51344.9924   14.317  0.004    2  1 
  51344.9958   14.300  0.003    2  1 
  51344.9988   14.288  0.003    2  1 
  51345.0052   14.281  0.003    2  1 
  51345.0092   14.279  0.003    2  1 
  51345.0132   14.255  0.003    2  1 
  51345.0170   14.248  0.004    2  1 
  51345.0216   14.207  0.004    2  1 
  51345.0255   14.203  0.005    2  1 
  51345.0302   14.189  0.004    2  1 
  51345.0353   14.198  0.003    2  1 
  51345.0390   14.191  0.003    2  1 
  51345.0553   14.133  0.004    2  1 
  51345.0603   14.141  0.004    2  1 
  51345.0645   14.167  0.003    2  1 
  51345.0690   14.162  0.003    2  1 
  51345.9658   14.169  0.004    2  1 
  51345.9696   14.174  0.004    2  1 
  51345.9856   14.166  0.005    2  1 
  51345.9896   14.171  0.005    2  1 
  51345.9999   14.209  0.004    2  1 
  51346.0043   14.220  0.004    2  1 
  51346.0219   14.248  0.005    2  1 
  51346.0264   14.257  0.005    2  1 
  51346.0310   14.281  0.004    2  1 
  51346.0343   14.290  0.004    2  1 
  51346.0486   14.327  0.005    2  1 
  51346.0523   14.366  0.005    2  1 
  51346.0571   14.358  0.004    2  1 
  51346.0604   14.360  0.004    2  1 
  51346.0791   14.458  0.005    2  1 
  51346.0826   14.426  0.004    2  1 
  51347.0221   14.521  0.004    2  1 
  51347.0274   14.542  0.003    2  1 
  51347.0416   14.574  0.005    2  1 
  51347.0453   14.552  0.004    2  1 
  51347.0562   14.561  0.004    2  1 
  51347.0597   14.554  0.004    2  1 
  51347.0743   14.599  0.005    2  1 
  51347.0777   14.578  0.005    2  1 
  51347.0815   14.557  0.003    2  1 
  51347.0850   14.550  0.004    2  1 
  51347.0990   14.592  0.004    2  1 
  51347.1022   14.556  0.003    2  1 
  51347.9550   14.540  0.004    2  1 
  51347.9581   14.559  0.004    2  1 
  51347.9769   14.576  0.005    2  1 
  51347.9802   14.592  0.005    2  1 
  51347.9834   14.559  0.005    2  1 
  51347.9877   14.555  0.004    2  1 
  51347.9914   14.548  0.004    2  1 
  51347.9948   14.548  0.004    2  1 
  51347.9983   14.558  0.005    2  1 
  51348.0028   14.552  0.005    2  1 
  51348.0063   14.533  0.005    2  1 
  51348.0181   14.492  0.004    2  1 
  51348.0211   14.483  0.004    2  1 
  51348.0242   14.476  0.005    2  1 
  51348.0274   14.454  0.005    2  1 
  51348.0849   14.298  0.005    2  1 
  51348.0897   14.294  0.004    2  1 
  51348.0943   14.283  0.006    2  1 
  51348.0983   14.281  0.006    2  1 
  51348.1018   14.300  0.007    2  1 
  51348.1054   14.270  0.004    2  1 
  51348.1088   14.265  0.004    2  1 
  51348.1122   14.257  0.004    2  1 
  51348.9528   14.311  0.003    2  1 
  51348.9557   14.319  0.003    2  1 
  51348.9650   14.316  0.004    2  1 
  51348.9795   14.310  0.003    2  1 
  51348.9824   14.309  0.003    2  1 
  51348.9853   14.271  0.004    2  1 
  51348.9883   14.286  0.004    2  1 
  51348.9912   14.277  0.004    2  1 
  51348.9941   14.276  0.003    2  1 
  51349.0152   14.217  0.003    2  1 
  51349.0189   14.209  0.003    2  1 
  51349.0316   14.171  0.004    2  1 
  51349.0346   14.167  0.004    2  1 
  51349.9596   14.155  0.003    2  1 
  51349.9627   14.160  0.003    2  1 
  51349.9815   14.180  0.004    2  1 
  51349.9851   14.190  0.004    2  1 
  51349.9911   14.212  0.003    2  1 
  51349.9944   14.224  0.003    2  1 
  51349.9973   14.220  0.004    2  1 
  51350.0033   14.226  0.005    2  1 
  51350.0066   14.244  0.004    2  1 
  51350.0097   14.258  0.003    2  1 
  51350.0128   14.270  0.003    2  1 
  51350.0164   14.275  0.004    2  1 
  51350.0197   14.281  0.004    2  1 
  51350.0228   14.301  0.003    2  1 
  51350.0296   14.316  0.004    2  1 
  51364.9643   14.199  0.003    2  1 
  51364.9677   14.185  0.003    2  1 
  51380.9714   14.183  0.003    2  1 
  51380.9769   14.183  0.003    2  1 
  51380.9801   14.196  0.003    2  1 
  51380.9845   14.197  0.003    2  1 
  51380.9973   14.231  0.004    2  1 
  51381.0004   14.205  0.003    2  1 
  51381.0031   14.210  0.003    2  1 
  51381.0066   14.232  0.003    2  1 
  51381.0096   14.241  0.003    2  1 
  51381.0136   14.256  0.003    2  1 
  51381.0187   14.256  0.003    2  1 
  51381.0214   14.255  0.004    2  1 
  51381.0242   14.258  0.004    2  1 
  51381.9638   14.415  0.003    2  1 
  51381.9679   14.430  0.003    2  1 
  51381.9716   14.438  0.004    2  1 
  51381.9830   14.485  0.005    2  1 
  51381.9859   14.500  0.005    2  1 
  51381.9888   14.499  0.005    2  1 
  51381.9917   14.493  0.004    2  1 
  51381.9946   14.488  0.004    2  1 
  51382.0000   14.521  0.005    2  1 
  51382.0029   14.527  0.005    2  1 
  51382.9605   14.563  0.004    2  1 
  51382.9652   14.545  0.004    2  1 
  51382.9682   14.540  0.004    2  1 
  51382.9793   14.582  0.006    2  1 
  51382.9826   14.583  0.006    2  1 
  51382.9857   14.599  0.006    2  1 
  51382.9887   14.530  0.004    2  1 
  51382.9916   14.527  0.004    2  1 
  51382.9965   14.529  0.005    2  1 
  51382.9995   14.449  0.008    2  1 
  51383.9595   14.330  0.003    2  1 
  51383.9621   14.328  0.003    2  1 
  51383.9648   14.326  0.003    2  1 
  51383.9746   14.311  0.004    2  1 
  51383.9773   14.294  0.003    2  1 
  51383.9799   14.295  0.004    2  1 
  51383.9826   14.305  0.003    2  1 
  51383.9853   14.301  0.003    2  1 
  51383.9899   14.277  0.004    2  1 
  51383.9926   14.279  0.004    2  1 
  51384.9631   14.193  0.002    2  1 
  51384.9657   14.184  0.002    2  1 
  51384.9777   14.195  0.003    2  1 
  51384.9802   14.209  0.003    2  1 
  51384.9827   14.218  0.002    2  1 
  51384.9853   14.224  0.003    2  1 
  51384.9896   14.217  0.003    2  1 
  51384.9921   14.227  0.003    2  1 
  51385.9557   14.429  0.003    2  1 
  51385.9589   14.440  0.003    2  1 
  51385.9615   14.437  0.003    2  1 
  51385.9711   14.475  0.004    2  1 
  51385.9763   14.489  0.004    2  1 
  51385.9788   14.485  0.003    2  1 
  51385.9814   14.485  0.003    2  1 
  51385.9857   14.505  0.004    2  1 
  51385.9884   14.504  0.004    2  1 
  51386.9731   14.542  0.004    2  1 
  51386.9769   14.544  0.004    2  1 
  51386.9807   14.529  0.004    2  1 
  51386.9965   14.486  0.004    2  1 
  51387.0003   14.473  0.004    2  1 
  51387.0041   14.462  0.004    2  1 
  51387.0101   14.455  0.004    2  1 
  51387.0139   14.446  0.004    2  1 
  51387.0177   14.417  0.004    2  1 
  51387.0216   14.400  0.004    2  1 
  51387.0254   14.386  0.004    2  1 
  51387.0293   14.368  0.004    2  1 
  51388.9571   14.208  0.004    2  1 
  51388.9622   14.202  0.004    2  1 
  51388.9659   14.212  0.004    2  1 
  51388.9801   14.210  0.005    2  1 
  51388.9834   14.218  0.004    2  1 
  51388.9866   14.226  0.005    2  1 
  51388.9899   14.261  0.004    2  1 
  51388.9932   14.271  0.004    2  1 
  51388.9984   14.268  0.005    2  1 
  51389.0017   14.279  0.005    2  1 
  51389.9629   14.477  0.003    2  1 
  51389.9656   14.473  0.003    2  1 
  51389.9683   14.484  0.003    2  1 
  51389.9783   14.522  0.004    2  1 
  51389.9809   14.522  0.004    2  1 
  51389.9836   14.522  0.004    2  1 
  51390.9578   14.541  0.003    2  1 
  51390.9604   14.541  0.003    2  1 
  51390.9631   14.526  0.004    2  1 
  51390.9729   14.530  0.004    2  1 
  51390.9756   14.530  0.004    2  1 
  51390.9783   14.525  0.004    2  1 
  51391.9583   14.267  0.003    2  1 
  51391.9634   14.252  0.002    2  1 
  51391.9728   14.228  0.003    2  1 
  51391.9754   14.223  0.003    2  1 
  51391.9779   14.211  0.003    2  1 
  51646.1374   14.525  0.004    2  1 
  51646.1447   14.529  0.005    2  1 
  51646.1486   14.540  0.005    2  1 
  51646.1532   14.542  0.005    2  1 
  51646.1609   14.537  0.005    2  1 
  51646.1649   14.540  0.005    2  1 
  51646.1687   14.549  0.005    2  1 
  51646.1727   14.557  0.005    2  1 
  51646.1764   14.561  0.004    2  1 
  51646.1801   14.561  0.005    2  1 
  51646.1837   14.561  0.004    2  1 
  51646.1871   14.559  0.005    2  1 
  51646.1907   14.562  0.005    2  1 
  51646.1944   14.562  0.005    2  1 
  51646.1983   14.562  0.004    2  1 
  51646.2025   14.560  0.004    2  1 
  51646.2065   14.563  0.004    2  1 
  51646.2100   14.568  0.004    2  1 
  51646.2138   14.556  0.004    2  1 
  51646.2172   14.565  0.004    2  1 
  51646.2206   14.550  0.004    2  1 
  51646.2245   14.550  0.004    2  1 
  51646.2283   14.549  0.004    2  1 
  51646.2320   14.536  0.004    2  1 
  51646.2362   14.534  0.004    2  1 
  51646.2394   14.534  0.003    2  1 
  51646.2426   14.522  0.003    2  1 
  51646.2457   14.521  0.003    2  1 
  51646.2489   14.496  0.003    2  1 
  51646.2523   14.499  0.004    2  1 
  51646.2557   14.488  0.004    2  1 
  51646.2591   14.477  0.004    2  1 
  51646.2626   14.464  0.004    2  1 
  51646.2660   14.443  0.004    2  1 
  51646.2694   14.418  0.004    2  1 
  51646.2730   14.408  0.005    2  1 
  51646.2769   14.388  0.005    2  1 
  51646.2811   14.364  0.005    2  1 
  51646.2852   14.352  0.005    2  1 
  51646.2895   14.336  0.005    2  1 
  51646.2939   14.322  0.004    2  1 
  51646.2986   14.317  0.005    2  1 
  51646.3027   14.297  0.005    2  1 
  51646.3070   14.288  0.005    2  1 
  51646.3111   14.283  0.004    2  1 
  51646.3151   14.274  0.004    2  1 
  51646.3189   14.269  0.003    2  1 
  51646.3225   14.273  0.003    2  1 
  51646.3260   14.266  0.004    2  1 
  51646.3296   14.269  0.004    2  1 
  51646.3330   14.266  0.004    2  1 
  51646.3377   14.250  0.004    2  1 
  51646.3414   14.245  0.004    2  1 
  51646.3451   14.237  0.004    2  1 
  51646.3496   14.221  0.003    2  1 
  51646.3530   14.218  0.004    2  1 
  51646.3568   14.213  0.004    2  1 
  51646.3602   14.231  0.004    2  1 
  51646.3637   14.218  0.004    2  1 
  51646.3679   14.206  0.004    2  1 
  51646.3713   14.200  0.004    2  1 
  51646.3746   14.213  0.004    2  1 
  51671.0353   14.533  0.004    2  1 
  51671.0475   14.547  0.004    2  1 
  51671.0721   14.507  0.004    2  1 
  51671.0771   14.488  0.005    2  1 
  51671.0871   14.465  0.005    2  1 
  51671.0917   14.451  0.005    2  1 
  51671.0952   14.437  0.005    2  1 
  51671.1013   14.402  0.004    2  1 
  51671.1053   14.391  0.004    2  1 
  51671.1107   14.364  0.004    2  1 
  51671.1151   14.344  0.004    2  1 
  51671.1189   14.339  0.005    2  1 
  51671.1232   14.314  0.005    2  1 
  51671.1292   14.316  0.004    2  1 
  51671.9878   14.412  0.003    2  1 
  51671.9920   14.401  0.003    2  1 
  51671.9996   14.362  0.004    2  1 
  51672.0039   14.329  0.004    2  1 
  51672.0277   14.306  0.003    2  1 
  51672.0316   14.307  0.003    2  1 
  51672.0350   14.308  0.004    2  1 
  51672.0382   14.309  0.004    2  1 
  51672.0822   14.215  0.003    2  1 
  51673.0232   14.155  0.003    2  1 
  51674.0574   14.514  0.007    2  1 
  51674.0620   14.534  0.007    2  1 
  51674.0685   14.509  0.005    2  1 
  51674.0726   14.509  0.005    2  1 
  51674.0938   14.582  0.007    2  1 
  51674.0985   14.576  0.006    2  1 
  51674.1052   14.553  0.005    2  1 
  51674.1117   14.556  0.005    2  1 
  51674.1159   14.585  0.006    2  1 
  51674.1223   14.589  0.005    2  1 
  51674.1260   14.563  0.004    2  1 
  51674.1296   14.563  0.004    2  1 
  51674.1332   14.558  0.004    2  1 
  51674.1368   14.561  0.004    2  1 
  51674.1405   14.558  0.004    2  1 
  51674.1444   14.562  0.004    2  1 
  51674.9689   14.538  0.004    2  1 
  51674.9724   14.540  0.004    2  1 
  51674.9763   14.565  0.006    2  1 
  51674.9824   14.581  0.006    2  1 
  51674.9867   14.560  0.004    2  1 
  51674.9911   14.556  0.005    2  1 
  51675.0041   14.559  0.005    2  1 
  51675.0121   14.566  0.005    2  1 
  51675.0159   14.557  0.005    2  1 
  51675.0212   14.591  0.006    2  1 
  51675.0253   14.560  0.004    2  1 
  51675.0289   14.560  0.004    2  1 
  51675.0351   14.559  0.004    2  1 
  51675.0465   14.550  0.004    2  1 
  51675.0521   14.532  0.005    2  1 
  51675.0558   14.532  0.004    2  1 
  51675.0622   14.520  0.004    2  1 
  51675.0661   14.516  0.004    2  1 
  51675.0719   14.504  0.004    2  1 
  51675.0756   14.493  0.004    2  1 
  51675.0814   14.470  0.004    2  1 
  51675.0858   14.454  0.004    2  1 
  51675.0927   14.426  0.004    2  1 
  51675.0970   14.402  0.004    2  1 
  51675.9751   14.438  0.003    2  1 
  51675.9802   14.406  0.004    2  1 
  51675.9906   14.370  0.003    2  1 
  51675.9939   14.343  0.003    2  1 
  51675.9971   14.332  0.003    2  1 
  51676.0005   14.329  0.003    2  1 
  51676.0036   14.314  0.003    2  1 
  51676.0067   14.312  0.003    2  1 
  51676.0112   14.299  0.003    2  1 
  51676.0163   14.278  0.004    2  1 
  51676.0240   14.289  0.004    2  1 
  51676.0301   14.280  0.004    2  1 
  51676.9616   14.230  0.004    2  1 
  51676.9713   14.205  0.004    2  1 
  51676.9757   14.204  0.004    2  1 
  51676.9867   14.187  0.004    2  1 
  51676.9919   14.191  0.005    2  1 
  51676.9969   14.173  0.005    2  1 
  51677.0090   14.168  0.004    2  1 
  51677.0126   14.159  0.004    2  1 
  51677.0180   14.166  0.005    2  1 
  51677.0226   14.164  0.004    2  1 
  51677.0271   14.175  0.005    2  1 
  51677.0318   14.174  0.004    2  1 
  51677.0362   14.178  0.004    2  1 
  51677.0410   14.198  0.005    2  1 
  51677.0453   14.202  0.005    2  1 
  51677.0499   14.212  0.005    2  1 
  51677.0580   14.228  0.005    2  1 
  51677.0628   14.234  0.005    2  1 
  51677.0672   14.245  0.005    2  1 
  51677.0713   14.260  0.004    2  1 
  51677.0751   14.231  0.004    2  1 
  51677.0793   14.284  0.004    2  1 
  51677.0835   14.295  0.004    2  1 
  51677.0877   14.297  0.004    2  1 
  51677.0918   14.307  0.004    2  1 
  51677.0956   14.329  0.004    2  1 
  51677.0996   14.336  0.005    2  1 
  51677.1044   14.356  0.005    2  1 
  51677.1082   14.367  0.005    2  1 
  51677.1121   14.373  0.005    2  1 
  51677.1160   14.381  0.005    2  1 
  51677.1199   14.397  0.005    2  1 
  51677.1238   14.406  0.005    2  1 
  51677.1276   14.408  0.005    2  1 
  51677.1315   14.423  0.005    2  1 
  51677.1353   14.434  0.005    2  1 
  51677.1396   14.441  0.005    2  1 
  51677.1434   14.453  0.005    2  1 
  51677.1476   14.460  0.005    2  1 
  51677.1520   14.477  0.005    2  1 
  51677.1564   14.480  0.005    2  1 
  51677.1603   14.486  0.005    2  1 
  51677.1642   14.501  0.005    2  1 
  51677.1680   14.500  0.005    2  1 
  51677.1719   14.508  0.005    2  1 
  51677.1759   14.519  0.005    2  1 
  51677.1797   14.517  0.005    2  1 
  51677.1836   14.526  0.005    2  1 
  51677.1883   14.530  0.005    2  1 
  51677.1922   14.537  0.005    2  1 
  51677.1960   14.543  0.005    2  1 
  51677.1999   14.547  0.005    2  1 
  51677.2038   14.554  0.005    2  1 
  51677.2083   14.552  0.005    2  1 
  51677.2133   14.547  0.005    2  1 
  51677.2176   14.541  0.006    2  1 
  51677.2233   14.541  0.005    2  1 
  51677.2335   14.546  0.007    2  1 
  51677.2391   14.540  0.007    2  1 
  51677.2524   14.546  0.006    2  1 
  51677.2571   14.544  0.006    2  1 
  51677.2620   14.540  0.006    2  1 
  51677.2664   14.535  0.006    2  1 
  51677.2708   14.534  0.005    2  1 
  51691.0375   14.496  0.002    2  1 
  51691.0409   14.486  0.003    2  1 
  51691.0444   14.465  0.003    2  1 
  51691.0509   14.438  0.003    2  1 
  51691.0543   14.425  0.004    2  1 
  51691.0579   14.411  0.003    2  1 
  51691.0633   14.394  0.002    2  1 
  51691.0670   14.378  0.002    2  1 
  51691.0711   14.358  0.003    2  1 
  51691.0770   14.343  0.003    2  1 
  51691.0805   14.329  0.003    2  1 
  51691.0840   14.314  0.003    2  1 
  51691.0896   14.307  0.003    2  1 
  51691.0931   14.303  0.003    2  1 
  51691.0971   14.305  0.003    2  1 
  51691.1040   14.289  0.003    2  1 
  51691.1083   14.293  0.003    2  1 
  51691.1122   14.289  0.003    2  1 
  51691.1180   14.279  0.003    2  1 
  51691.1214   14.261  0.003    2  1 
  51691.1249   14.263  0.003    2  1 
  51691.1323   14.245  0.003    2  1 
  51691.1357   14.235  0.002    2  1 
  51691.1392   14.231  0.003    2  1 
  51691.1448   14.223  0.003    2  1 
  51691.1522   14.198  0.002    2  1 
  51691.1561   14.203  0.002    2  1 
  51692.9816   14.136  0.004    2  1 
  51692.9854   14.153  0.004    2  1 
  51693.0130   14.204  0.003    2  1 
  51693.0165   14.205  0.003    2  1 
  51693.0248   14.247  0.003    2  1 
  51693.0305   14.257  0.003    2  1 
  51693.0340   14.270  0.003    2  1 
  51693.0378   14.283  0.003    2  1 
  51693.9780   14.443  0.004    2  1 
  51693.9814   14.438  0.004    2  1 
  51694.0082   14.490  0.004    2  1 
  51694.0114   14.507  0.004    2  1 
  51694.0202   14.511  0.003    2  1 
  51694.0234   14.511  0.003    2  1 
  51694.0267   14.523  0.003    2  1 
  51694.0319   14.531  0.003    2  1 
  51694.0351   14.534  0.004    2  1 
  51694.0384   14.542  0.004    2  1 
  51694.0418   14.545  0.003    2  1 
  51694.0472   14.552  0.004    2  1 
  51694.0505   14.552  0.004    2  1 
  51694.0537   14.559  0.004    2  1 
  51694.0590   14.558  0.004    2  1 
  51694.0623   14.569  0.004    2  1 
  51694.0656   14.555  0.003    2  1 
  51694.0714   14.563  0.004    2  1 
  51694.0748   14.555  0.003    2  1 
  51694.0781   14.571  0.004    2  1 
  51694.0836   14.572  0.004    2  1 
  51694.0868   14.571  0.004    2  1 
  51694.0901   14.575  0.004    2  1 
  51694.0957   14.559  0.003    2  1 
  51694.0989   14.563  0.003    2  1 
  51694.1021   14.565  0.004    2  1 
  51694.1075   14.559  0.003    2  1 
  51694.1106   14.558  0.003    2  1 
  51694.1190   14.545  0.004    2  1 
  51694.1221   14.545  0.003    2  1 
  51694.1252   14.541  0.004    2  1 
  51694.1286   14.537  0.004    2  1 
  51694.9914   14.598  0.004    2  1 
  51694.9946   14.610  0.005    2  1 
  51695.0280   14.483  0.003    2  1 
  51695.0317   14.448  0.003    2  1 
  51697.9712   14.435  0.004    2  1 
  51697.9818   14.456  0.004    2  1 
  51765.9746   14.435  0.004    2  1 
  51765.9783   14.419  0.004    2  1 
  51765.9820   14.404  0.004    2  1 
  51765.9974   14.339  0.005    2  1 
  51766.0012   14.331  0.005    2  1 
  51766.0048   14.307  0.005    2  1 
  51766.0194   14.325  0.004    2  1 
  51766.0229   14.323  0.004    2  1 
  51766.0266   14.314  0.005    2  1 
  51766.0301   14.303  0.005    2  1 
  51216.3063   14.985  0.004    3  1 
  51216.3342   15.068  0.004    3  1 
  51216.3572   15.114  0.004    3  1 
  51216.3847   15.130  0.005    3  1 
  51217.2936   15.132  0.004    3  1 
  51217.3214   15.064  0.004    3  1 
  51217.3432   14.996  0.003    3  1 
  51217.3852   14.758  0.003    3  1 
  51218.2935   14.732  0.004    3  1 
  51218.3212   14.689  0.003    3  1 
  51218.3442   14.636  0.003    3  1 
  51218.3704   14.549  0.003    3  1 
  51219.2811   14.593  0.001    3  1 
  51219.2844   14.549  0.003    3  1 
  51219.3053   14.579  0.003    3  1 
  51219.3228   14.647  0.003    3  1 
  51219.3465   14.767  0.003    3  1 
  51219.3676   14.834  0.004    3  1 
  51219.3851   14.905  0.003    3  1 
  51220.2805   14.951  0.004    3  1 
  51220.2995   15.010  0.004    3  1 
  51220.3171   15.064  0.004    3  1 
  51220.3523   15.136  0.004    3  1 
  51220.3689   15.157  0.005    3  1 
  51220.3877   15.148  0.006    3  1 
  51221.2691   15.113  0.004    3  1 
  51221.2915   15.126  0.004    3  1 
  51221.3097   15.074  0.004    3  1 
  51221.3270   14.952  0.003    3  1 
  51221.3437   14.870  0.004    3  1 
  51221.3619   14.766  0.003    3  1 
  51221.3854   14.752  0.003    3  1 
  51283.2237   15.057  0.003    3  1 
  51283.2601   15.093  0.003    3  1 
  51283.2830   15.121  0.004    3  1 
  51283.3050   15.109  0.004    3  1 
  51283.3367   15.022  0.004    3  1 
  51283.3600   14.893  0.003    3  1 
  51284.2056   15.088  0.004    3  1 
  51284.2337   14.961  0.004    3  1 
  51284.2542   14.822  0.003    3  1 
  51284.2806   14.713  0.003    3  1 
  51284.3075   14.702  0.003    3  1 
  51284.3333   14.577  0.003    3  1 
  51285.0371   15.056  0.003    3  1 
  51285.0646   15.132  0.004    3  1 
  51285.0885   15.108  0.004    3  1 
  51285.1182   14.949  0.003    3  1 
  51285.1470   14.805  0.003    3  1 
  51285.1698   14.774  0.003    3  1 
  51285.1988   14.736  0.003    3  1 
  51285.2270   14.576  0.003    3  1 
  51285.2539   14.531  0.003    3  1 
  51285.2851   14.578  0.003    3  1 
  51285.3202   14.614  0.003    3  1 
  51285.3496   14.752  0.003    3  1 
  51286.0308   14.839  0.002    3  1 
  51286.0619   14.755  0.003    3  1 
  51286.0871   14.751  0.002    3  1 
  51286.0921   14.782  0.002    3  1 
  51286.1226   14.651  0.002    3  1 
  51286.1512   14.614  0.002    3  1 
  51286.1789   14.599  0.002    3  1 
  51286.2076   14.650  0.003    3  1 
  51286.2389   14.772  0.003    3  1 
  51286.2613   14.849  0.003    3  1 
  51286.2889   14.961  0.003    3  1 
  51286.3108   15.033  0.003    3  1 
  51286.3335   15.088  0.004    3  1 
  51286.3566   15.130  0.004    3  1 
  51304.9734   15.109  0.003    3  1 
  51305.0076   15.127  0.004    3  1 
  51305.0510   14.941  0.003    3  1 
  51305.0770   14.820  0.003    3  1 
  51305.1004   14.771  0.003    3  1 
  51305.1407   14.686  0.004    3  1 
  51305.1707   14.558  0.003    3  1 
  51305.1996   14.504  0.003    3  1 
  51305.2299   14.544  0.003    3  1 
  51305.2561   14.646  0.003    3  1 
  51305.2836   14.759  0.004    3  1 
  51305.3139   14.870  0.004    3  1 
  51305.9733   14.805  0.003    3  1 
  51306.0117   14.747  0.003    3  1 
  51306.0157   14.700  0.003    3  1 
  51306.0375   14.617  0.003    3  1 
  51306.0735   14.519  0.003    3  1 
  51306.1026   14.600  0.003    3  1 
  51306.1285   14.639  0.003    3  1 
  51306.1517   14.659  0.004    3  1 
  51306.1807   14.796  0.003    3  1 
  51306.2059   14.895  0.003    3  1 
  51306.2269   14.959  0.003    3  1 
  51306.2491   15.019  0.003    3  1 
  51306.2725   15.090  0.003    3  1 
  51306.2932   15.089  0.003    3  1 
  51307.9986   14.948  0.002    3  1 
  51308.0249   15.002  0.003    3  1 
  51308.0524   15.118  0.004    3  1 
  51308.0811   15.119  0.003    3  1 
  51308.0851   15.147  0.003    3  1 
  51308.1202   15.109  0.004    3  1 
  51310.1272   14.646  0.003    3  1 
  51310.1308   14.653  0.003    3  1 
  51314.9714   14.552  0.003    3  1 
  51315.0138   14.679  0.003    3  1 
  51315.0372   14.777  0.003    3  1 
  51315.0710   14.909  0.003    3  1 
  51315.0946   14.995  0.004    3  1 
  51315.1180   15.064  0.004    3  1 
  51316.0363   15.093  0.003    3  1 
  51316.0597   15.136  0.004    3  1 
  51316.0832   15.143  0.004    3  1 
  51316.1079   15.054  0.003    3  1 
  51316.9780   15.048  0.004    3  1 
  51317.0013   15.029  0.004    3  1 
  51317.0241   14.891  0.006    3  1 
  51317.0523   14.744  0.004    3  1 
  51317.0782   14.716  0.004    3  1 
  51317.1035   14.642  0.003    3  1 
  51317.9808   14.711  0.003    3  1 
  51318.0060   14.562  0.004    3  1 
  51318.0898   14.519  0.005    3  1 
  51318.1183   14.597  0.008    3  1 
  51318.9811   14.626  0.003    3  1 
  51319.0058   14.702  0.003    3  1 
  51319.0315   14.810  0.004    3  1 
  51319.0717   14.965  0.004    3  1 
  51319.0961   15.053  0.004    3  1 
  51320.0968   15.026  0.003    3  1 
  51320.1175   14.921  0.003    3  1 
  51320.9771   15.024  0.003    3  1 
  51320.9998   14.954  0.003    3  1 
  51321.0212   14.829  0.003    3  1 
  51321.0434   14.766  0.002    3  1 
  51321.0658   14.758  0.002    3  1 
  51321.0965   14.659  0.003    3  1 
  51321.1252   14.530  0.003    3  1 
  51333.0403   14.716  0.003    3  1 
  51333.1062   14.514  0.003    3  1 
  51334.9989   14.881  0.003    3  1 
  51335.0432   15.045  0.004    3  1 
  51335.0972   15.145  0.004    3  1 
  51335.1083   15.141  0.005    3  1 
  51336.0103   15.128  0.004    3  1 
  51336.0508   15.021  0.004    3  1 
  51336.0891   14.796  0.004    3  1 
  51338.0075   14.535  0.003    3  1 
  51338.9740   14.827  0.003    3  1 
  51339.0046   14.957  0.004    3  1 
  51339.0385   15.069  0.004    3  1 
  51339.0685   15.102  0.004    3  1 
  51339.1006   15.131  0.005    3  1 
  51339.1280   15.085  0.004    3  1 
  51339.9665   15.121  0.004    3  1 
  51339.9935   15.146  0.004    3  1 
  51340.0189   15.112  0.004    3  1 
  51340.0441   15.013  0.005    3  1 
  51340.0753   14.792  0.004    3  1 
  51340.1041   14.708  0.004    3  1 
  51345.0430   14.533  0.003    3  1 
  51345.0736   14.496  0.002    3  1 
  51345.9747   14.526  0.004    3  1 
  51346.0101   14.629  0.003    3  1 
  51346.0388   14.729  0.003    3  1 
  51346.0670   14.849  0.004    3  1 
  51347.0317   15.094  0.004    3  1 
  51347.0645   15.129  0.004    3  1 
  51347.0896   15.123  0.003    3  1 
  51347.9638   15.127  0.004    3  1 
  51348.0146   15.057  0.004    3  1 
  51348.9591   14.752  0.004    3  1 
  51349.0243   14.586  0.003    3  1 
  51349.9679   14.577  0.003    3  1 
  51364.9721   14.546  0.003    3  1 
  51380.9890   14.575  0.003    3  1 
  51381.9751   14.955  0.004    3  1 
  51382.9716   15.130  0.005    3  1 
  51383.9680   14.781  0.003    3  1 
  51384.9688   14.671  0.002    3  1 
  51385.9645   14.954  0.003    3  1 
  51386.9859   15.037  0.004    3  1 
  51388.9699   14.559  0.004    3  1 
  51389.9715   15.031  0.004    3  1 
  51390.9663   15.045  0.003    3  1 
  51391.9664   14.740  0.002    3  1 
  51672.0213   14.749  0.003    3  1 
  51674.0796   15.127  0.006    3  1 
  51674.9989   15.176  0.005    3  1 
  51675.0396   15.123  0.004    3  1 
  51693.0053   14.601  0.003    3  1 
  51694.0012   15.008  0.004    3  1 
  51695.0214   14.962  0.002    3  1 
  51765.9863   14.848  0.004    3  1 
  51766.0153   14.729  0.005    3  1 
 56468.97641   12.219  0.173   -1  1 
 56469.04707   12.560  0.267   -1  1 
 56469.10896   12.185  0.141   -1  1 
 56469.17285   12.624  0.057   -1  1 
 56471.00364   12.419  0.091   -1  1 
 56471.06640   12.749  0.043   -1  1 
 56471.12490   12.648  0.072   -1  1 
 56471.18188   12.725  0.043   -1  1 
 56471.96759   12.021  0.119   -1  1 
 56472.03374   12.648  0.072   -1  1 
 56472.09484   12.692  0.042   -1  1 
 56472.15243   12.679  0.035   -1  1 
 56468.95296   12.311  0.200   -2  1 
 56469.02441   12.462  0.148   -2  1 
 56469.08813   12.374  0.140   -2  1 
 56469.15134   12.552  0.100   -2  1 
 56471.02588   12.344  0.143   -2  1 
 56471.08671   12.561  0.070   -2  1 
 56471.14302   12.749  0.043   -2  1 
 56471.94704   12.644  0.055   -2  1 
 56472.01085   12.744  0.117   -2  1 
 56472.07480   12.438  0.086   -2  1 
 56472.13240   12.930  0.036   -2  1 
 56472.19216   12.810  0.045   -2  1 
 56469.00041   12.916  0.102   -5  1 
 56469.06767   13.145  0.059   -5  1 
 56469.13003   13.046  0.065   -5  1 
 56469.19349   13.094  0.041   -5  1 
 56470.98130   13.077  0.037   -5  1 
 56471.04693   13.041  0.064   -5  1 
 56471.10523   13.141  0.035   -5  1 
 56471.16397   13.241  0.030   -5  1 
 56471.98857   13.105  0.053   -5  1 
 56472.05430   13.243  0.042   -5  1 
 56472.11383   13.181  0.035   -5  1 
 56472.17109   13.100  0.031   -5  1 
