  51216.2987   14.577  0.004    2  1 
  51216.3275   14.498  0.004    2  1 
  51216.3519   14.448  0.004    2  1 
  51216.3771   14.410  0.004    2  1 
  51217.2851   14.655  0.005    2  1 
  51217.3152   14.688  0.005    2  1 
  51217.3378   14.673  0.004    2  1 
  51217.3598   14.676  0.005    2  1 
  51217.3804   14.639  0.004    2  1 
  51218.3013   14.485  0.004    2  1 
  51218.3254   14.528  0.004    2  1 
  51218.3504   14.589  0.004    2  1 
  51218.3753   14.631  0.004    2  1 
  51219.2775   14.490  0.004    2  1 
  51219.3014   14.454  0.004    2  1 
  51219.3186   14.445  0.004    2  1 
  51219.3397   14.427  0.004    2  1 
  51219.3635   14.430  0.004    2  1 
  51219.3810   14.451  0.004    2  1 
  51220.2867   14.685  0.004    2  1 
  51220.3036   14.664  0.004    2  1 
  51220.3219   14.627  0.004    2  1 
  51220.3564   14.535  0.004    2  1 
  51220.3729   14.506  0.004    2  1 
  51220.3920   14.477  0.004    2  1 
  51221.2619   14.534  0.004    2  1 
  51221.2873   14.587  0.004    2  1 
  51221.3052   14.618  0.004    2  1 
  51221.3230   14.648  0.004    2  1 
  51221.3396   14.668  0.004    2  1 
  51221.3577   14.687  0.005    2  1 
  51221.3762   14.693  0.005    2  1 
  51283.2102   14.417  0.004    2  1 
  51283.2288   14.432  0.004    2  1 
  51283.2338   14.432  0.004    2  1 
  51283.2391   14.433  0.004    2  1 
  51283.2642   14.455  0.004    2  1 
  51283.2680   14.459  0.004    2  1 
  51283.2868   14.489  0.004    2  1 
  51283.2902   14.492  0.004    2  1 
  51283.3138   14.541  0.004    2  1 
  51283.3170   14.556  0.004    2  1 
  51283.3408   14.592  0.004    2  1 
  51283.3447   14.609  0.004    2  1 
  51283.3642   14.634  0.004    2  1 
  51283.3673   14.647  0.004    2  1 
  51284.1955   14.647  0.004    2  1 
  51284.1993   14.648  0.004    2  1 
  51284.2266   14.550  0.004    2  1 
  51284.2298   14.546  0.004    2  1 
  51284.2475   14.506  0.004    2  1 
  51284.2506   14.499  0.004    2  1 
  51284.2679   14.460  0.004    2  1 
  51284.2711   14.458  0.004    2  1 
  51284.3004   14.428  0.004    2  1 
  51284.3036   14.422  0.004    2  1 
  51284.3257   14.417  0.004    2  1 
  51284.3289   14.420  0.004    2  1 
  51285.0269   14.441  0.003    2  1 
  51285.0299   14.442  0.003    2  1 
  51285.0607   14.438  0.003    2  1 
  51285.0814   14.436  0.003    2  1 
  51285.0847   14.436  0.003    2  1 
  51285.1052   14.470  0.003    2  1 
  51285.1084   14.474  0.004    2  1 
  51285.1396   14.535  0.004    2  1 
  51285.1427   14.544  0.004    2  1 
  51285.1624   14.580  0.004    2  1 
  51285.1654   14.587  0.004    2  1 
  51285.1891   14.633  0.004    2  1 
  51285.1924   14.641  0.004    2  1 
  51285.2195   14.679  0.004    2  1 
  51285.2227   14.675  0.004    2  1 
  51285.2468   14.683  0.004    2  1 
  51285.2498   14.687  0.004    2  1 
  51285.2738   14.675  0.004    2  1 
  51285.2775   14.678  0.004    2  1 
  51285.3077   14.611  0.004    2  1 
  51285.3112   14.599  0.004    2  1 
  51285.3425   14.510  0.004    2  1 
  51285.3456   14.500  0.004    2  1 
  51286.0177   14.658  0.004    2  1 
  51286.0241   14.635  0.004    2  1 
  51286.0542   14.549  0.003    2  1 
  51286.0574   14.550  0.003    2  1 
  51286.0794   14.506  0.003    2  1 
  51286.0832   14.499  0.003    2  1 
  51286.1105   14.457  0.003    2  1 
  51286.1136   14.448  0.003    2  1 
  51286.1441   14.421  0.003    2  1 
  51286.1472   14.435  0.003    2  1 
  51286.1708   14.424  0.003    2  1 
  51286.1740   14.433  0.003    2  1 
  51286.1969   14.448  0.004    2  1 
  51286.2002   14.456  0.004    2  1 
  51286.2322   14.519  0.004    2  1 
  51286.2352   14.525  0.004    2  1 
  51286.2544   14.566  0.004    2  1 
  51286.2573   14.567  0.004    2  1 
  51286.2785   14.616  0.004    2  1 
  51286.2816   14.618  0.004    2  1 
  51286.3149   14.664  0.004    2  1 
  51286.3179   14.672  0.004    2  1 
  51286.3375   14.689  0.004    2  1 
  51286.3409   14.686  0.004    2  1 
  51286.3604   14.691  0.005    2  1 
  51286.3635   14.680  0.004    2  1 
  51286.3665   14.687  0.004    2  1 
  51304.9667   14.555  0.003    2  1 
  51304.9697   14.547  0.003    2  1 
  51304.9956   14.599  0.004    2  1 
  51304.9985   14.608  0.004    2  1 
  51305.0393   14.670  0.004    2  1 
  51305.0423   14.671  0.004    2  1 
  51305.0812   14.686  0.004    2  1 
  51305.0852   14.684  0.005    2  1 
  51305.1040   14.670  0.004    2  1 
  51305.1077   14.666  0.004    2  1 
  51305.1328   14.595  0.004    2  1 
  51305.1357   14.597  0.004    2  1 
  51305.1582   14.525  0.004    2  1 
  51305.1616   14.527  0.004    2  1 
  51305.1919   14.466  0.004    2  1 
  51305.1953   14.450  0.004    2  1 
  51305.2170   14.427  0.004    2  1 
  51305.2202   14.424  0.004    2  1 
  51305.2493   14.420  0.004    2  1 
  51305.2523   14.415  0.003    2  1 
  51305.2764   14.439  0.004    2  1 
  51305.2796   14.452  0.004    2  1 
  51305.3025   14.475  0.004    2  1 
  51305.3054   14.480  0.004    2  1 
  51305.9643   14.425  0.003    2  1 
  51305.9672   14.434  0.003    2  1 
  51306.0313   14.475  0.003    2  1 
  51306.0340   14.478  0.003    2  1 
  51306.0638   14.539  0.003    2  1 
  51306.0674   14.549  0.003    2  1 
  51306.0960   14.596  0.004    2  1 
  51306.0990   14.585  0.004    2  1 
  51306.1183   14.629  0.003    2  1 
  51306.1209   14.651  0.003    2  1 
  51306.1434   14.658  0.004    2  1 
  51306.1474   14.670  0.005    2  1 
  51306.1743   14.690  0.004    2  1 
  51306.1770   14.689  0.003    2  1 
  51306.1996   14.671  0.003    2  1 
  51306.2025   14.675  0.003    2  1 
  51306.2207   14.635  0.003    2  1 
  51306.2235   14.635  0.003    2  1 
  51306.2407   14.575  0.003    2  1 
  51306.2432   14.583  0.003    2  1 
  51306.2458   14.568  0.003    2  1 
  51306.2665   14.519  0.003    2  1 
  51306.2691   14.507  0.003    2  1 
  51306.2862   14.472  0.003    2  1 
  51306.2895   14.463  0.003    2  1 
  51306.3068   14.437  0.003    2  1 
  51306.3101   14.433  0.003    2  1 
  51306.9828   14.566  0.005    2  1 
  51306.9870   14.558  0.003    2  1 
  51307.0161   14.483  0.003    2  1 
  51307.0270   14.485  0.004    2  1 
  51307.0388   14.464  0.004    2  1 
  51307.0824   14.448  0.004    2  1 
  51307.9862   14.662  0.004    2  1 
  51307.9901   14.665  0.003    2  1 
  51308.0178   14.666  0.003    2  1 
  51308.0212   14.669  0.003    2  1 
  51308.0443   14.654  0.003    2  1 
  51308.1072   14.503  0.004    2  1 
  51308.1114   14.489  0.004    2  1 
  51310.1342   14.587  0.003    2  1 
  51310.1371   14.602  0.003    2  1 
  51310.1402   14.598  0.003    2  1 
  51314.9621   14.657  0.004    2  1 
  51314.9650   14.668  0.004    2  1 
  51314.9679   14.671  0.004    2  1 
  51314.9914   14.678  0.004    2  1 
  51314.9943   14.675  0.004    2  1 
  51314.9972   14.682  0.004    2  1 
  51315.0171   14.655  0.003    2  1 
  51315.0197   14.652  0.003    2  1 
  51315.0224   14.650  0.003    2  1 
  51315.0409   14.608  0.003    2  1 
  51315.0436   14.595  0.003    2  1 
  51315.0462   14.591  0.003    2  1 
  51315.0650   14.540  0.003    2  1 
  51315.0677   14.530  0.003    2  1 
  51315.0860   14.487  0.003    2  1 
  51315.0887   14.482  0.003    2  1 
  51315.0913   14.479  0.003    2  1 
  51315.1094   14.457  0.003    2  1 
  51315.1121   14.454  0.003    2  1 
  51315.1148   14.445  0.003    2  1 
  51316.0303   14.641  0.003    2  1 
  51316.0330   14.641  0.003    2  1 
  51316.0511   14.652  0.003    2  1 
  51316.0538   14.658  0.003    2  1 
  51316.0565   14.663  0.003    2  1 
  51316.0746   14.671  0.004    2  1 
  51316.0773   14.670  0.004    2  1 
  51316.0800   14.680  0.004    2  1 
  51316.0992   14.681  0.004    2  1 
  51316.1020   14.669  0.003    2  1 
  51316.1046   14.672  0.003    2  1 
  51316.1228   14.653  0.004    2  1 
  51316.1255   14.646  0.004    2  1 
  51316.1281   14.643  0.004    2  1 
  51316.9815   14.425  0.003    2  1 
  51316.9843   14.427  0.003    2  1 
  51316.9869   14.424  0.003    2  1 
  51316.9978   14.424  0.004    2  1 
  51317.0147   14.431  0.004    2  1 
  51317.0176   14.430  0.004    2  1 
  51317.0205   14.441  0.004    2  1 
  51317.0420   14.471  0.004    2  1 
  51317.0450   14.472  0.004    2  1 
  51317.0483   14.475  0.004    2  1 
  51317.0689   14.514  0.004    2  1 
  51317.0718   14.522  0.004    2  1 
  51317.0747   14.525  0.004    2  1 
  51317.0946   14.560  0.004    2  1 
  51317.0974   14.574  0.003    2  1 
  51317.1000   14.576  0.004    2  1 
  51317.1199   14.618  0.004    2  1 
  51317.1228   14.615  0.004    2  1 
  51317.1257   14.623  0.004    2  1 
  51317.9715   14.626  0.004    2  1 
  51317.9744   14.623  0.004    2  1 
  51317.9772   14.627  0.004    2  1 
  51317.9970   14.567  0.003    2  1 
  51317.9998   14.560  0.003    2  1 
  51318.0025   14.556  0.004    2  1 
  51318.0227   14.512  0.004    2  1 
  51318.0260   14.505  0.004    2  1 
  51318.0292   14.512  0.005    2  1 
  51318.0510   14.452  0.004    2  1 
  51318.0542   14.447  0.004    2  1 
  51318.0575   14.444  0.004    2  1 
  51318.0795   14.420  0.004    2  1 
  51318.0827   14.427  0.004    2  1 
  51318.0859   14.423  0.004    2  1 
  51318.1079   14.441  0.004    2  1 
  51318.1111   14.441  0.004    2  1 
  51318.1144   14.456  0.004    2  1 
  51318.9846   14.664  0.004    2  1 
  51318.9874   14.672  0.004    2  1 
  51318.9902   14.670  0.004    2  1 
  51319.0093   14.683  0.004    2  1 
  51319.0122   14.688  0.004    2  1 
  51319.0151   14.685  0.004    2  1 
  51319.0351   14.674  0.004    2  1 
  51319.0380   14.682  0.004    2  1 
  51319.0411   14.679  0.005    2  1 
  51319.0623   14.653  0.004    2  1 
  51319.0928   14.577  0.003    2  1 
  51319.1137   14.519  0.003    2  1 
  51319.1164   14.507  0.003    2  1 
  51319.1190   14.501  0.003    2  1 
  51320.0869   14.643  0.003    2  1 
  51320.0909   14.655  0.003    2  1 
  51320.1531   14.664  0.004    2  1 
  51320.1557   14.657  0.003    2  1 
  51320.1584   14.666  0.003    2  1 
  51320.9810   14.455  0.003    2  1 
  51321.0292   14.424  0.003    2  1 
  51321.0466   14.431  0.003    2  1 
  51321.0491   14.429  0.003    2  1 
  51321.0517   14.411  0.003    2  1 
  51321.0689   14.448  0.003    2  1 
  51321.0714   14.457  0.003    2  1 
  51321.0740   14.452  0.003    2  1 
  51321.0997   14.502  0.003    2  1 
  51321.1023   14.503  0.003    2  1 
  51321.1049   14.511  0.003    2  1 
  51321.1074   14.515  0.003    2  1 
  51321.1100   14.523  0.003    2  1 
  51321.1285   14.559  0.003    2  1 
  51321.1311   14.568  0.003    2  1 
  51332.9607   14.675  0.006    2  1 
  51332.9651   14.678  0.006    2  1 
  51332.9797   14.683  0.005    2  1 
  51332.9834   14.678  0.005    2  1 
  51333.0005   14.669  0.005    2  1 
  51333.0039   14.666  0.005    2  1 
  51333.0156   14.646  0.005    2  1 
  51333.0192   14.632  0.005    2  1 
  51333.0445   14.567  0.005    2  1 
  51333.0479   14.558  0.004    2  1 
  51333.0636   14.516  0.006    2  1 
  51333.0681   14.509  0.005    2  1 
  51333.0834   14.470  0.004    2  1 
  51333.0869   14.462  0.004    2  1 
  51333.0981   14.442  0.004    2  1 
  51333.1018   14.435  0.004    2  1 
  51333.1258   14.411  0.004    2  1 
  51333.1294   14.422  0.005    2  1 
  51333.1410   14.422  0.005    2  1 
  51333.1452   14.412  0.005    2  1 
  51333.1492   14.407  0.005    2  1 
  51333.1642   14.421  0.005    2  1 
  51333.1679   14.417  0.004    2  1 
  51334.9778   14.424  0.003    2  1 
  51334.9806   14.422  0.003    2  1 
  51335.0115   14.439  0.003    2  1 
  51335.0145   14.441  0.003    2  1 
  51335.0237   14.459  0.004    2  1 
  51335.0269   14.456  0.004    2  1 
  51335.0365   14.470  0.004    2  1 
  51335.0396   14.482  0.004    2  1 
  51335.0624   14.530  0.004    2  1 
  51335.0658   14.539  0.004    2  1 
  51335.0766   14.557  0.004    2  1 
  51335.0800   14.569  0.004    2  1 
  51335.1009   14.600  0.004    2  1 
  51335.1041   14.612  0.005    2  1 
  51335.9585   14.643  0.005    2  1 
  51335.9619   14.630  0.005    2  1 
  51335.9661   14.622  0.005    2  1 
  51335.9693   14.610  0.004    2  1 
  51335.9855   14.564  0.004    2  1 
  51335.9915   14.548  0.004    2  1 
  51335.9966   14.534  0.004    2  1 
  51336.0139   14.492  0.004    2  1 
  51336.0172   14.493  0.004    2  1 
  51336.0275   14.474  0.004    2  1 
  51336.0306   14.470  0.004    2  1 
  51336.0439   14.447  0.004    2  1 
  51336.0470   14.449  0.004    2  1 
  51336.0662   14.437  0.004    2  1 
  51336.0696   14.425  0.004    2  1 
  51336.0728   14.426  0.004    2  1 
  51336.0954   14.424  0.004    2  1 
  51336.0989   14.430  0.004    2  1 
  51336.1119   14.438  0.004    2  1 
  51336.1153   14.442  0.004    2  1 
  51336.1297   14.468  0.005    2  1 
  51336.1557   14.534  0.006    2  1 
  51336.1600   14.523  0.006    2  1 
  51336.1647   14.539  0.006    2  1 
  51336.9567   14.634  0.003    2  1 
  51337.0022   14.658  0.004    2  1 
  51337.9827   14.485  0.005    2  1 
  51337.9868   14.495  0.004    2  1 
  51337.9997   14.520  0.005    2  1 
  51338.0033   14.528  0.004    2  1 
  51338.0231   14.569  0.004    2  1 
  51338.0265   14.568  0.005    2  1 
  51338.0304   14.574  0.005    2  1 
  51338.9791   14.441  0.004    2  1 
  51338.9849   14.435  0.003    2  1 
  51339.0116   14.419  0.004    2  1 
  51339.0151   14.424  0.004    2  1 
  51339.0441   14.414  0.004    2  1 
  51339.0477   14.424  0.004    2  1 
  51339.0513   14.426  0.004    2  1 
  51339.0774   14.476  0.004    2  1 
  51339.0807   14.478  0.004    2  1 
  51339.1093   14.536  0.004    2  1 
  51339.1327   14.590  0.004    2  1 
  51339.1363   14.598  0.004    2  1 
  51339.9588   14.680  0.004    2  1 
  51339.9627   14.681  0.004    2  1 
  51339.9835   14.658  0.004    2  1 
  51339.9874   14.651  0.004    2  1 
  51340.0115   14.593  0.004    2  1 
  51340.0146   14.578  0.004    2  1 
  51340.0349   14.507  0.004    2  1 
  51340.0380   14.510  0.004    2  1 
  51340.0659   14.461  0.004    2  1 
  51340.0696   14.452  0.004    2  1 
  51340.0938   14.426  0.004    2  1 
  51340.0983   14.434  0.004    2  1 
  51340.1334   14.421  0.004    2  1 
  51340.1366   14.417  0.004    2  1 
  51344.9654   14.498  0.003    2  1 
  51344.9786   14.527  0.003    2  1 
  51344.9829   14.533  0.004    2  1 
  51345.0052   14.587  0.004    2  1 
  51345.0092   14.598  0.004    2  1 
  51345.0132   14.602  0.003    2  1 
  51345.0170   14.616  0.004    2  1 
  51345.0353   14.635  0.004    2  1 
  51345.0390   14.642  0.003    2  1 
  51345.0645   14.673  0.004    2  1 
  51345.0690   14.679  0.004    2  1 
  51345.9658   14.443  0.005    2  1 
  51345.9696   14.435  0.005    2  1 
  51345.9999   14.417  0.004    2  1 
  51346.0043   14.411  0.004    2  1 
  51346.0310   14.435  0.004    2  1 
  51346.0343   14.441  0.004    2  1 
  51346.0571   14.484  0.004    2  1 
  51346.0604   14.485  0.004    2  1 
  51347.0221   14.496  0.004    2  1 
  51347.0274   14.481  0.003    2  1 
  51347.0562   14.434  0.004    2  1 
  51347.0597   14.428  0.004    2  1 
  51347.0815   14.412  0.003    2  1 
  51347.0850   14.407  0.003    2  1 
  51347.9550   14.593  0.004    2  1 
  51347.9581   14.620  0.004    2  1 
  51347.9877   14.666  0.004    2  1 
  51347.9914   14.664  0.004    2  1 
  51347.9948   14.667  0.004    2  1 
  51348.0181   14.679  0.004    2  1 
  51348.0211   14.690  0.004    2  1 
  51348.0849   14.593  0.005    2  1 
  51348.0897   14.585  0.005    2  1 
  51348.1054   14.539  0.005    2  1 
  51348.1088   14.534  0.004    2  1 
  51348.1122   14.519  0.005    2  1 
  51348.9528   14.431  0.003    2  1 
  51348.9557   14.445  0.003    2  1 
  51348.9824   14.467  0.003    2  1 
  51348.9941   14.490  0.004    2  1 
  51349.0152   14.527  0.004    2  1 
  51349.0189   14.535  0.004    2  1 
  51349.9596   14.506  0.003    2  1 
  51349.9627   14.493  0.003    2  1 
  51349.9911   14.457  0.003    2  1 
  51349.9944   14.455  0.003    2  1 
  51350.0097   14.439  0.004    2  1 
  51350.0128   14.438  0.004    2  1 
  51350.0228   14.434  0.004    2  1 
  51364.9643   14.632  0.004    2  1 
  51364.9677   14.625  0.004    2  1 
  51380.9714   14.564  0.003    2  1 
  51380.9769   14.575  0.003    2  1 
  51380.9801   14.582  0.003    2  1 
  51380.9845   14.588  0.003    2  1 
  51381.0066   14.632  0.003    2  1 
  51381.0096   14.629  0.003    2  1 
  51381.0136   14.646  0.003    2  1 
  51381.9638   14.412  0.003    2  1 
  51381.9679   14.418  0.003    2  1 
  51381.9716   14.424  0.004    2  1 
  51381.9917   14.426  0.004    2  1 
  51381.9946   14.424  0.004    2  1 
  51382.9605   14.598  0.004    2  1 
  51382.9652   14.582  0.004    2  1 
  51382.9682   14.571  0.004    2  1 
  51382.9887   14.513  0.004    2  1 
  51382.9916   14.510  0.004    2  1 
  51383.9595   14.644  0.003    2  1 
  51383.9648   14.648  0.003    2  1 
  51383.9826   14.669  0.004    2  1 
  51383.9853   14.656  0.004    2  1 
  51384.9827   14.489  0.003    2  1 
  51385.9557   14.453  0.003    2  1 
  51385.9615   14.454  0.003    2  1 
  51385.9788   14.430  0.003    2  1 
  51385.9814   14.433  0.003    2  1 
  51386.9731   14.667  0.005    2  1 
  51386.9769   14.659  0.004    2  1 
  51386.9807   14.652  0.004    2  1 
  51387.0101   14.592  0.004    2  1 
  51387.0139   14.574  0.004    2  1 
  51387.0177   14.578  0.004    2  1 
  51388.9571   14.452  0.004    2  1 
  51388.9622   14.440  0.004    2  1 
  51388.9659   14.429  0.004    2  1 
  51388.9899   14.458  0.004    2  1 
  51388.9932   14.470  0.004    2  1 
  51389.9629   14.511  0.003    2  1 
  51389.9656   14.506  0.003    2  1 
  51389.9683   14.504  0.003    2  1 
  51390.9578   14.658  0.003    2  1 
  51390.9604   14.671  0.003    2  1 
  51390.9631   14.681  0.005    2  1 
  51391.9583   14.518  0.003    2  1 
  51391.9634   14.521  0.002    2  1 
  51646.1374   14.671  0.004    2  1 
  51646.1447   14.654  0.005    2  1 
  51646.1486   14.664  0.005    2  1 
  51646.1532   14.655  0.005    2  1 
  51646.1570   14.634  0.005    2  1 
  51646.1609   14.634  0.005    2  1 
  51646.1649   14.631  0.005    2  1 
  51646.1687   14.620  0.005    2  1 
  51646.1727   14.618  0.005    2  1 
  51646.1764   14.598  0.005    2  1 
  51646.1801   14.599  0.005    2  1 
  51646.1837   14.580  0.004    2  1 
  51646.1871   14.579  0.004    2  1 
  51646.1907   14.567  0.005    2  1 
  51646.1944   14.557  0.005    2  1 
  51646.1983   14.542  0.004    2  1 
  51646.2025   14.535  0.004    2  1 
  51646.2065   14.533  0.004    2  1 
  51646.2100   14.523  0.004    2  1 
  51646.2138   14.509  0.004    2  1 
  51646.2172   14.505  0.004    2  1 
  51646.2206   14.493  0.004    2  1 
  51646.2245   14.489  0.004    2  1 
  51646.2283   14.486  0.004    2  1 
  51646.2320   14.481  0.004    2  1 
  51646.2362   14.469  0.004    2  1 
  51646.2394   14.469  0.003    2  1 
  51646.2426   14.462  0.003    2  1 
  51646.2457   14.457  0.003    2  1 
  51646.2489   14.456  0.003    2  1 
  51646.2523   14.460  0.003    2  1 
  51646.2557   14.448  0.004    2  1 
  51646.2591   14.444  0.004    2  1 
  51646.2660   14.444  0.004    2  1 
  51646.2895   14.442  0.005    2  1 
  51646.3070   14.446  0.005    2  1 
  51646.3111   14.450  0.004    2  1 
  51646.3151   14.438  0.004    2  1 
  51646.3189   14.444  0.004    2  1 
  51646.3225   14.445  0.004    2  1 
  51646.3260   14.448  0.004    2  1 
  51646.3296   14.458  0.004    2  1 
  51646.3330   14.460  0.004    2  1 
  51646.3377   14.467  0.004    2  1 
  51646.3414   14.478  0.004    2  1 
  51646.3451   14.486  0.004    2  1 
  51646.3496   14.483  0.004    2  1 
  51646.3530   14.501  0.004    2  1 
  51646.3568   14.503  0.004    2  1 
  51646.3602   14.534  0.004    2  1 
  51646.3637   14.524  0.004    2  1 
  51646.3679   14.533  0.004    2  1 
  51646.3713   14.540  0.004    2  1 
  51646.3746   14.553  0.004    2  1 
  51671.0353   14.665  0.004    2  1 
  51671.0475   14.670  0.004    2  1 
  51671.0585   14.685  0.004    2  1 
  51671.0649   14.684  0.004    2  1 
  51671.0721   14.688  0.004    2  1 
  51671.0771   14.678  0.005    2  1 
  51671.1013   14.679  0.004    2  1 
  51671.1053   14.668  0.004    2  1 
  51671.1107   14.662  0.004    2  1 
  51671.1151   14.660  0.004    2  1 
  51671.1292   14.627  0.004    2  1 
  51671.9878   14.433  0.003    2  1 
  51671.9920   14.431  0.003    2  1 
  51672.0277   14.458  0.004    2  1 
  51672.0316   14.467  0.003    2  1 
  51672.0822   14.563  0.004    2  1 
  51674.0685   14.629  0.005    2  1 
  51674.0726   14.617  0.005    2  1 
  51674.1052   14.529  0.005    2  1 
  51674.1117   14.517  0.005    2  1 
  51674.1260   14.488  0.004    2  1 
  51674.1296   14.484  0.004    2  1 
  51674.1332   14.475  0.004    2  1 
  51674.1368   14.472  0.004    2  1 
  51674.1405   14.467  0.004    2  1 
  51674.1444   14.461  0.004    2  1 
  51674.9689   14.464  0.004    2  1 
  51674.9724   14.462  0.004    2  1 
  51674.9867   14.495  0.004    2  1 
  51674.9911   14.497  0.005    2  1 
  51675.0041   14.534  0.005    2  1 
  51675.0121   14.553  0.005    2  1 
  51675.0159   14.558  0.005    2  1 
  51675.0253   14.576  0.004    2  1 
  51675.0289   14.580  0.004    2  1 
  51675.0351   14.595  0.004    2  1 
  51675.0465   14.615  0.004    2  1 
  51675.0521   14.624  0.005    2  1 
  51675.0558   14.629  0.004    2  1 
  51675.0622   14.645  0.005    2  1 
  51675.0661   14.647  0.005    2  1 
  51675.0719   14.656  0.005    2  1 
  51675.0756   14.653  0.005    2  1 
  51675.0814   14.667  0.005    2  1 
  51675.0858   14.667  0.005    2  1 
  51675.0927   14.673  0.004    2  1 
  51675.0970   14.683  0.004    2  1 
  51675.9751   14.458  0.003    2  1 
  51675.9802   14.443  0.004    2  1 
  51675.9906   14.432  0.004    2  1 
  51675.9939   14.434  0.003    2  1 
  51675.9971   14.423  0.004    2  1 
  51676.0005   14.422  0.003    2  1 
  51676.0036   14.416  0.003    2  1 
  51676.0067   14.421  0.004    2  1 
  51676.0112   14.422  0.004    2  1 
  51676.0240   14.421  0.004    2  1 
  51676.0301   14.416  0.004    2  1 
  51676.9616   14.678  0.005    2  1 
  51676.9713   14.676  0.005    2  1 
  51676.9757   14.666  0.005    2  1 
  51676.9867   14.656  0.005    2  1 
  51676.9919   14.638  0.006    2  1 
  51676.9969   14.631  0.006    2  1 
  51677.0090   14.604  0.005    2  1 
  51677.0126   14.600  0.005    2  1 
  51677.0180   14.580  0.006    2  1 
  51677.0226   14.569  0.005    2  1 
  51677.0271   14.554  0.005    2  1 
  51677.0318   14.536  0.005    2  1 
  51677.0362   14.529  0.005    2  1 
  51677.0410   14.519  0.005    2  1 
  51677.0453   14.506  0.005    2  1 
  51677.0499   14.500  0.005    2  1 
  51677.0580   14.490  0.005    2  1 
  51677.0628   14.482  0.005    2  1 
  51677.0672   14.473  0.005    2  1 
  51677.0713   14.463  0.005    2  1 
  51677.0751   14.459  0.005    2  1 
  51677.0793   14.455  0.005    2  1 
  51677.0835   14.442  0.005    2  1 
  51677.0877   14.434  0.005    2  1 
  51677.0918   14.436  0.005    2  1 
  51677.0956   14.445  0.005    2  1 
  51677.1044   14.443  0.005    2  1 
  51677.1121   14.435  0.005    2  1 
  51677.1160   14.437  0.005    2  1 
  51677.1199   14.431  0.005    2  1 
  51677.1238   14.432  0.005    2  1 
  51677.1276   14.430  0.005    2  1 
  51677.1315   14.444  0.005    2  1 
  51677.1353   14.434  0.005    2  1 
  51677.1396   14.440  0.005    2  1 
  51677.1434   14.443  0.005    2  1 
  51677.1476   14.437  0.005    2  1 
  51677.1520   14.445  0.005    2  1 
  51677.1564   14.454  0.005    2  1 
  51677.1603   14.448  0.005    2  1 
  51677.1642   14.455  0.005    2  1 
  51677.1680   14.464  0.005    2  1 
  51677.1719   14.471  0.005    2  1 
  51677.1759   14.468  0.005    2  1 
  51677.1797   14.489  0.005    2  1 
  51677.1836   14.494  0.005    2  1 
  51677.1883   14.497  0.005    2  1 
  51677.1922   14.503  0.005    2  1 
  51677.1960   14.511  0.005    2  1 
  51677.1999   14.522  0.005    2  1 
  51677.2038   14.526  0.005    2  1 
  51677.2083   14.536  0.005    2  1 
  51677.2133   14.544  0.005    2  1 
  51677.2176   14.565  0.005    2  1 
  51677.2233   14.576  0.005    2  1 
  51677.2285   14.581  0.006    2  1 
  51677.2335   14.588  0.006    2  1 
  51677.2391   14.596  0.006    2  1 
  51677.2465   14.602  0.006    2  1 
  51677.2524   14.619  0.006    2  1 
  51677.2571   14.625  0.006    2  1 
  51677.2620   14.635  0.006    2  1 
  51677.2664   14.637  0.006    2  1 
  51677.2708   14.646  0.006    2  1 
  51691.0409   14.429  0.003    2  1 
  51691.0444   14.427  0.003    2  1 
  51691.0509   14.417  0.003    2  1 
  51691.0543   14.418  0.004    2  1 
  51691.0579   14.423  0.003    2  1 
  51691.0633   14.417  0.002    2  1 
  51691.0670   14.419  0.002    2  1 
  51691.0711   14.417  0.003    2  1 
  51691.0770   14.414  0.003    2  1 
  51691.0805   14.415  0.003    2  1 
  51691.0840   14.416  0.003    2  1 
  51691.0896   14.415  0.003    2  1 
  51691.0931   14.416  0.003    2  1 
  51691.0971   14.420  0.003    2  1 
  51691.1040   14.435  0.003    2  1 
  51691.1083   14.436  0.003    2  1 
  51691.1122   14.443  0.003    2  1 
  51691.1180   14.439  0.003    2  1 
  51691.1214   14.458  0.003    2  1 
  51691.1249   14.461  0.003    2  1 
  51691.1323   14.479  0.003    2  1 
  51691.1357   14.483  0.003    2  1 
  51691.1392   14.486  0.003    2  1 
  51691.1448   14.504  0.003    2  1 
  51691.1522   14.514  0.002    2  1 
  51691.1561   14.524  0.002    2  1 
  51693.0130   14.574  0.004    2  1 
  51693.0248   14.596  0.004    2  1 
  51693.0305   14.605  0.004    2  1 
  51693.0340   14.609  0.004    2  1 
  51693.0378   14.618  0.004    2  1 
  51694.0082   14.422  0.003    2  1 
  51694.0114   14.431  0.003    2  1 
  51694.0148   14.444  0.003    2  1 
  51694.0202   14.422  0.003    2  1 
  51694.0234   14.425  0.003    2  1 
  51694.0267   14.427  0.003    2  1 
  51694.0319   14.435  0.003    2  1 
  51694.0351   14.434  0.003    2  1 
  51694.0384   14.437  0.003    2  1 
  51694.0418   14.435  0.003    2  1 
  51694.0472   14.446  0.003    2  1 
  51694.0505   14.452  0.003    2  1 
  51694.0537   14.457  0.003    2  1 
  51694.0590   14.465  0.003    2  1 
  51694.0623   14.462  0.003    2  1 
  51694.0656   14.467  0.003    2  1 
  51694.0714   14.479  0.003    2  1 
  51694.0748   14.491  0.003    2  1 
  51694.0781   14.494  0.003    2  1 
  51694.0836   14.490  0.003    2  1 
  51694.0868   14.504  0.003    2  1 
  51694.0901   14.511  0.003    2  1 
  51694.0957   14.530  0.003    2  1 
  51694.0989   14.532  0.004    2  1 
  51694.1021   14.545  0.004    2  1 
  51694.1075   14.552  0.003    2  1 
  51694.1190   14.581  0.004    2  1 
  51694.1221   14.587  0.004    2  1 
  51694.1252   14.586  0.004    2  1 
  51694.1286   14.600  0.004    2  1 
  51695.0280   14.538  0.003    2  1 
  51697.9712   14.497  0.004    2  1 
  51697.9818   14.475  0.004    2  1 
  51765.9746   14.418  0.004    2  1 
  51765.9783   14.427  0.004    2  1 
  51765.9820   14.424  0.004    2  1 
  51766.0194   14.487  0.004    2  1 
  51766.0229   14.487  0.004    2  1 
  51216.3063   14.974  0.003    3  1 
  51216.3342   14.873  0.004    3  1 
  51216.3572   14.813  0.004    3  1 
  51216.3847   14.780  0.004    3  1 
  51217.2936   15.131  0.004    3  1 
  51217.3214   15.151  0.004    3  1 
  51217.3852   15.045  0.004    3  1 
  51218.2935   14.866  0.004    3  1 
  51218.3212   14.941  0.004    3  1 
  51218.3442   14.991  0.004    3  1 
  51218.3704   15.071  0.004    3  1 
  51219.2811   14.889  0.002    3  1 
  51219.2844   14.840  0.004    3  1 
  51219.3053   14.826  0.004    3  1 
  51219.3228   14.807  0.004    3  1 
  51219.3465   14.831  0.003    3  1 
  51219.3676   14.769  0.004    3  1 
  51219.3851   14.839  0.003    3  1 
  51220.2805   15.136  0.004    3  1 
  51220.2995   15.133  0.004    3  1 
  51220.3171   15.091  0.004    3  1 
  51220.3349   15.108  0.004    3  1 
  51220.3523   14.953  0.004    3  1 
  51220.3689   14.911  0.004    3  1 
  51220.3877   14.860  0.004    3  1 
  51221.2691   14.986  0.003    3  1 
  51221.2915   15.044  0.004    3  1 
  51221.3097   15.073  0.004    3  1 
  51221.3270   15.086  0.003    3  1 
  51221.3437   15.137  0.004    3  1 
  51221.3619   15.157  0.004    3  1 
  51221.3854   15.145  0.004    3  1 
  51283.2237   14.810  0.003    3  1 
  51283.2601   14.810  0.003    3  1 
  51283.2830   14.857  0.003    3  1 
  51283.3050   14.918  0.003    3  1 
  51283.3367   15.005  0.003    3  1 
  51283.3600   15.050  0.003    3  1 
  51284.2056   15.031  0.004    3  1 
  51284.2337   14.902  0.003    3  1 
  51284.2542   14.841  0.003    3  1 
  51284.2806   14.773  0.003    3  1 
  51284.3075   14.757  0.003    3  1 
  51284.3333   14.746  0.004    3  1 
  51285.0885   14.831  0.003    3  1 
  51285.1182   14.869  0.003    3  1 
  51285.1470   14.960  0.003    3  1 
  51285.1698   15.028  0.003    3  1 
  51285.1988   15.082  0.003    3  1 
  51285.2270   15.148  0.004    3  1 
  51285.2539   15.143  0.004    3  1 
  51285.2851   15.103  0.004    3  1 
  51285.3202   14.955  0.003    3  1 
  51285.3496   14.853  0.003    3  1 
  51286.0308   15.070  0.002    3  1 
  51286.0619   14.946  0.003    3  1 
  51286.0871   14.896  0.003    3  1 
  51286.0921   14.917  0.003    3  1 
  51286.1226   14.849  0.003    3  1 
  51286.1789   14.860  0.002    3  1 
  51286.2076   14.855  0.003    3  1 
  51286.2389   14.921  0.003    3  1 
  51286.2613   14.977  0.003    3  1 
  51286.2889   15.039  0.003    3  1 
  51286.3108   15.085  0.003    3  1 
  51286.3335   15.113  0.003    3  1 
  51286.3566   15.125  0.004    3  1 
  51304.9734   15.029  0.003    3  1 
  51305.0076   15.065  0.004    3  1 
  51305.0510   15.108  0.004    3  1 
  51305.0770   15.143  0.004    3  1 
  51305.1004   15.106  0.004    3  1 
  51305.1407   14.990  0.004    3  1 
  51305.1707   14.892  0.004    3  1 
  51305.1996   14.788  0.004    3  1 
  51305.2299   14.762  0.004    3  1 
  51305.2561   14.791  0.003    3  1 
  51305.2836   14.760  0.004    3  1 
  51305.3139   14.876  0.004    3  1 
  51305.9733   14.838  0.003    3  1 
  51306.0117   14.855  0.003    3  1 
  51306.0157   14.846  0.003    3  1 
  51306.0375   14.860  0.003    3  1 
  51306.0735   14.982  0.004    3  1 
  51306.1026   15.038  0.003    3  1 
  51306.1285   15.088  0.003    3  1 
  51306.1517   15.147  0.006    3  1 
  51306.1807   15.114  0.003    3  1 
  51306.2059   15.070  0.002    3  1 
  51306.2269   15.039  0.003    3  1 
  51306.2491   14.975  0.003    3  1 
  51306.2725   14.899  0.003    3  1 
  51306.2932   14.871  0.003    3  1 
  51307.9986   15.120  0.003    3  1 
  51308.0249   15.126  0.003    3  1 
  51308.0524   15.053  0.003    3  1 
  51308.0811   14.987  0.002    3  1 
  51308.0851   14.952  0.003    3  1 
  51308.1202   14.866  0.003    3  1 
  51310.1272   14.958  0.003    3  1 
  51310.1308   14.997  0.003    3  1 
  51314.9714   15.153  0.004    3  1 
  51315.0138   15.105  0.003    3  1 
  51315.0372   15.030  0.003    3  1 
  51315.0710   14.898  0.003    3  1 
  51315.0946   14.844  0.003    3  1 
  51315.1180   14.807  0.003    3  1 
  51316.0597   15.102  0.003    3  1 
  51316.0832   15.103  0.004    3  1 
  51316.1079   15.088  0.003    3  1 
  51316.9780   14.840  0.003    3  1 
  51317.0013   14.777  0.004    3  1 
  51317.0241   14.756  0.005    3  1 
  51317.0523   14.848  0.004    3  1 
  51317.0782   14.895  0.004    3  1 
  51317.1035   14.978  0.004    3  1 
  51317.9808   15.040  0.004    3  1 
  51318.0060   14.933  0.004    3  1 
  51318.0331   14.811  0.006    3  1 
  51318.9811   15.083  0.003    3  1 
  51319.0058   15.126  0.004    3  1 
  51319.0315   15.145  0.004    3  1 
  51319.0717   15.054  0.004    3  1 
  51319.0961   14.977  0.003    3  1 
  51320.0968   15.092  0.003    3  1 
  51320.1175   15.119  0.003    3  1 
  51321.0212   14.837  0.002    3  1 
  51321.0658   14.841  0.002    3  1 
  51321.0965   14.884  0.003    3  1 
  51321.1252   14.955  0.003    3  1 
  51333.0403   14.999  0.004    3  1 
  51333.1062   14.789  0.003    3  1 
  51334.9989   14.836  0.003    3  1 
  51335.0432   14.871  0.003    3  1 
  51335.0972   15.019  0.004    3  1 
  51335.1083   15.050  0.005    3  1 
  51336.0103   14.890  0.003    3  1 
  51336.0508   14.785  0.003    3  1 
  51336.0891   14.770  0.004    3  1 
  51338.0075   14.925  0.004    3  1 
  51338.9740   14.855  0.003    3  1 
  51339.0046   14.767  0.003    3  1 
  51339.0385   14.785  0.003    3  1 
  51339.0685   14.823  0.003    3  1 
  51339.1006   14.902  0.004    3  1 
  51339.1280   14.982  0.004    3  1 
  51339.9665   15.117  0.003    3  1 
  51339.9935   15.058  0.003    3  1 
  51340.0189   14.968  0.003    3  1 
  51340.0441   14.863  0.004    3  1 
  51340.0753   14.819  0.003    3  1 
  51340.1041   14.726  0.005    3  1 
  51345.0430   15.086  0.004    3  1 
  51345.0736   15.132  0.004    3  1 
  51345.9747   14.753  0.004    3  1 
  51346.0101   14.762  0.004    3  1 
  51346.0388   14.813  0.003    3  1 
  51346.0670   14.886  0.003    3  1 
  51347.0317   14.861  0.003    3  1 
  51347.0645   14.776  0.003    3  1 
  51347.0896   14.823  0.002    3  1 
  51347.9638   15.070  0.003    3  1 
  51348.0146   15.154  0.004    3  1 
  51348.9591   14.789  0.004    3  1 
  51349.0243   14.953  0.003    3  1 
  51349.9679   14.897  0.003    3  1 
  51364.9721   15.027  0.004    3  1 
  51380.9890   15.018  0.004    3  1 
  51381.9751   14.770  0.003    3  1 
  51382.9716   14.971  0.004    3  1 
  51383.9680   15.090  0.003    3  1 
  51384.9688   14.897  0.002    3  1 
  51385.9645   14.851  0.002    3  1 
  51386.9859   15.072  0.004    3  1 
  51388.9699   14.744  0.004    3  1 
  51389.9715   14.881  0.003    3  1 
  51390.9663   15.081  0.002    3  1 
  51391.9664   14.953  0.002    3  1 
  51672.0213   14.857  0.003    3  1 
  51674.0796   15.033  0.005    3  1 
  51674.9989   14.919  0.004    3  1 
  51675.0396   15.027  0.003    3  1 
  51693.0053   14.980  0.003    3  1 
  51694.0012   14.813  0.003    3  1 
  51695.0214   14.888  0.003    3  1 
  51765.9863   14.769  0.004    3  1 
  51766.0153   14.798  0.005    3  1 
 56468.97641   13.155  0.193   -1  1 
 56469.04707   13.106  0.305   -1  1 
 56469.10896   13.047  0.185   -1  1 
 56469.17285   13.480  0.189   -1  1 
 56471.00364   13.240  0.115   -1  1 
 56471.06640   13.512  0.132   -1  1 
 56471.12490   13.227  0.125   -1  1 
 56471.18188   13.893  0.229   -1  1 
 56471.96759   12.932  0.074   -1  1 
 56472.03374   14.038  0.227   -1  1 
 56472.09484   13.629  0.170   -1  1 
 56472.15243   13.509  0.098   -1  1 
 56468.95296   13.187  0.225   -2  1 
 56469.02441   13.274  0.126   -2  1 
 56469.08813   13.227  0.117   -2  1 
 56469.15134   13.416  0.089   -2  1 
 56471.02588   13.259  0.103   -2  1 
 56471.08671   13.373  0.056   -2  1 
 56471.14302   13.387  0.045   -2  1 
 56471.94704   13.381  0.068   -2  1 
 56472.01085   13.327  0.083   -2  1 
 56472.07480   13.367  0.088   -2  1 
 56472.13240   13.469  0.037   -2  1 
 56472.19216   13.375  0.045   -2  1 
 56469.00041   13.532  0.046   -5  1 
 56469.06767   13.647  0.042   -5  1 
 56469.13003   13.644  0.037   -5  1 
 56469.19349   13.536  0.037   -5  1 
 56470.98130   13.623  0.031   -5  1 
 56471.04693   13.569  0.036   -5  1 
 56471.10523   13.518  0.034   -5  1 
 56471.16397   13.568  0.035   -5  1 
 56471.98857   13.673  0.051   -5  1 
 56472.05430   13.825  0.041   -5  1 
 56472.11383   13.527  0.037   -5  1 
 56472.17109   13.476  0.032   -5  1 
