  51216.2987   14.545  0.004    2  1 
  51216.3275   14.540  0.005    2  1 
  51216.3519   14.536  0.004    2  1 
  51216.3771   14.507  0.004    2  1 
  51217.2851   14.364  0.004    2  1 
  51217.3152   14.396  0.004    2  1 
  51217.3598   14.464  0.004    2  1 
  51217.3804   14.499  0.004    2  1 
  51218.3013   14.439  0.004    2  1 
  51218.3254   14.405  0.004    2  1 
  51218.3504   14.384  0.004    2  1 
  51218.3753   14.362  0.004    2  1 
  51219.2775   14.495  0.004    2  1 
  51219.3014   14.517  0.004    2  1 
  51219.3186   14.536  0.004    2  1 
  51219.3397   14.543  0.004    2  1 
  51219.3635   14.539  0.004    2  1 
  51219.3810   14.532  0.004    2  1 
  51220.2867   14.360  0.004    2  1 
  51220.3036   14.360  0.004    2  1 
  51220.3219   14.370  0.004    2  1 
  51220.3564   14.406  0.004    2  1 
  51220.3729   14.434  0.004    2  1 
  51220.3920   14.461  0.004    2  1 
  51221.2619   14.542  0.004    2  1 
  51221.2873   14.521  0.004    2  1 
  51221.3052   14.488  0.004    2  1 
  51221.3230   14.459  0.004    2  1 
  51221.3396   14.428  0.004    2  1 
  51221.3577   14.404  0.004    2  1 
  51221.3762   14.380  0.004    2  1 
  51283.2102   14.530  0.004    2  1 
  51283.2288   14.517  0.004    2  1 
  51283.2338   14.513  0.004    2  1 
  51283.2391   14.499  0.004    2  1 
  51283.2642   14.448  0.004    2  1 
  51283.2680   14.431  0.003    2  1 
  51283.2868   14.396  0.003    2  1 
  51283.2902   14.388  0.003    2  1 
  51283.3138   14.359  0.003    2  1 
  51283.3170   14.354  0.003    2  1 
  51283.3408   14.346  0.003    2  1 
  51283.3447   14.346  0.003    2  1 
  51283.3642   14.346  0.003    2  1 
  51283.3673   14.340  0.003    2  1 
  51284.1955   14.424  0.004    2  1 
  51284.1993   14.433  0.004    2  1 
  51284.2266   14.476  0.004    2  1 
  51284.2298   14.476  0.004    2  1 
  51284.2475   14.501  0.004    2  1 
  51284.2506   14.502  0.004    2  1 
  51284.2679   14.524  0.004    2  1 
  51284.2711   14.530  0.004    2  1 
  51284.3004   14.544  0.004    2  1 
  51284.3036   14.539  0.004    2  1 
  51284.3257   14.540  0.004    2  1 
  51284.3289   14.532  0.004    2  1 
  51285.0269   14.537  0.003    2  1 
  51285.0299   14.539  0.003    2  1 
  51285.0577   14.450  0.003    2  1 
  51285.0607   14.549  0.003    2  1 
  51285.0814   14.548  0.004    2  1 
  51285.0847   14.547  0.004    2  1 
  51285.1052   14.535  0.004    2  1 
  51285.1084   14.531  0.004    2  1 
  51285.1396   14.475  0.004    2  1 
  51285.1427   14.477  0.003    2  1 
  51285.1624   14.443  0.003    2  1 
  51285.1654   14.428  0.004    2  1 
  51285.1891   14.388  0.004    2  1 
  51285.1924   14.383  0.003    2  1 
  51285.2195   14.357  0.003    2  1 
  51285.2227   14.347  0.004    2  1 
  51285.2468   14.325  0.003    2  1 
  51285.2498   14.341  0.004    2  1 
  51285.2738   14.351  0.004    2  1 
  51285.2775   14.350  0.004    2  1 
  51285.3077   14.386  0.004    2  1 
  51285.3112   14.384  0.004    2  1 
  51285.3425   14.441  0.004    2  1 
  51285.3456   14.445  0.004    2  1 
  51286.0177   14.349  0.003    2  1 
  51286.0241   14.349  0.003    2  1 
  51286.0542   14.344  0.003    2  1 
  51286.0574   14.389  0.003    2  1 
  51286.0794   14.426  0.003    2  1 
  51286.0832   14.425  0.003    2  1 
  51286.1105   14.473  0.003    2  1 
  51286.1136   14.472  0.003    2  1 
  51286.1441   14.521  0.003    2  1 
  51286.1472   14.540  0.004    2  1 
  51286.1708   14.540  0.003    2  1 
  51286.1740   14.549  0.004    2  1 
  51286.1969   14.552  0.004    2  1 
  51286.2002   14.562  0.004    2  1 
  51286.2322   14.539  0.004    2  1 
  51286.2352   14.542  0.004    2  1 
  51286.2544   14.513  0.004    2  1 
  51286.2573   14.509  0.004    2  1 
  51286.2785   14.472  0.004    2  1 
  51286.2816   14.467  0.004    2  1 
  51286.3149   14.397  0.003    2  1 
  51286.3179   14.394  0.003    2  1 
  51286.3375   14.366  0.003    2  1 
  51286.3409   14.367  0.004    2  1 
  51286.3604   14.351  0.004    2  1 
  51286.3635   14.345  0.003    2  1 
  51286.3665   14.348  0.003    2  1 
  51304.9667   14.415  0.003    2  1 
  51304.9697   14.415  0.003    2  1 
  51304.9956   14.455  0.003    2  1 
  51304.9985   14.460  0.003    2  1 
  51305.0393   14.509  0.004    2  1 
  51305.0423   14.512  0.004    2  1 
  51305.0812   14.537  0.004    2  1 
  51305.0852   14.536  0.004    2  1 
  51305.1040   14.537  0.004    2  1 
  51305.1077   14.537  0.004    2  1 
  51305.1328   14.500  0.004    2  1 
  51305.1357   14.502  0.004    2  1 
  51305.1582   14.474  0.004    2  1 
  51305.1616   14.470  0.004    2  1 
  51305.1919   14.417  0.004    2  1 
  51305.1953   14.412  0.004    2  1 
  51305.2170   14.380  0.004    2  1 
  51305.2202   14.377  0.004    2  1 
  51305.2493   14.353  0.003    2  1 
  51305.2523   14.363  0.003    2  1 
  51305.2764   14.357  0.004    2  1 
  51305.2796   14.362  0.004    2  1 
  51305.3025   14.374  0.003    2  1 
  51305.3054   14.378  0.003    2  1 
  51305.9643   14.412  0.003    2  1 
  51305.9672   14.410  0.003    2  1 
  51305.9997   14.326  0.003    2  1 
  51306.0313   14.347  0.003    2  1 
  51306.0340   14.348  0.003    2  1 
  51306.0638   14.361  0.003    2  1 
  51306.0674   14.364  0.003    2  1 
  51306.0960   14.372  0.003    2  1 
  51306.0990   14.359  0.003    2  1 
  51306.1183   14.365  0.003    2  1 
  51306.1209   14.438  0.003    2  1 
  51306.1434   14.454  0.004    2  1 
  51306.1474   14.470  0.004    2  1 
  51306.1743   14.509  0.003    2  1 
  51306.1770   14.514  0.003    2  1 
  51306.1996   14.534  0.003    2  1 
  51306.2025   14.539  0.003    2  1 
  51306.2207   14.503  0.003    2  1 
  51306.2235   14.545  0.003    2  1 
  51306.2407   14.518  0.003    2  1 
  51306.2432   14.553  0.003    2  1 
  51306.2458   14.545  0.003    2  1 
  51306.2665   14.524  0.003    2  1 
  51306.2691   14.528  0.003    2  1 
  51306.2862   14.506  0.003    2  1 
  51306.2895   14.496  0.003    2  1 
  51306.3068   14.460  0.003    2  1 
  51306.3101   14.457  0.003    2  1 
  51306.9828   14.580  0.005    2  1 
  51306.9870   14.578  0.003    2  1 
  51307.0161   14.554  0.003    2  1 
  51307.0270   14.540  0.004    2  1 
  51307.0388   14.523  0.004    2  1 
  51307.0824   14.420  0.005    2  1 
  51307.9862   14.418  0.003    2  1 
  51307.9901   14.428  0.003    2  1 
  51308.0178   14.472  0.003    2  1 
  51308.0212   14.482  0.003    2  1 
  51308.0443   14.513  0.003    2  1 
  51308.1072   14.562  0.004    2  1 
  51308.1114   14.565  0.004    2  1 
  51310.1342   14.365  0.003    2  1 
  51310.1371   14.355  0.003    2  1 
  51310.1402   14.358  0.003    2  1 
  51314.9621   14.493  0.004    2  1 
  51314.9650   14.493  0.004    2  1 
  51314.9679   14.491  0.004    2  1 
  51314.9914   14.447  0.003    2  1 
  51314.9943   14.439  0.003    2  1 
  51314.9972   14.426  0.003    2  1 
  51315.0171   14.396  0.003    2  1 
  51315.0197   14.393  0.003    2  1 
  51315.0224   14.382  0.003    2  1 
  51315.0409   14.362  0.003    2  1 
  51315.0436   14.361  0.003    2  1 
  51315.0462   14.359  0.003    2  1 
  51315.0650   14.341  0.003    2  1 
  51315.0677   14.341  0.003    2  1 
  51315.0860   14.339  0.003    2  1 
  51315.0887   14.332  0.003    2  1 
  51315.0913   14.339  0.003    2  1 
  51315.1094   14.355  0.003    2  1 
  51315.1121   14.349  0.003    2  1 
  51315.1148   14.355  0.003    2  1 
  51316.0303   14.574  0.003    2  1 
  51316.0330   14.572  0.003    2  1 
  51316.0511   14.539  0.003    2  1 
  51316.0538   14.539  0.003    2  1 
  51316.0565   14.540  0.003    2  1 
  51316.0746   14.528  0.003    2  1 
  51316.0773   14.530  0.003    2  1 
  51316.0800   14.523  0.003    2  1 
  51316.0992   14.498  0.003    2  1 
  51316.1020   14.494  0.003    2  1 
  51316.1046   14.480  0.003    2  1 
  51316.1228   14.445  0.003    2  1 
  51316.1255   14.444  0.003    2  1 
  51316.1281   14.438  0.003    2  1 
  51316.9815   14.363  0.003    2  1 
  51316.9843   14.355  0.003    2  1 
  51316.9869   14.367  0.003    2  1 
  51316.9978   14.367  0.003    2  1 
  51317.0147   14.385  0.003    2  1 
  51317.0176   14.380  0.003    2  1 
  51317.0205   14.393  0.004    2  1 
  51317.0420   14.413  0.004    2  1 
  51317.0450   14.418  0.004    2  1 
  51317.0483   14.424  0.004    2  1 
  51317.0689   14.452  0.004    2  1 
  51317.0718   14.455  0.004    2  1 
  51317.0747   14.455  0.004    2  1 
  51317.0946   14.489  0.003    2  1 
  51317.0974   14.495  0.003    2  1 
  51317.1000   14.501  0.004    2  1 
  51317.1199   14.521  0.004    2  1 
  51317.1228   14.518  0.004    2  1 
  51317.1257   14.519  0.004    2  1 
  51317.9715   14.514  0.004    2  1 
  51317.9744   14.527  0.004    2  1 
  51317.9772   14.519  0.004    2  1 
  51317.9970   14.489  0.003    2  1 
  51317.9998   14.489  0.003    2  1 
  51318.0025   14.481  0.003    2  1 
  51318.0227   14.455  0.004    2  1 
  51318.0260   14.432  0.004    2  1 
  51318.0292   14.424  0.005    2  1 
  51318.0510   14.396  0.004    2  1 
  51318.0542   14.391  0.004    2  1 
  51318.0575   14.387  0.004    2  1 
  51318.0795   14.363  0.004    2  1 
  51318.0827   14.371  0.004    2  1 
  51318.0859   14.361  0.004    2  1 
  51318.1079   14.364  0.004    2  1 
  51318.1111   14.361  0.004    2  1 
  51318.1144   14.366  0.005    2  1 
  51318.9846   14.492  0.004    2  1 
  51318.9874   14.497  0.004    2  1 
  51318.9902   14.501  0.003    2  1 
  51319.0093   14.529  0.004    2  1 
  51319.0122   14.528  0.004    2  1 
  51319.0151   14.528  0.004    2  1 
  51319.0351   14.539  0.004    2  1 
  51319.0380   14.545  0.004    2  1 
  51319.0411   14.548  0.004    2  1 
  51319.0623   14.551  0.004    2  1 
  51319.0928   14.535  0.003    2  1 
  51319.1137   14.506  0.003    2  1 
  51319.1164   14.494  0.003    2  1 
  51319.1190   14.493  0.003    2  1 
  51320.0869   14.369  0.003    2  1 
  51320.0909   14.393  0.003    2  1 
  51320.1531   14.527  0.003    2  1 
  51320.1557   14.533  0.003    2  1 
  51320.1584   14.537  0.003    2  1 
  51320.9810   14.530  0.003    2  1 
  51320.9838   14.478  0.003    2  1 
  51321.0292   14.423  0.003    2  1 
  51321.0466   14.419  0.003    2  1 
  51321.0491   14.424  0.003    2  1 
  51321.0517   14.347  0.003    2  1 
  51321.0714   14.388  0.003    2  1 
  51321.0740   14.375  0.003    2  1 
  51321.0997   14.361  0.003    2  1 
  51321.1023   14.346  0.003    2  1 
  51321.1049   14.357  0.003    2  1 
  51321.1074   14.354  0.003    2  1 
  51321.1100   14.352  0.003    2  1 
  51321.1285   14.352  0.003    2  1 
  51321.1311   14.351  0.003    2  1 
  51332.9607   14.465  0.005    2  1 
  51332.9651   14.471  0.006    2  1 
  51332.9797   14.487  0.005    2  1 
  51332.9834   14.489  0.004    2  1 
  51333.0005   14.503  0.004    2  1 
  51333.0039   14.504  0.005    2  1 
  51333.0156   14.509  0.004    2  1 
  51333.0192   14.502  0.005    2  1 
  51333.0445   14.509  0.004    2  1 
  51333.0479   14.516  0.004    2  1 
  51333.0636   14.504  0.006    2  1 
  51333.0681   14.506  0.005    2  1 
  51333.0834   14.483  0.004    2  1 
  51333.0869   14.492  0.004    2  1 
  51333.0981   14.479  0.004    2  1 
  51333.1018   14.475  0.004    2  1 
  51333.1258   14.437  0.004    2  1 
  51333.1294   14.442  0.005    2  1 
  51333.1410   14.426  0.005    2  1 
  51333.1452   14.422  0.005    2  1 
  51333.1492   14.410  0.005    2  1 
  51333.1642   14.405  0.005    2  1 
  51333.1679   14.401  0.004    2  1 
  51334.9778   14.509  0.003    2  1 
  51334.9806   14.504  0.003    2  1 
  51335.0115   14.469  0.003    2  1 
  51335.0145   14.460  0.003    2  1 
  51335.0237   14.451  0.004    2  1 
  51335.0269   14.444  0.004    2  1 
  51335.0365   14.435  0.004    2  1 
  51335.0396   14.431  0.004    2  1 
  51335.0624   14.407  0.004    2  1 
  51335.0658   14.404  0.004    2  1 
  51335.0766   14.392  0.004    2  1 
  51335.0800   14.392  0.004    2  1 
  51335.1009   14.380  0.004    2  1 
  51335.1041   14.380  0.004    2  1 
  51335.9585   14.439  0.004    2  1 
  51335.9619   14.450  0.004    2  1 
  51335.9661   14.451  0.004    2  1 
  51335.9693   14.450  0.004    2  1 
  51335.9855   14.471  0.004    2  1 
  51335.9915   14.482  0.004    2  1 
  51335.9966   14.486  0.004    2  1 
  51336.0139   14.509  0.004    2  1 
  51336.0172   14.500  0.004    2  1 
  51336.0275   14.516  0.004    2  1 
  51336.0306   14.518  0.004    2  1 
  51336.0439   14.527  0.004    2  1 
  51336.0470   14.519  0.004    2  1 
  51336.0662   14.525  0.004    2  1 
  51336.0696   14.529  0.004    2  1 
  51336.0728   14.522  0.004    2  1 
  51336.0954   14.512  0.004    2  1 
  51336.0989   14.511  0.004    2  1 
  51336.1119   14.495  0.004    2  1 
  51336.1153   14.500  0.004    2  1 
  51336.1297   14.478  0.005    2  1 
  51336.1557   14.446  0.006    2  1 
  51336.1600   14.446  0.006    2  1 
  51336.1647   14.441  0.006    2  1 
  51336.9567   14.403  0.002    2  1 
  51337.0022   14.374  0.004    2  1 
  51337.9827   14.504  0.005    2  1 
  51337.9868   14.499  0.004    2  1 
  51337.9997   14.491  0.005    2  1 
  51338.0033   14.486  0.004    2  1 
  51338.0231   14.465  0.004    2  1 
  51338.0265   14.461  0.004    2  1 
  51338.0304   14.433  0.004    2  1 
  51338.9791   14.428  0.003    2  1 
  51338.9849   14.444  0.003    2  1 
  51339.0116   14.469  0.004    2  1 
  51339.0151   14.469  0.004    2  1 
  51339.0441   14.490  0.004    2  1 
  51339.0477   14.492  0.004    2  1 
  51339.0513   14.493  0.004    2  1 
  51339.0774   14.508  0.004    2  1 
  51339.0807   14.512  0.004    2  1 
  51339.1053   14.469  0.004    2  1 
  51339.1093   14.493  0.004    2  1 
  51339.1327   14.492  0.004    2  1 
  51339.1363   14.486  0.004    2  1 
  51339.9588   14.428  0.003    2  1 
  51339.9627   14.427  0.003    2  1 
  51339.9835   14.403  0.003    2  1 
  51339.9874   14.397  0.003    2  1 
  51340.0115   14.380  0.003    2  1 
  51340.0146   14.383  0.003    2  1 
  51340.0349   14.378  0.004    2  1 
  51340.0380   14.374  0.004    2  1 
  51340.0659   14.391  0.004    2  1 
  51340.0696   14.396  0.004    2  1 
  51340.0938   14.414  0.004    2  1 
  51340.0983   14.419  0.004    2  1 
  51340.1334   14.438  0.004    2  1 
  51340.1366   14.455  0.004    2  1 
  51344.9654   14.403  0.003    2  1 
  51344.9786   14.407  0.003    2  1 
  51344.9829   14.409  0.004    2  1 
  51345.0052   14.430  0.004    2  1 
  51345.0092   14.427  0.003    2  1 
  51345.0132   14.429  0.003    2  1 
  51345.0170   14.438  0.004    2  1 
  51345.0353   14.455  0.003    2  1 
  51345.0390   14.455  0.003    2  1 
  51345.0645   14.478  0.004    2  1 
  51345.0690   14.483  0.004    2  1 
  51345.9658   14.476  0.005    2  1 
  51345.9696   14.456  0.005    2  1 
  51345.9999   14.434  0.004    2  1 
  51346.0043   14.420  0.004    2  1 
  51346.0310   14.401  0.004    2  1 
  51346.0343   14.405  0.004    2  1 
  51346.0571   14.395  0.004    2  1 
  51346.0604   14.393  0.004    2  1 
  51347.0221   14.517  0.004    2  1 
  51347.0274   14.527  0.003    2  1 
  51347.0562   14.509  0.004    2  1 
  51347.0597   14.502  0.004    2  1 
  51347.0815   14.483  0.003    2  1 
  51347.0850   14.476  0.003    2  1 
  51347.9581   14.370  0.003    2  1 
  51347.9877   14.381  0.004    2  1 
  51347.9914   14.392  0.004    2  1 
  51347.9948   14.389  0.004    2  1 
  51348.0181   14.410  0.004    2  1 
  51348.0211   14.415  0.004    2  1 
  51348.0849   14.479  0.005    2  1 
  51348.0897   14.482  0.005    2  1 
  51348.1054   14.500  0.005    2  1 
  51348.1088   14.503  0.005    2  1 
  51348.1122   14.502  0.005    2  1 
  51348.9528   14.484  0.003    2  1 
  51348.9557   14.484  0.004    2  1 
  51348.9795   14.448  0.003    2  1 
  51348.9824   14.450  0.003    2  1 
  51348.9941   14.434  0.003    2  1 
  51349.0152   14.410  0.004    2  1 
  51349.0189   14.405  0.004    2  1 
  51349.9596   14.477  0.003    2  1 
  51349.9627   14.476  0.003    2  1 
  51349.9911   14.505  0.003    2  1 
  51349.9944   14.507  0.003    2  1 
  51350.0097   14.508  0.004    2  1 
  51350.0128   14.508  0.004    2  1 
  51350.0228   14.511  0.004    2  1 
  51364.9643   14.410  0.003    2  1 
  51364.9677   14.412  0.003    2  1 
  51380.9714   14.522  0.003    2  1 
  51380.9769   14.517  0.003    2  1 
  51380.9801   14.519  0.003    2  1 
  51380.9845   14.514  0.003    2  1 
  51381.0066   14.489  0.003    2  1 
  51381.0096   14.486  0.003    2  1 
  51381.0136   14.484  0.003    2  1 
  51381.9638   14.416  0.003    2  1 
  51381.9679   14.414  0.003    2  1 
  51381.9716   14.425  0.004    2  1 
  51381.9917   14.453  0.004    2  1 
  51381.9946   14.457  0.004    2  1 
  51382.9605   14.397  0.003    2  1 
  51382.9652   14.388  0.003    2  1 
  51382.9682   14.383  0.004    2  1 
  51382.9887   14.370  0.003    2  1 
  51382.9916   14.365  0.004    2  1 
  51383.9595   14.537  0.003    2  1 
  51383.9648   14.544  0.003    2  1 
  51383.9826   14.544  0.003    2  1 
  51383.9853   14.533  0.004    2  1 
  51384.9631   14.348  0.002    2  1 
  51384.9657   14.344  0.003    2  1 
  51384.9827   14.380  0.003    2  1 
  51384.9853   14.374  0.003    2  1 
  51385.9557   14.375  0.003    2  1 
  51385.9615   14.406  0.003    2  1 
  51385.9788   14.385  0.003    2  1 
  51385.9814   14.389  0.003    2  1 
  51386.9731   14.541  0.004    2  1 
  51386.9769   14.548  0.004    2  1 
  51386.9807   14.545  0.004    2  1 
  51387.0101   14.537  0.004    2  1 
  51387.0139   14.540  0.004    2  1 
  51387.0177   14.540  0.004    2  1 
  51388.9571   14.459  0.004    2  1 
  51388.9622   14.450  0.005    2  1 
  51388.9659   14.436  0.004    2  1 
  51388.9899   14.401  0.004    2  1 
  51388.9932   14.392  0.004    2  1 
  51389.9629   14.535  0.003    2  1 
  51389.9656   14.547  0.003    2  1 
  51389.9683   14.543  0.003    2  1 
  51390.9578   14.313  0.003    2  1 
  51390.9604   14.345  0.003    2  1 
  51390.9631   14.359  0.004    2  1 
  51391.9583   14.431  0.003    2  1 
  51391.9634   14.484  0.002    2  1 
  51646.1374   14.408  0.004    2  1 
  51646.1447   14.423  0.005    2  1 
  51646.1486   14.441  0.004    2  1 
  51646.1532   14.450  0.004    2  1 
  51646.1570   14.444  0.005    2  1 
  51646.1609   14.457  0.005    2  1 
  51646.1649   14.477  0.005    2  1 
  51646.1687   14.486  0.005    2  1 
  51646.1727   14.507  0.004    2  1 
  51646.1764   14.504  0.004    2  1 
  51646.1801   14.516  0.004    2  1 
  51646.1837   14.527  0.004    2  1 
  51646.1871   14.526  0.004    2  1 
  51646.1907   14.538  0.005    2  1 
  51646.1944   14.544  0.005    2  1 
  51646.1983   14.557  0.004    2  1 
  51646.2025   14.567  0.004    2  1 
  51646.2065   14.568  0.004    2  1 
  51646.2100   14.578  0.004    2  1 
  51646.2138   14.582  0.004    2  1 
  51646.2172   14.593  0.004    2  1 
  51646.2206   14.594  0.004    2  1 
  51646.2245   14.591  0.004    2  1 
  51646.2283   14.598  0.004    2  1 
  51646.2320   14.606  0.004    2  1 
  51646.2362   14.610  0.004    2  1 
  51646.2394   14.630  0.003    2  1 
  51646.2426   14.616  0.003    2  1 
  51646.2457   14.617  0.003    2  1 
  51646.2489   14.618  0.004    2  1 
  51646.2523   14.603  0.004    2  1 
  51646.2557   14.616  0.004    2  1 
  51646.2591   14.625  0.004    2  1 
  51646.2626   14.605  0.005    2  1 
  51646.2660   14.611  0.004    2  1 
  51646.2694   14.582  0.005    2  1 
  51646.2730   14.588  0.005    2  1 
  51646.2769   14.568  0.005    2  1 
  51646.2811   14.546  0.005    2  1 
  51646.2852   14.582  0.005    2  1 
  51646.2895   14.588  0.005    2  1 
  51646.2939   14.560  0.005    2  1 
  51646.2986   14.549  0.005    2  1 
  51646.3027   14.543  0.006    2  1 
  51646.3070   14.547  0.005    2  1 
  51646.3111   14.545  0.005    2  1 
  51646.3151   14.537  0.005    2  1 
  51646.3189   14.526  0.004    2  1 
  51646.3225   14.516  0.004    2  1 
  51646.3260   14.495  0.004    2  1 
  51646.3296   14.480  0.004    2  1 
  51646.3330   14.473  0.004    2  1 
  51646.3377   14.450  0.004    2  1 
  51646.3414   14.443  0.004    2  1 
  51646.3451   14.424  0.004    2  1 
  51646.3496   14.409  0.004    2  1 
  51646.3530   14.405  0.004    2  1 
  51646.3568   14.396  0.004    2  1 
  51646.3602   14.392  0.004    2  1 
  51646.3637   14.389  0.004    2  1 
  51646.3679   14.376  0.004    2  1 
  51646.3713   14.366  0.004    2  1 
  51646.3746   14.371  0.004    2  1 
  51671.0353   14.407  0.003    2  1 
  51671.0475   14.447  0.004    2  1 
  51671.0585   14.477  0.004    2  1 
  51671.0649   14.495  0.004    2  1 
  51671.0721   14.515  0.004    2  1 
  51671.0771   14.529  0.005    2  1 
  51671.1013   14.595  0.004    2  1 
  51671.1053   14.598  0.004    2  1 
  51671.1107   14.610  0.004    2  1 
  51671.1151   14.623  0.004    2  1 
  51671.1292   14.645  0.004    2  1 
  51671.9878   14.464  0.003    2  1 
  51671.9920   14.447  0.003    2  1 
  51672.0277   14.319  0.003    2  1 
  51672.0316   14.322  0.003    2  1 
  51672.0822   14.261  0.003    2  1 
  51674.0685   14.448  0.005    2  1 
  51674.0726   14.454  0.005    2  1 
  51674.1052   14.557  0.005    2  1 
  51674.1117   14.565  0.005    2  1 
  51674.1260   14.599  0.004    2  1 
  51674.1296   14.614  0.004    2  1 
  51674.1332   14.626  0.004    2  1 
  51674.1368   14.635  0.005    2  1 
  51674.1405   14.631  0.004    2  1 
  51674.1444   14.639  0.004    2  1 
  51674.9689   14.628  0.004    2  1 
  51674.9724   14.623  0.005    2  1 
  51674.9867   14.577  0.004    2  1 
  51674.9911   14.561  0.005    2  1 
  51675.0041   14.492  0.005    2  1 
  51675.0121   14.441  0.005    2  1 
  51675.0159   14.422  0.005    2  1 
  51675.0253   14.362  0.004    2  1 
  51675.0289   14.350  0.003    2  1 
  51675.0351   14.332  0.004    2  1 
  51675.0465   14.322  0.004    2  1 
  51675.0521   14.330  0.004    2  1 
  51675.0558   14.319  0.004    2  1 
  51675.0622   14.320  0.004    2  1 
  51675.0661   14.309  0.004    2  1 
  51675.0719   14.302  0.004    2  1 
  51675.0756   14.289  0.004    2  1 
  51675.0814   14.275  0.004    2  1 
  51675.0858   14.269  0.004    2  1 
  51675.0927   14.267  0.004    2  1 
  51675.0970   14.258  0.003    2  1 
  51675.9751   14.509  0.003    2  1 
  51675.9802   14.518  0.004    2  1 
  51675.9906   14.554  0.004    2  1 
  51675.9939   14.565  0.004    2  1 
  51675.9971   14.564  0.004    2  1 
  51676.0005   14.583  0.004    2  1 
  51676.0036   14.589  0.004    2  1 
  51676.0067   14.595  0.004    2  1 
  51676.0112   14.602  0.004    2  1 
  51676.0240   14.619  0.005    2  1 
  51676.0301   14.635  0.004    2  1 
  51676.9616   14.297  0.004    2  1 
  51676.9713   14.275  0.004    2  1 
  51676.9757   14.278  0.004    2  1 
  51676.9867   14.273  0.004    2  1 
  51676.9919   14.285  0.005    2  1 
  51676.9969   14.278  0.005    2  1 
  51677.0090   14.279  0.004    2  1 
  51677.0126   14.284  0.004    2  1 
  51677.0180   14.291  0.005    2  1 
  51677.0226   14.292  0.005    2  1 
  51677.0271   14.298  0.005    2  1 
  51677.0318   14.306  0.005    2  1 
  51677.0362   14.314  0.005    2  1 
  51677.0410   14.327  0.005    2  1 
  51677.0453   14.339  0.005    2  1 
  51677.0499   14.347  0.005    2  1 
  51677.0580   14.365  0.005    2  1 
  51677.0628   14.377  0.005    2  1 
  51677.0672   14.382  0.005    2  1 
  51677.0713   14.401  0.005    2  1 
  51677.0751   14.409  0.005    2  1 
  51677.0793   14.421  0.005    2  1 
  51677.0835   14.429  0.005    2  1 
  51677.0877   14.440  0.005    2  1 
  51677.0918   14.457  0.005    2  1 
  51677.0956   14.468  0.005    2  1 
  51677.0996   14.473  0.005    2  1 
  51677.1044   14.489  0.005    2  1 
  51677.1082   14.487  0.005    2  1 
  51677.1121   14.513  0.005    2  1 
  51677.1160   14.525  0.005    2  1 
  51677.1199   14.515  0.005    2  1 
  51677.1238   14.548  0.005    2  1 
  51677.1276   14.545  0.005    2  1 
  51677.1315   14.561  0.005    2  1 
  51677.1353   14.578  0.005    2  1 
  51677.1396   14.581  0.005    2  1 
  51677.1434   14.592  0.005    2  1 
  51677.1476   14.586  0.005    2  1 
  51677.1520   14.605  0.005    2  1 
  51677.1564   14.609  0.005    2  1 
  51677.1603   14.624  0.005    2  1 
  51677.1642   14.621  0.005    2  1 
  51677.1680   14.631  0.005    2  1 
  51677.1719   14.638  0.005    2  1 
  51677.1759   14.645  0.005    2  1 
  51677.1797   14.643  0.005    2  1 
  51677.1836   14.615  0.005    2  1 
  51677.1883   14.634  0.005    2  1 
  51677.1922   14.652  0.005    2  1 
  51677.1960   14.656  0.005    2  1 
  51677.1999   14.647  0.005    2  1 
  51677.2038   14.657  0.005    2  1 
  51677.2083   14.641  0.005    2  1 
  51677.2133   14.645  0.006    2  1 
  51677.2176   14.613  0.006    2  1 
  51677.2233   14.612  0.006    2  1 
  51677.2285   14.569  0.007    2  1 
  51677.2335   14.611  0.007    2  1 
  51677.2391   14.588  0.007    2  1 
  51677.2465   14.552  0.007    2  1 
  51677.2524   14.562  0.006    2  1 
  51677.2571   14.544  0.006    2  1 
  51677.2620   14.521  0.006    2  1 
  51677.2664   14.506  0.006    2  1 
  51677.2708   14.475  0.005    2  1 
  51691.0375   14.424  0.002    2  1 
  51691.0409   14.436  0.003    2  1 
  51691.0444   14.436  0.003    2  1 
  51691.0509   14.462  0.003    2  1 
  51691.0543   14.474  0.004    2  1 
  51691.0579   14.480  0.004    2  1 
  51691.0633   14.494  0.003    2  1 
  51691.0670   14.511  0.002    2  1 
  51691.0711   14.527  0.003    2  1 
  51691.0770   14.537  0.003    2  1 
  51691.0805   14.541  0.004    2  1 
  51691.0840   14.554  0.004    2  1 
  51691.0896   14.560  0.004    2  1 
  51691.0931   14.582  0.003    2  1 
  51691.0971   14.591  0.003    2  1 
  51691.1040   14.602  0.004    2  1 
  51691.1083   14.611  0.004    2  1 
  51691.1122   14.620  0.003    2  1 
  51691.1180   14.608  0.004    2  1 
  51691.1214   14.629  0.004    2  1 
  51691.1249   14.637  0.004    2  1 
  51691.1323   14.647  0.004    2  1 
  51691.1357   14.654  0.003    2  1 
  51691.1392   14.649  0.003    2  1 
  51691.1448   14.652  0.003    2  1 
  51691.1522   14.659  0.003    2  1 
  51691.1561   14.669  0.002    2  1 
  51693.0130   14.635  0.004    2  1 
  51693.0248   14.645  0.004    2  1 
  51693.0305   14.646  0.004    2  1 
  51693.0340   14.653  0.004    2  1 
  51693.0378   14.649  0.004    2  1 
  51694.0082   14.302  0.003    2  1 
  51694.0114   14.308  0.003    2  1 
  51694.0148   14.321  0.003    2  1 
  51694.0202   14.326  0.003    2  1 
  51694.0234   14.331  0.003    2  1 
  51694.0267   14.333  0.003    2  1 
  51694.0319   14.348  0.003    2  1 
  51694.0351   14.356  0.003    2  1 
  51694.0384   14.371  0.003    2  1 
  51694.0418   14.371  0.003    2  1 
  51694.0472   14.390  0.003    2  1 
  51694.0505   14.389  0.003    2  1 
  51694.0537   14.405  0.003    2  1 
  51694.0590   14.422  0.003    2  1 
  51694.0623   14.425  0.003    2  1 
  51694.0656   14.438  0.003    2  1 
  51694.0714   14.456  0.003    2  1 
  51694.0748   14.461  0.003    2  1 
  51694.0781   14.474  0.003    2  1 
  51694.0836   14.486  0.003    2  1 
  51694.0868   14.497  0.003    2  1 
  51694.0901   14.507  0.003    2  1 
  51694.0957   14.532  0.003    2  1 
  51694.0989   14.544  0.003    2  1 
  51694.1021   14.537  0.004    2  1 
  51694.1075   14.556  0.003    2  1 
  51694.1106   14.551  0.003    2  1 
  51694.1190   14.580  0.004    2  1 
  51694.1221   14.593  0.004    2  1 
  51694.1252   14.598  0.004    2  1 
  51694.1286   14.603  0.004    2  1 
  51695.0280   14.396  0.003    2  1 
  51695.0317   14.328  0.003    2  1 
  51697.9712   14.634  0.005    2  1 
  51697.9818   14.629  0.004    2  1 
  51765.9746   14.358  0.004    2  1 
  51765.9783   14.357  0.004    2  1 
  51765.9820   14.346  0.003    2  1 
  51766.0194   14.296  0.004    2  1 
  51216.3063   15.013  0.004    3  1 
  51216.3342   15.027  0.004    3  1 
  51216.3572   15.012  0.004    3  1 
  51216.3847   14.935  0.004    3  1 
  51217.2936   14.745  0.004    3  1 
  51217.3214   14.798  0.004    3  1 
  51217.3432   14.791  0.003    3  1 
  51217.3852   14.949  0.004    3  1 
  51218.2935   14.882  0.004    3  1 
  51218.3212   14.806  0.004    3  1 
  51218.3442   14.733  0.004    3  1 
  51218.3704   14.735  0.004    3  1 
  51219.2811   14.935  0.002    3  1 
  51219.2844   14.904  0.004    3  1 
  51219.3053   14.973  0.004    3  1 
  51219.3228   14.996  0.004    3  1 
  51219.3465   15.012  0.004    3  1 
  51219.3676   14.966  0.004    3  1 
  51219.3851   14.983  0.004    3  1 
  51220.2805   14.724  0.003    3  1 
  51220.2995   14.744  0.004    3  1 
  51220.3171   14.743  0.004    3  1 
  51220.3349   14.722  0.004    3  1 
  51220.3523   14.800  0.004    3  1 
  51220.3689   14.840  0.004    3  1 
  51220.3877   14.881  0.004    3  1 
  51221.2691   15.002  0.004    3  1 
  51221.2915   14.967  0.004    3  1 
  51221.3097   14.923  0.004    3  1 
  51221.3270   14.854  0.004    3  1 
  51221.3437   14.830  0.004    3  1 
  51221.3619   14.800  0.004    3  1 
  51221.3854   14.751  0.004    3  1 
  51283.2237   14.956  0.004    3  1 
  51283.2601   14.871  0.003    3  1 
  51283.2830   14.796  0.003    3  1 
  51283.3050   14.769  0.003    3  1 
  51283.3367   14.730  0.003    3  1 
  51283.3600   14.733  0.003    3  1 
  51284.2056   14.843  0.003    3  1 
  51284.2337   14.902  0.004    3  1 
  51284.2542   14.942  0.004    3  1 
  51284.2806   14.987  0.004    3  1 
  51284.3075   15.024  0.004    3  1 
  51284.3333   14.990  0.004    3  1 
  51285.0371   14.998  0.003    3  1 
  51285.0646   15.027  0.003    3  1 
  51285.0885   15.037  0.004    3  1 
  51285.1182   14.955  0.004    3  1 
  51285.1470   14.902  0.003    3  1 
  51285.1698   14.840  0.003    3  1 
  51285.1988   14.754  0.003    3  1 
  51285.2270   14.736  0.003    3  1 
  51285.2539   14.713  0.003    3  1 
  51285.2851   14.739  0.003    3  1 
  51285.3202   14.816  0.003    3  1 
  51285.3496   14.888  0.003    3  1 
  51286.0308   14.743  0.003    3  1 
  51286.0619   14.782  0.003    3  1 
  51286.0871   14.847  0.003    3  1 
  51286.0921   14.872  0.003    3  1 
  51286.1226   14.922  0.003    3  1 
  51286.1512   14.959  0.003    3  1 
  51286.1789   15.038  0.003    3  1 
  51286.2076   14.996  0.004    3  1 
  51286.2389   14.957  0.003    3  1 
  51286.2613   14.927  0.003    3  1 
  51286.2889   14.876  0.003    3  1 
  51286.3108   14.820  0.003    3  1 
  51286.3335   14.783  0.003    3  1 
  51286.3566   14.734  0.003    3  1 
  51304.9734   14.849  0.003    3  1 
  51305.0076   14.886  0.004    3  1 
  51305.0510   14.943  0.004    3  1 
  51305.0770   14.982  0.004    3  1 
  51305.1004   14.975  0.004    3  1 
  51305.1407   14.939  0.005    3  1 
  51305.1707   14.865  0.004    3  1 
  51305.1996   14.789  0.004    3  1 
  51305.2299   14.755  0.004    3  1 
  51305.2561   14.740  0.004    3  1 
  51305.2836   14.710  0.004    3  1 
  51305.3139   14.776  0.004    3  1 
  51305.9733   14.792  0.003    3  1 
  51306.0117   14.748  0.003    3  1 
  51306.0157   14.732  0.003    3  1 
  51306.0375   14.697  0.003    3  1 
  51306.0735   14.755  0.003    3  1 
  51306.1026   14.804  0.003    3  1 
  51306.1285   14.863  0.003    3  1 
  51306.1517   14.907  0.004    3  1 
  51306.1807   14.972  0.004    3  1 
  51306.2059   14.980  0.003    3  1 
  51306.2269   15.020  0.004    3  1 
  51306.2491   14.978  0.003    3  1 
  51306.2725   14.977  0.003    3  1 
  51306.2932   14.935  0.003    3  1 
  51307.9986   14.837  0.003    3  1 
  51308.0249   14.942  0.003    3  1 
  51308.0524   14.957  0.003    3  1 
  51308.0811   15.010  0.003    3  1 
  51308.0851   15.025  0.003    3  1 
  51308.1202   15.052  0.004    3  1 
  51310.1272   14.716  0.003    3  1 
  51310.1308   14.753  0.003    3  1 
  51314.9714   14.929  0.004    3  1 
  51315.0138   14.814  0.003    3  1 
  51315.0372   14.735  0.003    3  1 
  51315.0710   14.680  0.003    3  1 
  51315.0946   14.715  0.003    3  1 
  51315.1180   14.723  0.003    3  1 
  51316.0597   14.990  0.003    3  1 
  51316.0832   14.943  0.003    3  1 
  51316.1079   14.900  0.003    3  1 
  51316.9780   14.755  0.003    3  1 
  51317.0013   14.759  0.003    3  1 
  51317.0241   14.796  0.004    3  1 
  51317.0523   14.826  0.004    3  1 
  51317.0782   14.880  0.004    3  1 
  51317.1035   14.929  0.004    3  1 
  51317.9808   14.962  0.004    3  1 
  51318.0060   14.902  0.004    3  1 
  51318.0331   14.834  0.004    3  1 
  51318.0898   14.732  0.004    3  1 
  51318.1183   14.754  0.004    3  1 
  51318.9811   14.914  0.003    3  1 
  51319.0058   14.962  0.004    3  1 
  51319.0315   14.985  0.004    3  1 
  51319.0717   14.999  0.004    3  1 
  51319.0961   14.997  0.004    3  1 
  51320.0968   14.838  0.003    3  1 
  51320.1175   14.930  0.003    3  1 
  51320.9771   14.840  0.003    3  1 
  51321.0434   14.844  0.003    3  1 
  51321.0965   14.725  0.003    3  1 
  51321.1252   14.719  0.003    3  1 
  51333.0403   14.981  0.004    3  1 
  51333.1062   14.891  0.004    3  1 
  51334.9989   14.946  0.003    3  1 
  51335.0432   14.834  0.004    3  1 
  51335.0972   14.774  0.003    3  1 
  51335.1083   14.783  0.004    3  1 
  51336.0103   14.938  0.003    3  1 
  51336.0508   14.957  0.004    3  1 
  51336.0891   14.966  0.004    3  1 
  51338.0075   14.910  0.004    3  1 
  51338.9740   14.838  0.003    3  1 
  51339.0046   14.890  0.004    3  1 
  51339.0385   14.930  0.004    3  1 
  51339.0685   14.955  0.004    3  1 
  51339.1006   14.955  0.004    3  1 
  51339.1280   14.928  0.004    3  1 
  51339.9665   14.825  0.003    3  1 
  51339.9935   14.791  0.003    3  1 
  51340.0189   14.772  0.003    3  1 
  51340.0441   14.790  0.004    3  1 
  51340.0753   14.794  0.004    3  1 
  51340.1041   14.851  0.004    3  1 
  51345.0430   14.882  0.003    3  1 
  51345.0736   14.923  0.003    3  1 
  51345.9747   14.871  0.004    3  1 
  51346.0101   14.815  0.004    3  1 
  51346.0388   14.792  0.004    3  1 
  51346.0670   14.782  0.004    3  1 
  51347.0317   14.957  0.003    3  1 
  51347.0645   14.924  0.004    3  1 
  51347.0896   14.923  0.003    3  1 
  51347.9638   14.748  0.003    3  1 
  51348.0146   14.809  0.003    3  1 
  51348.9591   14.891  0.004    3  1 
  51349.0243   14.781  0.003    3  1 
  51349.9679   14.932  0.003    3  1 
  51364.9721   14.825  0.004    3  1 
  51380.9890   14.948  0.003    3  1 
  51381.9751   14.855  0.003    3  1 
  51382.9716   14.780  0.003    3  1 
  51383.9680   15.006  0.003    3  1 
  51384.9688   14.821  0.003    3  1 
  51385.9645   14.807  0.003    3  1 
  51386.9859   15.003  0.004    3  1 
  51388.9699   14.851  0.004    3  1 
  51389.9715   15.009  0.003    3  1 
  51390.9663   14.766  0.003    3  1 
  51391.9664   14.895  0.003    3  1 
  51674.0796   14.930  0.004    3  1 
  51765.9863   14.694  0.004    3  1 
 56468.97641   13.401  0.221   -1  1 
 56469.04707   13.486  0.203   -1  1 
 56469.10896   13.364  0.227   -1  1 
 56469.17285   13.356  0.123   -1  1 
 56471.06640   13.278  0.048   -1  1 
 56471.12490   13.127  0.093   -1  1 
 56471.18188   13.370  0.111   -1  1 
 56471.96759   13.354  0.179   -1  1 
 56472.03374   13.296  0.257   -1  1 
 56472.09484   13.186  0.080   -1  1 
 56472.15243   13.312  0.079   -1  1 
 56468.95296   13.087  0.180   -2  1 
 56469.02441   13.060  0.114   -2  1 
 56469.08813   12.968  0.080   -2  1 
 56469.15134   13.183  0.076   -2  1 
 56471.02588   13.123  0.074   -2  1 
 56471.08671   13.200  0.048   -2  1 
 56471.14302   13.236  0.037   -2  1 
 56471.94704   13.183  0.042   -2  1 
 56472.01085   13.155  0.084   -2  1 
 56472.07480   13.058  0.060   -2  1 
 56472.13240   13.298  0.025   -2  1 
 56472.19216   13.263  0.034   -2  1 
 56469.00041   13.282  0.072   -5  1 
 56469.06767   13.488  0.046   -5  1 
 56469.13003   13.504  0.050   -5  1 
 56469.19349   13.530  0.032   -5  1 
 56470.98130   13.559  0.028   -5  1 
 56471.04693   13.518  0.048   -5  1 
 56471.10523   13.499  0.028   -5  1 
 56471.16397   13.496  0.021   -5  1 
 56471.98857   13.465  0.044   -5  1 
 56472.05430   13.602  0.032   -5  1 
 56472.11383   13.429  0.033   -5  1 
 56472.17109   13.447  0.023   -5  1 
