  51216.2987   14.498  0.004    2  1 
  51216.3275   14.473  0.004    2  1 
  51216.3519   14.467  0.004    2  1 
  51216.3771   14.457  0.004    2  1 
  51217.2851   14.553  0.004    2  1 
  51217.3152   14.535  0.004    2  1 
  51217.3378   14.497  0.004    2  1 
  51217.3598   14.491  0.004    2  1 
  51217.3804   14.466  0.004    2  1 
  51218.3013   14.551  0.004    2  1 
  51218.3254   14.552  0.004    2  1 
  51218.3504   14.545  0.004    2  1 
  51218.3753   14.533  0.004    2  1 
  51219.2775   14.505  0.004    2  1 
  51219.3014   14.525  0.004    2  1 
  51219.3186   14.536  0.004    2  1 
  51219.3397   14.556  0.004    2  1 
  51219.3635   14.557  0.004    2  1 
  51219.3810   14.560  0.004    2  1 
  51220.2867   14.458  0.004    2  1 
  51220.3036   14.473  0.004    2  1 
  51220.3219   14.486  0.004    2  1 
  51220.3564   14.518  0.004    2  1 
  51220.3729   14.534  0.004    2  1 
  51220.3920   14.553  0.004    2  1 
  51221.2619   14.455  0.004    2  1 
  51221.2873   14.441  0.004    2  1 
  51221.3230   14.440  0.004    2  1 
  51221.3396   14.453  0.004    2  1 
  51221.3577   14.475  0.004    2  1 
  51221.3762   14.493  0.004    2  1 
  51283.2102   14.465  0.004    2  1 
  51283.2288   14.485  0.004    2  1 
  51283.2338   14.493  0.004    2  1 
  51283.2391   14.487  0.004    2  1 
  51283.2642   14.508  0.004    2  1 
  51283.2680   14.509  0.004    2  1 
  51283.2868   14.525  0.004    2  1 
  51283.2902   14.518  0.003    2  1 
  51283.3138   14.536  0.004    2  1 
  51283.3170   14.537  0.004    2  1 
  51283.3408   14.543  0.004    2  1 
  51283.3447   14.553  0.004    2  1 
  51283.3642   14.551  0.004    2  1 
  51283.3673   14.547  0.003    2  1 
  51284.1955   14.479  0.003    2  1 
  51284.1993   14.475  0.003    2  1 
  51284.2266   14.474  0.003    2  1 
  51284.2298   14.480  0.003    2  1 
  51284.2475   14.474  0.004    2  1 
  51284.2506   14.481  0.004    2  1 
  51284.2679   14.477  0.003    2  1 
  51284.2711   14.476  0.003    2  1 
  51284.3004   14.498  0.004    2  1 
  51284.3036   14.499  0.004    2  1 
  51284.3257   14.511  0.004    2  1 
  51284.3289   14.515  0.004    2  1 
  51285.0269   14.508  0.003    2  1 
  51285.0299   14.514  0.003    2  1 
  51285.0607   14.533  0.003    2  1 
  51285.0814   14.536  0.003    2  1 
  51285.0847   14.535  0.003    2  1 
  51285.1052   14.538  0.003    2  1 
  51285.1084   14.547  0.003    2  1 
  51285.1396   14.532  0.004    2  1 
  51285.1427   14.530  0.003    2  1 
  51285.1624   14.518  0.003    2  1 
  51285.1654   14.523  0.004    2  1 
  51285.1891   14.506  0.004    2  1 
  51285.1924   14.512  0.003    2  1 
  51285.2195   14.488  0.003    2  1 
  51285.2227   14.482  0.004    2  1 
  51285.2468   14.464  0.003    2  1 
  51285.2498   14.473  0.004    2  1 
  51285.2738   14.468  0.004    2  1 
  51285.2775   14.466  0.004    2  1 
  51285.3077   14.481  0.004    2  1 
  51285.3112   14.472  0.004    2  1 
  51285.3425   14.488  0.003    2  1 
  51285.3456   14.496  0.004    2  1 
  51286.0177   14.477  0.003    2  1 
  51286.0241   14.477  0.003    2  1 
  51286.0574   14.495  0.003    2  1 
  51286.0794   14.516  0.003    2  1 
  51286.0832   14.514  0.003    2  1 
  51286.1105   14.532  0.003    2  1 
  51286.1136   14.534  0.003    2  1 
  51286.1441   14.548  0.003    2  1 
  51286.1472   14.548  0.003    2  1 
  51286.1708   14.543  0.003    2  1 
  51286.1740   14.552  0.004    2  1 
  51286.1969   14.537  0.004    2  1 
  51286.2002   14.537  0.004    2  1 
  51286.2322   14.521  0.003    2  1 
  51286.2352   14.517  0.003    2  1 
  51286.2544   14.498  0.003    2  1 
  51286.2573   14.499  0.004    2  1 
  51286.2785   14.482  0.004    2  1 
  51286.2816   14.477  0.004    2  1 
  51286.3149   14.464  0.003    2  1 
  51286.3179   14.463  0.003    2  1 
  51286.3375   14.470  0.003    2  1 
  51286.3409   14.468  0.003    2  1 
  51286.3604   14.478  0.004    2  1 
  51286.3635   14.476  0.003    2  1 
  51286.3665   14.476  0.003    2  1 
  51304.9667   14.474  0.003    2  1 
  51304.9697   14.468  0.003    2  1 
  51304.9985   14.474  0.003    2  1 
  51305.0393   14.485  0.003    2  1 
  51305.0423   14.480  0.003    2  1 
  51305.0812   14.510  0.004    2  1 
  51305.0852   14.507  0.004    2  1 
  51305.1040   14.530  0.003    2  1 
  51305.1077   14.526  0.004    2  1 
  51305.1328   14.528  0.004    2  1 
  51305.1357   14.541  0.004    2  1 
  51305.1582   14.544  0.004    2  1 
  51305.1616   14.544  0.004    2  1 
  51305.1919   14.537  0.004    2  1 
  51305.1953   14.536  0.004    2  1 
  51305.2170   14.525  0.004    2  1 
  51305.2202   14.523  0.004    2  1 
  51305.2493   14.510  0.004    2  1 
  51305.2523   14.503  0.003    2  1 
  51305.2764   14.487  0.004    2  1 
  51305.2796   14.484  0.004    2  1 
  51305.3025   14.482  0.003    2  1 
  51305.3054   14.476  0.003    2  1 
  51305.9643   14.500  0.003    2  1 
  51305.9672   14.504  0.003    2  1 
  51306.0313   14.473  0.003    2  1 
  51306.0340   14.480  0.003    2  1 
  51306.0638   14.478  0.003    2  1 
  51306.0674   14.473  0.003    2  1 
  51306.0960   14.475  0.003    2  1 
  51306.0990   14.469  0.003    2  1 
  51306.1183   14.506  0.003    2  1 
  51306.1209   14.507  0.003    2  1 
  51306.1434   14.514  0.004    2  1 
  51306.1474   14.516  0.004    2  1 
  51306.1743   14.525  0.003    2  1 
  51306.1770   14.532  0.003    2  1 
  51306.1996   14.538  0.003    2  1 
  51306.2025   14.542  0.003    2  1 
  51306.2207   14.531  0.003    2  1 
  51306.2235   14.539  0.003    2  1 
  51306.2407   14.530  0.003    2  1 
  51306.2432   14.537  0.003    2  1 
  51306.2458   14.534  0.003    2  1 
  51306.2665   14.530  0.003    2  1 
  51306.2691   14.526  0.003    2  1 
  51306.2862   14.509  0.003    2  1 
  51306.2895   14.513  0.003    2  1 
  51306.3068   14.500  0.003    2  1 
  51306.3101   14.504  0.003    2  1 
  51306.9828   14.522  0.004    2  1 
  51306.9870   14.530  0.003    2  1 
  51307.0161   14.496  0.003    2  1 
  51307.0270   14.497  0.003    2  1 
  51307.0388   14.489  0.004    2  1 
  51307.0824   14.470  0.004    2  1 
  51307.9862   14.549  0.003    2  1 
  51307.9901   14.542  0.003    2  1 
  51308.0178   14.532  0.003    2  1 
  51308.0212   14.531  0.003    2  1 
  51308.0443   14.511  0.003    2  1 
  51308.0779   14.457  0.002    2  1 
  51308.1072   14.474  0.003    2  1 
  51308.1114   14.469  0.003    2  1 
  51310.1342   14.519  0.003    2  1 
  51310.1371   14.519  0.003    2  1 
  51310.1402   14.518  0.003    2  1 
  51314.9621   14.534  0.003    2  1 
  51314.9650   14.543  0.004    2  1 
  51314.9679   14.550  0.004    2  1 
  51314.9914   14.556  0.003    2  1 
  51314.9943   14.557  0.003    2  1 
  51314.9972   14.549  0.003    2  1 
  51315.0171   14.544  0.003    2  1 
  51315.0197   14.547  0.003    2  1 
  51315.0224   14.550  0.003    2  1 
  51315.0409   14.542  0.003    2  1 
  51315.0436   14.534  0.003    2  1 
  51315.0462   14.531  0.003    2  1 
  51315.0650   14.524  0.003    2  1 
  51315.0677   14.519  0.003    2  1 
  51315.0860   14.501  0.003    2  1 
  51315.0887   14.504  0.003    2  1 
  51315.0913   14.498  0.003    2  1 
  51315.1094   14.487  0.003    2  1 
  51315.1121   14.480  0.003    2  1 
  51315.1148   14.479  0.003    2  1 
  51316.0277   14.567  0.003    2  1 
  51316.0511   14.551  0.003    2  1 
  51316.0538   14.555  0.003    2  1 
  51316.0746   14.545  0.003    2  1 
  51316.0773   14.543  0.003    2  1 
  51316.0800   14.546  0.003    2  1 
  51316.1020   14.533  0.003    2  1 
  51316.1046   14.533  0.003    2  1 
  51316.1228   14.520  0.003    2  1 
  51316.1255   14.519  0.003    2  1 
  51316.1281   14.517  0.003    2  1 
  51316.9815   14.483  0.003    2  1 
  51316.9843   14.480  0.003    2  1 
  51316.9869   14.481  0.003    2  1 
  51316.9978   14.486  0.003    2  1 
  51317.0147   14.499  0.004    2  1 
  51317.0176   14.496  0.004    2  1 
  51317.0205   14.499  0.004    2  1 
  51317.0420   14.510  0.004    2  1 
  51317.0450   14.517  0.004    2  1 
  51317.0483   14.519  0.004    2  1 
  51317.0689   14.534  0.004    2  1 
  51317.0718   14.531  0.004    2  1 
  51317.0747   14.535  0.004    2  1 
  51317.0946   14.544  0.003    2  1 
  51317.0974   14.549  0.003    2  1 
  51317.1000   14.541  0.003    2  1 
  51317.1199   14.544  0.004    2  1 
  51317.1228   14.542  0.004    2  1 
  51317.1257   14.541  0.004    2  1 
  51317.9715   14.468  0.004    2  1 
  51317.9744   14.467  0.003    2  1 
  51317.9772   14.470  0.003    2  1 
  51317.9970   14.468  0.003    2  1 
  51317.9998   14.479  0.003    2  1 
  51318.0025   14.465  0.003    2  1 
  51318.0227   14.474  0.004    2  1 
  51318.0260   14.476  0.004    2  1 
  51318.0292   14.483  0.004    2  1 
  51318.0510   14.486  0.004    2  1 
  51318.0542   14.485  0.004    2  1 
  51318.0575   14.488  0.004    2  1 
  51318.0795   14.503  0.004    2  1 
  51318.0827   14.509  0.004    2  1 
  51318.0859   14.509  0.004    2  1 
  51318.1079   14.518  0.004    2  1 
  51318.1111   14.519  0.004    2  1 
  51318.1144   14.516  0.004    2  1 
  51318.9846   14.487  0.003    2  1 
  51318.9874   14.482  0.003    2  1 
  51318.9902   14.488  0.003    2  1 
  51319.0093   14.475  0.003    2  1 
  51319.0122   14.477  0.004    2  1 
  51319.0151   14.480  0.004    2  1 
  51319.0351   14.480  0.004    2  1 
  51319.0380   14.470  0.004    2  1 
  51319.0411   14.471  0.004    2  1 
  51319.0623   14.476  0.004    2  1 
  51319.0928   14.487  0.003    2  1 
  51319.1137   14.503  0.003    2  1 
  51319.1164   14.502  0.003    2  1 
  51319.1190   14.499  0.003    2  1 
  51320.1531   14.501  0.003    2  1 
  51320.1557   14.500  0.003    2  1 
  51320.1584   14.498  0.003    2  1 
  51320.9810   14.541  0.003    2  1 
  51321.0491   14.497  0.003    2  1 
  51321.0714   14.494  0.003    2  1 
  51321.0740   14.478  0.003    2  1 
  51321.0997   14.468  0.003    2  1 
  51321.1023   14.473  0.003    2  1 
  51321.1049   14.476  0.003    2  1 
  51321.1074   14.474  0.003    2  1 
  51321.1100   14.471  0.003    2  1 
  51321.1285   14.472  0.003    2  1 
  51321.1311   14.467  0.003    2  1 
  51332.9607   14.525  0.005    2  1 
  51332.9651   14.528  0.005    2  1 
  51332.9797   14.513  0.004    2  1 
  51332.9834   14.521  0.004    2  1 
  51333.0005   14.504  0.004    2  1 
  51333.0039   14.500  0.004    2  1 
  51333.0156   14.487  0.004    2  1 
  51333.0192   14.487  0.004    2  1 
  51333.0445   14.475  0.004    2  1 
  51333.0479   14.474  0.004    2  1 
  51333.0636   14.466  0.005    2  1 
  51333.0681   14.468  0.005    2  1 
  51333.0834   14.461  0.004    2  1 
  51333.0869   14.462  0.004    2  1 
  51333.0981   14.469  0.004    2  1 
  51333.1018   14.469  0.004    2  1 
  51333.1258   14.476  0.004    2  1 
  51333.1294   14.485  0.004    2  1 
  51333.1410   14.493  0.005    2  1 
  51333.1452   14.486  0.005    2  1 
  51333.1492   14.488  0.005    2  1 
  51333.1642   14.505  0.004    2  1 
  51333.1679   14.503  0.004    2  1 
  51334.9778   14.556  0.003    2  1 
  51334.9806   14.553  0.003    2  1 
  51335.0115   14.565  0.003    2  1 
  51335.0145   14.564  0.003    2  1 
  51335.0237   14.562  0.004    2  1 
  51335.0269   14.564  0.004    2  1 
  51335.0365   14.562  0.004    2  1 
  51335.0396   14.564  0.004    2  1 
  51335.0624   14.551  0.004    2  1 
  51335.0658   14.548  0.004    2  1 
  51335.0766   14.541  0.004    2  1 
  51335.0800   14.543  0.004    2  1 
  51335.1009   14.525  0.004    2  1 
  51335.1041   14.526  0.004    2  1 
  51335.9585   14.498  0.004    2  1 
  51335.9619   14.493  0.004    2  1 
  51335.9661   14.500  0.004    2  1 
  51335.9693   14.498  0.004    2  1 
  51335.9855   14.511  0.004    2  1 
  51335.9915   14.517  0.004    2  1 
  51335.9966   14.517  0.004    2  1 
  51336.0139   14.530  0.004    2  1 
  51336.0172   14.535  0.004    2  1 
  51336.0275   14.543  0.004    2  1 
  51336.0306   14.542  0.004    2  1 
  51336.0439   14.551  0.004    2  1 
  51336.0470   14.552  0.004    2  1 
  51336.0662   14.556  0.004    2  1 
  51336.0696   14.563  0.004    2  1 
  51336.0728   14.560  0.004    2  1 
  51336.0954   14.556  0.004    2  1 
  51336.0989   14.554  0.004    2  1 
  51336.1119   14.549  0.004    2  1 
  51336.1153   14.549  0.004    2  1 
  51336.1297   14.536  0.005    2  1 
  51336.1557   14.512  0.005    2  1 
  51336.1600   14.514  0.005    2  1 
  51336.1647   14.507  0.005    2  1 
  51336.9567   14.468  0.002    2  1 
  51337.0022   14.483  0.003    2  1 
  51337.9827   14.485  0.004    2  1 
  51337.9868   14.482  0.004    2  1 
  51337.9997   14.470  0.004    2  1 
  51338.0033   14.468  0.004    2  1 
  51338.0231   14.475  0.004    2  1 
  51338.0265   14.474  0.004    2  1 
  51338.0304   14.464  0.004    2  1 
  51338.9791   14.526  0.004    2  1 
  51338.9849   14.525  0.003    2  1 
  51339.0116   14.502  0.004    2  1 
  51339.0151   14.498  0.004    2  1 
  51339.0441   14.473  0.004    2  1 
  51339.0477   14.478  0.004    2  1 
  51339.0513   14.472  0.004    2  1 
  51339.0774   14.466  0.004    2  1 
  51339.0807   14.465  0.004    2  1 
  51339.1053   14.449  0.004    2  1 
  51339.1093   14.467  0.004    2  1 
  51339.1327   14.484  0.004    2  1 
  51339.1363   14.484  0.004    2  1 
  51339.9588   14.561  0.003    2  1 
  51339.9627   14.563  0.004    2  1 
  51339.9835   14.551  0.004    2  1 
  51339.9874   14.557  0.004    2  1 
  51340.0115   14.545  0.004    2  1 
  51340.0146   14.543  0.004    2  1 
  51340.0349   14.519  0.004    2  1 
  51340.0380   14.521  0.004    2  1 
  51340.0659   14.504  0.004    2  1 
  51340.0696   14.500  0.004    2  1 
  51340.0938   14.483  0.004    2  1 
  51340.0983   14.484  0.004    2  1 
  51340.1334   14.465  0.004    2  1 
  51340.1366   14.462  0.004    2  1 
  51344.9654   14.494  0.003    2  1 
  51344.9786   14.484  0.003    2  1 
  51344.9829   14.480  0.004    2  1 
  51345.0052   14.474  0.004    2  1 
  51345.0092   14.482  0.003    2  1 
  51345.0132   14.474  0.003    2  1 
  51345.0170   14.476  0.004    2  1 
  51345.0353   14.471  0.003    2  1 
  51345.0390   14.467  0.003    2  1 
  51345.0645   14.479  0.004    2  1 
  51345.0690   14.481  0.003    2  1 
  51345.9658   14.529  0.004    2  1 
  51345.9696   14.531  0.005    2  1 
  51345.9999   14.510  0.004    2  1 
  51346.0043   14.506  0.004    2  1 
  51346.0310   14.482  0.004    2  1 
  51346.0343   14.485  0.004    2  1 
  51346.0571   14.479  0.004    2  1 
  51346.0604   14.468  0.004    2  1 
  51347.0221   14.539  0.004    2  1 
  51347.0274   14.539  0.003    2  1 
  51347.0562   14.520  0.004    2  1 
  51347.0597   14.517  0.004    2  1 
  51347.0815   14.501  0.003    2  1 
  51347.0850   14.488  0.003    2  1 
  51347.9550   14.480  0.004    2  1 
  51347.9581   14.511  0.003    2  1 
  51347.9877   14.535  0.004    2  1 
  51347.9914   14.539  0.004    2  1 
  51347.9948   14.538  0.004    2  1 
  51348.0181   14.553  0.004    2  1 
  51348.0211   14.554  0.004    2  1 
  51348.0849   14.536  0.005    2  1 
  51348.0897   14.534  0.004    2  1 
  51348.1054   14.527  0.004    2  1 
  51348.1088   14.526  0.004    2  1 
  51348.1122   14.521  0.004    2  1 
  51348.9528   14.476  0.003    2  1 
  51348.9557   14.472  0.003    2  1 
  51348.9795   14.468  0.003    2  1 
  51348.9824   14.480  0.003    2  1 
  51348.9941   14.494  0.003    2  1 
  51349.0152   14.516  0.004    2  1 
  51349.0189   14.516  0.004    2  1 
  51349.9596   14.460  0.003    2  1 
  51349.9627   14.455  0.003    2  1 
  51349.9911   14.462  0.003    2  1 
  51349.9944   14.463  0.003    2  1 
  51350.0097   14.467  0.004    2  1 
  51350.0128   14.469  0.003    2  1 
  51350.0228   14.477  0.004    2  1 
  51364.9643   14.522  0.004    2  1 
  51364.9677   14.522  0.003    2  1 
  51380.9714   14.496  0.003    2  1 
  51380.9769   14.497  0.003    2  1 
  51380.9801   14.504  0.003    2  1 
  51380.9845   14.502  0.003    2  1 
  51381.0066   14.517  0.003    2  1 
  51381.0096   14.524  0.003    2  1 
  51381.0136   14.526  0.003    2  1 
  51381.9638   14.460  0.003    2  1 
  51381.9679   14.461  0.003    2  1 
  51381.9716   14.464  0.004    2  1 
  51381.9917   14.465  0.004    2  1 
  51381.9946   14.469  0.004    2  1 
  51382.9605   14.478  0.003    2  1 
  51382.9652   14.473  0.003    2  1 
  51382.9682   14.476  0.004    2  1 
  51382.9887   14.466  0.003    2  1 
  51382.9916   14.468  0.004    2  1 
  51383.9595   14.524  0.003    2  1 
  51383.9648   14.526  0.003    2  1 
  51383.9826   14.511  0.003    2  1 
  51383.9853   14.500  0.003    2  1 
  51384.9827   14.514  0.003    2  1 
  51384.9853   14.514  0.003    2  1 
  51385.9557   14.512  0.003    2  1 
  51385.9615   14.527  0.003    2  1 
  51385.9788   14.543  0.003    2  1 
  51385.9814   14.538  0.003    2  1 
  51386.9731   14.496  0.004    2  1 
  51386.9769   14.495  0.004    2  1 
  51386.9807   14.496  0.003    2  1 
  51387.0101   14.518  0.004    2  1 
  51387.0139   14.521  0.004    2  1 
  51387.0177   14.519  0.004    2  1 
  51388.9571   14.486  0.004    2  1 
  51388.9622   14.485  0.004    2  1 
  51388.9659   14.488  0.004    2  1 
  51388.9899   14.486  0.004    2  1 
  51389.9629   14.497  0.003    2  1 
  51389.9656   14.496  0.003    2  1 
  51389.9683   14.501  0.003    2  1 
  51390.9578   14.521  0.003    2  1 
  51390.9604   14.530  0.003    2  1 
  51390.9631   14.530  0.004    2  1 
  51391.9609   14.558  0.002    2  1 
  51391.9634   14.544  0.002    2  1 
  51646.1374   14.561  0.004    2  1 
  51646.1447   14.550  0.004    2  1 
  51646.1486   14.566  0.004    2  1 
  51646.1532   14.564  0.004    2  1 
  51646.1570   14.544  0.004    2  1 
  51646.1609   14.548  0.004    2  1 
  51646.1649   14.551  0.004    2  1 
  51646.1687   14.552  0.004    2  1 
  51646.1727   14.567  0.004    2  1 
  51646.1764   14.560  0.004    2  1 
  51646.1801   14.553  0.004    2  1 
  51646.1837   14.557  0.004    2  1 
  51646.1871   14.549  0.004    2  1 
  51646.1907   14.550  0.004    2  1 
  51646.1944   14.547  0.004    2  1 
  51646.1983   14.550  0.004    2  1 
  51646.2025   14.543  0.004    2  1 
  51646.2065   14.542  0.004    2  1 
  51646.2100   14.541  0.004    2  1 
  51646.2138   14.538  0.004    2  1 
  51646.2172   14.543  0.004    2  1 
  51646.2206   14.533  0.004    2  1 
  51646.2245   14.530  0.004    2  1 
  51646.2283   14.523  0.004    2  1 
  51646.2320   14.519  0.004    2  1 
  51646.2362   14.517  0.004    2  1 
  51646.2394   14.518  0.003    2  1 
  51646.2426   14.513  0.003    2  1 
  51646.2457   14.505  0.003    2  1 
  51646.2489   14.505  0.003    2  1 
  51646.2523   14.500  0.003    2  1 
  51646.2557   14.495  0.004    2  1 
  51646.2591   14.492  0.004    2  1 
  51646.2626   14.492  0.004    2  1 
  51646.2660   14.485  0.004    2  1 
  51646.2694   14.488  0.004    2  1 
  51646.2730   14.483  0.004    2  1 
  51646.2769   14.479  0.004    2  1 
  51646.2811   14.479  0.004    2  1 
  51646.2852   14.475  0.004    2  1 
  51646.2895   14.468  0.004    2  1 
  51646.2939   14.468  0.004    2  1 
  51646.2986   14.469  0.004    2  1 
  51646.3027   14.469  0.004    2  1 
  51646.3070   14.466  0.004    2  1 
  51646.3111   14.458  0.004    2  1 
  51646.3151   14.455  0.004    2  1 
  51646.3189   14.450  0.004    2  1 
  51646.3225   14.451  0.004    2  1 
  51646.3260   14.451  0.004    2  1 
  51646.3296   14.459  0.004    2  1 
  51646.3330   14.445  0.004    2  1 
  51646.3377   14.447  0.004    2  1 
  51646.3414   14.457  0.004    2  1 
  51646.3451   14.449  0.004    2  1 
  51646.3496   14.453  0.004    2  1 
  51646.3530   14.454  0.004    2  1 
  51646.3568   14.460  0.004    2  1 
  51646.3602   14.468  0.003    2  1 
  51646.3637   14.469  0.004    2  1 
  51646.3679   14.465  0.004    2  1 
  51646.3713   14.476  0.004    2  1 
  51646.3746   14.472  0.004    2  1 
  51671.0353   14.501  0.004    2  1 
  51671.0475   14.511  0.004    2  1 
  51671.0585   14.528  0.004    2  1 
  51671.0649   14.538  0.004    2  1 
  51671.0721   14.537  0.004    2  1 
  51671.0771   14.540  0.004    2  1 
  51671.1013   14.560  0.004    2  1 
  51671.1053   14.561  0.004    2  1 
  51671.1107   14.565  0.004    2  1 
  51671.1151   14.563  0.004    2  1 
  51671.1292   14.575  0.004    2  1 
  51671.9878   14.447  0.003    2  1 
  51671.9920   14.447  0.003    2  1 
  51672.0277   14.441  0.004    2  1 
  51672.0316   14.442  0.003    2  1 
  51672.0822   14.484  0.003    2  1 
  51674.0685   14.489  0.004    2  1 
  51674.0726   14.487  0.004    2  1 
  51674.1052   14.465  0.004    2  1 
  51674.1117   14.460  0.004    2  1 
  51674.1260   14.452  0.004    2  1 
  51674.1296   14.448  0.004    2  1 
  51674.1332   14.448  0.004    2  1 
  51674.1368   14.457  0.004    2  1 
  51674.1405   14.456  0.004    2  1 
  51674.1444   14.449  0.004    2  1 
  51674.9689   14.543  0.004    2  1 
  51674.9724   14.555  0.004    2  1 
  51674.9867   14.554  0.004    2  1 
  51674.9911   14.552  0.004    2  1 
  51675.0041   14.549  0.004    2  1 
  51675.0121   14.552  0.004    2  1 
  51675.0159   14.551  0.005    2  1 
  51675.0253   14.559  0.004    2  1 
  51675.0289   14.560  0.004    2  1 
  51675.0351   14.554  0.004    2  1 
  51675.0465   14.549  0.004    2  1 
  51675.0521   14.540  0.004    2  1 
  51675.0558   14.541  0.004    2  1 
  51675.0622   14.539  0.004    2  1 
  51675.0661   14.535  0.004    2  1 
  51675.0719   14.531  0.004    2  1 
  51675.0756   14.525  0.004    2  1 
  51675.0814   14.527  0.004    2  1 
  51675.0858   14.515  0.004    2  1 
  51675.0927   14.520  0.004    2  1 
  51675.0970   14.510  0.004    2  1 
  51675.9751   14.518  0.003    2  1 
  51675.9802   14.515  0.004    2  1 
  51675.9906   14.521  0.004    2  1 
  51675.9939   14.518  0.003    2  1 
  51675.9971   14.529  0.004    2  1 
  51676.0005   14.531  0.003    2  1 
  51676.0036   14.528  0.003    2  1 
  51676.0067   14.527  0.004    2  1 
  51676.0112   14.533  0.004    2  1 
  51676.0240   14.538  0.004    2  1 
  51676.0301   14.547  0.004    2  1 
  51676.9616   14.480  0.004    2  1 
  51676.9713   14.487  0.005    2  1 
  51676.9757   14.490  0.004    2  1 
  51676.9867   14.489  0.004    2  1 
  51676.9919   14.496  0.005    2  1 
  51676.9969   14.503  0.005    2  1 
  51677.0090   14.503  0.004    2  1 
  51677.0126   14.512  0.004    2  1 
  51677.0180   14.506  0.005    2  1 
  51677.0226   14.512  0.005    2  1 
  51677.0271   14.515  0.005    2  1 
  51677.0318   14.517  0.005    2  1 
  51677.0362   14.520  0.005    2  1 
  51677.0410   14.523  0.005    2  1 
  51677.0453   14.524  0.005    2  1 
  51677.0499   14.526  0.005    2  1 
  51677.0580   14.529  0.005    2  1 
  51677.0628   14.532  0.005    2  1 
  51677.0672   14.533  0.005    2  1 
  51677.0713   14.539  0.005    2  1 
  51677.0751   14.534  0.005    2  1 
  51677.0793   14.539  0.005    2  1 
  51677.0835   14.538  0.005    2  1 
  51677.0877   14.536  0.005    2  1 
  51677.0918   14.545  0.005    2  1 
  51677.0956   14.542  0.005    2  1 
  51677.0996   14.536  0.004    2  1 
  51677.1044   14.537  0.005    2  1 
  51677.1082   14.528  0.004    2  1 
  51677.1121   14.536  0.005    2  1 
  51677.1160   14.538  0.004    2  1 
  51677.1199   14.534  0.005    2  1 
  51677.1238   14.537  0.005    2  1 
  51677.1276   14.530  0.004    2  1 
  51677.1315   14.533  0.004    2  1 
  51677.1353   14.533  0.004    2  1 
  51677.1396   14.532  0.004    2  1 
  51677.1434   14.535  0.005    2  1 
  51677.1476   14.524  0.004    2  1 
  51677.1520   14.527  0.004    2  1 
  51677.1564   14.517  0.004    2  1 
  51677.1603   14.523  0.004    2  1 
  51677.1642   14.521  0.004    2  1 
  51677.1680   14.516  0.004    2  1 
  51677.1719   14.515  0.004    2  1 
  51677.1759   14.513  0.004    2  1 
  51677.1797   14.510  0.004    2  1 
  51677.1836   14.504  0.004    2  1 
  51677.1883   14.497  0.004    2  1 
  51677.1922   14.500  0.004    2  1 
  51677.1960   14.500  0.004    2  1 
  51677.1999   14.503  0.004    2  1 
  51677.2038   14.493  0.004    2  1 
  51677.2083   14.493  0.004    2  1 
  51677.2133   14.486  0.004    2  1 
  51677.2176   14.493  0.004    2  1 
  51677.2233   14.492  0.004    2  1 
  51677.2285   14.487  0.005    2  1 
  51677.2335   14.480  0.005    2  1 
  51677.2391   14.482  0.005    2  1 
  51677.2465   14.481  0.005    2  1 
  51677.2524   14.475  0.005    2  1 
  51677.2571   14.477  0.005    2  1 
  51677.2620   14.472  0.005    2  1 
  51677.2664   14.472  0.005    2  1 
  51677.2708   14.468  0.005    2  1 
  51691.0375   14.478  0.002    2  1 
  51691.0409   14.481  0.003    2  1 
  51691.0444   14.485  0.003    2  1 
  51691.0509   14.493  0.003    2  1 
  51691.0543   14.493  0.004    2  1 
  51691.0579   14.503  0.003    2  1 
  51691.0633   14.502  0.002    2  1 
  51691.0670   14.513  0.002    2  1 
  51691.0711   14.510  0.003    2  1 
  51691.0770   14.515  0.003    2  1 
  51691.0805   14.513  0.003    2  1 
  51691.0840   14.519  0.003    2  1 
  51691.0896   14.521  0.003    2  1 
  51691.0931   14.528  0.003    2  1 
  51691.0971   14.527  0.003    2  1 
  51691.1040   14.532  0.004    2  1 
  51691.1083   14.538  0.004    2  1 
  51691.1122   14.540  0.003    2  1 
  51691.1180   14.532  0.003    2  1 
  51691.1214   14.539  0.003    2  1 
  51691.1249   14.546  0.003    2  1 
  51691.1323   14.551  0.003    2  1 
  51691.1357   14.552  0.003    2  1 
  51691.1392   14.552  0.003    2  1 
  51691.1448   14.555  0.003    2  1 
  51691.1522   14.560  0.002    2  1 
  51691.1561   14.559  0.002    2  1 
  51693.0130   14.506  0.004    2  1 
  51693.0248   14.497  0.004    2  1 
  51693.0305   14.482  0.003    2  1 
  51693.0340   14.479  0.004    2  1 
  51693.0378   14.476  0.003    2  1 
  51694.0082   14.575  0.004    2  1 
  51694.0114   14.576  0.004    2  1 
  51694.0148   14.579  0.003    2  1 
  51694.0202   14.567  0.003    2  1 
  51694.0267   14.556  0.003    2  1 
  51694.0319   14.549  0.003    2  1 
  51694.0351   14.553  0.004    2  1 
  51694.0384   14.548  0.004    2  1 
  51694.0418   14.548  0.003    2  1 
  51694.0505   14.531  0.003    2  1 
  51694.0537   14.521  0.003    2  1 
  51694.0590   14.521  0.003    2  1 
  51694.0623   14.502  0.003    2  1 
  51694.0714   14.504  0.003    2  1 
  51694.0748   14.500  0.003    2  1 
  51694.0781   14.491  0.003    2  1 
  51694.0836   14.464  0.003    2  1 
  51694.0868   14.479  0.003    2  1 
  51694.0901   14.461  0.003    2  1 
  51694.0957   14.480  0.003    2  1 
  51694.1021   14.467  0.003    2  1 
  51694.1075   14.459  0.003    2  1 
  51694.1190   14.455  0.003    2  1 
  51694.1221   14.453  0.003    2  1 
  51694.1252   14.443  0.003    2  1 
  51694.1286   14.444  0.003    2  1 
  51695.0280   14.579  0.003    2  1 
  51695.0317   14.519  0.003    2  1 
  51697.9712   14.489  0.004    2  1 
  51697.9818   14.479  0.004    2  1 
  51765.9746   14.513  0.004    2  1 
  51765.9783   14.518  0.004    2  1 
  51765.9820   14.523  0.004    2  1 
  51766.0194   14.558  0.004    2  1 
  51766.0229   14.564  0.004    2  1 
  51216.3063   14.866  0.003    3  1 
  51216.3342   14.848  0.003    3  1 
  51216.3572   14.854  0.003    3  1 
  51216.3847   14.837  0.003    3  1 
  51217.2936   14.919  0.003    3  1 
  51217.3214   14.903  0.003    3  1 
  51217.3648   14.784  0.001    3  1 
  51217.3852   14.858  0.003    3  1 
  51218.2935   14.920  0.004    3  1 
  51218.3212   14.936  0.003    3  1 
  51218.3442   14.941  0.003    3  1 
  51218.3704   14.930  0.003    3  1 
  51219.2811   14.863  0.001    3  1 
  51219.2844   14.859  0.003    3  1 
  51219.3053   14.900  0.003    3  1 
  51219.3228   14.923  0.003    3  1 
  51219.3465   14.942  0.003    3  1 
  51219.3676   14.933  0.003    3  1 
  51219.3851   14.957  0.003    3  1 
  51220.2805   14.823  0.003    3  1 
  51220.2995   14.858  0.003    3  1 
  51220.3171   14.868  0.003    3  1 
  51220.3349   14.964  0.003    3  1 
  51220.3523   14.912  0.003    3  1 
  51220.3689   14.927  0.003    3  1 
  51220.3877   14.958  0.004    3  1 
  51221.2691   14.826  0.003    3  1 
  51221.2915   14.819  0.003    3  1 
  51221.3097   14.825  0.003    3  1 
  51221.3270   14.837  0.003    3  1 
  51221.3437   14.846  0.003    3  1 
  51221.3619   14.874  0.003    3  1 
  51221.3854   14.889  0.003    3  1 
  51283.2237   14.868  0.002    3  1 
  51283.2601   14.891  0.003    3  1 
  51283.2830   14.931  0.003    3  1 
  51283.3050   14.960  0.003    3  1 
  51283.3367   14.992  0.003    3  1 
  51283.3600   15.002  0.003    3  1 
  51284.2056   14.849  0.003    3  1 
  51284.2337   14.859  0.003    3  1 
  51284.2542   14.874  0.003    3  1 
  51284.2806   14.890  0.003    3  1 
  51284.3075   14.925  0.003    3  1 
  51284.3333   14.964  0.003    3  1 
  51285.0371   14.839  0.002    3  1 
  51285.0646   14.868  0.002    3  1 
  51285.0885   14.888  0.003    3  1 
  51285.1182   14.888  0.003    3  1 
  51285.1470   14.904  0.003    3  1 
  51285.1988   14.889  0.003    3  1 
  51285.2270   14.885  0.003    3  1 
  51285.2539   14.883  0.003    3  1 
  51285.2851   14.895  0.003    3  1 
  51285.3202   14.924  0.003    3  1 
  51285.3496   14.955  0.003    3  1 
  51286.0308   14.816  0.002    3  1 
  51286.0619   14.820  0.002    3  1 
  51286.0871   14.845  0.002    3  1 
  51286.0921   14.872  0.002    3  1 
  51286.1226   14.898  0.002    3  1 
  51286.1512   14.895  0.002    3  1 
  51286.1789   14.929  0.002    3  1 
  51286.2076   14.912  0.002    3  1 
  51286.2389   14.909  0.002    3  1 
  51286.2613   14.909  0.002    3  1 
  51286.2889   14.914  0.003    3  1 
  51286.3108   14.903  0.003    3  1 
  51286.3335   14.925  0.003    3  1 
  51286.3566   14.924  0.003    3  1 
  51304.9734   14.794  0.002    3  1 
  51305.0076   14.798  0.003    3  1 
  51305.0510   14.839  0.003    3  1 
  51305.0770   14.878  0.003    3  1 
  51305.1004   14.889  0.003    3  1 
  51305.1407   14.910  0.004    3  1 
  51305.1707   14.922  0.003    3  1 
  51305.1996   14.937  0.003    3  1 
  51305.2299   14.936  0.003    3  1 
  51305.2561   14.912  0.003    3  1 
  51305.2836   14.907  0.004    3  1 
  51305.3139   14.897  0.003    3  1 
  51305.9733   14.826  0.002    3  1 
  51306.0117   14.837  0.002    3  1 
  51306.0157   14.835  0.002    3  1 
  51306.0375   14.818  0.003    3  1 
  51306.0735   14.840  0.003    3  1 
  51306.1026   14.872  0.002    3  1 
  51306.1285   14.889  0.002    3  1 
  51306.1517   14.911  0.004    3  1 
  51306.1807   14.914  0.003    3  1 
  51306.2059   14.933  0.002    3  1 
  51306.2269   14.936  0.002    3  1 
  51306.2491   14.931  0.002    3  1 
  51306.2725   14.953  0.002    3  1 
  51306.2932   14.954  0.002    3  1 
  51307.9986   14.853  0.002    3  1 
  51308.0249   14.871  0.002    3  1 
  51308.0524   14.862  0.002    3  1 
  51308.0811   14.852  0.002    3  1 
  51308.0851   14.855  0.002    3  1 
  51308.1202   14.858  0.002    3  1 
  51310.1272   14.898  0.002    3  1 
  51310.1308   14.904  0.002    3  1 
  51314.9714   14.866  0.003    3  1 
  51315.0138   14.893  0.003    3  1 
  51315.0372   14.884  0.002    3  1 
  51315.0710   14.870  0.002    3  1 
  51315.0946   14.861  0.003    3  1 
  51315.1180   14.847  0.003    3  1 
  51316.0597   14.896  0.003    3  1 
  51316.0832   14.882  0.003    3  1 
  51316.1079   14.892  0.002    3  1 
  51316.9780   14.811  0.002    3  1 
  51317.0013   14.829  0.003    3  1 
  51317.0241   14.855  0.004    3  1 
  51317.0523   14.887  0.003    3  1 
  51317.0782   14.896  0.003    3  1 
  51317.1035   14.909  0.003    3  1 
  51317.9808   14.806  0.003    3  1 
  51318.0060   14.813  0.003    3  1 
  51318.0331   14.822  0.005    3  1 
  51318.0898   14.870  0.004    3  1 
  51318.1183   14.914  0.006    3  1 
  51318.9811   14.825  0.002    3  1 
  51319.0058   14.807  0.003    3  1 
  51319.0315   14.816  0.003    3  1 
  51319.0717   14.834  0.003    3  1 
  51319.0961   14.872  0.002    3  1 
  51320.0968   14.848  0.002    3  1 
  51320.1175   14.870  0.002    3  1 
  51321.0212   14.869  0.002    3  1 
  51321.0658   14.845  0.002    3  1 
  51321.0965   14.838  0.002    3  1 
  51321.1252   14.846  0.002    3  1 
  51333.0403   14.849  0.003    3  1 
  51333.1062   14.855  0.003    3  1 
  51334.9989   14.917  0.002    3  1 
  51335.0432   14.924  0.003    3  1 
  51335.0972   14.893  0.003    3  1 
  51335.1083   14.916  0.003    3  1 
  51336.0103   14.885  0.003    3  1 
  51336.0508   14.917  0.003    3  1 
  51336.0891   14.932  0.003    3  1 
  51338.0075   14.821  0.003    3  1 
  51338.9740   14.893  0.002    3  1 
  51339.0046   14.879  0.003    3  1 
  51339.0385   14.869  0.003    3  1 
  51339.0685   14.865  0.003    3  1 
  51339.1006   14.867  0.003    3  1 
  51339.1280   14.885  0.003    3  1 
  51339.9665   14.902  0.002    3  1 
  51339.9935   14.910  0.002    3  1 
  51340.0189   14.913  0.003    3  1 
  51340.0441   14.911  0.004    3  1 
  51340.0753   14.886  0.003    3  1 
  51340.1041   14.882  0.004    3  1 
  51345.0430   14.859  0.003    3  1 
  51345.0736   14.877  0.003    3  1 
  51345.9747   14.897  0.004    3  1 
  51346.0101   14.874  0.003    3  1 
  51346.0388   14.868  0.003    3  1 
  51346.0670   14.869  0.003    3  1 
  51347.0317   14.910  0.003    3  1 
  51347.0645   14.908  0.003    3  1 
  51347.0896   14.900  0.002    3  1 
  51347.9638   14.877  0.003    3  1 
  51348.0146   14.939  0.003    3  1 
  51348.9591   14.829  0.003    3  1 
  51349.0243   14.894  0.003    3  1 
  51349.9679   14.842  0.002    3  1 
  51364.9721   14.905  0.003    3  1 
  51380.9890   14.914  0.003    3  1 
  51381.9751   14.861  0.003    3  1 
  51382.9716   14.870  0.003    3  1 
  51383.9680   14.913  0.002    3  1 
  51384.9688   14.937  0.002    3  1 
  51385.9645   14.930  0.002    3  1 
  51386.9859   14.906  0.003    3  1 
  51388.9699   14.888  0.004    3  1 
  51389.9715   14.893  0.002    3  1 
  51390.9663   14.946  0.002    3  1 
  51391.9664   14.943  0.002    3  1 
  51672.0213   14.794  0.003    3  1 
  51674.0796   14.850  0.004    3  1 
  51674.9989   14.912  0.004    3  1 
  51675.0396   14.908  0.002    3  1 
  51693.0053   14.880  0.003    3  1 
  51694.0012   14.938  0.003    3  1 
  51695.0214   14.924  0.002    3  1 
  51765.9863   14.953  0.003    3  1 
  51766.0153   15.005  0.005    3  1 
 56468.97641   13.195  0.123   -1  1 
 56469.04707   13.230  0.110   -1  1 
 56469.10896   13.049  0.096   -1  1 
 56469.17285   13.426  0.024   -1  1 
 56471.00364   13.267  0.047   -1  1 
 56471.06640   13.462  0.028   -1  1 
 56471.12490   13.407  0.030   -1  1 
 56471.18188   13.390  0.030   -1  1 
 56471.96759   13.202  0.061   -1  1 
 56472.03374   13.367  0.035   -1  1 
 56472.09484   13.538  0.037   -1  1 
 56472.15243   13.462  0.016   -1  1 
 56468.95296   13.388  0.071   -2  1 
 56469.02441   13.306  0.071   -2  1 
 56469.08813   13.216  0.056   -2  1 
 56469.15134   13.348  0.028   -2  1 
 56471.02588   13.343  0.048   -2  1 
 56471.08671   13.365  0.027   -2  1 
 56471.14302   13.407  0.019   -2  1 
 56471.94704   13.360  0.029   -2  1 
 56472.01085   13.390  0.035   -2  1 
 56472.07480   13.327  0.041   -2  1 
 56472.13240   13.451  0.017   -2  1 
 56472.19216   13.360  0.014   -2  1 
 56469.00041   13.470  0.044   -5  1 
 56469.06767   13.566  0.021   -5  1 
 56469.13003   13.554  0.020   -5  1 
 56469.19349   13.615  0.015   -5  1 
 56470.98130   13.648  0.017   -5  1 
 56471.04693   13.617  0.025   -5  1 
 56471.10523   13.592  0.014   -5  1 
 56471.16397   13.665  0.012   -5  1 
 56471.98857   13.634  0.029   -5  1 
 56472.05430   13.769  0.022   -5  1 
 56472.11383   13.582  0.017   -5  1 
 56472.17109   13.551  0.021   -5  1 
