  51216.2987   14.810  0.005    2  1 
  51216.3275   14.795  0.005    2  1 
  51216.3519   14.765  0.004    2  1 
  51216.3771   14.750  0.004    2  1 
  51217.2851   14.722  0.004    2  1 
  51217.3152   14.758  0.005    2  1 
  51217.3598   14.804  0.004    2  1 
  51217.3804   14.816  0.004    2  1 
  51218.3013   14.718  0.004    2  1 
  51218.3254   14.706  0.004    2  1 
  51218.3504   14.704  0.004    2  1 
  51218.3753   14.723  0.004    2  1 
  51219.2775   14.802  0.004    2  1 
  51219.3014   14.797  0.004    2  1 
  51219.3186   14.785  0.004    2  1 
  51219.3397   14.773  0.004    2  1 
  51219.3635   14.744  0.004    2  1 
  51219.3810   14.731  0.004    2  1 
  51220.2867   14.759  0.004    2  1 
  51220.3036   14.772  0.004    2  1 
  51220.3219   14.774  0.004    2  1 
  51220.3564   14.776  0.004    2  1 
  51220.3729   14.780  0.005    2  1 
  51220.3920   14.769  0.005    2  1 
  51221.2619   14.724  0.004    2  1 
  51221.2873   14.735  0.004    2  1 
  51221.3052   14.744  0.004    2  1 
  51221.3396   14.770  0.004    2  1 
  51221.3577   14.783  0.005    2  1 
  51221.3762   14.787  0.004    2  1 
  51283.2102   14.772  0.004    2  1 
  51283.2288   14.776  0.004    2  1 
  51283.2338   14.769  0.004    2  1 
  51283.2391   14.774  0.004    2  1 
  51283.2642   14.766  0.004    2  1 
  51283.2680   14.767  0.004    2  1 
  51283.2868   14.760  0.004    2  1 
  51283.2902   14.768  0.004    2  1 
  51283.3138   14.756  0.004    2  1 
  51283.3170   14.752  0.004    2  1 
  51283.3408   14.758  0.004    2  1 
  51283.3447   14.754  0.004    2  1 
  51283.3642   14.748  0.004    2  1 
  51283.3673   14.747  0.004    2  1 
  51284.1955   14.733  0.004    2  1 
  51284.1993   14.734  0.004    2  1 
  51284.2266   14.707  0.004    2  1 
  51284.2298   14.704  0.004    2  1 
  51284.2475   14.710  0.004    2  1 
  51284.2506   14.712  0.004    2  1 
  51284.2679   14.717  0.004    2  1 
  51284.2711   14.720  0.004    2  1 
  51284.3004   14.753  0.004    2  1 
  51284.3036   14.762  0.004    2  1 
  51284.3257   14.797  0.004    2  1 
  51284.3289   14.796  0.004    2  1 
  51285.0269   14.713  0.003    2  1 
  51285.0299   14.717  0.003    2  1 
  51285.0607   14.689  0.003    2  1 
  51285.0847   14.695  0.004    2  1 
  51285.1052   14.711  0.004    2  1 
  51285.1084   14.716  0.004    2  1 
  51285.1396   14.776  0.004    2  1 
  51285.1427   14.783  0.004    2  1 
  51285.1624   14.820  0.004    2  1 
  51285.1654   14.827  0.004    2  1 
  51285.1891   14.857  0.004    2  1 
  51285.1924   14.851  0.004    2  1 
  51285.2195   14.861  0.004    2  1 
  51285.2227   14.859  0.004    2  1 
  51285.2468   14.821  0.004    2  1 
  51285.2498   14.827  0.004    2  1 
  51285.2738   14.772  0.004    2  1 
  51285.2775   14.767  0.004    2  1 
  51285.3077   14.703  0.004    2  1 
  51285.3112   14.693  0.004    2  1 
  51285.3425   14.673  0.004    2  1 
  51285.3456   14.669  0.004    2  1 
  51286.0177   14.864  0.004    2  1 
  51286.0241   14.869  0.004    2  1 
  51286.0542   14.844  0.004    2  1 
  51286.0574   14.860  0.004    2  1 
  51286.0794   14.821  0.004    2  1 
  51286.0832   14.814  0.004    2  1 
  51286.1105   14.752  0.004    2  1 
  51286.1136   14.742  0.004    2  1 
  51286.1441   14.680  0.003    2  1 
  51286.1472   14.677  0.003    2  1 
  51286.1708   14.661  0.003    2  1 
  51286.1740   14.667  0.004    2  1 
  51286.1969   14.688  0.004    2  1 
  51286.2002   14.694  0.004    2  1 
  51286.2322   14.752  0.004    2  1 
  51286.2352   14.755  0.004    2  1 
  51286.2544   14.798  0.004    2  1 
  51286.2573   14.802  0.004    2  1 
  51286.2785   14.842  0.004    2  1 
  51286.2816   14.847  0.004    2  1 
  51286.3149   14.863  0.004    2  1 
  51286.3179   14.864  0.004    2  1 
  51286.3375   14.849  0.004    2  1 
  51286.3409   14.850  0.004    2  1 
  51286.3604   14.824  0.004    2  1 
  51286.3635   14.801  0.004    2  1 
  51286.3665   14.799  0.004    2  1 
  51304.9667   14.756  0.003    2  1 
  51304.9697   14.746  0.003    2  1 
  51304.9956   14.736  0.003    2  1 
  51305.0393   14.727  0.004    2  1 
  51305.0423   14.729  0.004    2  1 
  51305.0812   14.752  0.004    2  1 
  51305.0852   14.751  0.004    2  1 
  51305.1040   14.765  0.004    2  1 
  51305.1077   14.771  0.004    2  1 
  51305.1328   14.784  0.004    2  1 
  51305.1357   14.783  0.004    2  1 
  51305.1582   14.793  0.005    2  1 
  51305.1616   14.794  0.005    2  1 
  51305.1919   14.796  0.005    2  1 
  51305.1953   14.795  0.005    2  1 
  51305.2170   14.784  0.004    2  1 
  51305.2202   14.785  0.004    2  1 
  51305.2493   14.760  0.004    2  1 
  51305.2523   14.760  0.004    2  1 
  51305.2764   14.750  0.004    2  1 
  51305.2796   14.743  0.004    2  1 
  51305.3025   14.735  0.004    2  1 
  51305.3054   14.736  0.004    2  1 
  51305.9643   14.748  0.004    2  1 
  51305.9672   14.748  0.004    2  1 
  51306.0313   14.798  0.003    2  1 
  51306.0340   14.804  0.003    2  1 
  51306.0638   14.815  0.004    2  1 
  51306.0674   14.813  0.004    2  1 
  51306.0960   14.729  0.003    2  1 
  51306.1209   14.772  0.003    2  1 
  51306.1434   14.757  0.004    2  1 
  51306.1474   14.753  0.004    2  1 
  51306.1743   14.722  0.003    2  1 
  51306.1770   14.716  0.003    2  1 
  51306.1996   14.714  0.003    2  1 
  51306.2235   14.710  0.003    2  1 
  51306.2407   14.710  0.003    2  1 
  51306.2432   14.720  0.003    2  1 
  51306.2458   14.724  0.003    2  1 
  51306.2665   14.739  0.003    2  1 
  51306.2691   14.743  0.003    2  1 
  51306.2895   14.777  0.004    2  1 
  51306.3068   14.798  0.004    2  1 
  51306.3101   14.801  0.004    2  1 
  51306.9828   14.745  0.005    2  1 
  51306.9870   14.738  0.003    2  1 
  51307.0161   14.702  0.003    2  1 
  51307.0270   14.685  0.004    2  1 
  51307.0388   14.674  0.004    2  1 
  51307.0824   14.702  0.005    2  1 
  51307.9862   14.862  0.004    2  1 
  51307.9901   14.860  0.003    2  1 
  51308.0178   14.878  0.003    2  1 
  51308.0212   14.875  0.003    2  1 
  51308.0443   14.854  0.003    2  1 
  51308.0713   14.839  0.003    2  1 
  51308.0779   14.898  0.003    2  1 
  51308.1072   14.706  0.004    2  1 
  51308.1114   14.692  0.004    2  1 
  51310.1342   14.729  0.003    2  1 
  51310.1371   14.730  0.003    2  1 
  51310.1402   14.741  0.003    2  1 
  51314.9621   14.797  0.004    2  1 
  51314.9650   14.774  0.004    2  1 
  51314.9679   14.778  0.004    2  1 
  51314.9914   14.814  0.004    2  1 
  51314.9943   14.825  0.004    2  1 
  51314.9972   14.817  0.004    2  1 
  51315.0171   14.852  0.004    2  1 
  51315.0197   14.853  0.003    2  1 
  51315.0224   14.852  0.004    2  1 
  51315.0409   14.847  0.003    2  1 
  51315.0436   14.857  0.004    2  1 
  51315.0462   14.851  0.004    2  1 
  51315.0650   14.829  0.004    2  1 
  51315.0677   14.824  0.003    2  1 
  51315.0860   14.798  0.003    2  1 
  51315.0887   14.791  0.003    2  1 
  51315.0913   14.789  0.004    2  1 
  51315.1094   14.751  0.003    2  1 
  51315.1121   14.736  0.003    2  1 
  51315.1148   14.733  0.003    2  1 
  51316.0303   14.717  0.003    2  1 
  51316.0511   14.738  0.003    2  1 
  51316.0538   14.743  0.003    2  1 
  51316.0565   14.746  0.003    2  1 
  51316.0746   14.755  0.003    2  1 
  51316.0773   14.753  0.003    2  1 
  51316.0800   14.764  0.003    2  1 
  51316.0992   14.778  0.004    2  1 
  51316.1020   14.773  0.003    2  1 
  51316.1046   14.778  0.003    2  1 
  51316.1228   14.797  0.003    2  1 
  51316.1255   14.792  0.004    2  1 
  51316.1281   14.802  0.004    2  1 
  51316.9815   14.771  0.004    2  1 
  51316.9843   14.769  0.004    2  1 
  51316.9869   14.775  0.003    2  1 
  51316.9978   14.783  0.004    2  1 
  51317.0147   14.802  0.004    2  1 
  51317.0176   14.807  0.004    2  1 
  51317.0205   14.803  0.004    2  1 
  51317.0420   14.816  0.004    2  1 
  51317.0450   14.814  0.005    2  1 
  51317.0483   14.813  0.005    2  1 
  51317.0689   14.808  0.004    2  1 
  51317.0718   14.806  0.004    2  1 
  51317.0747   14.806  0.004    2  1 
  51317.0946   14.782  0.004    2  1 
  51317.0974   14.784  0.004    2  1 
  51317.1000   14.779  0.004    2  1 
  51317.1199   14.759  0.004    2  1 
  51317.1228   14.762  0.004    2  1 
  51317.1257   14.761  0.004    2  1 
  51317.9715   14.756  0.004    2  1 
  51317.9744   14.746  0.004    2  1 
  51317.9772   14.739  0.004    2  1 
  51317.9970   14.708  0.003    2  1 
  51317.9998   14.700  0.003    2  1 
  51318.0025   14.695  0.004    2  1 
  51318.0227   14.674  0.004    2  1 
  51318.0260   14.676  0.005    2  1 
  51318.0292   14.686  0.005    2  1 
  51318.0510   14.678  0.004    2  1 
  51318.0542   14.685  0.004    2  1 
  51318.0575   14.688  0.005    2  1 
  51318.0795   14.720  0.004    2  1 
  51318.0827   14.723  0.005    2  1 
  51318.0859   14.728  0.004    2  1 
  51318.1079   14.775  0.005    2  1 
  51318.1111   14.779  0.005    2  1 
  51318.1144   14.783  0.005    2  1 
  51318.9846   14.875  0.004    2  1 
  51318.9874   14.875  0.004    2  1 
  51318.9902   14.887  0.004    2  1 
  51319.0093   14.888  0.004    2  1 
  51319.0122   14.884  0.004    2  1 
  51319.0151   14.881  0.004    2  1 
  51319.0351   14.865  0.004    2  1 
  51319.0380   14.859  0.004    2  1 
  51319.0411   14.846  0.005    2  1 
  51319.0623   14.792  0.004    2  1 
  51319.0928   14.708  0.003    2  1 
  51319.1137   14.664  0.003    2  1 
  51319.1164   14.659  0.003    2  1 
  51319.1190   14.655  0.003    2  1 
  51320.0869   14.699  0.003    2  1 
  51320.0909   14.759  0.003    2  1 
  51320.1531   14.834  0.004    2  1 
  51320.1557   14.820  0.003    2  1 
  51320.1584   14.820  0.003    2  1 
  51320.9810   14.820  0.004    2  1 
  51321.0292   14.713  0.003    2  1 
  51321.0466   14.707  0.003    2  1 
  51321.0491   14.701  0.003    2  1 
  51321.0517   14.631  0.003    2  1 
  51321.0689   14.687  0.003    2  1 
  51321.0740   14.691  0.003    2  1 
  51321.0997   14.693  0.003    2  1 
  51321.1023   14.691  0.003    2  1 
  51321.1049   14.698  0.003    2  1 
  51321.1074   14.697  0.003    2  1 
  51321.1100   14.704  0.003    2  1 
  51321.1285   14.730  0.003    2  1 
  51321.1311   14.731  0.003    2  1 
  51332.9607   14.733  0.006    2  1 
  51332.9651   14.734  0.006    2  1 
  51332.9797   14.742  0.005    2  1 
  51332.9834   14.748  0.005    2  1 
  51333.0005   14.758  0.005    2  1 
  51333.0039   14.762  0.005    2  1 
  51333.0156   14.769  0.004    2  1 
  51333.0192   14.774  0.005    2  1 
  51333.0445   14.790  0.005    2  1 
  51333.0479   14.796  0.005    2  1 
  51333.0636   14.801  0.006    2  1 
  51333.0681   14.800  0.006    2  1 
  51333.0834   14.797  0.005    2  1 
  51333.0869   14.804  0.005    2  1 
  51333.0981   14.805  0.005    2  1 
  51333.1018   14.797  0.005    2  1 
  51333.1258   14.786  0.005    2  1 
  51333.1294   14.782  0.005    2  1 
  51333.1410   14.773  0.006    2  1 
  51333.1452   14.769  0.005    2  1 
  51333.1492   14.761  0.005    2  1 
  51333.1642   14.747  0.005    2  1 
  51333.1679   14.740  0.005    2  1 
  51334.9778   14.709  0.003    2  1 
  51334.9806   14.715  0.003    2  1 
  51335.0115   14.787  0.004    2  1 
  51335.0145   14.795  0.004    2  1 
  51335.0237   14.816  0.004    2  1 
  51335.0269   14.821  0.004    2  1 
  51335.0365   14.838  0.004    2  1 
  51335.0396   14.843  0.004    2  1 
  51335.0624   14.875  0.005    2  1 
  51335.0658   14.869  0.005    2  1 
  51335.0766   14.878  0.005    2  1 
  51335.0800   14.875  0.005    2  1 
  51335.1009   14.853  0.004    2  1 
  51335.1041   14.849  0.005    2  1 
  51335.9585   14.809  0.005    2  1 
  51335.9619   14.800  0.004    2  1 
  51335.9661   14.784  0.005    2  1 
  51335.9693   14.777  0.004    2  1 
  51335.9855   14.726  0.004    2  1 
  51335.9915   14.710  0.004    2  1 
  51335.9966   14.698  0.004    2  1 
  51336.0139   14.657  0.004    2  1 
  51336.0172   14.656  0.004    2  1 
  51336.0275   14.643  0.004    2  1 
  51336.0306   14.645  0.004    2  1 
  51336.0439   14.635  0.004    2  1 
  51336.0470   14.637  0.004    2  1 
  51336.0662   14.665  0.004    2  1 
  51336.0696   14.671  0.004    2  1 
  51336.0728   14.673  0.004    2  1 
  51336.0954   14.720  0.004    2  1 
  51336.0989   14.736  0.004    2  1 
  51336.1119   14.771  0.005    2  1 
  51336.1153   14.775  0.004    2  1 
  51336.1297   14.814  0.005    2  1 
  51336.1557   14.854  0.007    2  1 
  51336.1600   14.867  0.006    2  1 
  51336.1647   14.873  0.007    2  1 
  51336.9567   14.804  0.003    2  1 
  51337.0022   14.866  0.004    2  1 
  51337.9827   14.691  0.005    2  1 
  51337.9868   14.692  0.005    2  1 
  51337.9997   14.699  0.005    2  1 
  51338.0033   14.696  0.004    2  1 
  51338.0231   14.717  0.005    2  1 
  51338.0265   14.724  0.005    2  1 
  51338.0304   14.728  0.005    2  1 
  51338.9791   14.790  0.004    2  1 
  51338.9849   14.795  0.004    2  1 
  51339.0116   14.810  0.005    2  1 
  51339.0151   14.803  0.005    2  1 
  51339.0441   14.789  0.004    2  1 
  51339.0477   14.788  0.004    2  1 
  51339.0513   14.784  0.004    2  1 
  51339.0774   14.766  0.004    2  1 
  51339.0807   14.754  0.004    2  1 
  51339.1053   14.735  0.004    2  1 
  51339.1093   14.730  0.004    2  1 
  51339.1327   14.716  0.004    2  1 
  51339.1363   14.715  0.004    2  1 
  51339.9588   14.722  0.004    2  1 
  51339.9627   14.722  0.004    2  1 
  51339.9835   14.691  0.004    2  1 
  51339.9874   14.692  0.004    2  1 
  51340.0115   14.673  0.004    2  1 
  51340.0146   14.680  0.004    2  1 
  51340.0349   14.691  0.004    2  1 
  51340.0380   14.688  0.004    2  1 
  51340.0659   14.736  0.004    2  1 
  51340.0696   14.744  0.004    2  1 
  51340.0938   14.791  0.005    2  1 
  51340.0983   14.804  0.005    2  1 
  51340.1334   14.848  0.005    2  1 
  51340.1366   14.855  0.004    2  1 
  51344.9654   14.821  0.003    2  1 
  51344.9786   14.799  0.003    2  1 
  51344.9829   14.792  0.004    2  1 
  51345.0052   14.770  0.004    2  1 
  51345.0092   14.761  0.004    2  1 
  51345.0132   14.749  0.003    2  1 
  51345.0170   14.753  0.004    2  1 
  51345.0353   14.732  0.004    2  1 
  51345.0390   14.726  0.003    2  1 
  51345.0645   14.711  0.004    2  1 
  51345.0690   14.709  0.004    2  1 
  51345.9658   14.706  0.005    2  1 
  51345.9696   14.714  0.005    2  1 
  51345.9999   14.779  0.005    2  1 
  51346.0043   14.793  0.005    2  1 
  51346.0310   14.840  0.004    2  1 
  51346.0343   14.855  0.005    2  1 
  51346.0571   14.875  0.005    2  1 
  51346.0604   14.874  0.005    2  1 
  51347.0221   14.637  0.004    2  1 
  51347.0274   14.635  0.003    2  1 
  51347.0562   14.663  0.004    2  1 
  51347.0597   14.666  0.004    2  1 
  51347.0815   14.718  0.003    2  1 
  51347.0850   14.725  0.004    2  1 
  51347.9550   14.822  0.004    2  1 
  51347.9581   14.827  0.004    2  1 
  51347.9877   14.869  0.004    2  1 
  51347.9914   14.875  0.004    2  1 
  51347.9948   14.872  0.004    2  1 
  51348.0181   14.875  0.004    2  1 
  51348.0211   14.876  0.004    2  1 
  51348.0849   14.735  0.006    2  1 
  51348.0897   14.722  0.005    2  1 
  51348.1054   14.685  0.005    2  1 
  51348.1088   14.682  0.005    2  1 
  51348.1122   14.671  0.005    2  1 
  51348.9528   14.695  0.003    2  1 
  51348.9557   14.688  0.004    2  1 
  51348.9795   14.688  0.004    2  1 
  51348.9824   14.690  0.004    2  1 
  51348.9941   14.697  0.004    2  1 
  51349.0152   14.716  0.004    2  1 
  51349.0189   14.722  0.004    2  1 
  51349.9596   14.785  0.004    2  1 
  51349.9627   14.785  0.004    2  1 
  51349.9911   14.802  0.004    2  1 
  51349.9944   14.804  0.004    2  1 
  51350.0097   14.809  0.004    2  1 
  51350.0128   14.806  0.004    2  1 
  51350.0228   14.804  0.004    2  1 
  51364.9643   14.793  0.004    2  1 
  51380.9714   14.875  0.003    2  1 
  51380.9769   14.883  0.004    2  1 
  51380.9801   14.884  0.004    2  1 
  51380.9845   14.879  0.004    2  1 
  51381.0066   14.853  0.004    2  1 
  51381.0096   14.852  0.004    2  1 
  51381.0136   14.836  0.003    2  1 
  51381.9638   14.697  0.003    2  1 
  51381.9679   14.704  0.004    2  1 
  51381.9716   14.707  0.004    2  1 
  51381.9917   14.740  0.004    2  1 
  51381.9946   14.744  0.004    2  1 
  51382.9605   14.810  0.004    2  1 
  51382.9652   14.807  0.004    2  1 
  51382.9682   14.801  0.004    2  1 
  51382.9887   14.792  0.004    2  1 
  51382.9916   14.790  0.004    2  1 
  51383.9595   14.707  0.003    2  1 
  51383.9648   14.705  0.003    2  1 
  51383.9826   14.705  0.003    2  1 
  51383.9853   14.706  0.004    2  1 
  51384.9657   14.705  0.003    2  1 
  51384.9827   14.733  0.003    2  1 
  51384.9853   14.694  0.003    2  1 
  51385.9557   14.647  0.003    2  1 
  51385.9615   14.720  0.003    2  1 
  51385.9788   14.769  0.003    2  1 
  51385.9814   14.780  0.003    2  1 
  51386.9731   14.718  0.004    2  1 
  51386.9769   14.705  0.004    2  1 
  51386.9807   14.693  0.004    2  1 
  51387.0101   14.663  0.004    2  1 
  51387.0139   14.667  0.004    2  1 
  51387.0177   14.671  0.004    2  1 
  51388.9571   14.754  0.005    2  1 
  51388.9622   14.750  0.005    2  1 
  51388.9659   14.747  0.005    2  1 
  51388.9899   14.739  0.005    2  1 
  51388.9932   14.741  0.005    2  1 
  51389.9629   14.786  0.003    2  1 
  51389.9656   14.790  0.003    2  1 
  51389.9683   14.796  0.003    2  1 
  51390.9578   14.633  0.003    2  1 
  51390.9604   14.679  0.003    2  1 
  51390.9631   14.673  0.004    2  1 
  51646.1374   14.749  0.004    2  1 
  51646.1447   14.750  0.005    2  1 
  51646.1486   14.753  0.005    2  1 
  51646.1532   14.759  0.005    2  1 
  51646.1570   14.756  0.005    2  1 
  51646.1609   14.763  0.005    2  1 
  51646.1649   14.762  0.005    2  1 
  51646.1687   14.768  0.005    2  1 
  51646.1727   14.766  0.005    2  1 
  51646.1764   14.773  0.005    2  1 
  51646.1801   14.780  0.005    2  1 
  51646.1837   14.776  0.004    2  1 
  51646.1871   14.776  0.005    2  1 
  51646.1907   14.783  0.005    2  1 
  51646.1944   14.783  0.005    2  1 
  51646.1983   14.781  0.005    2  1 
  51646.2025   14.777  0.005    2  1 
  51646.2065   14.791  0.004    2  1 
  51646.2100   14.789  0.004    2  1 
  51646.2138   14.790  0.004    2  1 
  51646.2172   14.789  0.004    2  1 
  51646.2206   14.792  0.004    2  1 
  51646.2245   14.795  0.004    2  1 
  51646.2283   14.793  0.004    2  1 
  51646.2320   14.797  0.004    2  1 
  51646.2362   14.791  0.004    2  1 
  51646.2394   14.795  0.003    2  1 
  51646.2426   14.804  0.004    2  1 
  51646.2457   14.801  0.004    2  1 
  51646.2489   14.795  0.004    2  1 
  51646.2523   14.800  0.004    2  1 
  51646.2557   14.797  0.004    2  1 
  51646.2591   14.802  0.004    2  1 
  51646.2626   14.801  0.005    2  1 
  51646.2660   14.802  0.004    2  1 
  51646.2694   14.797  0.005    2  1 
  51646.2730   14.792  0.005    2  1 
  51646.2769   14.787  0.005    2  1 
  51646.2811   14.793  0.006    2  1 
  51646.2852   14.796  0.005    2  1 
  51646.2895   14.791  0.005    2  1 
  51646.2939   14.786  0.005    2  1 
  51646.2986   14.784  0.005    2  1 
  51646.3027   14.785  0.006    2  1 
  51646.3070   14.775  0.005    2  1 
  51646.3111   14.774  0.005    2  1 
  51646.3151   14.771  0.005    2  1 
  51646.3189   14.770  0.004    2  1 
  51646.3225   14.767  0.004    2  1 
  51646.3260   14.765  0.004    2  1 
  51646.3296   14.765  0.004    2  1 
  51646.3330   14.755  0.004    2  1 
  51646.3377   14.755  0.004    2  1 
  51646.3414   14.757  0.004    2  1 
  51646.3451   14.750  0.004    2  1 
  51646.3496   14.751  0.004    2  1 
  51646.3530   14.739  0.004    2  1 
  51646.3568   14.742  0.004    2  1 
  51646.3602   14.747  0.005    2  1 
  51646.3637   14.737  0.005    2  1 
  51646.3679   14.742  0.004    2  1 
  51646.3713   14.734  0.004    2  1 
  51646.3746   14.738  0.005    2  1 
  51671.0353   14.826  0.004    2  1 
  51671.0475   14.848  0.004    2  1 
  51671.0585   14.849  0.004    2  1 
  51671.0649   14.865  0.004    2  1 
  51671.0721   14.863  0.004    2  1 
  51671.0771   14.857  0.005    2  1 
  51671.1013   14.835  0.004    2  1 
  51671.1053   14.832  0.004    2  1 
  51671.1107   14.826  0.004    2  1 
  51671.1151   14.817  0.004    2  1 
  51671.1292   14.787  0.004    2  1 
  51671.9878   14.728  0.003    2  1 
  51671.9920   14.715  0.003    2  1 
  51672.0277   14.675  0.004    2  1 
  51672.0316   14.674  0.004    2  1 
  51672.0822   14.721  0.004    2  1 
  51674.0685   14.777  0.005    2  1 
  51674.0726   14.780  0.005    2  1 
  51674.1052   14.784  0.005    2  1 
  51674.1117   14.785  0.005    2  1 
  51674.1260   14.780  0.004    2  1 
  51674.1296   14.786  0.004    2  1 
  51674.1332   14.779  0.004    2  1 
  51674.1368   14.780  0.004    2  1 
  51674.1405   14.781  0.004    2  1 
  51674.1444   14.777  0.004    2  1 
  51674.9689   14.755  0.004    2  1 
  51674.9724   14.761  0.005    2  1 
  51674.9867   14.773  0.005    2  1 
  51674.9911   14.774  0.005    2  1 
  51675.0041   14.780  0.005    2  1 
  51675.0121   14.791  0.005    2  1 
  51675.0159   14.793  0.005    2  1 
  51675.0253   14.788  0.004    2  1 
  51675.0289   14.795  0.004    2  1 
  51675.0351   14.795  0.004    2  1 
  51675.0465   14.797  0.004    2  1 
  51675.0521   14.796  0.005    2  1 
  51675.0558   14.792  0.004    2  1 
  51675.0622   14.797  0.005    2  1 
  51675.0661   14.794  0.005    2  1 
  51675.0719   14.795  0.005    2  1 
  51675.0756   14.787  0.005    2  1 
  51675.0814   14.788  0.005    2  1 
  51675.0858   14.783  0.005    2  1 
  51675.0927   14.778  0.004    2  1 
  51675.0970   14.772  0.004    2  1 
  51675.9751   14.725  0.004    2  1 
  51675.9802   14.717  0.004    2  1 
  51675.9906   14.708  0.004    2  1 
  51675.9939   14.709  0.004    2  1 
  51675.9971   14.702  0.004    2  1 
  51676.0005   14.698  0.003    2  1 
  51676.0036   14.698  0.004    2  1 
  51676.0067   14.696  0.004    2  1 
  51676.0112   14.701  0.004    2  1 
  51676.0240   14.694  0.005    2  1 
  51676.0301   14.702  0.004    2  1 
  51676.9616   14.845  0.006    2  1 
  51676.9713   14.855  0.006    2  1 
  51676.9757   14.855  0.005    2  1 
  51676.9867   14.855  0.006    2  1 
  51676.9919   14.844  0.006    2  1 
  51676.9969   14.847  0.006    2  1 
  51677.0090   14.829  0.005    2  1 
  51677.0126   14.834  0.005    2  1 
  51677.0180   14.822  0.006    2  1 
  51677.0226   14.811  0.006    2  1 
  51677.0271   14.806  0.006    2  1 
  51677.0318   14.798  0.006    2  1 
  51677.0362   14.788  0.006    2  1 
  51677.0410   14.775  0.006    2  1 
  51677.0453   14.770  0.006    2  1 
  51677.0499   14.758  0.006    2  1 
  51677.0580   14.739  0.006    2  1 
  51677.0628   14.733  0.006    2  1 
  51677.0672   14.724  0.006    2  1 
  51677.0713   14.715  0.005    2  1 
  51677.0751   14.718  0.005    2  1 
  51677.0793   14.704  0.005    2  1 
  51677.0835   14.701  0.005    2  1 
  51677.0877   14.690  0.005    2  1 
  51677.0918   14.686  0.005    2  1 
  51677.0956   14.685  0.005    2  1 
  51677.0996   14.685  0.005    2  1 
  51677.1044   14.677  0.005    2  1 
  51677.1082   14.685  0.005    2  1 
  51677.1121   14.676  0.005    2  1 
  51677.1160   14.683  0.005    2  1 
  51677.1199   14.685  0.005    2  1 
  51677.1238   14.678  0.005    2  1 
  51677.1276   14.681  0.005    2  1 
  51677.1315   14.680  0.005    2  1 
  51677.1353   14.688  0.005    2  1 
  51677.1396   14.687  0.005    2  1 
  51677.1434   14.696  0.005    2  1 
  51677.1476   14.702  0.005    2  1 
  51677.1520   14.706  0.005    2  1 
  51677.1564   14.715  0.005    2  1 
  51677.1603   14.721  0.005    2  1 
  51677.1642   14.726  0.005    2  1 
  51677.1680   14.731  0.005    2  1 
  51677.1719   14.741  0.005    2  1 
  51677.1759   14.748  0.005    2  1 
  51677.1797   14.757  0.005    2  1 
  51677.1836   14.763  0.005    2  1 
  51677.1883   14.772  0.005    2  1 
  51677.1922   14.779  0.005    2  1 
  51677.1960   14.785  0.005    2  1 
  51677.1999   14.792  0.005    2  1 
  51677.2038   14.802  0.005    2  1 
  51677.2083   14.802  0.005    2  1 
  51677.2133   14.814  0.005    2  1 
  51677.2176   14.816  0.006    2  1 
  51677.2233   14.824  0.006    2  1 
  51677.2285   14.822  0.007    2  1 
  51677.2335   14.836  0.007    2  1 
  51677.2391   14.842  0.007    2  1 
  51677.2465   14.844  0.007    2  1 
  51677.2524   14.851  0.006    2  1 
  51677.2571   14.851  0.006    2  1 
  51677.2620   14.854  0.006    2  1 
  51677.2664   14.852  0.006    2  1 
  51677.2708   14.849  0.006    2  1 
  51691.0375   14.758  0.002    2  1 
  51691.0509   14.765  0.003    2  1 
  51691.0543   14.755  0.004    2  1 
  51691.0579   14.760  0.004    2  1 
  51691.0633   14.760  0.003    2  1 
  51691.0670   14.762  0.003    2  1 
  51691.0711   14.765  0.003    2  1 
  51691.0770   14.764  0.003    2  1 
  51691.0805   14.761  0.004    2  1 
  51691.0840   14.757  0.004    2  1 
  51691.0896   14.757  0.004    2  1 
  51691.0931   14.760  0.003    2  1 
  51691.0971   14.766  0.003    2  1 
  51691.1040   14.766  0.004    2  1 
  51691.1083   14.765  0.004    2  1 
  51691.1122   14.760  0.003    2  1 
  51691.1214   14.759  0.004    2  1 
  51691.1249   14.768  0.004    2  1 
  51691.1323   14.771  0.003    2  1 
  51691.1357   14.771  0.003    2  1 
  51691.1392   14.765  0.003    2  1 
  51691.1448   14.769  0.003    2  1 
  51691.1522   14.777  0.002    2  1 
  51691.1561   14.775  0.002    2  1 
  51693.0130   14.805  0.004    2  1 
  51693.0248   14.812  0.004    2  1 
  51693.0305   14.816  0.004    2  1 
  51693.0340   14.835  0.004    2  1 
  51694.0082   14.698  0.004    2  1 
  51694.0114   14.696  0.004    2  1 
  51694.0148   14.696  0.003    2  1 
  51694.0202   14.693  0.004    2  1 
  51694.0234   14.700  0.004    2  1 
  51694.0319   14.703  0.003    2  1 
  51694.0351   14.710  0.004    2  1 
  51694.0384   14.709  0.004    2  1 
  51694.0418   14.710  0.004    2  1 
  51694.0472   14.715  0.004    2  1 
  51694.0505   14.723  0.004    2  1 
  51694.0537   14.729  0.004    2  1 
  51694.0590   14.732  0.004    2  1 
  51694.0623   14.729  0.004    2  1 
  51694.0714   14.755  0.004    2  1 
  51694.0748   14.755  0.004    2  1 
  51694.0781   14.767  0.004    2  1 
  51694.0868   14.774  0.004    2  1 
  51694.0901   14.783  0.004    2  1 
  51694.1075   14.805  0.004    2  1 
  51694.1190   14.824  0.004    2  1 
  51694.1221   14.820  0.004    2  1 
  51694.1252   14.827  0.004    2  1 
  51694.1286   14.830  0.004    2  1 
  51695.0280   14.779  0.004    2  1 
  51695.0317   14.700  0.003    2  1 
  51697.9712   14.731  0.004    2  1 
  51697.9818   14.717  0.004    2  1 
  51765.9746   14.782  0.004    2  1 
  51765.9783   14.775  0.004    2  1 
  51765.9820   14.777  0.004    2  1 
  51766.0194   14.765  0.005    2  1 
  51766.0229   14.757  0.004    2  1 
  51216.3063   15.084  0.004    3  1 
  51216.3342   15.067  0.004    3  1 
  51216.3572   15.030  0.004    3  1 
  51216.3847   14.985  0.004    3  1 
  51217.2936   14.988  0.004    3  1 
  51217.3214   15.034  0.004    3  1 
  51217.3648   15.141  0.002    3  1 
  51217.3852   15.099  0.004    3  1 
  51218.2935   14.982  0.004    3  1 
  51218.3212   14.944  0.004    3  1 
  51218.3442   14.940  0.004    3  1 
  51218.3704   14.957  0.004    3  1 
  51219.2811   15.099  0.002    3  1 
  51219.2844   15.081  0.004    3  1 
  51219.3053   15.077  0.004    3  1 
  51219.3228   15.059  0.004    3  1 
  51219.3465   15.029  0.004    3  1 
  51219.3676   15.002  0.004    3  1 
  51219.3851   14.985  0.004    3  1 
  51220.2805   15.021  0.004    3  1 
  51220.2995   15.032  0.004    3  1 
  51220.3171   15.042  0.004    3  1 
  51220.3349   15.042  0.004    3  1 
  51220.3523   15.052  0.004    3  1 
  51220.3689   15.049  0.004    3  1 
  51220.3877   15.046  0.004    3  1 
  51221.2691   14.985  0.003    3  1 
  51221.2915   14.990  0.003    3  1 
  51221.3097   15.009  0.003    3  1 
  51221.3270   15.027  0.003    3  1 
  51221.3437   15.036  0.004    3  1 
  51221.3619   15.063  0.004    3  1 
  51221.3854   15.062  0.004    3  1 
  51283.2237   15.035  0.003    3  1 
  51283.2601   15.030  0.003    3  1 
  51283.2830   15.033  0.003    3  1 
  51283.3050   15.017  0.003    3  1 
  51283.3367   15.021  0.003    3  1 
  51283.3600   15.026  0.003    3  1 
  51284.2056   14.964  0.003    3  1 
  51284.2337   14.946  0.003    3  1 
  51284.2542   14.949  0.003    3  1 
  51284.2806   14.981  0.003    3  1 
  51284.3075   15.027  0.003    3  1 
  51284.3333   15.085  0.003    3  1 
  51285.0371   14.951  0.003    3  1 
  51285.0646   14.916  0.003    3  1 
  51285.0885   14.920  0.003    3  1 
  51285.1182   14.975  0.003    3  1 
  51285.1470   15.044  0.003    3  1 
  51285.1698   15.100  0.003    3  1 
  51285.1988   15.137  0.003    3  1 
  51285.2270   15.131  0.004    3  1 
  51285.2539   15.080  0.003    3  1 
  51285.2851   15.000  0.003    3  1 
  51285.3202   14.917  0.003    3  1 
  51285.3496   14.922  0.003    3  1 
  51286.0308   15.181  0.003    3  1 
  51286.0619   15.150  0.003    3  1 
  51286.0871   15.087  0.003    3  1 
  51286.0921   15.054  0.003    3  1 
  51286.1226   14.975  0.003    3  1 
  51286.1512   14.904  0.003    3  1 
  51286.1789   14.895  0.003    3  1 
  51286.2076   14.927  0.003    3  1 
  51286.2389   15.020  0.003    3  1 
  51286.2613   15.080  0.003    3  1 
  51286.2889   15.151  0.003    3  1 
  51286.3108   15.166  0.003    3  1 
  51286.3335   15.168  0.003    3  1 
  51286.3566   15.114  0.003    3  1 
  51304.9734   15.008  0.003    3  1 
  51305.0076   14.977  0.004    3  1 
  51305.0510   14.977  0.004    3  1 
  51305.0770   14.994  0.004    3  1 
  51305.1004   15.024  0.003    3  1 
  51305.1407   15.049  0.004    3  1 
  51305.1707   15.068  0.004    3  1 
  51305.1996   15.064  0.004    3  1 
  51305.2299   15.049  0.004    3  1 
  51305.2561   15.032  0.004    3  1 
  51305.2836   15.001  0.004    3  1 
  51305.3139   15.003  0.004    3  1 
  51305.9733   15.026  0.003    3  1 
  51306.0117   15.060  0.003    3  1 
  51306.0157   15.069  0.003    3  1 
  51306.0375   15.082  0.004    3  1 
  51306.0735   15.094  0.004    3  1 
  51306.1285   15.025  0.003    3  1 
  51306.1517   15.001  0.004    3  1 
  51306.1807   14.961  0.003    3  1 
  51306.2059   14.955  0.003    3  1 
  51306.2269   14.961  0.003    3  1 
  51306.2491   14.987  0.003    3  1 
  51306.2725   15.025  0.003    3  1 
  51306.2932   15.071  0.003    3  1 
  51308.0249   15.181  0.003    3  1 
  51308.0524   15.131  0.003    3  1 
  51308.0851   15.015  0.003    3  1 
  51308.1202   14.895  0.003    3  1 
  51310.1272   14.959  0.003    3  1 
  51310.1308   14.961  0.003    3  1 
  51314.9714   15.061  0.003    3  1 
  51315.0138   15.130  0.003    3  1 
  51315.0372   15.140  0.003    3  1 
  51315.0710   15.108  0.003    3  1 
  51315.0946   15.042  0.003    3  1 
  51315.1180   14.967  0.003    3  1 
  51316.0597   14.981  0.003    3  1 
  51316.0832   15.008  0.003    3  1 
  51316.1079   15.030  0.003    3  1 
  51316.9780   15.018  0.003    3  1 
  51317.0013   15.060  0.004    3  1 
  51317.0241   15.078  0.004    3  1 
  51317.0523   15.087  0.004    3  1 
  51317.0782   15.062  0.004    3  1 
  51317.1035   15.036  0.004    3  1 
  51317.9808   14.979  0.003    3  1 
  51318.0060   14.937  0.003    3  1 
  51318.0331   14.917  0.004    3  1 
  51318.0898   15.001  0.004    3  1 
  51318.1183   15.076  0.004    3  1 
  51318.9811   15.169  0.004    3  1 
  51319.0058   15.186  0.004    3  1 
  51319.0315   15.149  0.004    3  1 
  51319.0717   15.010  0.003    3  1 
  51319.0961   14.927  0.003    3  1 
  51320.1175   15.167  0.003    3  1 
  51320.9998   15.018  0.002    3  1 
  51321.0212   15.017  0.003    3  1 
  51321.0658   14.910  0.003    3  1 
  51321.0965   14.931  0.003    3  1 
  51321.1252   14.965  0.003    3  1 
  51333.0403   15.047  0.004    3  1 
  51333.1062   15.065  0.004    3  1 
  51334.9989   15.010  0.003    3  1 
  51335.0432   15.135  0.004    3  1 
  51335.0972   15.149  0.004    3  1 
  51335.1083   15.126  0.004    3  1 
  51336.0103   14.885  0.003    3  1 
  51336.0508   14.857  0.003    3  1 
  51336.0891   14.945  0.004    3  1 
  51338.0075   14.945  0.004    3  1 
  51338.9740   15.063  0.003    3  1 
  51339.0046   15.077  0.004    3  1 
  51339.0385   15.057  0.004    3  1 
  51339.0685   15.032  0.004    3  1 
  51339.1006   14.989  0.004    3  1 
  51339.1280   14.968  0.004    3  1 
  51339.9665   14.952  0.003    3  1 
  51339.9935   14.917  0.003    3  1 
  51340.0189   14.907  0.003    3  1 
  51340.0441   14.952  0.004    3  1 
  51340.0753   15.017  0.004    3  1 
  51340.1041   15.098  0.004    3  1 
  51345.0430   14.966  0.003    3  1 
  51345.0736   14.948  0.003    3  1 
  51345.9747   14.965  0.004    3  1 
  51346.0101   15.075  0.004    3  1 
  51346.0388   15.151  0.004    3  1 
  51346.0670   15.162  0.004    3  1 
  51347.0317   14.848  0.003    3  1 
  51347.0645   14.910  0.003    3  1 
  51347.0896   14.990  0.003    3  1 
  51347.9638   15.125  0.003    3  1 
  51348.0146   15.173  0.004    3  1 
  51348.9591   14.928  0.003    3  1 
  51349.0243   14.975  0.003    3  1 
  51349.9679   15.059  0.003    3  1 
  51364.9721   15.032  0.003    3  1 
  51380.9890   15.178  0.003    3  1 
  51381.9751   14.942  0.003    3  1 
  51382.9716   15.073  0.004    3  1 
  51383.9680   14.938  0.003    3  1 
  51384.9688   15.140  0.003    3  1 
  51385.9645   14.960  0.003    3  1 
  51386.9859   14.911  0.003    3  1 
  51388.9699   15.003  0.003    3  1 
  51389.9715   15.065  0.003    3  1 
  51390.9663   14.922  0.003    3  1 
  51391.9664   15.016  0.003    3  1 
  51672.0213   14.912  0.003    3  1 
  51674.0796   15.045  0.004    3  1 
  51674.9989   15.041  0.004    3  1 
  51675.0396   15.061  0.003    3  1 
  51693.0053   15.048  0.003    3  1 
  51694.0012   14.922  0.003    3  1 
  51765.9863   15.051  0.004    3  1 
  51766.0153   15.048  0.004    3  1 
 56468.97641   13.628  0.028   -1  1 
 56469.04707   14.044  0.035   -1  1 
 56469.10896   13.923  0.034   -1  1 
 56469.17285   13.778  0.015   -1  1 
 56471.00364   13.801  0.018   -1  1 
 56471.06640   13.826  0.008   -1  1 
 56471.12490   13.908  0.025   -1  1 
 56471.18188   14.168  0.037   -1  1 
 56471.96759   14.240  0.031   -1  1 
 56472.03374   13.954  0.032   -1  1 
 56472.09484   13.805  0.012   -1  1 
 56472.15243   13.933  0.015   -1  1 
 56468.95296   13.801  0.025   -2  1 
 56469.02441   13.841  0.026   -2  1 
 56469.08813   13.944  0.042   -2  1 
 56469.15134   13.721  0.016   -2  1 
 56471.02588   13.783  0.022   -2  1 
 56471.08671   13.798  0.023   -2  1 
 56471.14302   13.771  0.015   -2  1 
 56471.94704   13.753  0.025   -2  1 
 56472.01085   13.882  0.053   -2  1 
 56472.07480   13.982  0.046   -2  1 
 56472.13240   13.764  0.009   -2  1 
 56472.19216   13.786  0.008   -2  1 
 56469.00041   13.972  0.018   -5  1 
 56469.06767   13.979  0.018   -5  1 
 56469.13003   13.943  0.009   -5  1 
 56469.19349   13.942  0.011   -5  1 
 56470.98130   13.935  0.009   -5  1 
 56471.04693   13.971  0.009   -5  1 
 56471.10523   13.978  0.010   -5  1 
 56471.16397   13.933  0.009   -5  1 
 56471.98857   13.921  0.015   -5  1 
 56472.05430   13.900  0.005   -5  1 
 56472.11383   13.944  0.011   -5  1 
 56472.17109   14.002  0.009   -5  1 
