  51216.3218   14.636  0.005    2  1 
  51216.3464   14.634  0.004    2  1 
  51216.3689   14.605  0.004    2  1 
  51216.3980   14.552  0.005    2  1 
  51217.3101   14.637  0.005    2  1 
  51217.3328   14.629  0.004    2  1 
  51217.3552   14.609  0.004    2  1 
  51217.3759   14.575  0.004    2  1 
  51217.3953   14.539  0.005    2  1 
  51218.2773   14.616  0.005    2  1 
  51218.3093   14.634  0.005    2  1 
  51218.3298   14.624  0.005    2  1 
  51218.3573   14.585  0.005    2  1 
  51218.3794   14.542  0.004    2  1 
  51219.3336   14.606  0.004    2  1 
  51219.3596   14.553  0.004    2  1 
  51219.3768   14.518  0.004    2  1 
  51220.2621   14.632  0.004    2  1 
  51220.2906   14.634  0.004    2  1 
  51220.3077   14.624  0.004    2  1 
  51220.3257   14.597  0.004    2  1 
  51220.3432   14.559  0.004    2  1 
  51220.3602   14.524  0.004    2  1 
  51220.3776   14.491  0.004    2  1 
  51221.2835   14.630  0.004    2  1 
  51221.3009   14.620  0.004    2  1 
  51221.3188   14.587  0.004    2  1 
  51221.3358   14.554  0.004    2  1 
  51221.3538   14.521  0.004    2  1 
  51221.3722   14.485  0.004    2  1 
  51283.2451   14.465  0.004    2  1 
  51283.2493   14.456  0.004    2  1 
  51283.2714   14.450  0.004    2  1 
  51283.2748   14.445  0.004    2  1 
  51283.2939   14.455  0.004    2  1 
  51283.2972   14.454  0.004    2  1 
  51283.3202   14.477  0.004    2  1 
  51283.3234   14.483  0.004    2  1 
  51283.3487   14.517  0.004    2  1 
  51283.3518   14.526  0.004    2  1 
  51283.3707   14.553  0.004    2  1 
  51283.3738   14.563  0.004    2  1 
  51284.2195   14.467  0.004    2  1 
  51284.2229   14.471  0.004    2  1 
  51284.2413   14.449  0.004    2  1 
  51284.2443   14.455  0.004    2  1 
  51284.2617   14.444  0.004    2  1 
  51284.2648   14.438  0.004    2  1 
  51284.2942   14.468  0.004    2  1 
  51284.2973   14.467  0.004    2  1 
  51284.3168   14.493  0.004    2  1 
  51284.3211   14.491  0.004    2  1 
  51284.3428   14.529  0.004    2  1 
  51284.3464   14.541  0.004    2  1 
  51285.0513   14.612  0.004    2  1 
  51285.0543   14.612  0.004    2  1 
  51285.0739   14.628  0.004    2  1 
  51285.0778   14.633  0.004    2  1 
  51285.0975   14.630  0.004    2  1 
  51285.1006   14.628  0.004    2  1 
  51285.1324   14.606  0.004    2  1 
  51285.1360   14.601  0.004    2  1 
  51285.1558   14.563  0.004    2  1 
  51285.1588   14.557  0.004    2  1 
  51285.1796   14.510  0.004    2  1 
  51285.1830   14.507  0.004    2  1 
  51285.2125   14.468  0.004    2  1 
  51285.2157   14.460  0.004    2  1 
  51285.2362   14.450  0.004    2  1 
  51285.2426   14.446  0.004    2  1 
  51285.2630   14.452  0.004    2  1 
  51285.2666   14.448  0.004    2  1 
  51285.2998   14.485  0.004    2  1 
  51285.3033   14.495  0.004    2  1 
  51285.3308   14.529  0.004    2  1 
  51285.3348   14.536  0.004    2  1 
  51285.3382   14.550  0.004    2  1 
  51286.0461   14.614  0.003    2  1 
  51286.0493   14.628  0.004    2  1 
  51286.0716   14.634  0.004    2  1 
  51286.0753   14.637  0.004    2  1 
  51286.1026   14.616  0.003    2  1 
  51286.1061   14.624  0.004    2  1 
  51286.1365   14.578  0.004    2  1 
  51286.1398   14.574  0.004    2  1 
  51286.1608   14.532  0.004    2  1 
  51286.1639   14.522  0.004    2  1 
  51286.1669   14.516  0.004    2  1 
  51286.1875   14.480  0.004    2  1 
  51286.1908   14.475  0.004    2  1 
  51286.2255   14.446  0.004    2  1 
  51286.2285   14.440  0.004    2  1 
  51286.2476   14.446  0.003    2  1 
  51286.2508   14.452  0.004    2  1 
  51286.2697   14.463  0.004    2  1 
  51286.2727   14.466  0.004    2  1 
  51286.3022   14.509  0.004    2  1 
  51286.3055   14.515  0.004    2  1 
  51286.3218   14.539  0.004    2  1 
  51286.3250   14.546  0.004    2  1 
  51286.3450   14.579  0.004    2  1 
  51286.3481   14.583  0.004    2  1 
  51304.9873   14.449  0.004    2  1 
  51304.9926   14.449  0.004    2  1 
  51305.0328   14.480  0.004    2  1 
  51305.0362   14.486  0.004    2  1 
  51305.0559   14.509  0.004    2  1 
  51305.0599   14.517  0.005    2  1 
  51305.0890   14.566  0.004    2  1 
  51305.0922   14.569  0.004    2  1 
  51305.1235   14.618  0.004    2  1 
  51305.1269   14.616  0.004    2  1 
  51305.1509   14.636  0.005    2  1 
  51305.1547   14.632  0.005    2  1 
  51305.1853   14.629  0.004    2  1 
  51305.1885   14.623  0.004    2  1 
  51305.2098   14.598  0.004    2  1 
  51305.2128   14.596  0.004    2  1 
  51305.2431   14.528  0.004    2  1 
  51305.2461   14.529  0.004    2  1 
  51305.2704   14.481  0.004    2  1 
  51305.2734   14.481  0.004    2  1 
  51305.2966   14.454  0.004    2  1 
  51305.2995   14.443  0.004    2  1 
  51305.9857   14.447  0.003    2  1 
  51305.9885   14.452  0.003    2  1 
  51305.9912   14.456  0.003    2  1 
  51306.0256   14.491  0.003    2  1 
  51306.0285   14.495  0.003    2  1 
  51306.0465   14.517  0.004    2  1 
  51306.0498   14.522  0.004    2  1 
  51306.0896   14.587  0.004    2  1 
  51306.0930   14.587  0.004    2  1 
  51306.1123   14.618  0.003    2  1 
  51306.1151   14.617  0.003    2  1 
  51306.1375   14.632  0.004    2  1 
  51306.1405   14.631  0.004    2  1 
  51306.1636   14.628  0.004    2  1 
  51306.1673   14.630  0.004    2  1 
  51306.1937   14.599  0.003    2  1 
  51306.1966   14.603  0.003    2  1 
  51306.2146   14.560  0.004    2  1 
  51306.2178   14.551  0.003    2  1 
  51306.2343   14.523  0.003    2  1 
  51306.2380   14.518  0.003    2  1 
  51306.2574   14.481  0.003    2  1 
  51306.2602   14.476  0.003    2  1 
  51306.2805   14.446  0.003    2  1 
  51306.2835   14.447  0.003    2  1 
  51306.3009   14.443  0.003    2  1 
  51306.3038   14.438  0.003    2  1 
  51306.3135   14.443  0.004    2  1 
  51306.3184   14.449  0.004    2  1 
  51307.0456   14.530  0.004    2  1 
  51307.0501   14.546  0.004    2  1 
  51307.0593   14.544  0.003    2  1 
  51307.0645   14.573  0.003    2  1 
  51307.0699   14.573  0.006    2  1 
  51307.0747   14.580  0.004    2  1 
  51308.0084   14.505  0.003    2  1 
  51308.0112   14.503  0.003    2  1 
  51308.0334   14.534  0.003    2  1 
  51308.0362   14.543  0.003    2  1 
  51308.0394   14.545  0.003    2  1 
  51308.0633   14.586  0.003    2  1 
  51308.0663   14.596  0.003    2  1 
  51308.0995   14.628  0.003    2  1 
  51308.1031   14.631  0.003    2  1 
  51308.1280   14.638  0.004    2  1 
  51308.1309   14.637  0.004    2  1 
  51310.0850   14.636  0.003    2  1 
  51310.0874   14.639  0.002    2  1 
  51310.0897   14.640  0.003    2  1 
  51310.0922   14.638  0.003    2  1 
  51310.1430   14.598  0.003    2  1 
  51310.1458   14.590  0.003    2  1 
  51310.1486   14.586  0.004    2  1 
  51311.0244   14.582  0.004    2  1 
  51311.0302   14.598  0.005    2  1 
  51311.0334   14.596  0.005    2  1 
  51311.0506   14.615  0.002    2  1 
  51311.0539   14.616  0.003    2  1 
  51311.0637   14.627  0.004    2  1 
  51311.0669   14.627  0.004    2  1 
  51311.0702   14.624  0.003    2  1 
  51311.0907   14.631  0.004    2  1 
  51311.0946   14.636  0.004    2  1 
  51311.0980   14.632  0.004    2  1 
  51311.1015   14.633  0.004    2  1 
  51311.1071   14.625  0.004    2  1 
  51311.1298   14.593  0.004    2  1 
  51311.1327   14.592  0.004    2  1 
  51311.1357   14.586  0.004    2  1 
  51311.1398   14.584  0.004    2  1 
  51311.1447   14.564  0.004    2  1 
  51311.9726   14.518  0.004    2  1 
  51311.9755   14.520  0.004    2  1 
  51312.0020   14.573  0.004    2  1 
  51312.0049   14.584  0.004    2  1 
  51312.0255   14.604  0.004    2  1 
  51312.0284   14.610  0.004    2  1 
  51312.0314   14.612  0.004    2  1 
  51312.0584   14.632  0.003    2  1 
  51312.0611   14.637  0.004    2  1 
  51312.0638   14.630  0.003    2  1 
  51312.0903   14.629  0.003    2  1 
  51312.0929   14.638  0.003    2  1 
  51312.0955   14.625  0.003    2  1 
  51312.1146   14.599  0.004    2  1 
  51312.1173   14.593  0.003    2  1 
  51312.1200   14.592  0.003    2  1 
  51312.9860   14.568  0.003    2  1 
  51312.9887   14.574  0.003    2  1 
  51312.9913   14.569  0.003    2  1 
  51313.0096   14.610  0.003    2  1 
  51313.0123   14.611  0.003    2  1 
  51313.0149   14.612  0.003    2  1 
  51313.0333   14.633  0.004    2  1 
  51313.0360   14.633  0.004    2  1 
  51313.0386   14.631  0.004    2  1 
  51313.0413   14.633  0.004    2  1 
  51313.0595   14.636  0.003    2  1 
  51313.0622   14.635  0.003    2  1 
  51313.0648   14.635  0.003    2  1 
  51313.0911   14.615  0.004    2  1 
  51313.0937   14.609  0.003    2  1 
  51313.0964   14.610  0.003    2  1 
  51313.1146   14.579  0.003    2  1 
  51313.1172   14.566  0.003    2  1 
  51313.1199   14.568  0.003    2  1 
  51313.1226   14.563  0.003    2  1 
  51313.9843   14.592  0.004    2  1 
  51313.9872   14.589  0.004    2  1 
  51313.9901   14.597  0.004    2  1 
  51314.0178   14.626  0.004    2  1 
  51314.0207   14.627  0.004    2  1 
  51314.0236   14.634  0.004    2  1 
  51314.0432   14.638  0.004    2  1 
  51314.0461   14.634  0.004    2  1 
  51314.0490   14.635  0.004    2  1 
  51314.0772   14.623  0.004    2  1 
  51314.0802   14.616  0.004    2  1 
  51314.0831   14.615  0.004    2  1 
  51314.1030   14.575  0.004    2  1 
  51314.1059   14.567  0.004    2  1 
  51314.1088   14.571  0.004    2  1 
  51314.1289   14.524  0.004    2  1 
  51314.1333   14.517  0.004    2  1 
  51314.1363   14.508  0.004    2  1 
  51314.9827   14.605  0.004    2  1 
  51314.9856   14.609  0.004    2  1 
  51314.9885   14.609  0.004    2  1 
  51315.0015   14.624  0.004    2  1 
  51315.0043   14.629  0.004    2  1 
  51315.0069   14.623  0.004    2  1 
  51315.0251   14.640  0.004    2  1 
  51315.0277   14.634  0.004    2  1 
  51315.0304   14.636  0.003    2  1 
  51315.0489   14.636  0.003    2  1 
  51315.0516   14.633  0.003    2  1 
  51315.0542   14.626  0.003    2  1 
  51315.0780   14.597  0.004    2  1 
  51315.0807   14.595  0.003    2  1 
  51315.0833   14.590  0.004    2  1 
  51315.1015   14.551  0.004    2  1 
  51315.1041   14.548  0.004    2  1 
  51315.1068   14.537  0.003    2  1 
  51315.1290   14.505  0.004    2  1 
  51315.1319   14.490  0.004    2  1 
  51316.0194   14.637  0.003    2  1 
  51316.0221   14.637  0.003    2  1 
  51316.0247   14.632  0.003    2  1 
  51316.0431   14.628  0.003    2  1 
  51316.0458   14.629  0.004    2  1 
  51316.0485   14.620  0.004    2  1 
  51316.0667   14.592  0.004    2  1 
  51316.0693   14.583  0.004    2  1 
  51316.0720   14.582  0.003    2  1 
  51316.0905   14.553  0.004    2  1 
  51316.0934   14.540  0.004    2  1 
  51316.0963   14.536  0.004    2  1 
  51316.1148   14.502  0.003    2  1 
  51316.1175   14.494  0.003    2  1 
  51316.1201   14.496  0.003    2  1 
  51316.9647   14.605  0.004    2  1 
  51316.9676   14.614  0.004    2  1 
  51316.9705   14.610  0.004    2  1 
  51316.9896   14.636  0.004    2  1 
  51316.9923   14.634  0.004    2  1 
  51316.9949   14.633  0.004    2  1 
  51317.0088   14.637  0.004    2  1 
  51317.0117   14.633  0.004    2  1 
  51317.0321   14.624  0.005    2  1 
  51317.0351   14.622  0.004    2  1 
  51317.0391   14.615  0.004    2  1 
  51317.0602   14.579  0.004    2  1 
  51317.0631   14.585  0.004    2  1 
  51317.0660   14.566  0.004    2  1 
  51317.0858   14.533  0.004    2  1 
  51317.0887   14.532  0.004    2  1 
  51317.0916   14.519  0.004    2  1 
  51317.1111   14.491  0.004    2  1 
  51317.1140   14.489  0.004    2  1 
  51317.1169   14.482  0.004    2  1 
  51317.9628   14.621  0.004    2  1 
  51317.9657   14.614  0.004    2  1 
  51317.9685   14.620  0.004    2  1 
  51317.9883   14.637  0.004    2  1 
  51317.9912   14.635  0.004    2  1 
  51317.9941   14.636  0.004    2  1 
  51318.0135   14.633  0.004    2  1 
  51318.0164   14.626  0.004    2  1 
  51318.0194   14.629  0.005    2  1 
  51318.0413   14.594  0.004    2  1 
  51318.0445   14.593  0.005    2  1 
  51318.0477   14.589  0.004    2  1 
  51318.0697   14.546  0.004    2  1 
  51318.0730   14.535  0.005    2  1 
  51318.0762   14.529  0.005    2  1 
  51318.0981   14.497  0.004    2  1 
  51318.1014   14.490  0.004    2  1 
  51318.1046   14.490  0.004    2  1 
  51318.1265   14.469  0.004    2  1 
  51318.1298   14.465  0.004    2  1 
  51318.9642   14.632  0.004    2  1 
  51318.9680   14.631  0.004    2  1 
  51318.9708   14.638  0.004    2  1 
  51318.9737   14.635  0.004    2  1 
  51318.9929   14.639  0.004    2  1 
  51318.9956   14.631  0.004    2  1 
  51318.9983   14.629  0.004    2  1 
  51319.0180   14.609  0.004    2  1 
  51319.0209   14.601  0.004    2  1 
  51319.0238   14.605  0.004    2  1 
  51319.0443   14.561  0.004    2  1 
  51319.0474   14.557  0.004    2  1 
  51319.0505   14.550  0.004    2  1 
  51319.0793   14.500  0.004    2  1 
  51319.0820   14.496  0.003    2  1 
  51319.0847   14.485  0.003    2  1 
  51319.1030   14.466  0.004    2  1 
  51319.1084   14.460  0.003    2  1 
  51319.1110   14.459  0.003    2  1 
  51320.1030   14.455  0.003    2  1 
  51320.1053   14.456  0.003    2  1 
  51320.1076   14.452  0.003    2  1 
  51320.1238   14.446  0.003    2  1 
  51320.1261   14.453  0.003    2  1 
  51320.1284   14.446  0.003    2  1 
  51320.1450   14.457  0.003    2  1 
  51320.1477   14.454  0.003    2  1 
  51320.1503   14.459  0.003    2  1 
  51320.9635   14.639  0.004    2  1 
  51320.9664   14.635  0.004    2  1 
  51320.9693   14.635  0.004    2  1 
  51320.9887   14.615  0.003    2  1 
  51320.9911   14.611  0.003    2  1 
  51320.9936   14.605  0.003    2  1 
  51321.0102   14.585  0.003    2  1 
  51321.0126   14.578  0.003    2  1 
  51321.0150   14.577  0.003    2  1 
  51321.0318   14.541  0.003    2  1 
  51321.0344   14.537  0.003    2  1 
  51321.0369   14.525  0.003    2  1 
  51321.0543   14.499  0.003    2  1 
  51321.0568   14.495  0.003    2  1 
  51321.0594   14.488  0.003    2  1 
  51321.0847   14.468  0.003    2  1 
  51321.0873   14.460  0.003    2  1 
  51321.0898   14.461  0.003    2  1 
  51321.1133   14.447  0.003    2  1 
  51321.1159   14.447  0.003    2  1 
  51321.1186   14.445  0.003    2  1 
  51321.1339   14.449  0.003    2  1 
  51321.1365   14.455  0.003    2  1 
  51332.9696   14.449  0.005    2  1 
  51332.9739   14.453  0.005    2  1 
  51332.9891   14.459  0.004    2  1 
  51332.9928   14.465  0.005    2  1 
  51332.9965   14.476  0.005    2  1 
  51333.0083   14.479  0.004    2  1 
  51333.0120   14.490  0.004    2  1 
  51333.0226   14.507  0.004    2  1 
  51333.0264   14.513  0.004    2  1 
  51333.0514   14.558  0.005    2  1 
  51333.0552   14.559  0.005    2  1 
  51333.0742   14.586  0.005    2  1 
  51333.0779   14.596  0.005    2  1 
  51333.0907   14.612  0.005    2  1 
  51333.0945   14.619  0.005    2  1 
  51333.1178   14.632  0.005    2  1 
  51333.1221   14.634  0.005    2  1 
  51333.1335   14.630  0.005    2  1 
  51333.1369   14.630  0.005    2  1 
  51333.1529   14.619  0.005    2  1 
  51333.1565   14.617  0.005    2  1 
  51333.1716   14.599  0.005    2  1 
  51333.1752   14.592  0.005    2  1 
  51334.9841   14.491  0.004    2  1 
  51334.9871   14.494  0.004    2  1 
  51335.0175   14.545  0.004    2  1 
  51335.0204   14.548  0.004    2  1 
  51335.0301   14.565  0.004    2  1 
  51335.0334   14.571  0.004    2  1 
  51335.0517   14.600  0.004    2  1 
  51335.0552   14.598  0.005    2  1 
  51335.0692   14.619  0.005    2  1 
  51335.0727   14.621  0.004    2  1 
  51335.0833   14.633  0.005    2  1 
  51335.0867   14.628  0.005    2  1 
  51335.1133   14.629  0.005    2  1 
  51335.1167   14.628  0.005    2  1 
  51335.9535   14.470  0.004    2  1 
  51335.9726   14.491  0.004    2  1 
  51335.9768   14.503  0.004    2  1 
  51335.9997   14.538  0.004    2  1 
  51336.0027   14.535  0.004    2  1 
  51336.0203   14.569  0.004    2  1 
  51336.0236   14.575  0.004    2  1 
  51336.0357   14.597  0.004    2  1 
  51336.0388   14.596  0.004    2  1 
  51336.0593   14.620  0.004    2  1 
  51336.0629   14.619  0.005    2  1 
  51336.0769   14.631  0.004    2  1 
  51336.0803   14.628  0.005    2  1 
  51336.1025   14.633  0.005    2  1 
  51336.1059   14.629  0.005    2  1 
  51336.1206   14.619  0.005    2  1 
  51336.1240   14.615  0.005    2  1 
  51337.0101   14.569  0.004    2  1 
  51337.9904   14.562  0.005    2  1 
  51337.9940   14.572  0.005    2  1 
  51338.0162   14.597  0.005    2  1 
  51338.0196   14.607  0.005    2  1 
  51338.0339   14.619  0.005    2  1 
  51338.0376   14.621  0.005    2  1 
  51338.9901   14.579  0.004    2  1 
  51338.9938   14.587  0.004    2  1 
  51339.0226   14.620  0.005    2  1 
  51339.0269   14.628  0.005    2  1 
  51339.0867   14.599  0.005    2  1 
  51339.0905   14.598  0.005    2  1 
  51339.1139   14.556  0.004    2  1 
  51339.1177   14.553  0.004    2  1 
  51339.1448   14.498  0.004    2  1 
  51339.1482   14.488  0.004    2  1 
  51339.9766   14.583  0.004    2  1 
  51339.9795   14.595  0.004    2  1 
  51340.0044   14.618  0.004    2  1 
  51340.0078   14.622  0.004    2  1 
  51340.0274   14.633  0.004    2  1 
  51340.0306   14.638  0.004    2  1 
  51340.0540   14.626  0.004    2  1 
  51340.0572   14.622  0.004    2  1 
  51340.0857   14.586  0.004    2  1 
  51340.0892   14.586  0.004    2  1 
  51340.1152   14.529  0.004    2  1 
  51340.1197   14.520  0.004    2  1 
  51340.1229   14.517  0.004    2  1 
  51340.1263   14.509  0.004    2  1 
  51340.1404   14.482  0.004    2  1 
  51340.1437   14.476  0.004    2  1 
  51344.9924   14.629  0.004    2  1 
  51344.9958   14.623  0.003    2  1 
  51344.9988   14.628  0.003    2  1 
  51345.0216   14.591  0.004    2  1 
  51345.0255   14.584  0.005    2  1 
  51345.0302   14.574  0.004    2  1 
  51345.0553   14.524  0.004    2  1 
  51345.0603   14.516  0.004    2  1 
  51345.9856   14.625  0.005    2  1 
  51345.9896   14.616  0.005    2  1 
  51346.0219   14.566  0.005    2  1 
  51346.0264   14.557  0.004    2  1 
  51346.0486   14.514  0.004    2  1 
  51346.0523   14.503  0.004    2  1 
  51346.0791   14.467  0.004    2  1 
  51346.0826   14.468  0.004    2  1 
  51347.0416   14.502  0.004    2  1 
  51347.0453   14.498  0.003    2  1 
  51347.0743   14.459  0.004    2  1 
  51347.0777   14.448  0.003    2  1 
  51347.0990   14.443  0.003    2  1 
  51347.1022   14.442  0.003    2  1 
  51347.9769   14.607  0.004    2  1 
  51347.9802   14.600  0.004    2  1 
  51347.9834   14.596  0.004    2  1 
  51347.9983   14.561  0.004    2  1 
  51348.0028   14.554  0.004    2  1 
  51348.0063   14.547  0.004    2  1 
  51348.0242   14.512  0.004    2  1 
  51348.0274   14.507  0.004    2  1 
  51348.0943   14.447  0.005    2  1 
  51348.0983   14.453  0.005    2  1 
  51348.1018   14.453  0.004    2  1 
  51348.9650   14.606  0.004    2  1 
  51348.9682   14.596  0.004    2  1 
  51348.9853   14.566  0.004    2  1 
  51348.9883   14.558  0.004    2  1 
  51348.9912   14.550  0.004    2  1 
  51349.0316   14.480  0.004    2  1 
  51349.0346   14.473  0.004    2  1 
  51349.9815   14.549  0.004    2  1 
  51349.9851   14.535  0.003    2  1 
  51349.9973   14.511  0.004    2  1 
  51350.0033   14.502  0.004    2  1 
  51350.0066   14.494  0.004    2  1 
  51350.0164   14.479  0.004    2  1 
  51350.0197   14.471  0.004    2  1 
  51350.0296   14.464  0.004    2  1 
  51380.9973   14.442  0.003    2  1 
  51381.0004   14.440  0.003    2  1 
  51381.0031   14.444  0.003    2  1 
  51381.0187   14.452  0.003    2  1 
  51381.0214   14.454  0.003    2  1 
  51381.0242   14.458  0.003    2  1 
  51381.9830   14.444  0.004    2  1 
  51381.9859   14.452  0.004    2  1 
  51381.9888   14.449  0.004    2  1 
  51382.0000   14.447  0.004    2  1 
  51382.0029   14.453  0.004    2  1 
  51382.9793   14.452  0.004    2  1 
  51382.9826   14.446  0.004    2  1 
  51382.9857   14.444  0.004    2  1 
  51382.9965   14.454  0.004    2  1 
  51382.9995   14.466  0.004    2  1 
  51383.9746   14.446  0.003    2  1 
  51383.9773   14.449  0.003    2  1 
  51383.9799   14.450  0.003    2  1 
  51383.9899   14.465  0.004    2  1 
  51383.9926   14.475  0.003    2  1 
  51384.9751   14.465  0.003    2  1 
  51384.9777   14.457  0.003    2  1 
  51384.9802   14.473  0.003    2  1 
  51384.9896   14.483  0.003    2  1 
  51384.9921   14.485  0.003    2  1 
  51385.9711   14.474  0.003    2  1 
  51385.9737   14.475  0.003    2  1 
  51385.9763   14.480  0.003    2  1 
  51385.9857   14.496  0.003    2  1 
  51385.9884   14.498  0.003    2  1 
  51386.9965   14.516  0.004    2  1 
  51387.0003   14.530  0.004    2  1 
  51387.0041   14.531  0.004    2  1 
  51387.0216   14.556  0.004    2  1 
  51387.0254   14.564  0.004    2  1 
  51387.0293   14.567  0.004    2  1 
  51388.9801   14.553  0.004    2  1 
  51388.9834   14.555  0.004    2  1 
  51388.9866   14.566  0.004    2  1 
  51388.9984   14.586  0.004    2  1 
  51389.0017   14.572  0.004    2  1 
  51389.9783   14.572  0.003    2  1 
  51389.9809   14.577  0.003    2  1 
  51389.9836   14.574  0.003    2  1 
  51390.9729   14.577  0.003    2  1 
  51390.9756   14.589  0.003    2  1 
  51390.9783   14.591  0.003    2  1 
  51391.9728   14.605  0.003    2  1 
  51391.9754   14.607  0.003    2  1 
  51391.9779   14.613  0.003    2  1 
  51671.0871   14.570  0.004    2  1 
  51671.0917   14.561  0.004    2  1 
  51671.0952   14.551  0.004    2  1 
  51671.1189   14.503  0.004    2  1 
  51671.1232   14.501  0.004    2  1 
  51671.9996   14.634  0.004    2  1 
  51672.0039   14.632  0.004    2  1 
  51672.0350   14.627  0.004    2  1 
  51672.0382   14.624  0.004    2  1 
  51673.0232   14.621  0.003    2  1 
  51674.0574   14.546  0.005    2  1 
  51674.0620   14.537  0.005    2  1 
  51674.0938   14.481  0.005    2  1 
  51674.0985   14.481  0.005    2  1 
  51674.1159   14.460  0.004    2  1 
  51674.1223   14.452  0.004    2  1 
  51674.9763   14.632  0.005    2  1 
  51674.9824   14.630  0.005    2  1 
  51675.0212   14.595  0.005    2  1 
  51676.0163   14.581  0.004    2  1 
  51692.9816   14.539  0.004    2  1 
  51692.9854   14.546  0.004    2  1 
  51693.9780   14.552  0.004    2  1 
  51693.9814   14.555  0.004    2  1 
  51694.9914   14.598  0.004    2  1 
  51694.9946   14.595  0.004    2  1 
  51765.9974   14.498  0.004    2  1 
  51766.0012   14.505  0.004    2  1 
  51766.0048   14.512  0.004    2  1 
  51766.0266   14.542  0.004    2  1 
  51766.0301   14.546  0.004    2  1 
  51216.3144   15.016  0.003    3  1 
  51216.3408   15.024  0.004    3  1 
  51216.3634   14.989  0.003    3  1 
  51216.3905   14.933  0.004    3  1 
  51217.3019   15.023  0.004    3  1 
  51217.3494   14.999  0.003    3  1 
  51217.3710   14.946  0.003    3  1 
  51217.3906   14.887  0.003    3  1 
  51218.2854   15.025  0.004    3  1 
  51218.3156   15.022  0.004    3  1 
  51218.3347   14.993  0.004    3  1 
  51218.3653   14.926  0.003    3  1 
  51218.3848   14.863  0.003    3  1 
  51219.2918   15.035  0.004    3  1 
  51219.3100   15.023  0.004    3  1 
  51219.3296   14.988  0.004    3  1 
  51219.3536   14.925  0.003    3  1 
  51219.3723   14.868  0.003    3  1 
  51220.2720   15.033  0.003    3  1 
  51220.2946   15.019  0.003    3  1 
  51220.3117   14.997  0.003    3  1 
  51220.3299   14.959  0.003    3  1 
  51220.3473   14.909  0.003    3  1 
  51220.3643   14.846  0.003    3  1 
  51220.3816   14.811  0.003    3  1 
  51221.2763   15.031  0.003    3  1 
  51221.2964   15.009  0.003    3  1 
  51221.3145   14.966  0.003    3  1 
  51221.3318   14.922  0.003    3  1 
  51221.3496   14.859  0.003    3  1 
  51221.3673   14.816  0.003    3  1 
  51283.2546   14.762  0.003    3  1 
  51283.2783   14.750  0.003    3  1 
  51283.3008   14.762  0.003    3  1 
  51283.3322   14.813  0.003    3  1 
  51283.3553   14.857  0.003    3  1 
  51283.3773   14.902  0.003    3  1 
  51284.2134   14.796  0.003    3  1 
  51284.2375   14.762  0.003    3  1 
  51284.2581   14.747  0.003    3  1 
  51284.2875   14.756  0.003    3  1 
  51284.3124   14.785  0.003    3  1 
  51284.3383   14.846  0.003    3  1 
  51285.0451   14.976  0.003    3  1 
  51285.0691   15.020  0.003    3  1 
  51285.0932   15.023  0.003    3  1 
  51285.1257   14.990  0.003    3  1 
  51285.1514   14.932  0.003    3  1 
  51285.1754   14.856  0.003    3  1 
  51285.2060   14.785  0.003    3  1 
  51285.2321   14.754  0.003    3  1 
  51285.2586   14.744  0.003    3  1 
  51285.2928   14.778  0.003    3  1 
  51285.3257   14.847  0.003    3  1 
  51286.0393   15.000  0.003    3  1 
  51286.0670   15.033  0.003    3  1 
  51286.0977   15.012  0.003    3  1 
  51286.1302   14.962  0.003    3  1 
  51286.1560   14.884  0.003    3  1 
  51286.1833   14.809  0.003    3  1 
  51286.2193   14.750  0.003    3  1 
  51286.2434   14.746  0.003    3  1 
  51286.2655   14.763  0.003    3  1 
  51286.2958   14.818  0.003    3  1 
  51286.3291   14.893  0.003    3  1 
  51286.3521   14.945  0.003    3  1 
  51304.9838   14.785  0.003    3  1 
  51305.0251   14.796  0.003    3  1 
  51305.0718   14.885  0.003    3  1 
  51305.0961   14.948  0.003    3  1 
  51305.1465   15.017  0.004    3  1 
  51305.1755   15.019  0.004    3  1 
  51305.2054   14.967  0.004    3  1 
  51305.2345   14.887  0.003    3  1 
  51305.2666   14.802  0.003    3  1 
  51305.2880   14.773  0.003    3  1 
  51305.9773   14.781  0.002    3  1 
  51306.0428   14.845  0.003    3  1 
  51306.0809   14.938  0.003    3  1 
  51306.1087   14.988  0.003    3  1 
  51306.1330   15.016  0.004    3  1 
  51306.1578   15.011  0.004    3  1 
  51306.1875   14.978  0.003    3  1 
  51306.2101   14.920  0.003    3  1 
  51306.2308   14.865  0.003    3  1 
  51306.2771   14.755  0.003    3  1 
  51306.2972   14.744  0.003    3  1 
  51308.0294   14.888  0.003    3  1 
  51308.0600   14.951  0.003    3  1 
  51308.0919   15.007  0.003    3  1 
  51308.0958   15.022  0.003    3  1 
  51308.1244   15.024  0.003    3  1 
  51310.1057   15.025  0.002    3  1 
  51310.1100   15.029  0.002    3  1 
  51310.1132   15.023  0.002    3  1 
  51311.9792   14.897  0.004    3  1 
  51311.9983   14.938  0.003    3  1 
  51312.0087   14.971  0.004    3  1 
  51312.0350   15.000  0.003    3  1 
  51312.0550   15.024  0.003    3  1 
  51312.0672   15.027  0.003    3  1 
  51312.0870   15.028  0.003    3  1 
  51312.0988   15.007  0.003    3  1 
  51313.0063   14.981  0.003    3  1 
  51313.0300   15.014  0.003    3  1 
  51313.0562   15.029  0.003    3  1 
  51313.0838   15.009  0.003    3  1 
  51313.1113   14.956  0.003    3  1 
  51313.9807   14.967  0.003    3  1 
  51314.0143   15.019  0.003    3  1 
  51314.0397   15.030  0.003    3  1 
  51314.1124   14.911  0.003    3  1 
  51314.9752   14.970  0.003    3  1 
  51315.0102   15.030  0.003    3  1 
  51315.0336   15.024  0.003    3  1 
  51315.0747   14.981  0.003    3  1 
  51315.0982   14.914  0.003    3  1 
  51315.1216   14.855  0.003    3  1 
  51316.0399   15.012  0.003    3  1 
  51316.0634   14.972  0.003    3  1 
  51316.0869   14.908  0.003    3  1 
  51316.1115   14.845  0.003    3  1 
  51316.9740   14.999  0.003    3  1 
  51317.0052   15.026  0.004    3  1 
  51317.0282   15.004  0.004    3  1 
  51317.0566   14.962  0.003    3  1 
  51317.0822   14.883  0.003    3  1 
  51317.1075   14.817  0.003    3  1 
  51317.9847   15.038  0.004    3  1 
  51318.0099   15.029  0.004    3  1 
  51318.0374   14.974  0.004    3  1 
  51318.0942   14.815  0.005    3  1 
  51318.1226   14.773  0.004    3  1 
  51318.9772   15.039  0.003    3  1 
  51319.0019   15.022  0.003    3  1 
  51319.0274   14.977  0.003    3  1 
  51319.0757   14.839  0.003    3  1 
  51319.0997   14.799  0.003    3  1 
  51320.1000   14.774  0.002    3  1 
  51320.1208   14.764  0.002    3  1 
  51320.1417   14.767  0.003    3  1 
  51320.9728   15.033  0.003    3  1 
  51320.9965   14.988  0.003    3  1 
  51321.0180   14.934  0.003    3  1 
  51321.0400   14.867  0.003    3  1 
  51321.0624   14.823  0.002    3  1 
  51321.0930   14.773  0.003    3  1 
  51321.1217   14.764  0.003    3  1 
  51380.9937   14.743  0.003    3  1 
  51381.9793   14.754  0.003    3  1 
  51382.9755   14.761  0.004    3  1 
  51383.9715   14.759  0.003    3  1 
  51385.9679   14.789  0.003    3  1 
  51386.9917   14.859  0.003    3  1 
  51388.9755   14.884  0.004    3  1 
  51389.9750   14.916  0.003    3  1 
  51390.9697   14.939  0.003    3  1 
  51693.9923   14.947  0.003    3  1 
  51695.0052   14.992  0.003    3  1 
 56468.97641   13.509  0.034   -1  1 
 56469.04707   13.449  0.043   -1  1 
 56469.10896   13.667  0.043   -1  1 
 56469.17285   13.505  0.020   -1  1 
 56471.00364   13.518  0.021   -1  1 
 56471.06640   13.482  0.013   -1  1 
 56471.12490   13.497  0.014   -1  1 
 56471.18188   13.437  0.015   -1  1 
 56471.96759   13.469  0.022   -1  1 
 56472.03374   13.531  0.028   -1  1 
 56472.09484   13.555  0.026   -1  1 
 56472.15243   13.444  0.020   -1  1 
 56468.95296   13.536  0.023   -2  1 
 56469.02441   13.504  0.024   -2  1 
 56469.08813   13.585  0.015   -2  1 
 56469.15134   13.486  0.013   -2  1 
 56471.02588   13.521  0.013   -2  1 
 56471.08671   13.495  0.013   -2  1 
 56471.14302   13.445  0.010   -2  1 
 56471.94704   13.560  0.016   -2  1 
 56472.01085   13.485  0.013   -2  1 
 56472.07480   13.507  0.014   -2  1 
 56472.13240   13.456  0.008   -2  1 
 56472.19216   13.464  0.011   -2  1 
 56469.00041   13.725  0.011   -5  1 
 56469.06767   13.736  0.019   -5  1 
 56469.13003   13.723  0.019   -5  1 
 56469.19349   13.636  0.019   -5  1 
 56470.98130   13.664  0.013   -5  1 
 56471.04693   13.704  0.015   -5  1 
 56471.10523   13.691  0.015   -5  1 
 56471.16397   13.619  0.024   -5  1 
 56471.98857   13.734  0.015   -5  1 
 56472.05430   13.691  0.017   -5  1 
 56472.11383   13.680  0.017   -5  1 
 56472.17109   13.644  0.016   -5  1 
