 56468.97641   13.758  0.016   -1  1 
 56469.04707   13.928  0.028   -1  1 
 56469.10896   13.882  0.030   -1  1 
 56469.17285   13.607  0.006   -1  1 
 56471.00364   13.674  0.014   -1  1 
 56471.06640   13.624  0.004   -1  1 
 56471.12490   13.644  0.007   -1  1 
 56471.18188   13.676  0.009   -1  1 
 56471.96759   13.912  0.021   -1  1 
 56472.03374   13.686  0.008   -1  1 
 56472.09484   13.646  0.006   -1  1 
 56472.15243   13.661  0.008   -1  1 
 56468.95296   13.618  0.023   -2  1 
 56469.02441   13.819  0.029   -2  1 
 56469.08813   13.854  0.032   -2  1 
 56469.15134   13.553  0.009   -2  1 
 56471.02588   13.634  0.013   -2  1 
 56471.08671   13.562  0.011   -2  1 
 56471.14302   13.556  0.007   -2  1 
 56471.94704   13.570  0.007   -2  1 
 56472.01085   13.534  0.019   -2  1 
 56472.07480   13.851  0.035   -2  1 
 56472.13240   13.551  0.006   -2  1 
 56472.19216   13.591  0.006   -2  1 
 56469.00041   13.905  0.013   -5  1 
 56469.06767   13.877  0.010   -5  1 
 56469.13003   13.793  0.008   -5  1 
 56469.19349   13.778  0.011   -5  1 
 56470.98130   13.795  0.014   -5  1 
 56471.04693   13.784  0.017   -5  1 
 56471.10523   13.823  0.013   -5  1 
 56471.16397   13.777  0.008   -5  1 
 56471.98857   13.834  0.011   -5  1 
 56472.05430   13.810  0.008   -5  1 
 56472.11383   13.774  0.008   -5  1 
 56472.17109   13.772  0.005   -5  1 
