  51216.2987   14.708  0.005    2  1 
  51216.3275   14.759  0.005    2  1 
  51216.3519   14.764  0.005    2  1 
  51216.3771   14.738  0.005    2  1 
  51217.2851   14.753  0.005    2  1 
  51217.3152   14.697  0.005    2  1 
  51217.3378   14.621  0.004    2  1 
  51217.3598   14.561  0.004    2  1 
  51217.3804   14.525  0.004    2  1 
  51218.3013   14.522  0.004    2  1 
  51218.3254   14.494  0.004    2  1 
  51218.3504   14.495  0.004    2  1 
  51218.3753   14.529  0.004    2  1 
  51219.2775   14.501  0.004    2  1 
  51219.3014   14.533  0.004    2  1 
  51219.3186   14.570  0.004    2  1 
  51219.3397   14.622  0.004    2  1 
  51219.3635   14.673  0.004    2  1 
  51219.3810   14.701  0.004    2  1 
  51220.2867   14.669  0.004    2  1 
  51220.3036   14.703  0.004    2  1 
  51220.3219   14.736  0.004    2  1 
  51220.3391   14.756  0.005    2  1 
  51220.3564   14.759  0.004    2  1 
  51220.3729   14.754  0.005    2  1 
  51220.3920   14.723  0.005    2  1 
  51221.2619   14.749  0.004    2  1 
  51221.2873   14.755  0.004    2  1 
  51221.3052   14.738  0.004    2  1 
  51221.3230   14.704  0.004    2  1 
  51221.3396   14.654  0.004    2  1 
  51221.3577   14.595  0.004    2  1 
  51221.3762   14.541  0.004    2  1 
  51283.2102   14.753  0.004    2  1 
  51283.2288   14.741  0.004    2  1 
  51283.2338   14.730  0.004    2  1 
  51283.2391   14.721  0.004    2  1 
  51283.2642   14.649  0.004    2  1 
  51283.2680   14.640  0.004    2  1 
  51283.2868   14.576  0.004    2  1 
  51283.2902   14.572  0.003    2  1 
  51283.3138   14.524  0.003    2  1 
  51283.3170   14.523  0.004    2  1 
  51283.3408   14.510  0.003    2  1 
  51283.3447   14.509  0.003    2  1 
  51283.3642   14.520  0.003    2  1 
  51283.3673   14.519  0.003    2  1 
  51284.1955   14.628  0.004    2  1 
  51284.1993   14.623  0.004    2  1 
  51284.2266   14.547  0.004    2  1 
  51284.2298   14.538  0.004    2  1 
  51284.2475   14.520  0.004    2  1 
  51284.2506   14.515  0.004    2  1 
  51284.2679   14.510  0.003    2  1 
  51284.2711   14.512  0.004    2  1 
  51284.3004   14.529  0.004    2  1 
  51284.3036   14.537  0.004    2  1 
  51284.3257   14.579  0.004    2  1 
  51284.3289   14.582  0.004    2  1 
  51285.0269   14.723  0.003    2  1 
  51285.0299   14.731  0.003    2  1 
  51285.0577   14.751  0.004    2  1 
  51285.0607   14.748  0.004    2  1 
  51285.0814   14.729  0.004    2  1 
  51285.0847   14.726  0.004    2  1 
  51285.1052   14.676  0.004    2  1 
  51285.1084   14.669  0.004    2  1 
  51285.1396   14.577  0.004    2  1 
  51285.1427   14.556  0.003    2  1 
  51285.1624   14.527  0.003    2  1 
  51285.1654   14.523  0.003    2  1 
  51285.1891   14.506  0.003    2  1 
  51285.1924   14.509  0.003    2  1 
  51285.2195   14.525  0.003    2  1 
  51285.2227   14.526  0.004    2  1 
  51285.2468   14.571  0.004    2  1 
  51285.2498   14.578  0.004    2  1 
  51285.2738   14.628  0.004    2  1 
  51285.2775   14.643  0.004    2  1 
  51285.3077   14.695  0.004    2  1 
  51285.3112   14.707  0.004    2  1 
  51285.3425   14.737  0.004    2  1 
  51285.3456   14.738  0.004    2  1 
  51286.0177   14.713  0.003    2  1 
  51286.0241   14.698  0.003    2  1 
  51286.0542   14.599  0.003    2  1 
  51286.0574   14.590  0.003    2  1 
  51286.0794   14.547  0.003    2  1 
  51286.0832   14.539  0.003    2  1 
  51286.1105   14.520  0.003    2  1 
  51286.1136   14.506  0.003    2  1 
  51286.1441   14.531  0.003    2  1 
  51286.1472   14.531  0.003    2  1 
  51286.1708   14.571  0.003    2  1 
  51286.1740   14.577  0.004    2  1 
  51286.1969   14.625  0.004    2  1 
  51286.2002   14.636  0.004    2  1 
  51286.2322   14.697  0.004    2  1 
  51286.2352   14.702  0.004    2  1 
  51286.2544   14.733  0.004    2  1 
  51286.2573   14.732  0.004    2  1 
  51286.2785   14.748  0.004    2  1 
  51286.2816   14.754  0.004    2  1 
  51286.3149   14.721  0.004    2  1 
  51286.3179   14.715  0.004    2  1 
  51286.3375   14.668  0.004    2  1 
  51286.3409   14.655  0.004    2  1 
  51286.3604   14.591  0.004    2  1 
  51286.3635   14.579  0.004    2  1 
  51286.3665   14.570  0.004    2  1 
  51304.9667   14.563  0.003    2  1 
  51304.9697   14.582  0.003    2  1 
  51304.9956   14.632  0.003    2  1 
  51304.9985   14.638  0.003    2  1 
  51305.0393   14.715  0.004    2  1 
  51305.0423   14.719  0.004    2  1 
  51305.0812   14.738  0.004    2  1 
  51305.0852   14.737  0.004    2  1 
  51305.1040   14.729  0.004    2  1 
  51305.1077   14.725  0.004    2  1 
  51305.1328   14.674  0.005    2  1 
  51305.1357   14.661  0.004    2  1 
  51305.1582   14.581  0.004    2  1 
  51305.1616   14.575  0.004    2  1 
  51305.1919   14.518  0.004    2  1 
  51305.1953   14.522  0.004    2  1 
  51305.2170   14.514  0.004    2  1 
  51305.2202   14.505  0.004    2  1 
  51305.2493   14.537  0.004    2  1 
  51305.2523   14.540  0.004    2  1 
  51305.2764   14.588  0.004    2  1 
  51305.2796   14.594  0.005    2  1 
  51305.3025   14.640  0.004    2  1 
  51305.3054   14.651  0.004    2  1 
  51305.9643   14.716  0.004    2  1 
  51305.9672   14.724  0.003    2  1 
  51305.9940   14.750  0.003    2  1 
  51305.9970   14.745  0.003    2  1 
  51305.9997   14.746  0.003    2  1 
  51306.0313   14.726  0.003    2  1 
  51306.0340   14.730  0.003    2  1 
  51306.0638   14.649  0.003    2  1 
  51306.0674   14.630  0.003    2  1 
  51306.0960   14.548  0.003    2  1 
  51306.0990   14.548  0.003    2  1 
  51306.1183   14.525  0.003    2  1 
  51306.1209   14.522  0.003    2  1 
  51306.1434   14.509  0.004    2  1 
  51306.1474   14.510  0.004    2  1 
  51306.1743   14.534  0.003    2  1 
  51306.1770   14.539  0.003    2  1 
  51306.1996   14.581  0.003    2  1 
  51306.2025   14.586  0.003    2  1 
  51306.2207   14.616  0.003    2  1 
  51306.2235   14.631  0.003    2  1 
  51306.2407   14.666  0.003    2  1 
  51306.2432   14.678  0.003    2  1 
  51306.2458   14.678  0.003    2  1 
  51306.2665   14.718  0.003    2  1 
  51306.2691   14.718  0.003    2  1 
  51306.2862   14.735  0.004    2  1 
  51306.2895   14.747  0.004    2  1 
  51306.3068   14.759  0.004    2  1 
  51306.3101   14.751  0.004    2  1 
  51306.9828   14.664  0.005    2  1 
  51306.9870   14.645  0.003    2  1 
  51307.0161   14.569  0.003    2  1 
  51307.0270   14.543  0.004    2  1 
  51307.0388   14.530  0.004    2  1 
  51307.0824   14.510  0.005    2  1 
  51307.9862   14.520  0.003    2  1 
  51307.9901   14.520  0.003    2  1 
  51308.0178   14.527  0.003    2  1 
  51308.0212   14.533  0.003    2  1 
  51308.0443   14.567  0.003    2  1 
  51308.0713   14.620  0.003    2  1 
  51308.0749   14.628  0.003    2  1 
  51308.0779   14.650  0.003    2  1 
  51308.1072   14.702  0.004    2  1 
  51308.1114   14.709  0.004    2  1 
  51310.1342   14.509  0.003    2  1 
  51310.1371   14.501  0.003    2  1 
  51310.1402   14.504  0.003    2  1 
  51314.9621   14.766  0.005    2  1 
  51314.9650   14.736  0.004    2  1 
  51314.9679   14.738  0.004    2  1 
  51314.9914   14.662  0.003    2  1 
  51314.9943   14.658  0.004    2  1 
  51314.9972   14.643  0.003    2  1 
  51315.0171   14.581  0.003    2  1 
  51315.0197   14.575  0.003    2  1 
  51315.0224   14.560  0.003    2  1 
  51315.0409   14.522  0.003    2  1 
  51315.0436   14.521  0.003    2  1 
  51315.0462   14.521  0.003    2  1 
  51315.0650   14.502  0.003    2  1 
  51315.0677   14.497  0.003    2  1 
  51315.0860   14.500  0.003    2  1 
  51315.0887   14.498  0.003    2  1 
  51315.0913   14.501  0.003    2  1 
  51315.1094   14.519  0.003    2  1 
  51315.1121   14.530  0.003    2  1 
  51315.1148   14.533  0.003    2  1 
  51316.0277   14.516  0.003    2  1 
  51316.0303   14.517  0.003    2  1 
  51316.0330   14.516  0.003    2  1 
  51316.0511   14.556  0.003    2  1 
  51316.0538   14.561  0.003    2  1 
  51316.0565   14.567  0.003    2  1 
  51316.0746   14.605  0.003    2  1 
  51316.0773   14.617  0.003    2  1 
  51316.0800   14.621  0.003    2  1 
  51316.0992   14.656  0.004    2  1 
  51316.1020   14.661  0.003    2  1 
  51316.1046   14.667  0.003    2  1 
  51316.1228   14.710  0.003    2  1 
  51316.1255   14.722  0.004    2  1 
  51316.1281   14.722  0.004    2  1 
  51316.9815   14.566  0.003    2  1 
  51316.9843   14.578  0.003    2  1 
  51316.9869   14.577  0.003    2  1 
  51316.9978   14.604  0.004    2  1 
  51317.0147   14.649  0.004    2  1 
  51317.0176   14.651  0.004    2  1 
  51317.0205   14.660  0.004    2  1 
  51317.0420   14.716  0.005    2  1 
  51317.0450   14.715  0.005    2  1 
  51317.0483   14.719  0.005    2  1 
  51317.0689   14.746  0.004    2  1 
  51317.0718   14.756  0.004    2  1 
  51317.0747   14.752  0.004    2  1 
  51317.0946   14.764  0.004    2  1 
  51317.0974   14.764  0.004    2  1 
  51317.1000   14.770  0.004    2  1 
  51317.1199   14.751  0.004    2  1 
  51317.1228   14.743  0.004    2  1 
  51317.1257   14.741  0.004    2  1 
  51317.9715   14.714  0.004    2  1 
  51317.9744   14.719  0.004    2  1 
  51317.9772   14.725  0.004    2  1 
  51317.9970   14.735  0.003    2  1 
  51317.9998   14.750  0.003    2  1 
  51318.0025   14.766  0.004    2  1 
  51318.0227   14.764  0.005    2  1 
  51318.0260   14.772  0.005    2  1 
  51318.0292   14.790  0.007    2  1 
  51318.0510   14.732  0.005    2  1 
  51318.0542   14.728  0.005    2  1 
  51318.0575   14.728  0.005    2  1 
  51318.0795   14.657  0.005    2  1 
  51318.0827   14.651  0.005    2  1 
  51318.0859   14.638  0.004    2  1 
  51318.1079   14.563  0.005    2  1 
  51318.1111   14.560  0.005    2  1 
  51318.1144   14.544  0.006    2  1 
  51318.9846   14.711  0.004    2  1 
  51318.9874   14.706  0.004    2  1 
  51318.9902   14.694  0.003    2  1 
  51319.0093   14.639  0.004    2  1 
  51319.0122   14.631  0.004    2  1 
  51319.0151   14.627  0.004    2  1 
  51319.0351   14.554  0.004    2  1 
  51319.0380   14.546  0.004    2  1 
  51319.0411   14.543  0.004    2  1 
  51319.0623   14.513  0.004    2  1 
  51319.0653   14.509  0.004    2  1 
  51319.0682   14.505  0.003    2  1 
  51319.0874   14.502  0.003    2  1 
  51319.0902   14.501  0.003    2  1 
  51319.0928   14.507  0.003    2  1 
  51319.1137   14.527  0.003    2  1 
  51319.1164   14.529  0.003    2  1 
  51319.1190   14.531  0.003    2  1 
  51320.0869   14.622  0.003    2  1 
  51320.0909   14.625  0.003    2  1 
  51320.1531   14.736  0.003    2  1 
  51320.1557   14.740  0.003    2  1 
  51320.1584   14.746  0.003    2  1 
  51320.9810   14.551  0.003    2  1 
  51320.9838   14.558  0.003    2  1 
  51321.0292   14.658  0.003    2  1 
  51321.0466   14.695  0.003    2  1 
  51321.0491   14.705  0.003    2  1 
  51321.0517   14.700  0.003    2  1 
  51321.0689   14.736  0.003    2  1 
  51321.0714   14.730  0.003    2  1 
  51321.0740   14.734  0.003    2  1 
  51321.0997   14.750  0.003    2  1 
  51321.1023   14.748  0.004    2  1 
  51321.1049   14.749  0.003    2  1 
  51321.1074   14.742  0.003    2  1 
  51321.1100   14.745  0.003    2  1 
  51321.1285   14.731  0.003    2  1 
  51321.1311   14.727  0.003    2  1 
  51332.9607   14.500  0.005    2  1 
  51332.9651   14.510  0.006    2  1 
  51332.9797   14.530  0.005    2  1 
  51332.9834   14.534  0.004    2  1 
  51333.0005   14.573  0.004    2  1 
  51333.0039   14.578  0.005    2  1 
  51333.0156   14.599  0.004    2  1 
  51333.0192   14.620  0.005    2  1 
  51333.0445   14.669  0.004    2  1 
  51333.0479   14.676  0.004    2  1 
  51333.0636   14.705  0.006    2  1 
  51333.0681   14.712  0.006    2  1 
  51333.0834   14.737  0.005    2  1 
  51333.0869   14.741  0.005    2  1 
  51333.0981   14.754  0.005    2  1 
  51333.1018   14.755  0.005    2  1 
  51333.1258   14.758  0.005    2  1 
  51333.1294   14.758  0.006    2  1 
  51333.1410   14.735  0.006    2  1 
  51333.1452   14.731  0.005    2  1 
  51333.1492   14.725  0.005    2  1 
  51333.1642   14.691  0.005    2  1 
  51333.1679   14.676  0.005    2  1 
  51334.9778   14.752  0.003    2  1 
  51334.9806   14.741  0.003    2  1 
  51335.0115   14.681  0.003    2  1 
  51335.0145   14.677  0.004    2  1 
  51335.0237   14.654  0.004    2  1 
  51335.0269   14.634  0.004    2  1 
  51335.0365   14.603  0.004    2  1 
  51335.0396   14.594  0.004    2  1 
  51335.0624   14.534  0.004    2  1 
  51335.0658   14.530  0.004    2  1 
  51335.0766   14.514  0.004    2  1 
  51335.0800   14.510  0.004    2  1 
  51335.1009   14.490  0.004    2  1 
  51335.1041   14.490  0.004    2  1 
  51335.9585   14.616  0.004    2  1 
  51335.9619   14.613  0.004    2  1 
  51335.9661   14.593  0.004    2  1 
  51335.9693   14.584  0.004    2  1 
  51335.9855   14.544  0.004    2  1 
  51335.9915   14.528  0.003    2  1 
  51335.9966   14.518  0.003    2  1 
  51336.0139   14.504  0.004    2  1 
  51336.0172   14.503  0.004    2  1 
  51336.0275   14.493  0.004    2  1 
  51336.0306   14.492  0.004    2  1 
  51336.0439   14.500  0.004    2  1 
  51336.0470   14.504  0.004    2  1 
  51336.0662   14.528  0.004    2  1 
  51336.0696   14.534  0.004    2  1 
  51336.0728   14.541  0.004    2  1 
  51336.0954   14.581  0.004    2  1 
  51336.0989   14.594  0.004    2  1 
  51336.1119   14.628  0.004    2  1 
  51336.1153   14.629  0.004    2  1 
  51336.1297   14.667  0.005    2  1 
  51336.1557   14.737  0.009    2  1 
  51336.1600   14.728  0.007    2  1 
  51336.1647   14.746  0.008    2  1 
  51336.9567   14.496  0.002    2  1 
  51337.0022   14.552  0.004    2  1 
  51337.9827   14.684  0.005    2  1 
  51337.9868   14.696  0.005    2  1 
  51337.9997   14.709  0.005    2  1 
  51338.0033   14.723  0.005    2  1 
  51338.0231   14.746  0.005    2  1 
  51338.0265   14.752  0.005    2  1 
  51338.0304   14.762  0.005    2  1 
  51338.9791   14.753  0.004    2  1 
  51338.9849   14.747  0.004    2  1 
  51339.0116   14.707  0.005    2  1 
  51339.0151   14.692  0.005    2  1 
  51339.0441   14.600  0.004    2  1 
  51339.0477   14.590  0.004    2  1 
  51339.0513   14.579  0.004    2  1 
  51339.0774   14.524  0.004    2  1 
  51339.0807   14.522  0.004    2  1 
  51339.1053   14.494  0.004    2  1 
  51339.1093   14.506  0.004    2  1 
  51339.1327   14.518  0.004    2  1 
  51339.1363   14.524  0.004    2  1 
  51339.9588   14.641  0.004    2  1 
  51339.9627   14.629  0.004    2  1 
  51339.9835   14.571  0.004    2  1 
  51339.9874   14.562  0.004    2  1 
  51340.0115   14.519  0.004    2  1 
  51340.0146   14.515  0.003    2  1 
  51340.0349   14.509  0.004    2  1 
  51340.0380   14.507  0.004    2  1 
  51340.0659   14.527  0.004    2  1 
  51340.0696   14.537  0.004    2  1 
  51340.0938   14.580  0.004    2  1 
  51340.0983   14.589  0.005    2  1 
  51340.1334   14.659  0.004    2  1 
  51340.1366   14.661  0.004    2  1 
  51344.9654   14.517  0.003    2  1 
  51344.9786   14.521  0.003    2  1 
  51344.9829   14.518  0.004    2  1 
  51345.0052   14.559  0.004    2  1 
  51345.0092   14.555  0.004    2  1 
  51345.0132   14.572  0.003    2  1 
  51345.0170   14.573  0.004    2  1 
  51345.0353   14.620  0.003    2  1 
  51345.0390   14.633  0.003    2  1 
  51345.0645   14.680  0.004    2  1 
  51345.0690   14.681  0.004    2  1 
  51345.9658   14.630  0.005    2  1 
  51345.9696   14.642  0.005    2  1 
  51345.9999   14.700  0.005    2  1 
  51346.0043   14.701  0.005    2  1 
  51346.0310   14.736  0.004    2  1 
  51346.0343   14.749  0.004    2  1 
  51346.0571   14.747  0.004    2  1 
  51346.0604   14.752  0.005    2  1 
  51347.0221   14.691  0.004    2  1 
  51347.0274   14.668  0.003    2  1 
  51347.0562   14.584  0.004    2  1 
  51347.0597   14.568  0.004    2  1 
  51347.0815   14.525  0.003    2  1 
  51347.0850   14.517  0.003    2  1 
  51347.9550   14.651  0.004    2  1 
  51347.9581   14.657  0.004    2  1 
  51347.9877   14.561  0.004    2  1 
  51347.9914   14.552  0.004    2  1 
  51347.9948   14.544  0.004    2  1 
  51348.0181   14.515  0.004    2  1 
  51348.0211   14.511  0.004    2  1 
  51348.0849   14.547  0.006    2  1 
  51348.0897   14.555  0.005    2  1 
  51348.1054   14.597  0.005    2  1 
  51348.1088   14.598  0.005    2  1 
  51348.1122   14.611  0.005    2  1 
  51348.9528   14.506  0.003    2  1 
  51348.9557   14.510  0.003    2  1 
  51348.9795   14.507  0.003    2  1 
  51348.9824   14.512  0.003    2  1 
  51348.9941   14.528  0.003    2  1 
  51349.0152   14.563  0.004    2  1 
  51349.0189   14.568  0.004    2  1 
  51349.9596   14.598  0.003    2  1 
  51349.9627   14.603  0.003    2  1 
  51349.9911   14.675  0.004    2  1 
  51349.9944   14.683  0.004    2  1 
  51350.0097   14.711  0.004    2  1 
  51350.0128   14.708  0.004    2  1 
  51350.0228   14.737  0.004    2  1 
  51364.9643   14.522  0.003    2  1 
  51364.9677   14.515  0.003    2  1 
  51380.9714   14.536  0.003    2  1 
  51380.9769   14.521  0.003    2  1 
  51380.9801   14.524  0.003    2  1 
  51380.9845   14.518  0.003    2  1 
  51381.0066   14.505  0.003    2  1 
  51381.0096   14.510  0.003    2  1 
  51381.0136   14.511  0.003    2  1 
  51381.9638   14.533  0.003    2  1 
  51381.9679   14.541  0.003    2  1 
  51381.9716   14.549  0.004    2  1 
  51381.9917   14.581  0.004    2  1 
  51381.9946   14.588  0.004    2  1 
  51382.9605   14.674  0.004    2  1 
  51382.9652   14.688  0.004    2  1 
  51382.9682   14.700  0.005    2  1 
  51382.9887   14.725  0.004    2  1 
  51382.9916   14.737  0.004    2  1 
  51383.9595   14.739  0.003    2  1 
  51383.9621   14.732  0.003    2  1 
  51383.9648   14.735  0.003    2  1 
  51383.9826   14.710  0.003    2  1 
  51383.9853   14.712  0.004    2  1 
  51384.9606   14.545  0.003    2  1 
  51384.9631   14.549  0.003    2  1 
  51384.9657   14.548  0.003    2  1 
  51384.9827   14.523  0.003    2  1 
  51384.9853   14.522  0.003    2  1 
  51385.9557   14.514  0.003    2  1 
  51385.9589   14.518  0.003    2  1 
  51385.9615   14.516  0.003    2  1 
  51385.9788   14.550  0.003    2  1 
  51385.9814   14.555  0.003    2  1 
  51386.9731   14.693  0.004    2  1 
  51386.9769   14.702  0.004    2  1 
  51386.9807   14.709  0.004    2  1 
  51387.0101   14.739  0.004    2  1 
  51387.0139   14.744  0.004    2  1 
  51387.0177   14.742  0.004    2  1 
  51388.9571   14.560  0.005    2  1 
  51388.9622   14.558  0.005    2  1 
  51388.9659   14.550  0.005    2  1 
  51388.9899   14.512  0.004    2  1 
  51388.9932   14.514  0.004    2  1 
  51389.9629   14.513  0.003    2  1 
  51389.9656   14.509  0.003    2  1 
  51389.9683   14.514  0.003    2  1 
  51390.9578   14.644  0.003    2  1 
  51390.9604   14.647  0.003    2  1 
  51390.9631   14.660  0.004    2  1 
  51391.9583   14.763  0.003    2  1 
  51391.9609   14.748  0.003    2  1 
  51391.9634   14.757  0.003    2  1 
  51646.1374   14.768  0.004    2  1 
  51646.1447   14.768  0.006    2  1 
  51646.1486   14.756  0.005    2  1 
  51646.1532   14.758  0.005    2  1 
  51646.1570   14.769  0.007    2  1 
  51646.1609   14.765  0.006    2  1 
  51646.1649   14.750  0.006    2  1 
  51646.1687   14.750  0.005    2  1 
  51646.1727   14.722  0.005    2  1 
  51646.1764   14.718  0.005    2  1 
  51646.1801   14.711  0.005    2  1 
  51646.1837   14.701  0.004    2  1 
  51646.1871   14.692  0.005    2  1 
  51646.1907   14.684  0.005    2  1 
  51646.1944   14.666  0.005    2  1 
  51646.1983   14.653  0.004    2  1 
  51646.2025   14.643  0.005    2  1 
  51646.2065   14.629  0.004    2  1 
  51646.2100   14.614  0.004    2  1 
  51646.2138   14.601  0.004    2  1 
  51646.2172   14.588  0.004    2  1 
  51646.2206   14.590  0.004    2  1 
  51646.2245   14.573  0.004    2  1 
  51646.2283   14.564  0.004    2  1 
  51646.2320   14.555  0.004    2  1 
  51646.2362   14.541  0.004    2  1 
  51646.2394   14.538  0.003    2  1 
  51646.2426   14.536  0.003    2  1 
  51646.2457   14.533  0.003    2  1 
  51646.2489   14.526  0.003    2  1 
  51646.2523   14.523  0.004    2  1 
  51646.2557   14.520  0.004    2  1 
  51646.2591   14.520  0.004    2  1 
  51646.2626   14.509  0.004    2  1 
  51646.2660   14.506  0.004    2  1 
  51646.2694   14.502  0.005    2  1 
  51646.2730   14.499  0.006    2  1 
  51646.2769   14.480  0.007    2  1 
  51646.2811   14.473  0.008    2  1 
  51646.2852   14.498  0.006    2  1 
  51646.2895   14.508  0.005    2  1 
  51646.2939   14.504  0.005    2  1 
  51646.2986   14.501  0.006    2  1 
  51646.3027   14.515  0.006    2  1 
  51646.3070   14.522  0.005    2  1 
  51646.3111   14.533  0.005    2  1 
  51646.3151   14.544  0.004    2  1 
  51646.3189   14.545  0.004    2  1 
  51646.3225   14.559  0.004    2  1 
  51646.3260   14.561  0.004    2  1 
  51646.3296   14.568  0.004    2  1 
  51646.3330   14.572  0.004    2  1 
  51646.3377   14.592  0.004    2  1 
  51646.3414   14.594  0.004    2  1 
  51646.3451   14.603  0.004    2  1 
  51646.3496   14.606  0.004    2  1 
  51646.3530   14.613  0.004    2  1 
  51646.3568   14.626  0.004    2  1 
  51646.3602   14.632  0.006    2  1 
  51646.3637   14.645  0.005    2  1 
  51646.3679   14.655  0.005    2  1 
  51646.3713   14.663  0.005    2  1 
  51646.3746   14.676  0.006    2  1 
  51671.0585   14.722  0.004    2  1 
  51671.0649   14.728  0.004    2  1 
  51671.0721   14.743  0.004    2  1 
  51671.0771   14.760  0.005    2  1 
  51671.1013   14.738  0.004    2  1 
  51671.1053   14.733  0.004    2  1 
  51671.1107   14.734  0.004    2  1 
  51671.1151   14.726  0.004    2  1 
  51671.1292   14.699  0.004    2  1 
  51671.9878   14.729  0.003    2  1 
  51671.9920   14.732  0.003    2  1 
  51672.0277   14.737  0.004    2  1 
  51672.0316   14.732  0.004    2  1 
  51672.0822   14.623  0.004    2  1 
  51674.0685   14.597  0.005    2  1 
  51674.0726   14.613  0.005    2  1 
  51674.1052   14.674  0.005    2  1 
  51674.1117   14.689  0.005    2  1 
  51674.1260   14.717  0.004    2  1 
  51674.1296   14.720  0.004    2  1 
  51674.1332   14.725  0.004    2  1 
  51674.1368   14.734  0.004    2  1 
  51674.1405   14.735  0.004    2  1 
  51674.1444   14.749  0.004    2  1 
  51674.9689   14.556  0.004    2  1 
  51674.9724   14.558  0.004    2  1 
  51674.9867   14.589  0.004    2  1 
  51674.9911   14.590  0.005    2  1 
  51675.0041   14.629  0.005    2  1 
  51675.0121   14.643  0.005    2  1 
  51675.0159   14.654  0.005    2  1 
  51675.0253   14.661  0.004    2  1 
  51675.0289   14.673  0.004    2  1 
  51675.0351   14.681  0.004    2  1 
  51675.0465   14.712  0.004    2  1 
  51675.0521   14.719  0.005    2  1 
  51675.0558   14.725  0.004    2  1 
  51675.0622   14.737  0.005    2  1 
  51675.0661   14.736  0.004    2  1 
  51675.0719   14.746  0.005    2  1 
  51675.0756   14.750  0.005    2  1 
  51675.0814   14.744  0.005    2  1 
  51675.0858   14.752  0.005    2  1 
  51675.0927   14.746  0.004    2  1 
  51675.0970   14.749  0.004    2  1 
  51675.9751   14.715  0.004    2  1 
  51675.9802   14.729  0.004    2  1 
  51675.9906   14.734  0.004    2  1 
  51675.9939   14.738  0.004    2  1 
  51675.9971   14.744  0.004    2  1 
  51676.0005   14.744  0.004    2  1 
  51676.0036   14.746  0.004    2  1 
  51676.0067   14.747  0.004    2  1 
  51676.0112   14.753  0.004    2  1 
  51676.0240   14.748  0.005    2  1 
  51676.0301   14.745  0.004    2  1 
  51676.9616   14.749  0.006    2  1 
  51676.9713   14.733  0.005    2  1 
  51676.9757   14.731  0.005    2  1 
  51676.9867   14.705  0.006    2  1 
  51676.9919   14.692  0.008    2  1 
  51676.9969   14.672  0.006    2  1 
  51677.0090   14.629  0.006    2  1 
  51677.0126   14.620  0.005    2  1 
  51677.0180   14.596  0.006    2  1 
  51677.0226   14.582  0.005    2  1 
  51677.0271   14.571  0.006    2  1 
  51677.0318   14.554  0.005    2  1 
  51677.0362   14.547  0.005    2  1 
  51677.0410   14.539  0.006    2  1 
  51677.0453   14.527  0.005    2  1 
  51677.0499   14.518  0.005    2  1 
  51677.0580   14.512  0.006    2  1 
  51677.0628   14.507  0.005    2  1 
  51677.0672   14.499  0.005    2  1 
  51677.0713   14.503  0.005    2  1 
  51677.0751   14.494  0.005    2  1 
  51677.0793   14.498  0.005    2  1 
  51677.0835   14.497  0.005    2  1 
  51677.0877   14.503  0.005    2  1 
  51677.0918   14.497  0.005    2  1 
  51677.0956   14.500  0.005    2  1 
  51677.0996   14.497  0.006    2  1 
  51677.1044   14.505  0.005    2  1 
  51677.1082   14.500  0.006    2  1 
  51677.1121   14.522  0.005    2  1 
  51677.1160   14.525  0.005    2  1 
  51677.1199   14.531  0.006    2  1 
  51677.1238   14.539  0.005    2  1 
  51677.1276   14.548  0.005    2  1 
  51677.1315   14.554  0.005    2  1 
  51677.1353   14.562  0.005    2  1 
  51677.1396   14.567  0.005    2  1 
  51677.1434   14.578  0.005    2  1 
  51677.1476   14.591  0.005    2  1 
  51677.1520   14.607  0.005    2  1 
  51677.1564   14.611  0.005    2  1 
  51677.1603   14.623  0.005    2  1 
  51677.1642   14.628  0.005    2  1 
  51677.1680   14.645  0.005    2  1 
  51677.1719   14.645  0.005    2  1 
  51677.1759   14.652  0.005    2  1 
  51677.1797   14.663  0.005    2  1 
  51677.1836   14.677  0.006    2  1 
  51677.1883   14.686  0.005    2  1 
  51677.1922   14.695  0.005    2  1 
  51677.1960   14.701  0.005    2  1 
  51677.1999   14.711  0.006    2  1 
  51677.2038   14.708  0.005    2  1 
  51677.2083   14.721  0.005    2  1 
  51677.2133   14.735  0.006    2  1 
  51677.2176   14.764  0.007    2  1 
  51677.2233   14.761  0.007    2  1 
  51677.2285   14.797  0.011    2  1 
  51677.2335   14.769  0.008    2  1 
  51677.2391   14.773  0.008    2  1 
  51677.2465   14.792  0.009    2  1 
  51677.2524   14.771  0.007    2  1 
  51677.2571   14.770  0.006    2  1 
  51677.2620   14.770  0.006    2  1 
  51677.2664   14.764  0.006    2  1 
  51677.2708   14.753  0.006    2  1 
  51691.0375   14.647  0.002    2  1 
  51691.0409   14.652  0.003    2  1 
  51691.0444   14.659  0.003    2  1 
  51691.0509   14.682  0.003    2  1 
  51691.0543   14.676  0.004    2  1 
  51691.0579   14.687  0.004    2  1 
  51691.0633   14.704  0.003    2  1 
  51691.0670   14.709  0.002    2  1 
  51691.0711   14.706  0.003    2  1 
  51691.0770   14.722  0.003    2  1 
  51691.0805   14.720  0.004    2  1 
  51691.0840   14.733  0.004    2  1 
  51691.0896   14.738  0.004    2  1 
  51691.0931   14.737  0.003    2  1 
  51691.0971   14.744  0.003    2  1 
  51691.1040   14.745  0.004    2  1 
  51691.1083   14.743  0.004    2  1 
  51691.1122   14.739  0.003    2  1 
  51691.1180   14.740  0.004    2  1 
  51691.1214   14.736  0.004    2  1 
  51691.1249   14.738  0.004    2  1 
  51691.1323   14.736  0.003    2  1 
  51691.1357   14.737  0.003    2  1 
  51691.1392   14.725  0.003    2  1 
  51691.1448   14.727  0.003    2  1 
  51691.1522   14.712  0.002    2  1 
  51691.1561   14.689  0.002    2  1 
  51693.0130   14.676  0.004    2  1 
  51693.0165   14.655  0.004    2  1 
  51693.0248   14.647  0.004    2  1 
  51693.0305   14.618  0.004    2  1 
  51693.0340   14.608  0.004    2  1 
  51693.0378   14.602  0.004    2  1 
  51694.0082   14.510  0.003    2  1 
  51694.0114   14.507  0.003    2  1 
  51694.0148   14.498  0.003    2  1 
  51694.0202   14.509  0.003    2  1 
  51694.0234   14.510  0.003    2  1 
  51694.0267   14.499  0.003    2  1 
  51694.0319   14.505  0.003    2  1 
  51694.0351   14.515  0.003    2  1 
  51694.0384   14.508  0.003    2  1 
  51694.0418   14.514  0.003    2  1 
  51694.0472   14.518  0.003    2  1 
  51694.0505   14.526  0.003    2  1 
  51694.0537   14.527  0.003    2  1 
  51694.0590   14.528  0.003    2  1 
  51694.0623   14.538  0.003    2  1 
  51694.0656   14.543  0.003    2  1 
  51694.0714   14.552  0.003    2  1 
  51694.0748   14.563  0.003    2  1 
  51694.0781   14.562  0.003    2  1 
  51694.0836   14.570  0.003    2  1 
  51694.0868   14.581  0.003    2  1 
  51694.0901   14.585  0.003    2  1 
  51694.0957   14.602  0.003    2  1 
  51694.0989   14.603  0.003    2  1 
  51694.1021   14.606  0.003    2  1 
  51694.1075   14.629  0.003    2  1 
  51694.1106   14.630  0.003    2  1 
  51694.1138   14.626  0.003    2  1 
  51694.1190   14.654  0.003    2  1 
  51694.1221   14.652  0.003    2  1 
  51694.1252   14.661  0.003    2  1 
  51694.1286   14.672  0.003    2  1 
  51695.0280   14.616  0.003    2  1 
  51695.0317   14.619  0.003    2  1 
  51697.9712   14.586  0.004    2  1 
  51697.9818   14.560  0.004    2  1 
  51765.9746   14.748  0.004    2  1 
  51765.9783   14.749  0.004    2  1 
  51765.9820   14.743  0.004    2  1 
  51766.0194   14.713  0.005    2  1 
  51766.0229   14.687  0.004    2  1 
  51216.3063   15.015  0.004    3  1 
  51216.3847   15.024  0.004    3  1 
  51217.2936   15.058  0.004    3  1 
  51217.3214   14.981  0.004    3  1 
  51217.3432   14.970  0.003    3  1 
  51217.3852   14.805  0.003    3  1 
  51218.2935   14.780  0.004    3  1 
  51218.3212   14.749  0.003    3  1 
  51218.3704   14.770  0.003    3  1 
  51219.2844   14.753  0.003    3  1 
  51219.3053   14.795  0.004    3  1 
  51219.3228   14.877  0.004    3  1 
  51219.3465   14.919  0.004    3  1 
  51219.3676   14.988  0.004    3  1 
  51219.3851   15.025  0.004    3  1 
  51220.2805   14.957  0.004    3  1 
  51220.2995   15.014  0.004    3  1 
  51220.3171   15.010  0.004    3  1 
  51220.3349   15.074  0.004    3  1 
  51220.3523   15.096  0.004    3  1 
  51220.3689   15.085  0.004    3  1 
  51220.3877   15.054  0.004    3  1 
  51221.2691   15.090  0.004    3  1 
  51221.2915   15.086  0.004    3  1 
  51221.3270   14.951  0.004    3  1 
  51221.3437   14.925  0.004    3  1 
  51221.3619   14.842  0.003    3  1 
  51221.3854   14.773  0.003    3  1 
  51283.2237   15.067  0.004    3  1 
  51283.2601   14.970  0.003    3  1 
  51283.2830   14.867  0.003    3  1 
  51283.3050   14.809  0.003    3  1 
  51283.3367   14.774  0.003    3  1 
  51283.3600   14.791  0.003    3  1 
  51284.2056   14.871  0.003    3  1 
  51284.2337   14.792  0.003    3  1 
  51284.2542   14.759  0.003    3  1 
  51284.2806   14.770  0.003    3  1 
  51284.3075   14.819  0.003    3  1 
  51284.3333   14.879  0.003    3  1 
  51285.0371   15.086  0.003    3  1 
  51285.0646   15.084  0.003    3  1 
  51285.0885   15.038  0.003    3  1 
  51285.1182   14.923  0.003    3  1 
  51285.1698   14.816  0.003    3  1 
  51285.1988   14.755  0.003    3  1 
  51285.2270   14.793  0.003    3  1 
  51285.2539   14.867  0.003    3  1 
  51285.2851   14.958  0.003    3  1 
  51285.3202   15.044  0.003    3  1 
  51285.3496   15.100  0.003    3  1 
  51286.0308   14.983  0.003    3  1 
  51286.0619   14.856  0.003    3  1 
  51286.0871   14.796  0.003    3  1 
  51286.0921   14.782  0.003    3  1 
  51286.1512   14.820  0.003    3  1 
  51286.1789   14.883  0.003    3  1 
  51286.2076   14.950  0.003    3  1 
  51286.2389   15.039  0.003    3  1 
  51286.2613   15.072  0.003    3  1 
  51286.2889   15.088  0.003    3  1 
  51286.3108   15.062  0.003    3  1 
  51286.3335   15.008  0.003    3  1 
  51286.3566   14.908  0.003    3  1 
  51304.9734   14.864  0.003    3  1 
  51305.0076   14.952  0.004    3  1 
  51305.0510   15.045  0.004    3  1 
  51305.0770   15.063  0.004    3  1 
  51305.1004   15.050  0.004    3  1 
  51305.1407   14.913  0.004    3  1 
  51305.1707   14.808  0.004    3  1 
  51305.1996   14.766  0.004    3  1 
  51305.2299   14.764  0.003    3  1 
  51305.2561   14.808  0.003    3  1 
  51305.2836   14.887  0.004    3  1 
  51305.3139   14.994  0.004    3  1 
  51305.9733   15.063  0.003    3  1 
  51306.0117   15.079  0.003    3  1 
  51306.0157   15.077  0.003    3  1 
  51306.0375   15.029  0.004    3  1 
  51306.0735   14.890  0.003    3  1 
  51306.1285   14.758  0.003    3  1 
  51306.1517   14.760  0.004    3  1 
  51306.2491   15.004  0.003    3  1 
  51306.2725   15.056  0.003    3  1 
  51306.2932   15.109  0.004    3  1 
  51308.0249   14.792  0.003    3  1 
  51308.0524   14.849  0.003    3  1 
  51308.1202   15.039  0.003    3  1 
  51310.1272   14.754  0.003    3  1 
  51310.1308   14.751  0.003    3  1 
  51314.9714   15.034  0.004    3  1 
  51315.0138   14.856  0.003    3  1 
  51315.0372   14.782  0.003    3  1 
  51315.0710   14.730  0.003    3  1 
  51315.0946   14.749  0.003    3  1 
  51315.1180   14.791  0.003    3  1 
  51316.0597   14.829  0.003    3  1 
  51316.0832   14.901  0.003    3  1 
  51317.0013   14.885  0.003    3  1 
  51317.0241   14.976  0.004    3  1 
  51317.0523   15.036  0.004    3  1 
  51317.0782   15.082  0.004    3  1 
  51317.1035   15.075  0.004    3  1 
  51317.9808   15.041  0.004    3  1 
  51318.0060   15.084  0.004    3  1 
  51318.0331   15.068  0.004    3  1 
  51318.0898   14.905  0.004    3  1 
  51318.1183   14.834  0.004    3  1 
  51318.9811   15.020  0.003    3  1 
  51319.0058   14.927  0.003    3  1 
  51319.0315   14.819  0.003    3  1 
  51319.0717   14.742  0.003    3  1 
  51319.0961   14.743  0.003    3  1 
  51320.1175   15.005  0.003    3  1 
  51321.0434   14.996  0.003    3  1 
  51321.0658   15.048  0.003    3  1 
  51321.0965   15.072  0.003    3  1 
  51321.1252   15.048  0.003    3  1 
  51333.0403   14.962  0.004    3  1 
  51333.1062   15.093  0.004    3  1 
  51335.0432   14.863  0.003    3  1 
  51335.0972   14.742  0.003    3  1 
  51335.1083   14.743  0.003    3  1 
  51336.0103   14.758  0.003    3  1 
  51336.0508   14.754  0.003    3  1 
  51336.0891   14.844  0.004    3  1 
  51338.0075   15.049  0.004    3  1 
  51338.9740   15.082  0.003    3  1 
  51339.0046   15.038  0.004    3  1 
  51339.0385   14.893  0.004    3  1 
  51339.0685   14.796  0.003    3  1 
  51339.1006   14.758  0.004    3  1 
  51339.1280   14.764  0.004    3  1 
  51339.9665   14.892  0.003    3  1 
  51339.9935   14.807  0.003    3  1 
  51340.0189   14.761  0.003    3  1 
  51340.0441   14.763  0.003    3  1 
  51340.0753   14.809  0.004    3  1 
  51340.1041   14.897  0.004    3  1 
  51345.0430   14.910  0.003    3  1 
  51345.0736   15.004  0.003    3  1 
  51345.9747   14.940  0.004    3  1 
  51346.0101   15.033  0.004    3  1 
  51346.0388   15.072  0.004    3  1 
  51346.0670   15.067  0.004    3  1 
  51347.0317   14.954  0.003    3  1 
  51347.0645   14.812  0.003    3  1 
  51347.0896   14.778  0.003    3  1 
  51347.9638   14.923  0.003    3  1 
  51348.0146   14.770  0.003    3  1 
  51348.9591   14.763  0.003    3  1 
  51349.0243   14.848  0.003    3  1 
  51349.9679   14.909  0.003    3  1 
  51364.9721   14.770  0.003    3  1 
  51380.9890   14.765  0.003    3  1 
  51381.9751   14.832  0.003    3  1 
  51382.9716   15.016  0.004    3  1 
  51383.9680   15.080  0.003    3  1 
  51385.9645   14.801  0.003    3  1 
  51386.9859   15.034  0.004    3  1 
  51388.9699   14.807  0.003    3  1 
  51389.9715   14.769  0.003    3  1 
  51672.0213   15.072  0.004    3  1 
  51674.0796   14.915  0.004    3  1 
  51674.9989   14.894  0.004    3  1 
  51693.0053   15.013  0.004    3  1 
  51694.0012   14.764  0.003    3  1 
  51765.9863   15.106  0.004    3  1 
  51766.0153   15.081  0.004    3  1 
 56468.97641   13.620  0.016   -1  1 
 56469.04707   13.707  0.031   -1  1 
 56469.10896   13.678  0.016   -1  1 
 56469.17285   13.558  0.005   -1  1 
 56471.00364   13.582  0.013   -1  1 
 56471.06640   13.550  0.007   -1  1 
 56471.12490   13.574  0.005   -1  1 
 56471.18188   13.717  0.022   -1  1 
 56471.96759   13.720  0.018   -1  1 
 56472.03374   13.591  0.008   -1  1 
 56472.09484   13.556  0.006   -1  1 
 56472.15243   13.585  0.006   -1  1 
 56468.95296   13.632  0.029   -2  1 
 56469.02441   13.748  0.029   -2  1 
 56469.08813   13.748  0.029   -2  1 
 56469.15134   13.509  0.014   -2  1 
 56471.02588   13.548  0.015   -2  1 
 56471.08671   13.525  0.009   -2  1 
 56471.14302   13.523  0.009   -2  1 
 56471.94704   13.522  0.009   -2  1 
 56472.01085   13.532  0.032   -2  1 
 56472.07480   13.764  0.037   -2  1 
 56472.13240   13.492  0.006   -2  1 
 56472.19216   13.515  0.005   -2  1 
 56469.00041   13.770  0.009   -5  1 
 56469.06767   13.714  0.009   -5  1 
 56469.13003   13.727  0.008   -5  1 
 56469.19349   13.776  0.018   -5  1 
 56470.98130   13.752  0.018   -5  1 
 56471.04693   13.770  0.021   -5  1 
 56471.10523   13.802  0.023   -5  1 
 56471.16397   13.690  0.005   -5  1 
 56471.98857   13.762  0.006   -5  1 
 56472.05430   13.759  0.011   -5  1 
 56472.11383   13.701  0.007   -5  1 
 56472.17109   13.699  0.007   -5  1 
