  51216.3218   14.483  0.005    2  1 
  51216.3464   14.514  0.004    2  1 
  51216.3689   14.545  0.005    2  1 
  51216.3980   14.570  0.007    2  1 
  51217.3101   14.546  0.005    2  1 
  51217.3328   14.540  0.004    2  1 
  51217.3552   14.536  0.004    2  1 
  51217.3759   14.512  0.004    2  1 
  51217.3953   14.489  0.005    2  1 
  51218.2773   14.502  0.005    2  1 
  51218.3093   14.479  0.004    2  1 
  51218.3298   14.464  0.004    2  1 
  51218.3573   14.449  0.004    2  1 
  51218.3794   14.453  0.004    2  1 
  51219.2978   14.454  0.004    2  1 
  51219.3149   14.454  0.004    2  1 
  51219.3336   14.498  0.004    2  1 
  51219.3596   14.512  0.004    2  1 
  51219.3768   14.520  0.004    2  1 
  51220.2621   14.534  0.004    2  1 
  51220.2906   14.534  0.004    2  1 
  51220.3077   14.532  0.004    2  1 
  51220.3257   14.523  0.004    2  1 
  51220.3432   14.511  0.004    2  1 
  51220.3602   14.498  0.004    2  1 
  51220.3776   14.476  0.004    2  1 
  51221.2835   14.483  0.004    2  1 
  51221.3009   14.457  0.004    2  1 
  51221.3188   14.439  0.004    2  1 
  51221.3358   14.432  0.004    2  1 
  51221.3538   14.431  0.004    2  1 
  51221.3722   14.441  0.004    2  1 
  51283.2451   14.541  0.004    2  1 
  51283.2493   14.546  0.004    2  1 
  51283.2714   14.565  0.005    2  1 
  51283.2748   14.555  0.004    2  1 
  51283.2939   14.548  0.004    2  1 
  51283.2972   14.548  0.004    2  1 
  51283.3202   14.528  0.004    2  1 
  51283.3234   14.526  0.004    2  1 
  51283.3487   14.491  0.004    2  1 
  51283.3518   14.485  0.004    2  1 
  51283.3707   14.458  0.004    2  1 
  51283.3738   14.445  0.004    2  1 
  51284.2195   14.553  0.004    2  1 
  51284.2229   14.548  0.004    2  1 
  51284.2413   14.531  0.004    2  1 
  51284.2443   14.512  0.004    2  1 
  51284.2617   14.488  0.004    2  1 
  51284.2942   14.432  0.004    2  1 
  51284.2973   14.428  0.004    2  1 
  51284.3168   14.418  0.004    2  1 
  51284.3211   14.412  0.004    2  1 
  51284.3464   14.407  0.004    2  1 
  51285.0513   14.534  0.003    2  1 
  51285.0543   14.532  0.003    2  1 
  51285.0739   14.553  0.004    2  1 
  51285.0778   14.549  0.004    2  1 
  51285.0975   14.563  0.004    2  1 
  51285.1006   14.565  0.005    2  1 
  51285.1324   14.555  0.004    2  1 
  51285.1360   14.549  0.004    2  1 
  51285.1558   14.527  0.004    2  1 
  51285.1588   14.524  0.004    2  1 
  51285.1796   14.489  0.004    2  1 
  51285.1830   14.483  0.004    2  1 
  51285.2125   14.439  0.004    2  1 
  51285.2157   14.430  0.004    2  1 
  51285.2426   14.412  0.004    2  1 
  51285.2630   14.409  0.004    2  1 
  51285.2998   14.439  0.004    2  1 
  51285.3348   14.488  0.004    2  1 
  51286.0461   14.546  0.004    2  1 
  51286.0493   14.545  0.003    2  1 
  51286.0716   14.518  0.004    2  1 
  51286.0753   14.510  0.004    2  1 
  51286.1026   14.476  0.004    2  1 
  51286.1061   14.474  0.003    2  1 
  51286.1365   14.441  0.004    2  1 
  51286.1398   14.431  0.004    2  1 
  51286.1608   14.431  0.004    2  1 
  51286.1639   14.431  0.003    2  1 
  51286.1669   14.442  0.003    2  1 
  51286.1875   14.438  0.004    2  1 
  51286.1908   14.448  0.004    2  1 
  51286.2255   14.475  0.004    2  1 
  51286.2285   14.473  0.004    2  1 
  51286.2476   14.503  0.005    2  1 
  51286.2508   14.502  0.004    2  1 
  51286.2697   14.520  0.004    2  1 
  51286.2727   14.516  0.004    2  1 
  51286.3022   14.546  0.004    2  1 
  51286.3055   14.536  0.004    2  1 
  51286.3218   14.545  0.004    2  1 
  51286.3250   14.553  0.004    2  1 
  51286.3450   14.535  0.004    2  1 
  51286.3481   14.542  0.004    2  1 
  51304.9873   14.546  0.004    2  1 
  51304.9926   14.544  0.004    2  1 
  51305.0328   14.504  0.004    2  1 
  51305.0362   14.498  0.004    2  1 
  51305.0559   14.477  0.004    2  1 
  51305.0599   14.470  0.004    2  1 
  51305.0890   14.449  0.004    2  1 
  51305.0922   14.445  0.004    2  1 
  51305.1269   14.434  0.005    2  1 
  51305.1509   14.455  0.005    2  1 
  51305.1853   14.491  0.004    2  1 
  51305.1885   14.490  0.005    2  1 
  51305.2098   14.515  0.004    2  1 
  51305.2128   14.519  0.004    2  1 
  51305.2431   14.538  0.004    2  1 
  51305.2461   14.541  0.004    2  1 
  51305.2704   14.550  0.004    2  1 
  51305.2734   14.540  0.005    2  1 
  51305.2995   14.535  0.004    2  1 
  51305.9857   14.446  0.003    2  1 
  51305.9885   14.448  0.003    2  1 
  51305.9912   14.446  0.003    2  1 
  51306.0256   14.430  0.003    2  1 
  51306.0285   14.437  0.003    2  1 
  51306.0465   14.438  0.004    2  1 
  51306.0498   14.446  0.004    2  1 
  51306.0896   14.490  0.004    2  1 
  51306.0930   14.492  0.004    2  1 
  51306.1123   14.511  0.003    2  1 
  51306.1151   14.524  0.003    2  1 
  51306.1375   14.539  0.004    2  1 
  51306.1405   14.550  0.004    2  1 
  51306.1636   14.555  0.004    2  1 
  51306.1673   14.553  0.004    2  1 
  51306.1937   14.552  0.003    2  1 
  51306.1966   14.552  0.003    2  1 
  51306.2146   14.539  0.004    2  1 
  51306.2343   14.514  0.003    2  1 
  51306.2380   14.513  0.003    2  1 
  51306.2574   14.479  0.003    2  1 
  51306.2602   14.478  0.003    2  1 
  51306.2805   14.449  0.003    2  1 
  51306.2835   14.446  0.003    2  1 
  51306.3038   14.426  0.003    2  1 
  51306.3135   14.424  0.004    2  1 
  51306.3184   14.416  0.004    2  1 
  51307.0456   14.543  0.005    2  1 
  51307.0501   14.552  0.006    2  1 
  51307.0593   14.569  0.004    2  1 
  51307.0645   14.559  0.005    2  1 
  51307.0747   14.574  0.008    2  1 
  51308.0084   14.568  0.003    2  1 
  51308.0112   14.570  0.003    2  1 
  51308.0334   14.558  0.003    2  1 
  51308.0362   14.551  0.003    2  1 
  51308.0394   14.545  0.003    2  1 
  51308.0633   14.515  0.003    2  1 
  51308.0663   14.515  0.003    2  1 
  51308.0995   14.462  0.003    2  1 
  51308.1280   14.427  0.004    2  1 
  51308.1309   14.424  0.004    2  1 
  51310.0850   14.528  0.003    2  1 
  51310.0874   14.521  0.002    2  1 
  51310.0897   14.537  0.002    2  1 
  51310.1430   14.538  0.003    2  1 
  51310.1458   14.535  0.003    2  1 
  51310.1486   14.527  0.004    2  1 
  51311.0244   14.529  0.007    2  1 
  51311.0302   14.529  0.006    2  1 
  51311.0334   14.532  0.006    2  1 
  51311.0506   14.529  0.003    2  1 
  51311.0539   14.523  0.003    2  1 
  51311.0637   14.516  0.004    2  1 
  51311.0669   14.508  0.005    2  1 
  51311.0907   14.488  0.005    2  1 
  51311.0946   14.486  0.005    2  1 
  51311.0980   14.503  0.000    2  1 
  51311.1015   14.480  0.004    2  1 
  51311.1071   14.468  0.004    2  1 
  51311.1298   14.462  0.004    2  1 
  51311.1327   14.458  0.004    2  1 
  51311.1357   14.452  0.004    2  1 
  51311.1398   14.462  0.004    2  1 
  51311.1447   14.450  0.005    2  1 
  51311.9726   14.487  0.006    2  1 
  51311.9755   14.502  0.005    2  1 
  51312.0020   14.474  0.004    2  1 
  51312.0049   14.480  0.004    2  1 
  51312.0255   14.454  0.004    2  1 
  51312.0284   14.458  0.004    2  1 
  51312.0314   14.455  0.003    2  1 
  51312.0584   14.458  0.003    2  1 
  51312.0611   14.463  0.003    2  1 
  51312.0638   14.463  0.003    2  1 
  51312.0903   14.475  0.003    2  1 
  51312.0955   14.474  0.003    2  1 
  51312.1146   14.489  0.004    2  1 
  51312.1173   14.491  0.003    2  1 
  51312.1200   14.492  0.003    2  1 
  51312.9860   14.461  0.003    2  1 
  51312.9887   14.465  0.003    2  1 
  51312.9913   14.459  0.003    2  1 
  51313.0096   14.487  0.003    2  1 
  51313.0123   14.487  0.003    2  1 
  51313.0149   14.491  0.003    2  1 
  51313.0333   14.506  0.004    2  1 
  51313.0360   14.506  0.004    2  1 
  51313.0386   14.517  0.004    2  1 
  51313.0413   14.515  0.004    2  1 
  51313.0595   14.532  0.003    2  1 
  51313.0622   14.525  0.003    2  1 
  51313.0648   14.537  0.003    2  1 
  51313.0911   14.541  0.004    2  1 
  51313.0937   14.545  0.003    2  1 
  51313.0964   14.549  0.003    2  1 
  51313.1146   14.551  0.003    2  1 
  51313.1172   14.546  0.003    2  1 
  51313.1199   14.547  0.004    2  1 
  51313.1226   14.542  0.004    2  1 
  51313.9843   14.554  0.004    2  1 
  51313.9872   14.547  0.004    2  1 
  51313.9901   14.557  0.004    2  1 
  51314.0178   14.568  0.004    2  1 
  51314.0207   14.561  0.004    2  1 
  51314.0236   14.565  0.004    2  1 
  51314.0432   14.557  0.004    2  1 
  51314.0461   14.553  0.004    2  1 
  51314.0490   14.549  0.004    2  1 
  51314.0772   14.512  0.004    2  1 
  51314.0802   14.504  0.004    2  1 
  51314.0831   14.503  0.004    2  1 
  51314.1030   14.469  0.004    2  1 
  51314.1059   14.458  0.005    2  1 
  51314.1088   14.453  0.004    2  1 
  51314.1289   14.435  0.004    2  1 
  51314.1333   14.422  0.004    2  1 
  51314.1363   14.423  0.004    2  1 
  51314.9827   14.525  0.004    2  1 
  51314.9856   14.518  0.004    2  1 
  51314.9885   14.513  0.004    2  1 
  51315.0015   14.493  0.004    2  1 
  51315.0043   14.479  0.004    2  1 
  51315.0069   14.487  0.004    2  1 
  51315.0251   14.447  0.003    2  1 
  51315.0277   14.445  0.003    2  1 
  51315.0304   14.453  0.003    2  1 
  51315.0516   14.422  0.003    2  1 
  51315.0542   14.418  0.003    2  1 
  51315.0780   14.424  0.003    2  1 
  51315.0807   14.418  0.003    2  1 
  51315.0833   14.414  0.003    2  1 
  51315.1015   14.427  0.004    2  1 
  51315.1041   14.437  0.004    2  1 
  51315.1068   14.439  0.004    2  1 
  51315.1290   14.461  0.004    2  1 
  51315.1319   14.465  0.005    2  1 
  51316.0194   14.445  0.003    2  1 
  51316.0221   14.450  0.003    2  1 
  51316.0247   14.447  0.003    2  1 
  51316.0431   14.469  0.003    2  1 
  51316.0458   14.476  0.003    2  1 
  51316.0485   14.475  0.003    2  1 
  51316.0667   14.497  0.004    2  1 
  51316.0693   14.499  0.004    2  1 
  51316.0720   14.502  0.004    2  1 
  51316.0905   14.526  0.004    2  1 
  51316.0934   14.531  0.004    2  1 
  51316.0963   14.537  0.004    2  1 
  51316.1148   14.552  0.003    2  1 
  51316.1175   14.545  0.003    2  1 
  51316.1201   14.555  0.003    2  1 
  51316.9647   14.483  0.004    2  1 
  51316.9676   14.482  0.004    2  1 
  51316.9705   14.487  0.005    2  1 
  51316.9896   14.510  0.003    2  1 
  51316.9923   14.514  0.004    2  1 
  51316.9949   14.517  0.003    2  1 
  51317.0088   14.531  0.004    2  1 
  51317.0117   14.530  0.004    2  1 
  51317.0321   14.553  0.005    2  1 
  51317.0351   14.553  0.005    2  1 
  51317.0391   14.553  0.004    2  1 
  51317.0602   14.551  0.004    2  1 
  51317.0631   14.552  0.004    2  1 
  51317.0660   14.548  0.004    2  1 
  51317.0858   14.537  0.004    2  1 
  51317.0887   14.537  0.005    2  1 
  51317.0916   14.539  0.004    2  1 
  51317.1111   14.509  0.004    2  1 
  51317.1140   14.510  0.005    2  1 
  51317.1169   14.502  0.004    2  1 
  51317.9657   14.549  0.005    2  1 
  51317.9685   14.540  0.005    2  1 
  51317.9883   14.531  0.005    2  1 
  51317.9912   14.524  0.004    2  1 
  51317.9941   14.521  0.004    2  1 
  51318.0135   14.507  0.004    2  1 
  51318.0164   14.505  0.005    2  1 
  51318.0194   14.502  0.005    2  1 
  51318.0413   14.477  0.005    2  1 
  51318.0445   14.471  0.005    2  1 
  51318.0477   14.470  0.005    2  1 
  51318.0697   14.455  0.005    2  1 
  51318.0730   14.447  0.006    2  1 
  51318.0762   14.451  0.006    2  1 
  51318.0981   14.434  0.006    2  1 
  51318.1014   14.438  0.006    2  1 
  51318.1046   14.430  0.007    2  1 
  51318.1265   14.444  0.006    2  1 
  51318.1298   14.447  0.006    2  1 
  51318.9642   14.470  0.003    2  1 
  51318.9680   14.462  0.004    2  1 
  51318.9708   14.459  0.004    2  1 
  51318.9737   14.463  0.004    2  1 
  51318.9929   14.460  0.004    2  1 
  51318.9956   14.451  0.004    2  1 
  51318.9983   14.456  0.004    2  1 
  51319.0180   14.461  0.005    2  1 
  51319.0209   14.460  0.004    2  1 
  51319.0238   14.469  0.004    2  1 
  51319.0443   14.476  0.004    2  1 
  51319.0474   14.481  0.004    2  1 
  51319.0505   14.481  0.004    2  1 
  51319.0793   14.504  0.004    2  1 
  51319.0820   14.499  0.003    2  1 
  51319.0847   14.501  0.003    2  1 
  51319.1030   14.524  0.004    2  1 
  51319.1084   14.517  0.004    2  1 
  51319.1110   14.518  0.004    2  1 
  51320.1030   14.496  0.003    2  1 
  51320.1053   14.492  0.003    2  1 
  51320.1076   14.488  0.003    2  1 
  51320.1238   14.476  0.003    2  1 
  51320.1261   14.467  0.003    2  1 
  51320.1284   14.474  0.003    2  1 
  51320.1450   14.456  0.003    2  1 
  51320.1477   14.453  0.003    2  1 
  51320.1503   14.448  0.003    2  1 
  51320.9635   14.547  0.004    2  1 
  51320.9664   14.542  0.004    2  1 
  51320.9693   14.537  0.004    2  1 
  51320.9887   14.529  0.003    2  1 
  51320.9911   14.521  0.003    2  1 
  51320.9936   14.514  0.003    2  1 
  51321.0102   14.503  0.003    2  1 
  51321.0126   14.496  0.003    2  1 
  51321.0150   14.483  0.003    2  1 
  51321.0318   14.469  0.003    2  1 
  51321.0344   14.467  0.003    2  1 
  51321.0369   14.461  0.003    2  1 
  51321.0543   14.447  0.003    2  1 
  51321.0568   14.437  0.003    2  1 
  51321.0594   14.442  0.003    2  1 
  51321.0847   14.435  0.003    2  1 
  51321.0873   14.430  0.003    2  1 
  51321.0898   14.441  0.003    2  1 
  51321.1133   14.454  0.003    2  1 
  51321.1159   14.449  0.003    2  1 
  51321.1186   14.450  0.003    2  1 
  51321.1339   14.470  0.003    2  1 
  51321.1365   14.469  0.004    2  1 
  51332.9696   14.516  0.006    2  1 
  51332.9739   14.516  0.006    2  1 
  51332.9891   14.532  0.005    2  1 
  51332.9928   14.532  0.006    2  1 
  51332.9965   14.532  0.006    2  1 
  51333.0083   14.541  0.005    2  1 
  51333.0120   14.543  0.005    2  1 
  51333.0226   14.541  0.005    2  1 
  51333.0264   14.545  0.005    2  1 
  51333.0514   14.539  0.005    2  1 
  51333.0552   14.529  0.006    2  1 
  51333.0742   14.519  0.005    2  1 
  51333.0779   14.510  0.006    2  1 
  51333.0907   14.493  0.005    2  1 
  51333.0945   14.495  0.005    2  1 
  51333.1178   14.464  0.005    2  1 
  51333.1221   14.465  0.005    2  1 
  51333.1335   14.445  0.006    2  1 
  51333.1529   14.444  0.005    2  1 
  51333.1565   14.438  0.005    2  1 
  51333.1716   14.442  0.005    2  1 
  51333.1752   14.437  0.005    2  1 
  51334.9871   14.468  0.003    2  1 
  51335.0175   14.488  0.004    2  1 
  51335.0204   14.491  0.004    2  1 
  51335.0301   14.501  0.004    2  1 
  51335.0334   14.501  0.004    2  1 
  51335.0517   14.513  0.004    2  1 
  51335.0552   14.516  0.005    2  1 
  51335.0692   14.517  0.005    2  1 
  51335.0727   14.524  0.004    2  1 
  51335.0833   14.526  0.005    2  1 
  51335.0867   14.528  0.005    2  1 
  51335.1133   14.523  0.005    2  1 
  51335.1167   14.521  0.005    2  1 
  51335.9535   14.524  0.005    2  1 
  51335.9726   14.534  0.005    2  1 
  51335.9768   14.536  0.004    2  1 
  51335.9997   14.539  0.004    2  1 
  51336.0027   14.542  0.004    2  1 
  51336.0203   14.540  0.004    2  1 
  51336.0357   14.531  0.005    2  1 
  51336.0388   14.528  0.005    2  1 
  51336.0593   14.509  0.005    2  1 
  51336.0629   14.502  0.005    2  1 
  51336.0769   14.492  0.005    2  1 
  51336.0803   14.477  0.005    2  1 
  51336.1025   14.458  0.004    2  1 
  51336.1059   14.448  0.005    2  1 
  51336.1206   14.428  0.005    2  1 
  51336.1240   14.430  0.004    2  1 
  51337.0101   14.435  0.006    2  1 
  51337.9904   14.420  0.005    2  1 
  51337.9940   14.424  0.005    2  1 
  51338.0162   14.443  0.005    2  1 
  51338.0196   14.455  0.005    2  1 
  51338.0339   14.466  0.006    2  1 
  51338.0376   14.470  0.006    2  1 
  51338.9901   14.530  0.004    2  1 
  51338.9938   14.534  0.004    2  1 
  51339.0226   14.559  0.006    2  1 
  51339.0269   14.556  0.005    2  1 
  51339.0867   14.532  0.007    2  1 
  51339.0905   14.524  0.006    2  1 
  51339.1139   14.484  0.005    2  1 
  51339.1177   14.479  0.005    2  1 
  51339.1448   14.439  0.004    2  1 
  51339.1482   14.442  0.004    2  1 
  51339.9766   14.542  0.004    2  1 
  51339.9795   14.550  0.004    2  1 
  51340.0044   14.521  0.004    2  1 
  51340.0078   14.516  0.004    2  1 
  51340.0274   14.489  0.004    2  1 
  51340.0306   14.485  0.004    2  1 
  51340.0540   14.451  0.004    2  1 
  51340.0572   14.453  0.004    2  1 
  51340.0857   14.430  0.005    2  1 
  51340.0892   14.430  0.005    2  1 
  51340.1152   14.432  0.005    2  1 
  51340.1197   14.439  0.004    2  1 
  51340.1229   14.435  0.004    2  1 
  51340.1263   14.439  0.004    2  1 
  51340.1404   14.448  0.005    2  1 
  51340.1437   14.453  0.005    2  1 
  51344.9924   14.518  0.004    2  1 
  51344.9958   14.521  0.003    2  1 
  51344.9988   14.531  0.003    2  1 
  51345.0216   14.550  0.004    2  1 
  51345.0255   14.551  0.005    2  1 
  51345.0302   14.550  0.004    2  1 
  51345.0553   14.563  0.004    2  1 
  51345.0603   14.561  0.004    2  1 
  51345.9856   14.554  0.005    2  1 
  51345.9896   14.561  0.005    2  1 
  51346.0219   14.519  0.005    2  1 
  51346.0264   14.510  0.005    2  1 
  51346.0486   14.471  0.004    2  1 
  51346.0523   14.460  0.004    2  1 
  51346.0791   14.428  0.004    2  1 
  51346.0826   14.427  0.004    2  1 
  51347.0416   14.423  0.004    2  1 
  51347.0453   14.432  0.003    2  1 
  51347.0743   14.453  0.004    2  1 
  51347.0777   14.456  0.004    2  1 
  51347.0990   14.490  0.003    2  1 
  51347.1022   14.490  0.003    2  1 
  51347.9769   14.464  0.004    2  1 
  51347.9802   14.470  0.004    2  1 
  51347.9834   14.464  0.004    2  1 
  51347.9983   14.479  0.004    2  1 
  51348.0028   14.484  0.004    2  1 
  51348.0063   14.489  0.004    2  1 
  51348.0242   14.504  0.004    2  1 
  51348.0274   14.505  0.004    2  1 
  51348.0943   14.543  0.006    2  1 
  51348.0983   14.549  0.007    2  1 
  51348.1018   14.545  0.006    2  1 
  51348.9650   14.528  0.004    2  1 
  51348.9853   14.531  0.004    2  1 
  51348.9883   14.530  0.004    2  1 
  51348.9912   14.530  0.004    2  1 
  51349.0316   14.511  0.004    2  1 
  51349.0346   14.510  0.004    2  1 
  51349.9815   14.474  0.004    2  1 
  51349.9851   14.468  0.003    2  1 
  51349.9973   14.458  0.004    2  1 
  51350.0033   14.457  0.004    2  1 
  51350.0066   14.453  0.004    2  1 
  51350.0164   14.453  0.004    2  1 
  51350.0197   14.454  0.004    2  1 
  51350.0296   14.455  0.004    2  1 
  51380.9973   14.473  0.003    2  1 
  51381.0004   14.467  0.003    2  1 
  51381.0031   14.466  0.003    2  1 
  51381.0187   14.455  0.003    2  1 
  51381.0214   14.447  0.003    2  1 
  51381.0242   14.452  0.003    2  1 
  51381.9830   14.456  0.004    2  1 
  51381.9859   14.452  0.004    2  1 
  51381.9888   14.453  0.005    2  1 
  51382.0000   14.462  0.004    2  1 
  51382.0029   14.464  0.004    2  1 
  51382.9793   14.543  0.005    2  1 
  51382.9826   14.542  0.004    2  1 
  51382.9857   14.546  0.004    2  1 
  51382.9965   14.549  0.004    2  1 
  51382.9995   14.553  0.005    2  1 
  51383.9746   14.528  0.003    2  1 
  51383.9773   14.524  0.003    2  1 
  51383.9799   14.522  0.004    2  1 
  51383.9899   14.499  0.004    2  1 
  51383.9926   14.499  0.004    2  1 
  51384.9777   14.417  0.003    2  1 
  51384.9802   14.417  0.003    2  1 
  51384.9896   14.420  0.003    2  1 
  51384.9921   14.421  0.003    2  1 
  51385.9711   14.482  0.003    2  1 
  51385.9763   14.495  0.003    2  1 
  51385.9857   14.496  0.004    2  1 
  51385.9884   14.505  0.004    2  1 
  51386.9965   14.512  0.004    2  1 
  51387.0003   14.507  0.004    2  1 
  51387.0041   14.499  0.004    2  1 
  51387.0216   14.495  0.004    2  1 
  51387.0254   14.486  0.004    2  1 
  51387.0293   14.492  0.004    2  1 
  51388.9801   14.502  0.005    2  1 
  51388.9834   14.504  0.005    2  1 
  51388.9866   14.507  0.005    2  1 
  51388.9984   14.520  0.005    2  1 
  51389.0017   14.512  0.005    2  1 
  51389.9783   14.528  0.003    2  1 
  51389.9809   14.526  0.003    2  1 
  51389.9836   14.518  0.003    2  1 
  51390.9729   14.427  0.003    2  1 
  51390.9756   14.418  0.003    2  1 
  51390.9783   14.423  0.003    2  1 
  51391.9728   14.469  0.003    2  1 
  51391.9754   14.477  0.003    2  1 
  51391.9779   14.473  0.003    2  1 
  51671.0871   14.532  0.004    2  1 
  51671.0917   14.533  0.004    2  1 
  51671.0952   14.538  0.004    2  1 
  51671.1189   14.534  0.004    2  1 
  51671.1232   14.532  0.004    2  1 
  51671.9996   14.522  0.004    2  1 
  51672.0039   14.523  0.004    2  1 
  51672.0350   14.516  0.004    2  1 
  51672.0382   14.511  0.004    2  1 
  51673.0232   14.451  0.003    2  1 
  51674.0574   14.533  0.006    2  1 
  51674.0620   14.539  0.006    2  1 
  51674.0938   14.545  0.006    2  1 
  51674.0985   14.544  0.005    2  1 
  51674.1159   14.541  0.005    2  1 
  51674.1223   14.531  0.004    2  1 
  51674.9763   14.552  0.005    2  1 
  51674.9824   14.551  0.005    2  1 
  51675.0212   14.550  0.005    2  1 
  51676.0163   14.440  0.004    2  1 
  51692.9816   14.446  0.004    2  1 
  51692.9854   14.448  0.004    2  1 
  51693.9780   14.529  0.004    2  1 
  51693.9814   14.534  0.004    2  1 
  51694.9914   14.475  0.003    2  1 
  51694.9946   14.471  0.004    2  1 
  51765.9974   14.543  0.004    2  1 
  51766.0012   14.538  0.005    2  1 
  51766.0048   14.540  0.004    2  1 
  51766.0266   14.529  0.005    2  1 
  51766.0301   14.525  0.005    2  1 
  51216.3144   14.841  0.003    3  1 
  51216.3408   14.892  0.004    3  1 
  51216.3905   14.966  0.004    3  1 
  51217.3019   14.941  0.004    3  1 
  51217.3494   14.913  0.003    3  1 
  51217.3710   14.895  0.003    3  1 
  51217.3906   14.857  0.003    3  1 
  51218.2854   14.866  0.004    3  1 
  51218.3156   14.825  0.004    3  1 
  51218.3347   14.822  0.003    3  1 
  51218.3653   14.821  0.003    3  1 
  51218.3848   14.814  0.003    3  1 
  51219.2918   14.841  0.003    3  1 
  51219.3100   14.851  0.003    3  1 
  51219.3296   14.864  0.003    3  1 
  51219.3536   14.895  0.003    3  1 
  51219.3723   14.900  0.003    3  1 
  51220.2720   14.925  0.003    3  1 
  51220.2946   14.928  0.003    3  1 
  51220.3117   14.922  0.003    3  1 
  51220.3299   14.910  0.003    3  1 
  51220.3473   14.891  0.004    3  1 
  51220.3643   14.868  0.003    3  1 
  51220.3816   14.845  0.003    3  1 
  51221.2763   14.854  0.003    3  1 
  51221.2964   14.825  0.003    3  1 
  51221.3145   14.796  0.003    3  1 
  51221.3318   14.787  0.003    3  1 
  51221.3496   14.777  0.003    3  1 
  51221.3673   14.786  0.003    3  1 
  51283.2546   14.950  0.003    3  1 
  51283.2783   14.957  0.003    3  1 
  51283.3008   14.954  0.003    3  1 
  51283.3322   14.914  0.003    3  1 
  51283.3553   14.863  0.003    3  1 
  51283.3773   14.820  0.003    3  1 
  51284.2134   14.951  0.003    3  1 
  51284.2375   14.928  0.003    3  1 
  51284.2581   14.877  0.003    3  1 
  51284.2875   14.811  0.003    3  1 
  51284.3124   14.768  0.003    3  1 
  51284.3383   14.750  0.003    3  1 
  51285.0451   14.910  0.003    3  1 
  51285.0691   14.944  0.003    3  1 
  51285.0932   14.977  0.003    3  1 
  51285.1257   14.961  0.003    3  1 
  51285.1514   14.924  0.003    3  1 
  51285.1754   14.866  0.003    3  1 
  51285.2060   14.797  0.003    3  1 
  51285.2321   14.763  0.003    3  1 
  51285.2586   14.757  0.003    3  1 
  51285.2928   14.794  0.003    3  1 
  51285.3257   14.866  0.003    3  1 
  51286.0670   14.914  0.003    3  1 
  51286.1302   14.799  0.003    3  1 
  51286.1560   14.773  0.003    3  1 
  51286.1833   14.789  0.003    3  1 
  51286.2193   14.822  0.003    3  1 
  51286.2434   14.868  0.003    3  1 
  51286.2655   14.907  0.003    3  1 
  51286.2958   14.939  0.003    3  1 
  51286.3291   14.965  0.003    3  1 
  51286.3521   14.947  0.003    3  1 
  51304.9838   14.934  0.003    3  1 
  51305.0251   14.890  0.004    3  1 
  51305.0718   14.820  0.003    3  1 
  51305.0961   14.796  0.003    3  1 
  51305.1465   14.799  0.004    3  1 
  51305.1755   14.847  0.004    3  1 
  51305.2054   14.894  0.004    3  1 
  51305.2345   14.925  0.004    3  1 
  51305.2666   14.941  0.004    3  1 
  51305.2880   14.940  0.003    3  1 
  51305.9773   14.824  0.002    3  1 
  51306.0428   14.784  0.003    3  1 
  51306.0809   14.832  0.003    3  1 
  51306.1330   14.927  0.004    3  1 
  51306.1578   14.950  0.004    3  1 
  51306.1875   14.944  0.003    3  1 
  51306.2101   14.911  0.003    3  1 
  51306.2538   14.858  0.001    3  1 
  51306.2771   14.820  0.003    3  1 
  51306.2972   14.796  0.003    3  1 
  51308.0025   14.976  0.003    3  1 
  51308.0294   14.914  0.002    3  1 
  51308.0919   14.831  0.002    3  1 
  51308.1244   14.779  0.003    3  1 
  51310.1057   14.937  0.002    3  1 
  51310.1100   14.938  0.002    3  1 
  51310.1132   14.937  0.002    3  1 
  51311.9792   14.882  0.005    3  1 
  51311.9983   14.849  0.004    3  1 
  51312.0087   14.839  0.004    3  1 
  51312.0350   14.823  0.003    3  1 
  51312.0550   14.825  0.003    3  1 
  51312.0672   14.824  0.003    3  1 
  51312.0870   14.828  0.003    3  1 
  51312.0988   14.847  0.003    3  1 
  51312.9828   14.833  0.002    3  1 
  51313.0063   14.847  0.003    3  1 
  51313.0300   14.884  0.003    3  1 
  51313.0562   14.914  0.003    3  1 
  51313.1113   14.962  0.003    3  1 
  51313.9807   14.959  0.003    3  1 
  51314.0143   14.974  0.003    3  1 
  51314.0397   14.966  0.004    3  1 
  51314.1124   14.825  0.004    3  1 
  51314.9752   14.937  0.003    3  1 
  51315.0102   14.846  0.003    3  1 
  51315.0336   14.792  0.003    3  1 
  51315.0747   14.769  0.003    3  1 
  51315.0982   14.775  0.003    3  1 
  51315.1216   14.818  0.003    3  1 
  51316.0399   14.830  0.003    3  1 
  51316.0634   14.871  0.003    3  1 
  51316.0869   14.918  0.003    3  1 
  51316.1115   14.951  0.003    3  1 
  51316.9740   14.876  0.003    3  1 
  51317.0052   14.920  0.004    3  1 
  51317.0282   14.982  0.006    3  1 
  51317.0566   14.956  0.003    3  1 
  51317.0822   14.946  0.004    3  1 
  51317.1075   14.912  0.004    3  1 
  51317.9847   14.930  0.004    3  1 
  51318.0099   14.899  0.004    3  1 
  51318.0374   14.861  0.005    3  1 
  51318.0942   14.856  0.004    3  1 
  51318.1226   14.813  0.005    3  1 
  51318.9772   14.824  0.003    3  1 
  51319.0019   14.796  0.003    3  1 
  51319.0274   14.835  0.003    3  1 
  51319.0757   14.871  0.003    3  1 
  51319.0997   14.905  0.003    3  1 
  51320.1000   14.878  0.002    3  1 
  51320.1417   14.828  0.003    3  1 
  51320.9728   14.941  0.003    3  1 
  51321.0400   14.822  0.003    3  1 
  51321.0624   14.797  0.003    3  1 
  51321.0930   14.792  0.003    3  1 
  51321.1217   14.818  0.003    3  1 
  51380.9937   14.845  0.003    3  1 
  51381.9793   14.807  0.003    3  1 
  51383.9715   14.922  0.003    3  1 
  51385.9679   14.851  0.003    3  1 
  51386.9917   14.902  0.003    3  1 
  51388.9755   14.890  0.004    3  1 
  51389.9750   14.922  0.003    3  1 
  51693.9923   14.924  0.003    3  1 
  51695.0052   14.836  0.002    3  1 
 56468.97641   13.240  0.108   -1  1 
 56469.04707   13.357  0.065   -1  1 
 56469.10896   13.282  0.064   -1  1 
 56469.17285   13.433  0.039   -1  1 
 56471.00364   13.391  0.050   -1  1 
 56471.06640   13.453  0.030   -1  1 
 56471.12490   13.524  0.023   -1  1 
 56471.18188   13.535  0.031   -1  1 
 56471.96759   13.415  0.045   -1  1 
 56472.03374   13.382  0.041   -1  1 
 56472.09484   13.327  0.065   -1  1 
 56472.15243   13.561  0.030   -1  1 
 56468.95296   13.167  0.050   -2  1 
 56469.02441   13.301  0.040   -2  1 
 56469.08813   13.370  0.042   -2  1 
 56469.15134   13.419  0.020   -2  1 
 56471.02588   13.320  0.039   -2  1 
 56471.08671   13.442  0.024   -2  1 
 56471.14302   13.629  0.024   -2  1 
 56471.94704   13.479  0.021   -2  1 
 56472.01085   13.454  0.033   -2  1 
 56472.07480   13.481  0.025   -2  1 
 56472.13240   13.567  0.017   -2  1 
 56472.19216   13.469  0.014   -2  1 
 56469.00041   13.608  0.024   -5  1 
 56469.06767   13.739  0.018   -5  1 
 56469.13003   13.651  0.019   -5  1 
 56469.19349   13.684  0.017   -5  1 
 56470.98130   13.734  0.017   -5  1 
 56471.04693   13.671  0.020   -5  1 
 56471.10523   13.676  0.015   -5  1 
 56471.16397   13.931  0.018   -5  1 
 56471.98857   13.739  0.036   -5  1 
 56472.05430   13.841  0.025   -5  1 
 56472.11383   13.747  0.025   -5  1 
 56472.17109   13.757  0.026   -5  1 
