  51216.2987   14.053  0.003    2  1 
  51216.3275   14.064  0.004    2  1 
  51216.3519   14.114  0.004    2  1 
  51216.3771   14.189  0.004    2  1 
  51217.2851   14.338  0.004    2  1 
  51217.3152   14.340  0.004    2  1 
  51217.3378   14.347  0.004    2  1 
  51217.3598   14.262  0.004    2  1 
  51217.3804   14.190  0.004    2  1 
  51218.3013   14.078  0.003    2  1 
  51218.3254   14.098  0.004    2  1 
  51218.3504   14.145  0.003    2  1 
  51218.3753   14.201  0.004    2  1 
  51219.2775   14.365  0.004    2  1 
  51219.3014   14.352  0.004    2  1 
  51219.3186   14.349  0.004    2  1 
  51219.3397   14.292  0.004    2  1 
  51219.3635   14.197  0.004    2  1 
  51219.3810   14.139  0.004    2  1 
  51220.2867   14.068  0.003    2  1 
  51220.3036   14.076  0.003    2  1 
  51220.3219   14.112  0.004    2  1 
  51220.3391   14.139  0.004    2  1 
  51220.3564   14.174  0.004    2  1 
  51220.3729   14.206  0.004    2  1 
  51220.3920   14.245  0.004    2  1 
  51221.2619   14.353  0.004    2  1 
  51221.2873   14.359  0.004    2  1 
  51221.3052   14.342  0.004    2  1 
  51221.3230   14.309  0.004    2  1 
  51221.3396   14.241  0.004    2  1 
  51221.3577   14.154  0.004    2  1 
  51221.3762   14.116  0.004    2  1 
  51283.2102   14.246  0.003    2  1 
  51283.2288   14.293  0.004    2  1 
  51283.2338   14.283  0.003    2  1 
  51283.2391   14.298  0.003    2  1 
  51283.2642   14.336  0.004    2  1 
  51283.2680   14.340  0.004    2  1 
  51283.2868   14.346  0.004    2  1 
  51283.2902   14.351  0.003    2  1 
  51283.3138   14.336  0.004    2  1 
  51283.3170   14.334  0.004    2  1 
  51283.3408   14.300  0.003    2  1 
  51283.3447   14.292  0.003    2  1 
  51283.3642   14.223  0.003    2  1 
  51283.3673   14.209  0.003    2  1 
  51284.1955   14.105  0.003    2  1 
  51284.1993   14.127  0.003    2  1 
  51284.2266   14.069  0.003    2  1 
  51284.2298   14.078  0.003    2  1 
  51284.2475   14.059  0.003    2  1 
  51284.2506   14.054  0.003    2  1 
  51284.2679   14.053  0.003    2  1 
  51284.2711   14.055  0.003    2  1 
  51284.3004   14.047  0.003    2  1 
  51284.3036   14.060  0.003    2  1 
  51284.3257   14.083  0.004    2  1 
  51284.3289   14.081  0.004    2  1 
  51285.0269   14.101  0.003    2  1 
  51285.0299   14.100  0.003    2  1 
  51285.0577   14.108  0.003    2  1 
  51285.0607   14.067  0.003    2  1 
  51285.0814   14.058  0.003    2  1 
  51285.0847   14.053  0.003    2  1 
  51285.1052   14.065  0.003    2  1 
  51285.1084   14.072  0.003    2  1 
  51285.1396   14.109  0.003    2  1 
  51285.1427   14.133  0.003    2  1 
  51285.1624   14.181  0.003    2  1 
  51285.1654   14.183  0.003    2  1 
  51285.1891   14.240  0.004    2  1 
  51285.1924   14.244  0.003    2  1 
  51285.2195   14.281  0.004    2  1 
  51285.2227   14.285  0.004    2  1 
  51285.2468   14.300  0.004    2  1 
  51285.2498   14.318  0.004    2  1 
  51285.2738   14.308  0.004    2  1 
  51285.2775   14.310  0.004    2  1 
  51285.3077   14.329  0.004    2  1 
  51285.3112   14.315  0.004    2  1 
  51285.3425   14.250  0.004    2  1 
  51285.3456   14.248  0.004    2  1 
  51286.0177   14.318  0.003    2  1 
  51286.0241   14.339  0.003    2  1 
  51286.0542   14.365  0.003    2  1 
  51286.0574   14.354  0.003    2  1 
  51286.0794   14.367  0.003    2  1 
  51286.0832   14.358  0.003    2  1 
  51286.1105   14.344  0.003    2  1 
  51286.1136   14.330  0.003    2  1 
  51286.1441   14.238  0.003    2  1 
  51286.1472   14.236  0.003    2  1 
  51286.1708   14.140  0.003    2  1 
  51286.1740   14.129  0.003    2  1 
  51286.1969   14.101  0.003    2  1 
  51286.2002   14.103  0.003    2  1 
  51286.2322   14.077  0.003    2  1 
  51286.2352   14.074  0.003    2  1 
  51286.2544   14.053  0.003    2  1 
  51286.2573   14.051  0.003    2  1 
  51286.2785   14.058  0.003    2  1 
  51286.2816   14.060  0.003    2  1 
  51286.3149   14.094  0.003    2  1 
  51286.3179   14.092  0.003    2  1 
  51286.3375   14.134  0.003    2  1 
  51286.3409   14.120  0.003    2  1 
  51286.3604   14.163  0.004    2  1 
  51286.3635   14.188  0.003    2  1 
  51286.3665   14.196  0.004    2  1 
  51304.9667   14.068  0.002    2  1 
  51304.9697   14.061  0.002    2  1 
  51304.9956   14.097  0.003    2  1 
  51304.9985   14.103  0.003    2  1 
  51305.0393   14.186  0.003    2  1 
  51305.0423   14.195  0.003    2  1 
  51305.0812   14.272  0.004    2  1 
  51305.0852   14.285  0.004    2  1 
  51305.1040   14.294  0.003    2  1 
  51305.1077   14.298  0.004    2  1 
  51305.1328   14.277  0.004    2  1 
  51305.1357   14.327  0.004    2  1 
  51305.1582   14.323  0.004    2  1 
  51305.1616   14.322  0.004    2  1 
  51305.1919   14.291  0.004    2  1 
  51305.1953   14.310  0.004    2  1 
  51305.2170   14.255  0.004    2  1 
  51305.2202   14.243  0.004    2  1 
  51305.2493   14.135  0.003    2  1 
  51305.2523   14.134  0.003    2  1 
  51305.2764   14.096  0.004    2  1 
  51305.2796   14.062  0.004    2  1 
  51305.3025   14.051  0.003    2  1 
  51305.3054   14.057  0.003    2  1 
  51305.9643   14.366  0.003    2  1 
  51305.9672   14.370  0.003    2  1 
  51305.9940   14.339  0.003    2  1 
  51305.9970   14.324  0.003    2  1 
  51305.9997   14.317  0.003    2  1 
  51306.0313   14.202  0.003    2  1 
  51306.0340   14.190  0.003    2  1 
  51306.0638   14.102  0.003    2  1 
  51306.0674   14.114  0.003    2  1 
  51306.0960   14.085  0.003    2  1 
  51306.0990   14.101  0.003    2  1 
  51306.1183   14.057  0.002    2  1 
  51306.1209   14.052  0.003    2  1 
  51306.1434   14.021  0.003    2  1 
  51306.1474   14.031  0.004    2  1 
  51306.1743   14.057  0.003    2  1 
  51306.1770   14.073  0.003    2  1 
  51306.1996   14.119  0.003    2  1 
  51306.2025   14.118  0.002    2  1 
  51306.2207   14.159  0.002    2  1 
  51306.2235   14.174  0.003    2  1 
  51306.2407   14.223  0.003    2  1 
  51306.2432   14.212  0.003    2  1 
  51306.2458   14.216  0.003    2  1 
  51306.2665   14.247  0.003    2  1 
  51306.2691   14.255  0.003    2  1 
  51306.2862   14.289  0.003    2  1 
  51306.2895   14.293  0.003    2  1 
  51306.3068   14.313  0.003    2  1 
  51306.3101   14.314  0.004    2  1 
  51306.9828   14.091  0.004    2  1 
  51306.9870   14.083  0.003    2  1 
  51307.0161   14.120  0.003    2  1 
  51307.0270   14.163  0.003    2  1 
  51307.0388   14.197  0.004    2  1 
  51307.0824   14.219  0.005    2  1 
  51307.9862   14.322  0.003    2  1 
  51307.9901   14.318  0.003    2  1 
  51308.0178   14.200  0.003    2  1 
  51308.0212   14.210  0.003    2  1 
  51308.0443   14.129  0.003    2  1 
  51308.0749   14.100  0.002    2  1 
  51308.1072   14.061  0.003    2  1 
  51308.1114   14.056  0.003    2  1 
  51310.1342   14.050  0.003    2  1 
  51310.1371   14.049  0.003    2  1 
  51310.1402   14.055  0.003    2  1 
  51314.9621   14.133  0.004    2  1 
  51314.9650   14.159  0.003    2  1 
  51314.9679   14.150  0.004    2  1 
  51314.9914   14.228  0.003    2  1 
  51314.9943   14.229  0.003    2  1 
  51314.9972   14.240  0.003    2  1 
  51315.0171   14.269  0.003    2  1 
  51315.0197   14.275  0.003    2  1 
  51315.0224   14.282  0.003    2  1 
  51315.0409   14.309  0.003    2  1 
  51315.0436   14.310  0.003    2  1 
  51315.0462   14.311  0.003    2  1 
  51315.0650   14.326  0.003    2  1 
  51315.0677   14.323  0.003    2  1 
  51315.0860   14.348  0.003    2  1 
  51315.0887   14.318  0.003    2  1 
  51315.0913   14.329  0.003    2  1 
  51315.1094   14.331  0.003    2  1 
  51315.1121   14.346  0.003    2  1 
  51315.1148   14.332  0.003    2  1 
  51316.0277   14.125  0.003    2  1 
  51316.0303   14.087  0.003    2  1 
  51316.0330   14.085  0.003    2  1 
  51316.0511   14.076  0.003    2  1 
  51316.0538   14.063  0.003    2  1 
  51316.0565   14.059  0.003    2  1 
  51316.0746   14.030  0.003    2  1 
  51316.0773   14.032  0.003    2  1 
  51316.0800   14.038  0.003    2  1 
  51316.0992   14.035  0.003    2  1 
  51316.1020   14.073  0.003    2  1 
  51316.1046   14.054  0.003    2  1 
  51316.1228   14.096  0.003    2  1 
  51316.1255   14.084  0.003    2  1 
  51316.1281   14.092  0.003    2  1 
  51316.9815   14.222  0.003    2  1 
  51316.9843   14.235  0.003    2  1 
  51316.9869   14.231  0.003    2  1 
  51316.9978   14.259  0.004    2  1 
  51317.0147   14.290  0.004    2  1 
  51317.0176   14.280  0.004    2  1 
  51317.0205   14.275  0.004    2  1 
  51317.0420   14.274  0.004    2  1 
  51317.0450   14.280  0.005    2  1 
  51317.0483   14.312  0.004    2  1 
  51317.0689   14.328  0.004    2  1 
  51317.0718   14.290  0.004    2  1 
  51317.0747   14.315  0.004    2  1 
  51317.0946   14.337  0.003    2  1 
  51317.0974   14.338  0.003    2  1 
  51317.1000   14.320  0.004    2  1 
  51317.1199   14.285  0.004    2  1 
  51317.1228   14.274  0.004    2  1 
  51317.1257   14.285  0.004    2  1 
  51317.9715   14.124  0.004    2  1 
  51317.9744   14.142  0.003    2  1 
  51317.9772   14.132  0.003    2  1 
  51317.9970   14.125  0.003    2  1 
  51317.9998   14.126  0.003    2  1 
  51318.0025   14.089  0.003    2  1 
  51318.0227   14.076  0.004    2  1 
  51318.0260   14.048  0.004    2  1 
  51318.0510   14.050  0.004    2  1 
  51318.0542   14.038  0.004    2  1 
  51318.0575   14.031  0.004    2  1 
  51318.0795   14.019  0.004    2  1 
  51318.0827   14.025  0.004    2  1 
  51318.0859   14.036  0.004    2  1 
  51318.1079   14.030  0.004    2  1 
  51318.1111   14.053  0.004    2  1 
  51318.1144   14.011  0.004    2  1 
  51318.9846   14.259  0.003    2  1 
  51318.9874   14.258  0.003    2  1 
  51318.9902   14.261  0.003    2  1 
  51319.0093   14.293  0.003    2  1 
  51319.0122   14.299  0.004    2  1 
  51319.0151   14.270  0.004    2  1 
  51319.0351   14.288  0.004    2  1 
  51319.0380   14.287  0.004    2  1 
  51319.0411   14.322  0.004    2  1 
  51319.0623   14.340  0.004    2  1 
  51319.0928   14.333  0.003    2  1 
  51319.1137   14.297  0.003    2  1 
  51319.1164   14.288  0.003    2  1 
  51319.1190   14.286  0.003    2  1 
  51320.0869   14.075  0.002    2  1 
  51320.0909   14.081  0.002    2  1 
  51320.1531   14.191  0.003    2  1 
  51320.1557   14.197  0.003    2  1 
  51320.1584   14.212  0.003    2  1 
  51320.9810   14.284  0.003    2  1 
  51320.9838   14.291  0.003    2  1 
  51321.0292   14.332  0.003    2  1 
  51321.0466   14.336  0.003    2  1 
  51321.0491   14.337  0.003    2  1 
  51321.0517   14.335  0.003    2  1 
  51321.0689   14.344  0.003    2  1 
  51321.0714   14.314  0.003    2  1 
  51321.0740   14.343  0.003    2  1 
  51321.0997   14.296  0.003    2  1 
  51321.1023   14.297  0.003    2  1 
  51321.1049   14.298  0.003    2  1 
  51321.1074   14.297  0.003    2  1 
  51321.1100   14.287  0.003    2  1 
  51321.1285   14.231  0.003    2  1 
  51321.1311   14.208  0.003    2  1 
  51332.9607   14.276  0.005    2  1 
  51332.9651   14.284  0.006    2  1 
  51332.9797   14.320  0.005    2  1 
  51332.9834   14.328  0.005    2  1 
  51333.0005   14.323  0.004    2  1 
  51333.0039   14.301  0.005    2  1 
  51333.0156   14.324  0.004    2  1 
  51333.0192   14.285  0.005    2  1 
  51333.0445   14.256  0.004    2  1 
  51333.0479   14.246  0.004    2  1 
  51333.0636   14.179  0.005    2  1 
  51333.0681   14.163  0.005    2  1 
  51333.0834   14.121  0.004    2  1 
  51333.0869   14.114  0.004    2  1 
  51333.0981   14.109  0.004    2  1 
  51333.1018   14.100  0.004    2  1 
  51333.1258   14.065  0.004    2  1 
  51333.1294   14.060  0.004    2  1 
  51333.1410   14.066  0.005    2  1 
  51333.1452   14.068  0.004    2  1 
  51333.1492   14.062  0.004    2  1 
  51333.1642   14.052  0.004    2  1 
  51333.1679   14.056  0.004    2  1 
  51334.9778   14.350  0.003    2  1 
  51334.9806   14.342  0.003    2  1 
  51335.0115   14.318  0.003    2  1 
  51335.0145   14.310  0.003    2  1 
  51335.0237   14.277  0.004    2  1 
  51335.0269   14.272  0.004    2  1 
  51335.0365   14.239  0.003    2  1 
  51335.0396   14.221  0.004    2  1 
  51335.0624   14.116  0.004    2  1 
  51335.0658   14.129  0.004    2  1 
  51335.0766   14.113  0.004    2  1 
  51335.0800   14.111  0.004    2  1 
  51335.1009   14.096  0.004    2  1 
  51335.1041   14.089  0.004    2  1 
  51335.9585   14.042  0.004    2  1 
  51335.9619   14.051  0.004    2  1 
  51335.9661   14.044  0.004    2  1 
  51335.9693   14.049  0.003    2  1 
  51335.9855   14.057  0.003    2  1 
  51335.9915   14.075  0.003    2  1 
  51335.9966   14.088  0.003    2  1 
  51336.0139   14.113  0.003    2  1 
  51336.0172   14.124  0.003    2  1 
  51336.0275   14.141  0.003    2  1 
  51336.0306   14.142  0.004    2  1 
  51336.0439   14.177  0.004    2  1 
  51336.0470   14.180  0.004    2  1 
  51336.0662   14.222  0.004    2  1 
  51336.0696   14.237  0.004    2  1 
  51336.0728   14.238  0.004    2  1 
  51336.0954   14.274  0.004    2  1 
  51336.0989   14.277  0.004    2  1 
  51336.1119   14.292  0.004    2  1 
  51336.1153   14.319  0.004    2  1 
  51336.1297   14.302  0.005    2  1 
  51336.1600   14.285  0.006    2  1 
  51336.9567   14.288  0.002    2  1 
  51337.9827   14.065  0.004    2  1 
  51337.9868   14.052  0.004    2  1 
  51337.9997   14.101  0.004    2  1 
  51338.0033   14.112  0.004    2  1 
  51338.0231   14.149  0.004    2  1 
  51338.0265   14.152  0.004    2  1 
  51338.0304   14.156  0.004    2  1 
  51338.9791   14.319  0.004    2  1 
  51338.9849   14.318  0.003    2  1 
  51339.0116   14.216  0.004    2  1 
  51339.0151   14.198  0.004    2  1 
  51339.0441   14.138  0.004    2  1 
  51339.0477   14.136  0.004    2  1 
  51339.0513   14.124  0.004    2  1 
  51339.0774   14.098  0.004    2  1 
  51339.0807   14.087  0.004    2  1 
  51339.1053   14.070  0.004    2  1 
  51339.1093   14.051  0.004    2  1 
  51339.1327   14.029  0.004    2  1 
  51339.1363   14.034  0.004    2  1 
  51339.9588   14.068  0.003    2  1 
  51339.9627   14.082  0.003    2  1 
  51339.9835   14.105  0.003    2  1 
  51339.9874   14.107  0.003    2  1 
  51340.0115   14.156  0.003    2  1 
  51340.0146   14.170  0.003    2  1 
  51340.0349   14.193  0.003    2  1 
  51340.0380   14.195  0.003    2  1 
  51340.0659   14.265  0.004    2  1 
  51340.0696   14.254  0.004    2  1 
  51340.0938   14.267  0.004    2  1 
  51340.0983   14.257  0.004    2  1 
  51340.1334   14.295  0.004    2  1 
  51340.1366   14.304  0.004    2  1 
  51344.9654   14.294  0.003    2  1 
  51344.9786   14.245  0.003    2  1 
  51344.9829   14.218  0.004    2  1 
  51345.0052   14.126  0.003    2  1 
  51345.0092   14.087  0.003    2  1 
  51345.0132   14.108  0.003    2  1 
  51345.0170   14.112  0.004    2  1 
  51345.0353   14.102  0.003    2  1 
  51345.0390   14.097  0.003    2  1 
  51345.0645   14.069  0.003    2  1 
  51345.0690   14.078  0.003    2  1 
  51345.9658   14.112  0.005    2  1 
  51345.9696   14.128  0.005    2  1 
  51345.9999   14.220  0.004    2  1 
  51346.0043   14.224  0.004    2  1 
  51346.0310   14.276  0.004    2  1 
  51346.0343   14.277  0.004    2  1 
  51346.0571   14.306  0.004    2  1 
  51346.0604   14.297  0.004    2  1 
  51347.0221   14.111  0.004    2  1 
  51347.0274   14.095  0.002    2  1 
  51347.0562   14.074  0.003    2  1 
  51347.0597   14.069  0.003    2  1 
  51347.0815   14.044  0.003    2  1 
  51347.0850   14.047  0.003    2  1 
  51347.9550   14.165  0.003    2  1 
  51347.9581   14.164  0.003    2  1 
  51347.9877   14.227  0.003    2  1 
  51347.9914   14.234  0.004    2  1 
  51347.9948   14.238  0.004    2  1 
  51348.0181   14.278  0.004    2  1 
  51348.0211   14.285  0.004    2  1 
  51348.0849   14.284  0.005    2  1 
  51348.0897   14.293  0.005    2  1 
  51348.1054   14.284  0.005    2  1 
  51348.1088   14.282  0.005    2  1 
  51348.1122   14.273  0.005    2  1 
  51348.9528   14.236  0.003    2  1 
  51348.9557   14.206  0.003    2  1 
  51348.9795   14.146  0.003    2  1 
  51348.9824   14.137  0.003    2  1 
  51348.9941   14.128  0.003    2  1 
  51349.0152   14.096  0.003    2  1 
  51349.0189   14.095  0.003    2  1 
  51349.9596   14.192  0.003    2  1 
  51349.9627   14.199  0.003    2  1 
  51349.9911   14.255  0.003    2  1 
  51349.9944   14.265  0.003    2  1 
  51350.0097   14.282  0.003    2  1 
  51350.0128   14.286  0.004    2  1 
  51350.0228   14.280  0.004    2  1 
  51364.9643   14.056  0.003    2  1 
  51364.9677   14.056  0.003    2  1 
  51380.9714   14.191  0.003    2  1 
  51380.9769   14.206  0.003    2  1 
  51380.9801   14.214  0.003    2  1 
  51380.9845   14.221  0.003    2  1 
  51381.0066   14.264  0.003    2  1 
  51381.0096   14.269  0.003    2  1 
  51381.0136   14.276  0.003    2  1 
  51381.9638   14.176  0.003    2  1 
  51381.9679   14.134  0.003    2  1 
  51381.9716   14.109  0.004    2  1 
  51381.9917   14.091  0.004    2  1 
  51381.9946   14.066  0.004    2  1 
  51382.9605   14.188  0.003    2  1 
  51382.9652   14.189  0.003    2  1 
  51382.9682   14.123  0.004    2  1 
  51382.9887   14.234  0.004    2  1 
  51382.9916   14.239  0.004    2  1 
  51383.9595   14.146  0.003    2  1 
  51383.9621   14.144  0.003    2  1 
  51383.9648   14.138  0.003    2  1 
  51383.9826   14.114  0.003    2  1 
  51383.9853   14.076  0.003    2  1 
  51384.9606   14.229  0.003    2  1 
  51384.9631   14.229  0.003    2  1 
  51384.9657   14.238  0.003    2  1 
  51384.9827   14.278  0.003    2  1 
  51384.9853   14.277  0.003    2  1 
  51385.9557   14.132  0.003    2  1 
  51385.9589   14.125  0.003    2  1 
  51385.9615   14.128  0.002    2  1 
  51385.9788   14.098  0.003    2  1 
  51385.9814   14.097  0.003    2  1 
  51386.9731   14.264  0.004    2  1 
  51386.9769   14.285  0.003    2  1 
  51386.9807   14.290  0.003    2  1 
  51387.0101   14.329  0.003    2  1 
  51387.0139   14.334  0.003    2  1 
  51387.0177   14.329  0.003    2  1 
  51388.9571   14.167  0.004    2  1 
  51388.9622   14.189  0.005    2  1 
  51388.9659   14.207  0.005    2  1 
  51388.9899   14.255  0.004    2  1 
  51388.9932   14.270  0.004    2  1 
  51389.9629   14.093  0.003    2  1 
  51389.9656   14.094  0.003    2  1 
  51389.9683   14.081  0.003    2  1 
  51390.9578   14.286  0.003    2  1 
  51390.9604   14.290  0.003    2  1 
  51390.9631   14.214  0.004    2  1 
  51391.9583   14.080  0.002    2  1 
  51646.1374   14.184  0.004    2  1 
  51646.1447   14.154  0.005    2  1 
  51646.1486   14.217  0.004    2  1 
  51646.1532   14.209  0.004    2  1 
  51646.1570   14.130  0.005    2  1 
  51646.1609   14.171  0.005    2  1 
  51646.1649   14.208  0.005    2  1 
  51646.1687   14.148  0.005    2  1 
  51646.1727   14.267  0.004    2  1 
  51646.1764   14.268  0.004    2  1 
  51646.1801   14.268  0.004    2  1 
  51646.1837   14.279  0.004    2  1 
  51646.1871   14.236  0.004    2  1 
  51646.1907   14.259  0.005    2  1 
  51646.1944   14.264  0.005    2  1 
  51646.1983   14.304  0.004    2  1 
  51646.2025   14.299  0.004    2  1 
  51646.2065   14.271  0.004    2  1 
  51646.2100   14.295  0.004    2  1 
  51646.2138   14.307  0.004    2  1 
  51646.2172   14.338  0.004    2  1 
  51646.2206   14.313  0.004    2  1 
  51646.2245   14.319  0.004    2  1 
  51646.2283   14.338  0.004    2  1 
  51646.2320   14.334  0.004    2  1 
  51646.2362   14.348  0.004    2  1 
  51646.2394   14.357  0.003    2  1 
  51646.2426   14.343  0.003    2  1 
  51646.2457   14.351  0.003    2  1 
  51646.2489   14.330  0.003    2  1 
  51646.2523   14.262  0.004    2  1 
  51646.2557   14.344  0.004    2  1 
  51646.2591   14.335  0.004    2  1 
  51646.2626   14.273  0.004    2  1 
  51646.2660   14.339  0.004    2  1 
  51646.2895   14.265  0.005    2  1 
  51646.3070   14.206  0.005    2  1 
  51646.3111   14.212  0.005    2  1 
  51646.3151   14.224  0.004    2  1 
  51646.3189   14.216  0.004    2  1 
  51646.3225   14.201  0.004    2  1 
  51646.3260   14.187  0.004    2  1 
  51646.3296   14.153  0.004    2  1 
  51646.3330   14.147  0.004    2  1 
  51646.3377   14.120  0.004    2  1 
  51646.3414   14.081  0.004    2  1 
  51646.3451   14.105  0.004    2  1 
  51646.3496   14.112  0.004    2  1 
  51646.3530   14.095  0.004    2  1 
  51646.3568   14.104  0.004    2  1 
  51646.3679   14.057  0.004    2  1 
  51646.3713   14.059  0.004    2  1 
  51671.0353   14.100  0.003    2  1 
  51671.0475   14.112  0.003    2  1 
  51671.0585   14.056  0.003    2  1 
  51671.0649   14.086  0.003    2  1 
  51671.0721   14.054  0.003    2  1 
  51671.0771   14.027  0.004    2  1 
  51671.1013   14.073  0.003    2  1 
  51671.1053   14.075  0.003    2  1 
  51671.1107   14.079  0.003    2  1 
  51671.1151   14.090  0.003    2  1 
  51671.1292   14.102  0.003    2  1 
  51671.9878   14.232  0.003    2  1 
  51671.9920   14.247  0.003    2  1 
  51672.0277   14.306  0.004    2  1 
  51672.0316   14.312  0.003    2  1 
  51672.0822   14.344  0.003    2  1 
  51674.0685   14.321  0.005    2  1 
  51674.0726   14.297  0.005    2  1 
  51674.1052   14.339  0.004    2  1 
  51674.1117   14.328  0.005    2  1 
  51674.1260   14.297  0.004    2  1 
  51674.1296   14.290  0.004    2  1 
  51674.1332   14.277  0.004    2  1 
  51674.1368   14.257  0.004    2  1 
  51674.1405   14.248  0.004    2  1 
  51674.1444   14.236  0.004    2  1 
  51674.9689   14.131  0.004    2  1 
  51674.9724   14.140  0.004    2  1 
  51674.9867   14.143  0.004    2  1 
  51674.9911   14.122  0.004    2  1 
  51675.0041   14.094  0.004    2  1 
  51675.0121   14.064  0.004    2  1 
  51675.0159   14.056  0.004    2  1 
  51675.0253   14.079  0.003    2  1 
  51675.0289   14.075  0.003    2  1 
  51675.0351   14.065  0.003    2  1 
  51675.0465   14.046  0.003    2  1 
  51675.0521   14.032  0.004    2  1 
  51675.0558   14.050  0.003    2  1 
  51675.0622   14.044  0.004    2  1 
  51675.0661   14.056  0.004    2  1 
  51675.0719   14.040  0.004    2  1 
  51675.0756   14.042  0.004    2  1 
  51675.0814   14.048  0.004    2  1 
  51675.0858   14.058  0.004    2  1 
  51675.0927   14.072  0.003    2  1 
  51675.0970   14.061  0.003    2  1 
  51675.9751   14.257  0.003    2  1 
  51675.9802   14.256  0.004    2  1 
  51675.9906   14.280  0.003    2  1 
  51675.9939   14.287  0.003    2  1 
  51675.9971   14.291  0.003    2  1 
  51676.0005   14.310  0.003    2  1 
  51676.0036   14.307  0.003    2  1 
  51676.0067   14.300  0.004    2  1 
  51676.0112   14.291  0.004    2  1 
  51676.0240   14.309  0.004    2  1 
  51676.0301   14.321  0.004    2  1 
  51676.9616   14.120  0.004    2  1 
  51676.9713   14.118  0.005    2  1 
  51676.9757   14.107  0.004    2  1 
  51676.9867   14.076  0.004    2  1 
  51676.9969   14.054  0.005    2  1 
  51677.0090   14.042  0.004    2  1 
  51677.0126   14.053  0.004    2  1 
  51677.0180   14.047  0.005    2  1 
  51677.0226   14.052  0.005    2  1 
  51677.0271   14.033  0.005    2  1 
  51677.0318   14.035  0.005    2  1 
  51677.0362   14.032  0.004    2  1 
  51677.0410   14.018  0.005    2  1 
  51677.0453   14.019  0.005    2  1 
  51677.0499   14.022  0.005    2  1 
  51677.0580   14.016  0.005    2  1 
  51677.0628   14.020  0.005    2  1 
  51677.0672   14.035  0.005    2  1 
  51677.0713   14.033  0.004    2  1 
  51677.0751   14.029  0.004    2  1 
  51677.0793   14.036  0.004    2  1 
  51677.0835   14.057  0.004    2  1 
  51677.0877   14.061  0.004    2  1 
  51677.0918   14.072  0.004    2  1 
  51677.0956   14.066  0.004    2  1 
  51677.0996   14.041  0.005    2  1 
  51677.1044   14.063  0.005    2  1 
  51677.1082   14.019  0.005    2  1 
  51677.1121   14.092  0.005    2  1 
  51677.1160   14.088  0.005    2  1 
  51677.1199   14.087  0.005    2  1 
  51677.1238   14.120  0.005    2  1 
  51677.1276   14.117  0.004    2  1 
  51677.1315   14.116  0.005    2  1 
  51677.1353   14.140  0.005    2  1 
  51677.1396   14.138  0.005    2  1 
  51677.1434   14.159  0.005    2  1 
  51677.1476   14.176  0.005    2  1 
  51677.1520   14.190  0.005    2  1 
  51677.1564   14.184  0.005    2  1 
  51677.1603   14.212  0.005    2  1 
  51677.1642   14.230  0.004    2  1 
  51677.1680   14.215  0.005    2  1 
  51677.1719   14.235  0.004    2  1 
  51677.1759   14.242  0.005    2  1 
  51677.1797   14.239  0.005    2  1 
  51677.1836   14.201  0.005    2  1 
  51677.1883   14.242  0.005    2  1 
  51677.1922   14.258  0.005    2  1 
  51677.1960   14.268  0.005    2  1 
  51677.1999   14.244  0.005    2  1 
  51677.2038   14.296  0.005    2  1 
  51677.2083   14.271  0.005    2  1 
  51677.2133   14.257  0.005    2  1 
  51677.2571   14.282  0.006    2  1 
  51677.2620   14.293  0.006    2  1 
  51677.2664   14.287  0.006    2  1 
  51677.2708   14.311  0.005    2  1 
  51691.0375   14.149  0.001    2  1 
  51691.0409   14.153  0.003    2  1 
  51691.0444   14.171  0.003    2  1 
  51691.0509   14.174  0.003    2  1 
  51691.0543   14.186  0.003    2  1 
  51691.0579   14.193  0.003    2  1 
  51691.0633   14.210  0.002    2  1 
  51691.0670   14.200  0.002    2  1 
  51691.0711   14.221  0.003    2  1 
  51691.0770   14.243  0.003    2  1 
  51691.0805   14.246  0.003    2  1 
  51691.0840   14.249  0.003    2  1 
  51691.0896   14.258  0.003    2  1 
  51691.0931   14.267  0.003    2  1 
  51691.0971   14.273  0.003    2  1 
  51691.1040   14.273  0.003    2  1 
  51691.1083   14.286  0.003    2  1 
  51691.1122   14.290  0.003    2  1 
  51691.1180   14.301  0.003    2  1 
  51691.1214   14.298  0.003    2  1 
  51691.1249   14.318  0.003    2  1 
  51691.1323   14.323  0.003    2  1 
  51691.1357   14.314  0.003    2  1 
  51691.1392   14.321  0.003    2  1 
  51691.1448   14.335  0.003    2  1 
  51691.1522   14.334  0.002    2  1 
  51691.1561   14.339  0.002    2  1 
  51693.0130   14.124  0.004    2  1 
  51693.0165   14.066  0.003    2  1 
  51693.0248   14.144  0.003    2  1 
  51693.0305   14.165  0.003    2  1 
  51693.0340   14.162  0.003    2  1 
  51693.0378   14.182  0.003    2  1 
  51694.0082   14.285  0.003    2  1 
  51694.0114   14.286  0.003    2  1 
  51694.0148   14.267  0.003    2  1 
  51694.0202   14.242  0.003    2  1 
  51694.0234   14.232  0.003    2  1 
  51694.0267   14.210  0.003    2  1 
  51694.0319   14.177  0.003    2  1 
  51694.0351   14.174  0.003    2  1 
  51694.0384   14.157  0.003    2  1 
  51694.0418   14.151  0.003    2  1 
  51694.0472   14.138  0.003    2  1 
  51694.0505   14.137  0.003    2  1 
  51694.0537   14.127  0.003    2  1 
  51694.0590   14.130  0.003    2  1 
  51694.0623   14.125  0.003    2  1 
  51694.0656   14.131  0.003    2  1 
  51694.0714   14.123  0.003    2  1 
  51694.0748   14.103  0.003    2  1 
  51694.0781   14.101  0.003    2  1 
  51694.0836   14.097  0.003    2  1 
  51694.0868   14.102  0.003    2  1 
  51694.0901   14.070  0.003    2  1 
  51694.0957   14.080  0.003    2  1 
  51694.0989   14.076  0.003    2  1 
  51694.1021   14.076  0.003    2  1 
  51694.1075   14.069  0.003    2  1 
  51694.1106   14.064  0.003    2  1 
  51694.1190   14.051  0.003    2  1 
  51694.1221   14.053  0.003    2  1 
  51694.1252   14.054  0.003    2  1 
  51694.1286   14.047  0.003    2  1 
  51695.0280   14.186  0.003    2  1 
  51695.0317   14.180  0.003    2  1 
  51697.9712   14.298  0.004    2  1 
  51697.9818   14.284  0.004    2  1 
  51765.9746   14.259  0.004    2  1 
  51765.9783   14.230  0.004    2  1 
  51765.9820   14.216  0.004    2  1 
  51766.0194   14.064  0.004    2  1 
  51766.0229   14.066  0.004    2  1 
  51216.3063   14.304  0.003    3  1 
  51216.3342   14.350  0.003    3  1 
  51216.3572   14.390  0.003    3  1 
  51216.3847   14.470  0.003    3  1 
  51217.2936   14.693  0.004    3  1 
  51217.3214   14.662  0.004    3  1 
  51217.3432   14.692  0.003    3  1 
  51217.3648   14.477  0.001    3  1 
  51217.3852   14.421  0.003    3  1 
  51218.2935   14.309  0.003    3  1 
  51218.3212   14.346  0.003    3  1 
  51218.3442   14.393  0.003    3  1 
  51218.3704   14.453  0.003    3  1 
  51219.2811   14.702  0.002    3  1 
  51219.2844   14.698  0.004    3  1 
  51219.3053   14.678  0.004    3  1 
  51219.3228   14.645  0.003    3  1 
  51219.3465   14.563  0.003    3  1 
  51219.3676   14.431  0.003    3  1 
  51219.3851   14.386  0.003    3  1 
  51220.2805   14.311  0.003    3  1 
  51220.2995   14.316  0.003    3  1 
  51220.3171   14.352  0.003    3  1 
  51220.3349   14.407  0.003    3  1 
  51220.3523   14.441  0.003    3  1 
  51220.3689   14.497  0.003    3  1 
  51220.3877   14.532  0.004    3  1 
  51221.2691   14.698  0.003    3  1 
  51221.2915   14.687  0.003    3  1 
  51221.3097   14.651  0.003    3  1 
  51221.3270   14.603  0.003    3  1 
  51221.3437   14.503  0.003    3  1 
  51221.3619   14.398  0.003    3  1 
  51221.3854   14.372  0.003    3  1 
  51283.2237   14.577  0.003    3  1 
  51283.2601   14.635  0.003    3  1 
  51283.2830   14.661  0.003    3  1 
  51283.3050   14.666  0.003    3  1 
  51283.3367   14.604  0.003    3  1 
  51283.3600   14.519  0.003    3  1 
  51284.2056   14.347  0.003    3  1 
  51284.2337   14.299  0.003    3  1 
  51284.2542   14.285  0.003    3  1 
  51284.2806   14.280  0.003    3  1 
  51284.3075   14.312  0.003    3  1 
  51284.3333   14.371  0.003    3  1 
  51285.0885   14.326  0.003    3  1 
  51285.1182   14.343  0.003    3  1 
  51285.1470   14.428  0.003    3  1 
  51285.1698   14.479  0.003    3  1 
  51285.1988   14.563  0.003    3  1 
  51285.2270   14.601  0.003    3  1 
  51285.2539   14.650  0.003    3  1 
  51285.2851   14.672  0.003    3  1 
  51285.3202   14.638  0.003    3  1 
  51285.3496   14.532  0.003    3  1 
  51286.0619   14.712  0.003    3  1 
  51286.0871   14.698  0.003    3  1 
  51286.0921   14.713  0.003    3  1 
  51286.1226   14.623  0.003    3  1 
  51286.1512   14.482  0.002    3  1 
  51286.1789   14.370  0.002    3  1 
  51286.2076   14.337  0.002    3  1 
  51286.2389   14.292  0.002    3  1 
  51286.2613   14.284  0.002    3  1 
  51286.2889   14.302  0.002    3  1 
  51286.3108   14.331  0.003    3  1 
  51286.3335   14.384  0.003    3  1 
  51286.3566   14.462  0.003    3  1 
  51304.9734   14.350  0.002    3  1 
  51305.0076   14.410  0.003    3  1 
  51305.0510   14.517  0.003    3  1 
  51305.0770   14.575  0.003    3  1 
  51305.1004   14.615  0.003    3  1 
  51305.1407   14.673  0.004    3  1 
  51305.1707   14.671  0.004    3  1 
  51305.1996   14.626  0.004    3  1 
  51305.2299   14.495  0.003    3  1 
  51305.2561   14.388  0.003    3  1 
  51305.2836   14.342  0.003    3  1 
  51305.3139   14.294  0.003    3  1 
  51305.9733   14.724  0.003    3  1 
  51306.0117   14.604  0.003    3  1 
  51306.0157   14.592  0.002    3  1 
  51306.0375   14.459  0.003    3  1 
  51306.0735   14.377  0.003    3  1 
  51306.1026   14.312  0.003    3  1 
  51306.1285   14.288  0.003    3  1 
  51306.1517   14.286  0.003    3  1 
  51306.1807   14.315  0.003    3  1 
  51306.2059   14.360  0.002    3  1 
  51306.2269   14.432  0.003    3  1 
  51306.2491   14.508  0.003    3  1 
  51306.2725   14.567  0.003    3  1 
  51306.2932   14.625  0.003    3  1 
  51307.9986   14.629  0.003    3  1 
  51308.0249   14.458  0.002    3  1 
  51308.0524   14.385  0.002    3  1 
  51308.0811   14.332  0.002    3  1 
  51308.0851   14.323  0.002    3  1 
  51308.1202   14.289  0.002    3  1 
  51310.1272   14.275  0.002    3  1 
  51310.1308   14.280  0.002    3  1 
  51314.9714   14.501  0.003    3  1 
  51315.0138   14.599  0.003    3  1 
  51315.0372   14.630  0.003    3  1 
  51315.0710   14.659  0.003    3  1 
  51315.0946   14.662  0.003    3  1 
  51315.1180   14.650  0.003    3  1 
  51316.0363   14.332  0.002    3  1 
  51316.0597   14.290  0.002    3  1 
  51316.0832   14.276  0.002    3  1 
  51316.1079   14.301  0.002    3  1 
  51316.9780   14.493  0.003    3  1 
  51317.0013   14.572  0.003    3  1 
  51317.0241   14.613  0.004    3  1 
  51317.0523   14.641  0.004    3  1 
  51317.0782   14.657  0.004    3  1 
  51317.1035   14.649  0.003    3  1 
  51317.9808   14.407  0.003    3  1 
  51318.0060   14.390  0.003    3  1 
  51318.0331   14.337  0.004    3  1 
  51318.0898   14.297  0.004    3  1 
  51318.1183   14.356  0.004    3  1 
  51318.9811   14.569  0.003    3  1 
  51319.0058   14.613  0.003    3  1 
  51319.0315   14.651  0.004    3  1 
  51319.0717   14.668  0.003    3  1 
  51319.0961   14.648  0.003    3  1 
  51320.0968   14.338  0.002    3  1 
  51320.1175   14.387  0.002    3  1 
  51320.9771   14.584  0.003    3  1 
  51320.9998   14.635  0.002    3  1 
  51321.0212   14.647  0.002    3  1 
  51321.0434   14.665  0.003    3  1 
  51321.0658   14.644  0.003    3  1 
  51321.0965   14.620  0.003    3  1 
  51321.1252   14.523  0.003    3  1 
  51333.0403   14.577  0.003    3  1 
  51333.1062   14.333  0.003    3  1 
  51334.9989   14.652  0.003    3  1 
  51335.0432   14.498  0.003    3  1 
  51335.0972   14.357  0.003    3  1 
  51335.1083   14.326  0.003    3  1 
  51336.0103   14.381  0.003    3  1 
  51336.0508   14.480  0.003    3  1 
  51336.0891   14.583  0.003    3  1 
  51338.0075   14.401  0.003    3  1 
  51338.9740   14.656  0.003    3  1 
  51339.0046   14.577  0.003    3  1 
  51339.0385   14.419  0.003    3  1 
  51339.0685   14.388  0.003    3  1 
  51339.1006   14.314  0.003    3  1 
  51339.1280   14.279  0.003    3  1 
  51339.9665   14.337  0.002    3  1 
  51339.9935   14.404  0.003    3  1 
  51340.0189   14.456  0.003    3  1 
  51340.0441   14.532  0.004    3  1 
  51340.0753   14.589  0.003    3  1 
  51340.1041   14.633  0.004    3  1 
  51345.0430   14.331  0.003    3  1 
  51345.0736   14.287  0.002    3  1 
  51345.9747   14.436  0.003    3  1 
  51346.0101   14.541  0.003    3  1 
  51346.0388   14.593  0.003    3  1 
  51346.0670   14.627  0.003    3  1 
  51347.0317   14.346  0.002    3  1 
  51347.0645   14.300  0.003    3  1 
  51347.0896   14.272  0.002    3  1 
  51347.9638   14.450  0.003    3  1 
  51348.0146   14.588  0.003    3  1 
  51348.9591   14.494  0.003    3  1 
  51349.0243   14.349  0.003    3  1 
  51349.9679   14.500  0.003    3  1 
  51364.9721   14.288  0.003    3  1 
  51380.9890   14.524  0.003    3  1 
  51381.9751   14.407  0.003    3  1 
  51382.9716   14.514  0.003    3  1 
  51383.9680   14.387  0.002    3  1 
  51384.9688   14.528  0.002    3  1 
  51385.9645   14.371  0.002    3  1 
  51386.9859   14.607  0.003    3  1 
  51388.9699   14.597  0.004    3  1 
  51389.9715   14.315  0.002    3  1 
  51390.9663   14.603  0.003    3  1 
  51391.9664   14.317  0.002    3  1 
  51672.0213   14.629  0.003    3  1 
  51674.0796   14.688  0.004    3  1 
  51675.0396   14.320  0.002    3  1 
  51693.0053   14.388  0.003    3  1 
  51694.0012   14.621  0.003    3  1 
  51695.0214   14.465  0.002    3  1 
  51765.9863   14.494  0.003    3  1 
  51766.0153   14.373  0.004    3  1 
 56469.17285   12.189  0.218   -1  1 
 56471.12490   12.201  0.357   -1  1 
 56471.18188   12.096  0.160   -1  1 
 56468.95296   12.160  0.531   -2  1 
 56469.02441   12.866  0.262   -2  1 
 56469.08813   12.432  0.223   -2  1 
 56469.15134   12.928  0.211   -2  1 
 56471.02588   12.791  0.281   -2  1 
 56471.08671   12.901  0.294   -2  1 
 56471.94704   12.904  0.227   -2  1 
 56472.01085   12.726  0.168   -2  1 
 56472.07480   12.486  0.208   -2  1 
 56472.13240   13.006  0.123   -2  1 
 56472.19216   12.562  0.184   -2  1 
 56469.00041   12.940  0.123   -5  1 
 56469.06767   13.316  0.089   -5  1 
 56469.13003   13.258  0.074   -5  1 
 56469.19349   13.186  0.059   -5  1 
 56470.98130   13.289  0.061   -5  1 
 56471.04693   13.232  0.093   -5  1 
 56471.10523   13.354  0.053   -5  1 
 56471.16397   13.513  0.042   -5  1 
 56471.98857   13.287  0.081   -5  1 
 56472.05430   13.731  0.059   -5  1 
 56472.11383   13.178  0.045   -5  1 
 56472.17109   13.368  0.043   -5  1 
