  51216.3218   14.464  0.005    2  1 
  51216.3464   14.531  0.005    2  1 
  51216.3689   14.591  0.005    2  1 
  51216.3980   14.670  0.007    2  1 
  51217.3101   14.764  0.006    2  1 
  51217.3328   14.752  0.005    2  1 
  51217.3552   14.701  0.005    2  1 
  51217.3759   14.611  0.005    2  1 
  51217.3953   14.518  0.005    2  1 
  51218.2773   14.435  0.005    2  1 
  51218.3093   14.378  0.004    2  1 
  51218.3298   14.368  0.004    2  1 
  51218.3573   14.367  0.005    2  1 
  51218.3794   14.382  0.004    2  1 
  51219.3336   14.667  0.005    2  1 
  51219.3596   14.713  0.005    2  1 
  51219.3768   14.743  0.005    2  1 
  51220.2621   14.763  0.005    2  1 
  51220.2906   14.713  0.005    2  1 
  51220.3077   14.649  0.005    2  1 
  51220.3257   14.546  0.005    2  1 
  51220.3432   14.462  0.004    2  1 
  51220.3602   14.446  0.004    2  1 
  51220.3776   14.417  0.004    2  1 
  51221.2835   14.355  0.004    2  1 
  51221.3009   14.360  0.004    2  1 
  51221.3188   14.368  0.004    2  1 
  51221.3358   14.405  0.004    2  1 
  51221.3538   14.450  0.005    2  1 
  51221.3722   14.490  0.005    2  1 
  51283.2451   14.742  0.005    2  1 
  51283.2493   14.748  0.005    2  1 
  51283.2714   14.708  0.005    2  1 
  51283.2748   14.699  0.005    2  1 
  51283.2939   14.616  0.004    2  1 
  51283.2972   14.597  0.004    2  1 
  51283.3202   14.480  0.004    2  1 
  51283.3234   14.476  0.004    2  1 
  51283.3487   14.431  0.004    2  1 
  51283.3518   14.420  0.004    2  1 
  51283.3707   14.387  0.004    2  1 
  51283.3738   14.380  0.004    2  1 
  51284.2195   14.398  0.004    2  1 
  51284.2229   14.393  0.004    2  1 
  51284.2413   14.367  0.004    2  1 
  51284.2443   14.375  0.004    2  1 
  51284.2617   14.355  0.004    2  1 
  51284.2648   14.354  0.004    2  1 
  51284.2942   14.374  0.004    2  1 
  51284.2973   14.366  0.004    2  1 
  51284.3168   14.399  0.004    2  1 
  51284.3211   14.413  0.004    2  1 
  51284.3428   14.469  0.005    2  1 
  51284.3464   14.471  0.004    2  1 
  51285.0513   14.431  0.004    2  1 
  51285.0543   14.427  0.004    2  1 
  51285.0739   14.376  0.004    2  1 
  51285.0778   14.375  0.004    2  1 
  51285.0975   14.351  0.004    2  1 
  51285.1006   14.363  0.005    2  1 
  51285.1324   14.366  0.004    2  1 
  51285.1360   14.376  0.004    2  1 
  51285.1558   14.408  0.004    2  1 
  51285.1588   14.419  0.004    2  1 
  51285.1796   14.472  0.004    2  1 
  51285.1830   14.480  0.004    2  1 
  51285.2125   14.561  0.004    2  1 
  51285.2157   14.578  0.004    2  1 
  51285.2362   14.627  0.005    2  1 
  51285.2426   14.643  0.005    2  1 
  51285.2630   14.702  0.005    2  1 
  51285.2666   14.709  0.005    2  1 
  51285.2998   14.749  0.005    2  1 
  51285.3033   14.756  0.005    2  1 
  51285.3308   14.762  0.005    2  1 
  51285.3348   14.756  0.005    2  1 
  51285.3382   14.761  0.005    2  1 
  51286.0461   14.553  0.004    2  1 
  51286.0493   14.564  0.004    2  1 
  51286.0716   14.620  0.004    2  1 
  51286.0753   14.626  0.004    2  1 
  51286.1026   14.689  0.004    2  1 
  51286.1061   14.698  0.004    2  1 
  51286.1365   14.732  0.004    2  1 
  51286.1398   14.745  0.004    2  1 
  51286.1608   14.762  0.005    2  1 
  51286.1639   14.755  0.004    2  1 
  51286.1669   14.751  0.004    2  1 
  51286.1875   14.751  0.004    2  1 
  51286.1908   14.754  0.005    2  1 
  51286.2255   14.653  0.004    2  1 
  51286.2285   14.649  0.004    2  1 
  51286.2476   14.538  0.004    2  1 
  51286.2508   14.521  0.004    2  1 
  51286.2697   14.474  0.004    2  1 
  51286.2727   14.469  0.004    2  1 
  51286.3022   14.422  0.004    2  1 
  51286.3055   14.417  0.004    2  1 
  51286.3218   14.384  0.004    2  1 
  51286.3250   14.374  0.004    2  1 
  51286.3450   14.337  0.004    2  1 
  51286.3481   14.333  0.004    2  1 
  51304.9873   14.675  0.004    2  1 
  51304.9926   14.682  0.004    2  1 
  51305.0328   14.754  0.005    2  1 
  51305.0362   14.757  0.005    2  1 
  51305.0559   14.758  0.005    2  1 
  51305.0599   14.769  0.005    2  1 
  51305.0890   14.752  0.005    2  1 
  51305.0922   14.749  0.005    2  1 
  51305.1235   14.655  0.005    2  1 
  51305.1269   14.645  0.005    2  1 
  51305.1509   14.529  0.005    2  1 
  51305.1547   14.517  0.005    2  1 
  51305.1853   14.450  0.004    2  1 
  51305.1885   14.436  0.005    2  1 
  51305.2098   14.389  0.004    2  1 
  51305.2128   14.387  0.004    2  1 
  51305.2431   14.363  0.004    2  1 
  51305.2461   14.355  0.004    2  1 
  51305.2704   14.347  0.004    2  1 
  51305.2734   14.347  0.004    2  1 
  51305.2966   14.363  0.004    2  1 
  51305.2995   14.359  0.004    2  1 
  51305.9857   14.533  0.003    2  1 
  51305.9885   14.530  0.003    2  1 
  51305.9912   14.509  0.003    2  1 
  51306.0256   14.452  0.003    2  1 
  51306.0285   14.449  0.003    2  1 
  51306.0465   14.407  0.004    2  1 
  51306.0498   14.404  0.004    2  1 
  51306.0896   14.362  0.004    2  1 
  51306.0930   14.359  0.004    2  1 
  51306.1123   14.360  0.003    2  1 
  51306.1151   14.364  0.003    2  1 
  51306.1375   14.388  0.004    2  1 
  51306.1405   14.395  0.004    2  1 
  51306.1636   14.442  0.004    2  1 
  51306.1673   14.448  0.004    2  1 
  51306.1937   14.522  0.003    2  1 
  51306.1966   14.526  0.003    2  1 
  51306.2146   14.576  0.004    2  1 
  51306.2178   14.587  0.004    2  1 
  51306.2343   14.626  0.004    2  1 
  51306.2380   14.635  0.004    2  1 
  51306.2574   14.678  0.003    2  1 
  51306.2602   14.682  0.003    2  1 
  51306.2805   14.721  0.004    2  1 
  51306.2835   14.726  0.004    2  1 
  51306.3009   14.743  0.004    2  1 
  51306.3038   14.743  0.004    2  1 
  51306.3135   14.749  0.005    2  1 
  51306.3184   14.746  0.005    2  1 
  51307.0456   14.561  0.005    2  1 
  51307.0501   14.576  0.006    2  1 
  51307.0593   14.610  0.004    2  1 
  51307.0645   14.637  0.005    2  1 
  51307.0699   14.652  0.012    2  1 
  51307.0747   14.664  0.008    2  1 
  51308.0084   14.770  0.004    2  1 
  51308.0112   14.759  0.004    2  1 
  51308.0334   14.739  0.003    2  1 
  51308.0362   14.733  0.003    2  1 
  51308.0394   14.736  0.004    2  1 
  51308.0633   14.652  0.004    2  1 
  51308.0663   14.644  0.003    2  1 
  51308.0995   14.489  0.003    2  1 
  51308.1031   14.477  0.003    2  1 
  51308.1280   14.434  0.004    2  1 
  51308.1309   14.430  0.004    2  1 
  51310.0850   14.763  0.003    2  1 
  51310.0874   14.748  0.003    2  1 
  51310.0897   14.759  0.003    2  1 
  51310.0922   14.755  0.003    2  1 
  51310.1430   14.713  0.004    2  1 
  51310.1458   14.701  0.004    2  1 
  51310.1486   14.691  0.004    2  1 
  51311.0244   14.550  0.007    2  1 
  51311.0302   14.512  0.006    2  1 
  51311.0334   14.499  0.006    2  1 
  51311.0506   14.474  0.003    2  1 
  51311.0539   14.488  0.003    2  1 
  51311.0637   14.470  0.004    2  1 
  51311.0669   14.457  0.005    2  1 
  51311.0702   14.445  0.004    2  1 
  51311.0907   14.390  0.005    2  1 
  51311.0946   14.393  0.004    2  1 
  51311.0980   14.383  0.004    2  1 
  51311.1015   14.380  0.004    2  1 
  51311.1071   14.364  0.004    2  1 
  51311.1298   14.331  0.004    2  1 
  51311.1327   14.338  0.004    2  1 
  51311.1357   14.328  0.004    2  1 
  51311.1398   14.327  0.004    2  1 
  51311.1447   14.334  0.004    2  1 
  51311.9755   14.365  0.005    2  1 
  51312.0020   14.377  0.004    2  1 
  51312.0049   14.365  0.004    2  1 
  51312.0255   14.415  0.004    2  1 
  51312.0284   14.415  0.004    2  1 
  51312.0314   14.425  0.004    2  1 
  51312.0584   14.487  0.004    2  1 
  51312.0611   14.493  0.004    2  1 
  51312.0638   14.496  0.004    2  1 
  51312.0903   14.569  0.003    2  1 
  51312.0929   14.588  0.004    2  1 
  51312.0955   14.593  0.004    2  1 
  51312.1146   14.636  0.004    2  1 
  51312.1173   14.649  0.004    2  1 
  51312.1200   14.654  0.004    2  1 
  51312.9860   14.700  0.004    2  1 
  51312.9887   14.706  0.004    2  1 
  51312.9913   14.721  0.004    2  1 
  51313.0096   14.747  0.004    2  1 
  51313.0123   14.750  0.004    2  1 
  51313.0149   14.741  0.004    2  1 
  51313.0333   14.759  0.004    2  1 
  51313.0360   14.760  0.004    2  1 
  51313.0386   14.764  0.004    2  1 
  51313.0413   14.754  0.005    2  1 
  51313.0595   14.741  0.004    2  1 
  51313.0622   14.745  0.004    2  1 
  51313.0648   14.747  0.004    2  1 
  51313.0911   14.686  0.004    2  1 
  51313.0937   14.679  0.004    2  1 
  51313.0964   14.667  0.004    2  1 
  51313.1146   14.591  0.004    2  1 
  51313.1172   14.567  0.004    2  1 
  51313.1199   14.559  0.004    2  1 
  51313.1226   14.554  0.004    2  1 
  51313.9843   14.472  0.004    2  1 
  51313.9872   14.469  0.004    2  1 
  51313.9901   14.454  0.004    2  1 
  51314.0178   14.401  0.004    2  1 
  51314.0207   14.398  0.004    2  1 
  51314.0236   14.395  0.004    2  1 
  51314.0432   14.377  0.004    2  1 
  51314.0461   14.368  0.004    2  1 
  51314.0490   14.374  0.004    2  1 
  51314.0772   14.353  0.004    2  1 
  51314.0802   14.351  0.004    2  1 
  51314.0831   14.356  0.004    2  1 
  51314.1030   14.366  0.004    2  1 
  51314.1059   14.359  0.005    2  1 
  51314.1088   14.368  0.004    2  1 
  51314.1289   14.408  0.004    2  1 
  51314.1333   14.422  0.005    2  1 
  51314.1363   14.424  0.005    2  1 
  51314.9827   14.440  0.004    2  1 
  51314.9856   14.455  0.004    2  1 
  51314.9885   14.458  0.004    2  1 
  51315.0015   14.490  0.004    2  1 
  51315.0043   14.513  0.004    2  1 
  51315.0069   14.519  0.004    2  1 
  51315.0251   14.563  0.004    2  1 
  51315.0277   14.562  0.004    2  1 
  51315.0304   14.575  0.004    2  1 
  51315.0489   14.626  0.004    2  1 
  51315.0516   14.631  0.004    2  1 
  51315.0542   14.636  0.004    2  1 
  51315.0780   14.695  0.004    2  1 
  51315.0807   14.699  0.004    2  1 
  51315.0833   14.703  0.004    2  1 
  51315.1015   14.728  0.005    2  1 
  51315.1041   14.740  0.004    2  1 
  51315.1068   14.731  0.004    2  1 
  51315.1290   14.761  0.006    2  1 
  51315.1319   14.759  0.006    2  1 
  51316.0194   14.718  0.004    2  1 
  51316.0221   14.706  0.004    2  1 
  51316.0247   14.702  0.004    2  1 
  51316.0431   14.626  0.004    2  1 
  51316.0458   14.610  0.004    2  1 
  51316.0485   14.597  0.004    2  1 
  51316.0667   14.494  0.004    2  1 
  51316.0693   14.505  0.004    2  1 
  51316.0720   14.493  0.004    2  1 
  51316.0905   14.458  0.004    2  1 
  51316.0934   14.451  0.004    2  1 
  51316.0963   14.446  0.004    2  1 
  51316.1148   14.403  0.003    2  1 
  51316.1175   14.398  0.003    2  1 
  51316.1201   14.399  0.003    2  1 
  51316.9647   14.424  0.004    2  1 
  51316.9676   14.423  0.004    2  1 
  51316.9705   14.416  0.004    2  1 
  51316.9896   14.380  0.003    2  1 
  51316.9923   14.381  0.003    2  1 
  51316.9949   14.366  0.003    2  1 
  51317.0088   14.344  0.004    2  1 
  51317.0117   14.337  0.004    2  1 
  51317.0321   14.336  0.005    2  1 
  51317.0351   14.352  0.004    2  1 
  51317.0391   14.354  0.004    2  1 
  51317.0602   14.382  0.004    2  1 
  51317.0631   14.392  0.004    2  1 
  51317.0660   14.401  0.004    2  1 
  51317.0858   14.450  0.004    2  1 
  51317.0887   14.462  0.005    2  1 
  51317.0916   14.463  0.004    2  1 
  51317.1111   14.518  0.004    2  1 
  51317.1140   14.552  0.006    2  1 
  51317.1169   14.535  0.005    2  1 
  51317.9628   14.581  0.005    2  1 
  51317.9657   14.582  0.005    2  1 
  51317.9685   14.588  0.005    2  1 
  51317.9883   14.648  0.005    2  1 
  51317.9912   14.651  0.005    2  1 
  51317.9941   14.653  0.005    2  1 
  51318.0135   14.701  0.005    2  1 
  51318.0164   14.720  0.006    2  1 
  51318.0194   14.712  0.006    2  1 
  51318.0413   14.744  0.006    2  1 
  51318.0445   14.751  0.006    2  1 
  51318.0477   14.751  0.006    2  1 
  51318.0697   14.766  0.006    2  1 
  51318.0730   14.770  0.007    2  1 
  51318.0762   14.776  0.007    2  1 
  51318.0981   14.773  0.008    2  1 
  51318.1014   14.760  0.007    2  1 
  51318.1046   14.781  0.008    2  1 
  51318.1265   14.713  0.007    2  1 
  51318.1298   14.691  0.007    2  1 
  51318.9642   14.690  0.004    2  1 
  51318.9680   14.690  0.005    2  1 
  51318.9708   14.671  0.004    2  1 
  51318.9737   14.660  0.004    2  1 
  51318.9929   14.568  0.004    2  1 
  51318.9956   14.552  0.004    2  1 
  51318.9983   14.536  0.004    2  1 
  51319.0180   14.483  0.005    2  1 
  51319.0209   14.478  0.004    2  1 
  51319.0238   14.481  0.004    2  1 
  51319.0443   14.444  0.004    2  1 
  51319.0474   14.436  0.004    2  1 
  51319.0505   14.426  0.005    2  1 
  51319.0793   14.373  0.004    2  1 
  51319.0820   14.377  0.003    2  1 
  51319.0847   14.372  0.003    2  1 
  51319.1030   14.347  0.004    2  1 
  51319.1084   14.340  0.003    2  1 
  51319.1110   14.340  0.003    2  1 
  51320.1030   14.671  0.003    2  1 
  51320.1053   14.678  0.003    2  1 
  51320.1076   14.685  0.003    2  1 
  51320.1238   14.723  0.003    2  1 
  51320.1261   14.711  0.003    2  1 
  51320.1284   14.722  0.004    2  1 
  51320.1450   14.752  0.004    2  1 
  51320.1477   14.753  0.004    2  1 
  51320.1503   14.749  0.004    2  1 
  51320.9635   14.717  0.004    2  1 
  51320.9664   14.712  0.004    2  1 
  51320.9693   14.721  0.004    2  1 
  51320.9887   14.739  0.003    2  1 
  51320.9911   14.743  0.003    2  1 
  51320.9936   14.745  0.003    2  1 
  51321.0102   14.752  0.003    2  1 
  51321.0126   14.753  0.003    2  1 
  51321.0150   14.756  0.003    2  1 
  51321.0318   14.749  0.004    2  1 
  51321.0344   14.756  0.004    2  1 
  51321.0369   14.742  0.004    2  1 
  51321.0543   14.715  0.004    2  1 
  51321.0568   14.711  0.004    2  1 
  51321.0594   14.700  0.004    2  1 
  51321.0847   14.598  0.004    2  1 
  51321.0873   14.596  0.004    2  1 
  51321.0898   14.578  0.004    2  1 
  51321.1133   14.478  0.004    2  1 
  51321.1159   14.478  0.004    2  1 
  51321.1186   14.469  0.004    2  1 
  51321.1339   14.456  0.004    2  1 
  51321.1365   14.447  0.004    2  1 
  51332.9696   14.356  0.006    2  1 
  51332.9739   14.356  0.006    2  1 
  51332.9891   14.366  0.005    2  1 
  51332.9928   14.364  0.006    2  1 
  51332.9965   14.373  0.006    2  1 
  51333.0083   14.385  0.005    2  1 
  51333.0120   14.395  0.005    2  1 
  51333.0226   14.411  0.005    2  1 
  51333.0264   14.419  0.005    2  1 
  51333.0514   14.476  0.005    2  1 
  51333.0552   14.479  0.006    2  1 
  51333.0742   14.546  0.006    2  1 
  51333.0779   14.553  0.006    2  1 
  51333.0907   14.589  0.005    2  1 
  51333.0945   14.602  0.005    2  1 
  51333.1178   14.657  0.005    2  1 
  51333.1221   14.668  0.006    2  1 
  51333.1335   14.699  0.007    2  1 
  51333.1369   14.703  0.006    2  1 
  51333.1529   14.726  0.006    2  1 
  51333.1565   14.731  0.007    2  1 
  51333.1716   14.742  0.006    2  1 
  51333.1752   14.755  0.006    2  1 
  51334.9841   14.459  0.004    2  1 
  51334.9871   14.451  0.004    2  1 
  51335.0175   14.401  0.004    2  1 
  51335.0204   14.396  0.004    2  1 
  51335.0301   14.383  0.004    2  1 
  51335.0334   14.380  0.004    2  1 
  51335.0517   14.365  0.004    2  1 
  51335.0552   14.358  0.005    2  1 
  51335.0692   14.350  0.005    2  1 
  51335.0727   14.350  0.004    2  1 
  51335.0833   14.348  0.005    2  1 
  51335.0867   14.349  0.004    2  1 
  51335.1133   14.377  0.005    2  1 
  51335.1167   14.382  0.005    2  1 
  51335.9535   14.386  0.005    2  1 
  51335.9726   14.433  0.005    2  1 
  51335.9768   14.444  0.004    2  1 
  51335.9997   14.513  0.004    2  1 
  51336.0027   14.521  0.004    2  1 
  51336.0203   14.570  0.004    2  1 
  51336.0236   14.583  0.004    2  1 
  51336.0357   14.611  0.005    2  1 
  51336.0388   14.627  0.005    2  1 
  51336.0593   14.672  0.005    2  1 
  51336.0629   14.687  0.006    2  1 
  51336.0769   14.714  0.005    2  1 
  51336.0803   14.726  0.006    2  1 
  51336.1025   14.747  0.005    2  1 
  51336.1059   14.753  0.006    2  1 
  51336.1206   14.775  0.006    2  1 
  51336.1240   14.759  0.006    2  1 
  51337.0101   14.735  0.006    2  1 
  51337.9904   14.335  0.005    2  1 
  51337.9940   14.329  0.005    2  1 
  51338.0162   14.319  0.005    2  1 
  51338.0196   14.316  0.005    2  1 
  51338.0339   14.336  0.005    2  1 
  51338.0376   14.338  0.006    2  1 
  51338.9901   14.662  0.004    2  1 
  51338.9938   14.669  0.005    2  1 
  51339.0226   14.728  0.006    2  1 
  51339.0269   14.735  0.006    2  1 
  51339.0867   14.792  0.008    2  1 
  51339.0905   14.756  0.007    2  1 
  51339.1139   14.696  0.006    2  1 
  51339.1177   14.696  0.006    2  1 
  51339.1448   14.561  0.005    2  1 
  51339.1482   14.533  0.005    2  1 
  51339.9766   14.619  0.004    2  1 
  51339.9795   14.603  0.004    2  1 
  51340.0044   14.503  0.004    2  1 
  51340.0078   14.495  0.004    2  1 
  51340.0274   14.463  0.004    2  1 
  51340.0306   14.456  0.004    2  1 
  51340.0540   14.407  0.004    2  1 
  51340.0572   14.403  0.005    2  1 
  51340.0857   14.342  0.005    2  1 
  51340.0892   14.337  0.005    2  1 
  51340.1152   14.329  0.005    2  1 
  51340.1197   14.330  0.004    2  1 
  51340.1229   14.340  0.004    2  1 
  51340.1263   14.339  0.004    2  1 
  51340.1404   14.365  0.005    2  1 
  51340.1437   14.373  0.005    2  1 
  51344.9924   14.714  0.004    2  1 
  51344.9958   14.715  0.004    2  1 
  51344.9988   14.698  0.004    2  1 
  51345.0216   14.593  0.005    2  1 
  51345.0255   14.564  0.005    2  1 
  51345.0302   14.541  0.005    2  1 
  51345.0553   14.461  0.004    2  1 
  51345.0603   14.453  0.004    2  1 
  51345.9856   14.342  0.005    2  1 
  51345.9896   14.336  0.005    2  1 
  51346.0219   14.353  0.005    2  1 
  51346.0264   14.368  0.004    2  1 
  51346.0486   14.421  0.004    2  1 
  51346.0523   14.427  0.005    2  1 
  51346.0791   14.506  0.004    2  1 
  51346.0826   14.525  0.004    2  1 
  51347.0416   14.768  0.006    2  1 
  51347.0453   14.765  0.004    2  1 
  51347.0743   14.753  0.005    2  1 
  51347.0777   14.751  0.004    2  1 
  51347.0990   14.694  0.004    2  1 
  51347.1022   14.683  0.003    2  1 
  51347.9769   14.494  0.004    2  1 
  51347.9802   14.482  0.004    2  1 
  51347.9834   14.474  0.004    2  1 
  51347.9983   14.466  0.004    2  1 
  51348.0028   14.462  0.004    2  1 
  51348.0063   14.459  0.004    2  1 
  51348.0242   14.430  0.004    2  1 
  51348.0274   14.421  0.004    2  1 
  51348.0943   14.317  0.005    2  1 
  51348.0983   14.311  0.006    2  1 
  51348.1018   14.323  0.005    2  1 
  51348.9650   14.378  0.004    2  1 
  51348.9682   14.384  0.004    2  1 
  51348.9853   14.428  0.004    2  1 
  51348.9883   14.429  0.004    2  1 
  51348.9912   14.445  0.004    2  1 
  51349.0316   14.569  0.004    2  1 
  51349.0346   14.575  0.005    2  1 
  51349.9815   14.759  0.004    2  1 
  51349.9851   14.760  0.004    2  1 
  51349.9973   14.758  0.005    2  1 
  51350.0033   14.751  0.006    2  1 
  51350.0066   14.750  0.005    2  1 
  51350.0164   14.732  0.005    2  1 
  51350.0197   14.732  0.005    2  1 
  51350.0296   14.706  0.005    2  1 
  51380.9973   14.697  0.004    2  1 
  51381.0004   14.702  0.004    2  1 
  51381.0031   14.707  0.004    2  1 
  51381.0187   14.729  0.004    2  1 
  51381.0214   14.736  0.004    2  1 
  51381.0242   14.736  0.004    2  1 
  51381.9830   14.511  0.004    2  1 
  51381.9859   14.503  0.005    2  1 
  51381.9888   14.497  0.005    2  1 
  51382.0000   14.472  0.004    2  1 
  51382.0029   14.468  0.004    2  1 
  51382.9793   14.396  0.005    2  1 
  51382.9826   14.406  0.004    2  1 
  51382.9857   14.411  0.004    2  1 
  51382.9965   14.438  0.004    2  1 
  51382.9995   14.453  0.005    2  1 
  51383.9746   14.739  0.004    2  1 
  51383.9773   14.735  0.004    2  1 
  51383.9799   14.745  0.004    2  1 
  51383.9899   14.761  0.005    2  1 
  51383.9926   14.754  0.004    2  1 
  51384.9751   14.391  0.003    2  1 
  51384.9777   14.386  0.003    2  1 
  51384.9802   14.380  0.003    2  1 
  51384.9896   14.372  0.003    2  1 
  51384.9921   14.374  0.003    2  1 
  51385.9711   14.536  0.003    2  1 
  51385.9737   14.548  0.004    2  1 
  51385.9763   14.556  0.003    2  1 
  51385.9857   14.577  0.004    2  1 
  51385.9884   14.591  0.004    2  1 
  51386.9965   14.621  0.004    2  1 
  51387.0003   14.601  0.004    2  1 
  51387.0041   14.581  0.004    2  1 
  51387.0216   14.522  0.004    2  1 
  51387.0254   14.498  0.004    2  1 
  51387.0293   14.500  0.004    2  1 
  51388.9801   14.705  0.006    2  1 
  51388.9834   14.716  0.005    2  1 
  51388.9866   14.723  0.006    2  1 
  51388.9984   14.746  0.006    2  1 
  51389.0017   14.753  0.006    2  1 
  51389.9783   14.487  0.004    2  1 
  51389.9809   14.473  0.004    2  1 
  51389.9836   14.475  0.004    2  1 
  51390.9729   14.442  0.003    2  1 
  51390.9756   14.452  0.003    2  1 
  51390.9783   14.458  0.003    2  1 
  51391.9728   14.738  0.003    2  1 
  51391.9754   14.740  0.003    2  1 
  51391.9779   14.738  0.004    2  1 
  51671.0871   14.443  0.004    2  1 
  51671.0917   14.464  0.004    2  1 
  51671.0952   14.458  0.004    2  1 
  51671.1189   14.526  0.005    2  1 
  51671.1232   14.536  0.005    2  1 
  51671.9996   14.644  0.004    2  1 
  51672.0039   14.647  0.004    2  1 
  51672.0350   14.714  0.004    2  1 
  51672.0382   14.724  0.004    2  1 
  51673.0232   14.475  0.003    2  1 
  51674.0574   14.523  0.006    2  1 
  51674.0938   14.620  0.006    2  1 
  51674.0985   14.636  0.006    2  1 
  51674.1159   14.674  0.006    2  1 
  51674.1223   14.687  0.005    2  1 
  51674.9763   14.718  0.006    2  1 
  51674.9824   14.718  0.006    2  1 
  51675.0212   14.758  0.006    2  1 
  51676.0163   14.399  0.004    2  1 
  51692.9816   14.578  0.004    2  1 
  51692.9854   14.600  0.005    2  1 
  51693.9780   14.689  0.004    2  1 
  51693.9814   14.677  0.004    2  1 
  51694.9914   14.378  0.003    2  1 
  51765.9974   14.417  0.004    2  1 
  51766.0012   14.436  0.005    2  1 
  51766.0048   14.436  0.004    2  1 
  51766.0266   14.502  0.005    2  1 
  51766.0301   14.516  0.005    2  1 
  51216.3144   14.805  0.003    3  1 
  51216.3408   14.953  0.004    3  1 
  51216.3634   15.008  0.004    3  1 
  51216.3905   15.149  0.005    3  1 
  51217.3019   15.311  0.006    3  1 
  51217.3494   15.180  0.004    3  1 
  51217.3710   15.111  0.004    3  1 
  51217.3906   14.961  0.004    3  1 
  51218.2854   14.789  0.004    3  1 
  51218.3156   14.730  0.004    3  1 
  51218.3347   14.724  0.003    3  1 
  51218.3653   14.737  0.003    3  1 
  51218.3848   14.750  0.004    3  1 
  51219.2918   15.006  0.004    3  1 
  51219.3100   15.093  0.005    3  1 
  51219.3296   15.173  0.005    3  1 
  51219.3536   15.229  0.005    3  1 
  51219.3723   15.264  0.005    3  1 
  51220.2720   15.319  0.005    3  1 
  51220.2946   15.229  0.004    3  1 
  51220.3117   15.106  0.004    3  1 
  51220.3299   14.947  0.004    3  1 
  51220.3473   14.847  0.004    3  1 
  51220.3643   14.832  0.004    3  1 
  51220.3816   14.796  0.004    3  1 
  51221.2763   14.715  0.003    3  1 
  51221.2964   14.705  0.003    3  1 
  51221.3145   14.730  0.003    3  1 
  51221.3318   14.766  0.003    3  1 
  51221.3496   14.828  0.004    3  1 
  51221.3673   14.893  0.004    3  1 
  51283.2546   15.262  0.004    3  1 
  51283.2783   15.176  0.004    3  1 
  51283.3008   15.004  0.004    3  1 
  51283.3322   14.842  0.003    3  1 
  51283.3553   14.777  0.003    3  1 
  51284.2134   14.763  0.003    3  1 
  51284.2375   14.717  0.003    3  1 
  51284.2581   14.700  0.003    3  1 
  51284.2875   14.703  0.003    3  1 
  51284.3124   14.753  0.003    3  1 
  51284.3383   14.834  0.004    3  1 
  51285.0451   14.834  0.003    3  1 
  51285.0691   14.770  0.003    3  1 
  51285.0932   14.698  0.003    3  1 
  51285.1257   14.706  0.003    3  1 
  51285.1514   14.774  0.003    3  1 
  51285.1754   14.858  0.003    3  1 
  51285.2060   14.984  0.004    3  1 
  51285.2321   15.096  0.004    3  1 
  51285.2586   15.190  0.004    3  1 
  51285.2928   15.261  0.004    3  1 
  51285.3257   15.293  0.004    3  1 
  51286.0393   14.951  0.003    3  1 
  51286.0670   15.114  0.004    3  1 
  51286.1302   15.284  0.004    3  1 
  51286.1833   15.293  0.004    3  1 
  51286.2193   15.175  0.004    3  1 
  51286.2434   14.986  0.004    3  1 
  51286.2655   14.854  0.004    3  1 
  51286.2958   14.822  0.003    3  1 
  51286.3291   14.705  0.003    3  1 
  51286.3521   14.659  0.003    3  1 
  51304.9838   15.200  0.004    3  1 
  51305.0251   15.311  0.006    3  1 
  51305.0718   15.314  0.005    3  1 
  51305.0961   15.277  0.005    3  1 
  51305.1465   14.958  0.005    3  1 
  51305.1755   14.864  0.004    3  1 
  51305.2054   14.747  0.005    3  1 
  51305.2345   14.693  0.004    3  1 
  51305.2666   14.682  0.004    3  1 
  51305.2880   14.702  0.004    3  1 
  51305.9773   15.037  0.004    3  1 
  51306.0428   14.793  0.004    3  1 
  51306.0809   14.710  0.003    3  1 
  51306.1330   14.736  0.004    3  1 
  51306.1578   14.764  0.004    3  1 
  51306.1875   14.841  0.003    3  1 
  51306.2101   14.967  0.003    3  1 
  51306.2308   15.040  0.003    3  1 
  51306.2538   15.144  0.004    3  1 
  51306.2771   15.227  0.004    3  1 
  51306.2972   15.249  0.004    3  1 
  51308.0025   15.252  0.004    3  1 
  51308.0294   15.122  0.003    3  1 
  51308.0600   15.139  0.003    3  1 
  51308.0919   14.879  0.003    3  1 
  51308.1244   14.818  0.003    3  1 
  51310.1057   15.253  0.003    3  1 
  51310.1100   15.187  0.003    3  1 
  51310.1132   15.191  0.003    3  1 
  51311.9792   14.682  0.005    3  1 
  51311.9983   14.711  0.004    3  1 
  51312.0087   14.731  0.004    3  1 
  51312.0350   14.805  0.003    3  1 
  51312.0550   14.867  0.004    3  1 
  51312.0672   14.924  0.004    3  1 
  51312.0870   15.001  0.004    3  1 
  51312.0988   15.052  0.004    3  1 
  51312.9828   15.233  0.004    3  1 
  51313.0063   15.274  0.004    3  1 
  51313.0300   15.299  0.004    3  1 
  51313.0562   15.283  0.004    3  1 
  51313.1113   15.029  0.004    3  1 
  51313.9807   14.872  0.004    3  1 
  51314.0143   14.770  0.003    3  1 
  51314.0397   14.710  0.003    3  1 
  51314.1124   14.729  0.004    3  1 
  51314.9752   14.811  0.003    3  1 
  51315.0102   14.943  0.003    3  1 
  51315.0336   15.047  0.004    3  1 
  51315.0747   15.191  0.004    3  1 
  51315.0982   15.252  0.005    3  1 
  51315.1216   15.285  0.005    3  1 
  51316.0399   15.105  0.004    3  1 
  51316.0634   14.904  0.003    3  1 
  51316.0869   14.836  0.003    3  1 
  51316.1115   14.768  0.003    3  1 
  51316.9740   14.778  0.003    3  1 
  51317.0052   14.682  0.004    3  1 
  51317.0282   14.650  0.005    3  1 
  51317.0566   14.727  0.003    3  1 
  51317.0822   14.816  0.004    3  1 
  51317.1075   14.919  0.004    3  1 
  51317.9847   15.120  0.005    3  1 
  51318.0099   15.225  0.005    3  1 
  51318.0374   15.308  0.008    3  1 
  51318.1226   15.205  0.007    3  1 
  51318.9772   15.119  0.004    3  1 
  51319.0019   14.985  0.006    3  1 
  51319.0274   14.866  0.004    3  1 
  51319.0757   14.728  0.003    3  1 
  51319.0997   14.680  0.003    3  1 
  51320.1000   15.135  0.003    3  1 
  51320.1208   15.209  0.004    3  1 
  51320.1417   15.253  0.004    3  1 
  51320.9728   15.268  0.004    3  1 
  51320.9965   15.186  0.003    3  1 
  51321.0180   15.197  0.004    3  1 
  51321.0400   15.265  0.004    3  1 
  51321.0624   15.181  0.004    3  1 
  51321.0930   14.975  0.004    3  1 
  51321.1217   14.847  0.003    3  1 
  51380.9937   15.199  0.004    3  1 
  51381.9793   14.940  0.004    3  1 
  51382.9755   14.746  0.005    3  1 
  51383.9715   15.257  0.004    3  1 
  51385.9679   14.907  0.003    3  1 
  51386.9917   15.108  0.004    3  1 
  51388.9755   15.204  0.005    3  1 
  51389.9750   14.873  0.003    3  1 
 56468.97641   13.165  0.084   -1  1 
 56469.04707   13.496  0.070   -1  1 
 56469.10896   13.287  0.078   -1  1 
 56469.17285   13.236  0.019   -1  1 
 56471.00364   13.159  0.043   -1  1 
 56471.06640   13.293  0.020   -1  1 
 56471.12490   13.226  0.026   -1  1 
 56471.18188   13.296  0.023   -1  1 
 56471.96759   13.487  0.090   -1  1 
 56472.03374   13.414  0.041   -1  1 
 56472.09484   13.250  0.027   -1  1 
 56472.15243   13.276  0.025   -1  1 
 56468.95296   13.408  0.071   -2  1 
 56469.02441   13.222  0.046   -2  1 
 56469.08813   13.374  0.043   -2  1 
 56469.15134   13.202  0.028   -2  1 
 56471.02588   13.091  0.040   -2  1 
 56471.08671   13.236  0.029   -2  1 
 56471.14302   13.394  0.025   -2  1 
 56471.94704   13.275  0.015   -2  1 
 56472.01085   13.219  0.032   -2  1 
 56472.07480   13.422  0.045   -2  1 
 56472.13240   13.207  0.014   -2  1 
 56472.19216   13.176  0.011   -2  1 
 56469.00041   13.607  0.027   -5  1 
 56469.06767   13.546  0.020   -5  1 
 56469.13003   13.435  0.021   -5  1 
 56469.19349   13.422  0.012   -5  1 
 56470.98130   13.503  0.015   -5  1 
 56471.04693   13.569  0.020   -5  1 
 56471.10523   13.608  0.013   -5  1 
 56471.16397   13.521  0.011   -5  1 
 56471.98857   13.543  0.016   -5  1 
 56472.05430   13.592  0.025   -5  1 
 56472.11383   13.403  0.012   -5  1 
 56472.17109   13.427  0.014   -5  1 
