  51216.3218   14.554  0.005    2  1 
  51216.3464   14.561  0.004    2  1 
  51216.3689   14.571  0.005    2  1 
  51216.3980   14.584  0.006    2  1 
  51217.3101   14.591  0.005    2  1 
  51217.3328   14.594  0.005    2  1 
  51217.3552   14.584  0.005    2  1 
  51217.3759   14.572  0.005    2  1 
  51217.3953   14.566  0.005    2  1 
  51218.2773   14.563  0.005    2  1 
  51218.3093   14.556  0.004    2  1 
  51218.3298   14.545  0.004    2  1 
  51218.3573   14.543  0.005    2  1 
  51218.3794   14.539  0.004    2  1 
  51219.2978   14.539  0.004    2  1 
  51219.3149   14.537  0.004    2  1 
  51219.3336   14.567  0.004    2  1 
  51219.3596   14.576  0.004    2  1 
  51219.3768   14.580  0.004    2  1 
  51220.2621   14.579  0.004    2  1 
  51220.2906   14.590  0.004    2  1 
  51220.3077   14.582  0.004    2  1 
  51220.3257   14.586  0.004    2  1 
  51220.3432   14.576  0.004    2  1 
  51220.3602   14.572  0.004    2  1 
  51220.3776   14.561  0.004    2  1 
  51221.2835   14.553  0.004    2  1 
  51221.3009   14.551  0.004    2  1 
  51221.3188   14.542  0.004    2  1 
  51221.3358   14.540  0.004    2  1 
  51221.3538   14.542  0.004    2  1 
  51221.3722   14.546  0.004    2  1 
  51283.2451   14.545  0.004    2  1 
  51283.2493   14.537  0.004    2  1 
  51283.2714   14.540  0.004    2  1 
  51283.2748   14.538  0.004    2  1 
  51283.2939   14.540  0.004    2  1 
  51283.2972   14.537  0.004    2  1 
  51283.3202   14.545  0.004    2  1 
  51283.3234   14.545  0.004    2  1 
  51283.3487   14.558  0.004    2  1 
  51283.3518   14.559  0.004    2  1 
  51283.3707   14.572  0.004    2  1 
  51283.3738   14.567  0.004    2  1 
  51284.2195   14.543  0.004    2  1 
  51284.2229   14.550  0.004    2  1 
  51284.2413   14.554  0.004    2  1 
  51284.2443   14.554  0.004    2  1 
  51284.2617   14.561  0.004    2  1 
  51284.2942   14.577  0.004    2  1 
  51284.2973   14.570  0.004    2  1 
  51284.3168   14.584  0.004    2  1 
  51284.3211   14.579  0.004    2  1 
  51284.3464   14.575  0.004    2  1 
  51285.0513   14.536  0.004    2  1 
  51285.0543   14.535  0.004    2  1 
  51285.0739   14.539  0.004    2  1 
  51285.0778   14.536  0.004    2  1 
  51285.0975   14.547  0.004    2  1 
  51285.1006   14.550  0.004    2  1 
  51285.1324   14.557  0.004    2  1 
  51285.1360   14.553  0.004    2  1 
  51285.1558   14.569  0.004    2  1 
  51285.1588   14.564  0.004    2  1 
  51285.1796   14.570  0.004    2  1 
  51285.1830   14.572  0.004    2  1 
  51285.2125   14.571  0.004    2  1 
  51285.2157   14.572  0.004    2  1 
  51285.2362   14.596  0.001    2  1 
  51285.2426   14.576  0.004    2  1 
  51285.2630   14.568  0.004    2  1 
  51285.2998   14.553  0.004    2  1 
  51285.3348   14.539  0.004    2  1 
  51286.0461   14.570  0.004    2  1 
  51286.0493   14.568  0.004    2  1 
  51286.0716   14.573  0.004    2  1 
  51286.0753   14.578  0.004    2  1 
  51286.1026   14.587  0.004    2  1 
  51286.1061   14.584  0.004    2  1 
  51286.1365   14.583  0.004    2  1 
  51286.1398   14.578  0.004    2  1 
  51286.1608   14.572  0.005    2  1 
  51286.1639   14.565  0.004    2  1 
  51286.1669   14.563  0.004    2  1 
  51286.1875   14.561  0.004    2  1 
  51286.1908   14.557  0.004    2  1 
  51286.2255   14.537  0.004    2  1 
  51286.2285   14.538  0.004    2  1 
  51286.2476   14.529  0.004    2  1 
  51286.2508   14.534  0.004    2  1 
  51286.2697   14.537  0.004    2  1 
  51286.2727   14.535  0.004    2  1 
  51286.3022   14.543  0.004    2  1 
  51286.3055   14.544  0.004    2  1 
  51286.3218   14.552  0.004    2  1 
  51286.3250   14.562  0.004    2  1 
  51286.3450   14.564  0.004    2  1 
  51286.3481   14.571  0.004    2  1 
  51304.9873   14.552  0.004    2  1 
  51304.9926   14.540  0.004    2  1 
  51305.0328   14.547  0.004    2  1 
  51305.0362   14.545  0.004    2  1 
  51305.0559   14.549  0.004    2  1 
  51305.0599   14.553  0.004    2  1 
  51305.0890   14.560  0.004    2  1 
  51305.0922   14.568  0.004    2  1 
  51305.1269   14.582  0.005    2  1 
  51305.1509   14.582  0.005    2  1 
  51305.1853   14.583  0.004    2  1 
  51305.1885   14.582  0.005    2  1 
  51305.2098   14.573  0.004    2  1 
  51305.2128   14.572  0.004    2  1 
  51305.2431   14.558  0.004    2  1 
  51305.2461   14.557  0.004    2  1 
  51305.2704   14.544  0.004    2  1 
  51305.2734   14.541  0.004    2  1 
  51305.2995   14.531  0.004    2  1 
  51305.9857   14.572  0.003    2  1 
  51305.9885   14.571  0.003    2  1 
  51305.9912   14.581  0.003    2  1 
  51306.0256   14.585  0.003    2  1 
  51306.0285   14.586  0.003    2  1 
  51306.0465   14.588  0.004    2  1 
  51306.0498   14.592  0.004    2  1 
  51306.0896   14.578  0.004    2  1 
  51306.0930   14.583  0.004    2  1 
  51306.1123   14.573  0.003    2  1 
  51306.1151   14.570  0.003    2  1 
  51306.1375   14.557  0.004    2  1 
  51306.1405   14.566  0.004    2  1 
  51306.1636   14.545  0.004    2  1 
  51306.1673   14.546  0.004    2  1 
  51306.1937   14.538  0.003    2  1 
  51306.1966   14.532  0.003    2  1 
  51306.2146   14.538  0.004    2  1 
  51306.2343   14.544  0.003    2  1 
  51306.2380   14.540  0.003    2  1 
  51306.2574   14.550  0.003    2  1 
  51306.2602   14.545  0.003    2  1 
  51306.2805   14.564  0.003    2  1 
  51306.2835   14.570  0.003    2  1 
  51306.3038   14.570  0.004    2  1 
  51306.3135   14.575  0.004    2  1 
  51306.3184   14.585  0.005    2  1 
  51307.0456   14.564  0.004    2  1 
  51307.0501   14.557  0.005    2  1 
  51307.0593   14.560  0.004    2  1 
  51307.0645   14.553  0.003    2  1 
  51307.0699   14.551  0.007    2  1 
  51307.0747   14.553  0.005    2  1 
  51308.0084   14.543  0.003    2  1 
  51308.0112   14.537  0.003    2  1 
  51308.0334   14.562  0.003    2  1 
  51308.0362   14.545  0.003    2  1 
  51308.0394   14.549  0.003    2  1 
  51308.0633   14.559  0.003    2  1 
  51308.0663   14.560  0.003    2  1 
  51308.0995   14.579  0.003    2  1 
  51308.1280   14.583  0.004    2  1 
  51308.1309   14.585  0.004    2  1 
  51310.0850   14.536  0.003    2  1 
  51310.0874   14.545  0.002    2  1 
  51310.0897   14.539  0.003    2  1 
  51310.1430   14.559  0.003    2  1 
  51310.1458   14.560  0.003    2  1 
  51310.1486   14.562  0.004    2  1 
  51311.0244   14.561  0.005    2  1 
  51311.0302   14.560  0.005    2  1 
  51311.0334   14.562  0.005    2  1 
  51311.0506   14.572  0.003    2  1 
  51311.0539   14.570  0.003    2  1 
  51311.0637   14.576  0.004    2  1 
  51311.0669   14.583  0.005    2  1 
  51311.0907   14.587  0.004    2  1 
  51311.0946   14.589  0.004    2  1 
  51311.1015   14.584  0.004    2  1 
  51311.1071   14.578  0.004    2  1 
  51311.1298   14.586  0.004    2  1 
  51311.1327   14.588  0.004    2  1 
  51311.1357   14.582  0.004    2  1 
  51311.1398   14.583  0.004    2  1 
  51311.1447   14.582  0.004    2  1 
  51311.9726   14.569  0.005    2  1 
  51311.9755   14.586  0.004    2  1 
  51312.0020   14.593  0.004    2  1 
  51312.0049   14.594  0.004    2  1 
  51312.0255   14.590  0.004    2  1 
  51312.0284   14.589  0.004    2  1 
  51312.0314   14.587  0.004    2  1 
  51312.0584   14.583  0.004    2  1 
  51312.0611   14.576  0.004    2  1 
  51312.0638   14.571  0.003    2  1 
  51312.0903   14.567  0.003    2  1 
  51312.0955   14.558  0.003    2  1 
  51312.1146   14.551  0.004    2  1 
  51312.1173   14.550  0.004    2  1 
  51312.1200   14.546  0.004    2  1 
  51312.9860   14.567  0.003    2  1 
  51312.9887   14.567  0.003    2  1 
  51312.9913   14.563  0.003    2  1 
  51313.0096   14.557  0.004    2  1 
  51313.0123   14.553  0.004    2  1 
  51313.0149   14.551  0.003    2  1 
  51313.0333   14.546  0.004    2  1 
  51313.0360   14.547  0.004    2  1 
  51313.0386   14.547  0.004    2  1 
  51313.0413   14.543  0.004    2  1 
  51313.0595   14.537  0.003    2  1 
  51313.0622   14.540  0.003    2  1 
  51313.0648   14.537  0.003    2  1 
  51313.0911   14.555  0.004    2  1 
  51313.0937   14.547  0.003    2  1 
  51313.0964   14.551  0.003    2  1 
  51313.1146   14.551  0.003    2  1 
  51313.1172   14.556  0.004    2  1 
  51313.1199   14.559  0.004    2  1 
  51313.1226   14.566  0.004    2  1 
  51313.9843   14.555  0.004    2  1 
  51313.9872   14.546  0.004    2  1 
  51313.9901   14.550  0.004    2  1 
  51314.0178   14.563  0.004    2  1 
  51314.0207   14.567  0.004    2  1 
  51314.0236   14.565  0.004    2  1 
  51314.0432   14.573  0.004    2  1 
  51314.0461   14.575  0.004    2  1 
  51314.0490   14.583  0.004    2  1 
  51314.0772   14.584  0.004    2  1 
  51314.0802   14.586  0.004    2  1 
  51314.0831   14.582  0.004    2  1 
  51314.1030   14.584  0.004    2  1 
  51314.1059   14.589  0.004    2  1 
  51314.1088   14.585  0.004    2  1 
  51314.1289   14.582  0.004    2  1 
  51314.1333   14.586  0.004    2  1 
  51314.1363   14.578  0.004    2  1 
  51314.9827   14.584  0.004    2  1 
  51314.9856   14.588  0.004    2  1 
  51314.9885   14.589  0.004    2  1 
  51315.0015   14.592  0.004    2  1 
  51315.0043   14.589  0.004    2  1 
  51315.0251   14.580  0.004    2  1 
  51315.0277   14.580  0.004    2  1 
  51315.0304   14.578  0.003    2  1 
  51315.0516   14.573  0.004    2  1 
  51315.0542   14.573  0.003    2  1 
  51315.0780   14.558  0.004    2  1 
  51315.0807   14.559  0.004    2  1 
  51315.0833   14.556  0.004    2  1 
  51315.1015   14.547  0.004    2  1 
  51315.1041   14.548  0.004    2  1 
  51315.1068   14.547  0.004    2  1 
  51315.1290   14.543  0.004    2  1 
  51315.1319   14.545  0.004    2  1 
  51316.0194   14.544  0.003    2  1 
  51316.0221   14.545  0.003    2  1 
  51316.0247   14.533  0.003    2  1 
  51316.0431   14.539  0.003    2  1 
  51316.0458   14.546  0.003    2  1 
  51316.0485   14.541  0.004    2  1 
  51316.0667   14.546  0.004    2  1 
  51316.0693   14.551  0.004    2  1 
  51316.0720   14.544  0.004    2  1 
  51316.0905   14.546  0.004    2  1 
  51316.0934   14.556  0.004    2  1 
  51316.0963   14.553  0.004    2  1 
  51316.1148   14.568  0.003    2  1 
  51316.1175   14.558  0.003    2  1 
  51316.1201   14.571  0.003    2  1 
  51316.9647   14.552  0.004    2  1 
  51316.9676   14.549  0.004    2  1 
  51316.9705   14.552  0.004    2  1 
  51316.9896   14.559  0.004    2  1 
  51316.9923   14.562  0.004    2  1 
  51316.9949   14.560  0.003    2  1 
  51317.0088   14.570  0.004    2  1 
  51317.0117   14.568  0.004    2  1 
  51317.0321   14.574  0.005    2  1 
  51317.0351   14.582  0.004    2  1 
  51317.0391   14.578  0.004    2  1 
  51317.0602   14.589  0.004    2  1 
  51317.0631   14.583  0.004    2  1 
  51317.0660   14.579  0.004    2  1 
  51317.0858   14.588  0.004    2  1 
  51317.0887   14.581  0.004    2  1 
  51317.0916   14.579  0.004    2  1 
  51317.1111   14.580  0.004    2  1 
  51317.1140   14.582  0.004    2  1 
  51317.1169   14.582  0.004    2  1 
  51317.9657   14.592  0.004    2  1 
  51317.9685   14.589  0.004    2  1 
  51317.9883   14.591  0.004    2  1 
  51317.9912   14.589  0.004    2  1 
  51317.9941   14.582  0.004    2  1 
  51318.0135   14.581  0.004    2  1 
  51318.0164   14.579  0.004    2  1 
  51318.0194   14.585  0.005    2  1 
  51318.0413   14.565  0.005    2  1 
  51318.0445   14.567  0.005    2  1 
  51318.0477   14.564  0.005    2  1 
  51318.0697   14.550  0.005    2  1 
  51318.0730   14.553  0.005    2  1 
  51318.0762   14.555  0.005    2  1 
  51318.0981   14.545  0.005    2  1 
  51318.1014   14.543  0.005    2  1 
  51318.1046   14.550  0.005    2  1 
  51318.1265   14.545  0.005    2  1 
  51318.1298   14.545  0.005    2  1 
  51318.9642   14.550  0.003    2  1 
  51318.9680   14.560  0.004    2  1 
  51318.9708   14.547  0.004    2  1 
  51318.9737   14.549  0.004    2  1 
  51318.9929   14.540  0.004    2  1 
  51318.9956   14.543  0.004    2  1 
  51318.9983   14.533  0.004    2  1 
  51319.0180   14.541  0.004    2  1 
  51319.0209   14.540  0.004    2  1 
  51319.0238   14.543  0.004    2  1 
  51319.0443   14.544  0.004    2  1 
  51319.0474   14.545  0.004    2  1 
  51319.0505   14.547  0.004    2  1 
  51319.0793   14.568  0.004    2  1 
  51319.0820   14.565  0.004    2  1 
  51319.0847   14.562  0.003    2  1 
  51319.1030   14.581  0.004    2  1 
  51319.1084   14.572  0.004    2  1 
  51319.1110   14.573  0.004    2  1 
  51320.1030   14.578  0.003    2  1 
  51320.1053   14.577  0.003    2  1 
  51320.1076   14.572  0.003    2  1 
  51320.1238   14.561  0.003    2  1 
  51320.1261   14.563  0.003    2  1 
  51320.1284   14.560  0.003    2  1 
  51320.1450   14.550  0.003    2  1 
  51320.1477   14.550  0.003    2  1 
  51320.1503   14.554  0.003    2  1 
  51320.9635   14.591  0.004    2  1 
  51320.9664   14.587  0.004    2  1 
  51320.9693   14.588  0.004    2  1 
  51320.9887   14.577  0.003    2  1 
  51320.9911   14.583  0.003    2  1 
  51320.9936   14.580  0.003    2  1 
  51321.0102   14.570  0.003    2  1 
  51321.0126   14.566  0.003    2  1 
  51321.0150   14.566  0.003    2  1 
  51321.0318   14.560  0.003    2  1 
  51321.0344   14.555  0.003    2  1 
  51321.0369   14.555  0.003    2  1 
  51321.0543   14.551  0.003    2  1 
  51321.0568   14.549  0.003    2  1 
  51321.0594   14.552  0.003    2  1 
  51321.0847   14.539  0.003    2  1 
  51321.0873   14.550  0.003    2  1 
  51321.0898   14.549  0.003    2  1 
  51321.1133   14.543  0.003    2  1 
  51321.1159   14.545  0.004    2  1 
  51321.1186   14.546  0.004    2  1 
  51321.1339   14.544  0.003    2  1 
  51321.1365   14.541  0.004    2  1 
  51332.9696   14.548  0.006    2  1 
  51332.9739   14.544  0.005    2  1 
  51332.9891   14.539  0.005    2  1 
  51332.9928   14.540  0.005    2  1 
  51332.9965   14.536  0.005    2  1 
  51333.0083   14.534  0.005    2  1 
  51333.0120   14.539  0.005    2  1 
  51333.0226   14.543  0.005    2  1 
  51333.0264   14.540  0.005    2  1 
  51333.0514   14.549  0.005    2  1 
  51333.0552   14.546  0.006    2  1 
  51333.0742   14.553  0.005    2  1 
  51333.0779   14.555  0.005    2  1 
  51333.0907   14.564  0.005    2  1 
  51333.0945   14.563  0.005    2  1 
  51333.1178   14.578  0.005    2  1 
  51333.1221   14.574  0.005    2  1 
  51333.1335   14.580  0.005    2  1 
  51333.1529   14.585  0.005    2  1 
  51333.1565   14.583  0.005    2  1 
  51333.1716   14.579  0.005    2  1 
  51333.1752   14.586  0.005    2  1 
  51334.9871   14.572  0.004    2  1 
  51335.0175   14.563  0.004    2  1 
  51335.0204   14.559  0.004    2  1 
  51335.0301   14.552  0.004    2  1 
  51335.0334   14.551  0.004    2  1 
  51335.0517   14.544  0.004    2  1 
  51335.0552   14.543  0.005    2  1 
  51335.0692   14.538  0.005    2  1 
  51335.0727   14.535  0.004    2  1 
  51335.0833   14.538  0.005    2  1 
  51335.0867   14.539  0.004    2  1 
  51335.1133   14.534  0.005    2  1 
  51335.1167   14.537  0.005    2  1 
  51335.9535   14.543  0.005    2  1 
  51335.9726   14.540  0.005    2  1 
  51335.9768   14.540  0.004    2  1 
  51335.9997   14.540  0.004    2  1 
  51336.0027   14.536  0.004    2  1 
  51336.0203   14.546  0.004    2  1 
  51336.0357   14.547  0.004    2  1 
  51336.0388   14.551  0.004    2  1 
  51336.0593   14.553  0.005    2  1 
  51336.0629   14.561  0.005    2  1 
  51336.0769   14.571  0.005    2  1 
  51336.0803   14.570  0.005    2  1 
  51336.1025   14.577  0.005    2  1 
  51336.1059   14.578  0.005    2  1 
  51336.1206   14.585  0.005    2  1 
  51336.1240   14.577  0.005    2  1 
  51337.0101   14.584  0.004    2  1 
  51337.9904   14.565  0.005    2  1 
  51337.9940   14.562  0.005    2  1 
  51338.0162   14.553  0.005    2  1 
  51338.0196   14.547  0.005    2  1 
  51338.0339   14.538  0.005    2  1 
  51338.0376   14.545  0.005    2  1 
  51338.9901   14.540  0.004    2  1 
  51338.9938   14.540  0.004    2  1 
  51339.0226   14.559  0.005    2  1 
  51339.0269   14.556  0.005    2  1 
  51339.0867   14.580  0.005    2  1 
  51339.0905   14.577  0.005    2  1 
  51339.1139   14.583  0.005    2  1 
  51339.1177   14.582  0.005    2  1 
  51339.1448   14.577  0.005    2  1 
  51339.1482   14.572  0.004    2  1 
  51339.9766   14.580  0.004    2  1 
  51339.9795   14.582  0.004    2  1 
  51340.0044   14.578  0.004    2  1 
  51340.0078   14.578  0.004    2  1 
  51340.0274   14.582  0.004    2  1 
  51340.0306   14.580  0.004    2  1 
  51340.0540   14.571  0.004    2  1 
  51340.0572   14.569  0.004    2  1 
  51340.0857   14.552  0.005    2  1 
  51340.0892   14.556  0.005    2  1 
  51340.1152   14.544  0.004    2  1 
  51340.1197   14.538  0.004    2  1 
  51340.1229   14.538  0.004    2  1 
  51340.1263   14.532  0.004    2  1 
  51340.1404   14.540  0.005    2  1 
  51340.1437   14.533  0.004    2  1 
  51344.9924   14.558  0.004    2  1 
  51344.9958   14.561  0.003    2  1 
  51344.9988   14.565  0.003    2  1 
  51345.0216   14.575  0.004    2  1 
  51345.0255   14.574  0.005    2  1 
  51345.0302   14.574  0.004    2  1 
  51345.0553   14.581  0.004    2  1 
  51345.0603   14.583  0.004    2  1 
  51345.9856   14.577  0.005    2  1 
  51345.9896   14.578  0.005    2  1 
  51346.0219   14.563  0.005    2  1 
  51346.0264   14.566  0.005    2  1 
  51346.0486   14.553  0.004    2  1 
  51346.0523   14.542  0.005    2  1 
  51346.0791   14.540  0.004    2  1 
  51346.0826   14.531  0.004    2  1 
  51347.0416   14.539  0.004    2  1 
  51347.0453   14.545  0.003    2  1 
  51347.0743   14.553  0.004    2  1 
  51347.0777   14.551  0.004    2  1 
  51347.0990   14.577  0.004    2  1 
  51347.1022   14.575  0.003    2  1 
  51347.9769   14.563  0.004    2  1 
  51347.9802   14.569  0.004    2  1 
  51347.9834   14.568  0.004    2  1 
  51347.9983   14.571  0.004    2  1 
  51348.0028   14.572  0.004    2  1 
  51348.0063   14.578  0.004    2  1 
  51348.0242   14.581  0.004    2  1 
  51348.0274   14.583  0.004    2  1 
  51348.0943   14.568  0.005    2  1 
  51348.0983   14.561  0.005    2  1 
  51348.1018   14.566  0.005    2  1 
  51348.9650   14.575  0.004    2  1 
  51348.9853   14.574  0.004    2  1 
  51348.9883   14.566  0.004    2  1 
  51348.9912   14.565  0.004    2  1 
  51349.0316   14.551  0.004    2  1 
  51349.0346   14.547  0.004    2  1 
  51349.9815   14.532  0.004    2  1 
  51349.9851   14.539  0.004    2  1 
  51349.9973   14.536  0.004    2  1 
  51350.0033   14.534  0.005    2  1 
  51350.0066   14.536  0.004    2  1 
  51350.0164   14.538  0.004    2  1 
  51350.0197   14.541  0.004    2  1 
  51350.0296   14.544  0.004    2  1 
  51380.9973   14.553  0.004    2  1 
  51381.0004   14.546  0.003    2  1 
  51381.0031   14.547  0.003    2  1 
  51381.0187   14.564  0.003    2  1 
  51381.0214   14.560  0.004    2  1 
  51381.0242   14.566  0.004    2  1 
  51381.9830   14.583  0.004    2  1 
  51381.9859   14.581  0.004    2  1 
  51381.9888   14.577  0.004    2  1 
  51382.0000   14.579  0.004    2  1 
  51382.0029   14.581  0.004    2  1 
  51382.9793   14.552  0.005    2  1 
  51382.9826   14.549  0.004    2  1 
  51382.9857   14.552  0.004    2  1 
  51382.9965   14.546  0.004    2  1 
  51382.9995   14.547  0.004    2  1 
  51383.9746   14.548  0.003    2  1 
  51383.9773   14.549  0.003    2  1 
  51383.9799   14.543  0.004    2  1 
  51383.9899   14.555  0.004    2  1 
  51383.9926   14.553  0.004    2  1 
  51384.9777   14.587  0.003    2  1 
  51384.9802   14.583  0.003    2  1 
  51384.9896   14.585  0.003    2  1 
  51384.9921   14.578  0.003    2  1 
  51385.9711   14.544  0.003    2  1 
  51385.9763   14.538  0.003    2  1 
  51385.9857   14.539  0.004    2  1 
  51385.9884   14.542  0.004    2  1 
  51386.9965   14.564  0.004    2  1 
  51387.0003   14.569  0.004    2  1 
  51387.0041   14.574  0.004    2  1 
  51387.0216   14.589  0.004    2  1 
  51387.0254   14.586  0.004    2  1 
  51387.0293   14.585  0.004    2  1 
  51388.9801   14.535  0.004    2  1 
  51388.9834   14.535  0.004    2  1 
  51388.9866   14.537  0.004    2  1 
  51388.9984   14.538  0.005    2  1 
  51389.0017   14.539  0.004    2  1 
  51389.9783   14.569  0.003    2  1 
  51389.9809   14.576  0.003    2  1 
  51389.9836   14.578  0.004    2  1 
  51390.9729   14.569  0.003    2  1 
  51390.9756   14.577  0.003    2  1 
  51390.9783   14.572  0.003    2  1 
  51391.9728   14.533  0.003    2  1 
  51391.9754   14.534  0.003    2  1 
  51391.9779   14.539  0.003    2  1 
  51671.0871   14.573  0.004    2  1 
  51671.0917   14.573  0.004    2  1 
  51671.0952   14.579  0.004    2  1 
  51671.1189   14.580  0.004    2  1 
  51671.1232   14.584  0.004    2  1 
  51671.9996   14.585  0.004    2  1 
  51672.0039   14.588  0.004    2  1 
  51672.0350   14.585  0.004    2  1 
  51672.0382   14.581  0.004    2  1 
  51673.0232   14.551  0.003    2  1 
  51674.0574   14.571  0.005    2  1 
  51674.0620   14.576  0.005    2  1 
  51674.0938   14.584  0.005    2  1 
  51674.0985   14.584  0.005    2  1 
  51674.1159   14.587  0.005    2  1 
  51674.1223   14.589  0.004    2  1 
  51674.9763   14.585  0.005    2  1 
  51674.9824   14.586  0.005    2  1 
  51675.0212   14.582  0.005    2  1 
  51676.0163   14.550  0.004    2  1 
  51692.9816   14.550  0.004    2  1 
  51692.9854   14.544  0.004    2  1 
  51216.3408   14.903  0.003    3  1 
  51216.3905   14.910  0.003    3  1 
  51217.3019   14.947  0.003    3  1 
  51217.3494   14.922  0.003    3  1 
  51217.3710   14.915  0.003    3  1 
  51217.3906   14.898  0.003    3  1 
  51218.2854   14.932  0.003    3  1 
  51218.3156   14.904  0.003    3  1 
  51218.3347   14.898  0.003    3  1 
  51218.3653   14.888  0.003    3  1 
  51218.3848   14.873  0.003    3  1 
  51219.2918   14.901  0.003    3  1 
  51219.3100   14.914  0.003    3  1 
  51219.3296   14.910  0.003    3  1 
  51219.3536   14.915  0.003    3  1 
  51219.3723   14.917  0.003    3  1 
  51220.2720   14.945  0.003    3  1 
  51220.2946   14.943  0.003    3  1 
  51220.3117   14.932  0.003    3  1 
  51220.3299   14.927  0.003    3  1 
  51220.3473   14.919  0.003    3  1 
  51220.3643   14.913  0.003    3  1 
  51220.3816   14.894  0.003    3  1 
  51221.2763   14.923  0.003    3  1 
  51221.2964   14.897  0.003    3  1 
  51221.3145   14.905  0.002    3  1 
  51221.3496   14.883  0.003    3  1 
  51221.3673   14.879  0.003    3  1 
  51283.2546   14.856  0.002    3  1 
  51283.2783   14.842  0.002    3  1 
  51283.3008   14.840  0.002    3  1 
  51283.3322   14.850  0.003    3  1 
  51283.3553   14.849  0.002    3  1 
  51283.3773   14.854  0.002    3  1 
  51284.2134   14.874  0.003    3  1 
  51284.2375   14.872  0.003    3  1 
  51284.2581   14.884  0.003    3  1 
  51284.2875   14.885  0.003    3  1 
  51284.3124   14.886  0.003    3  1 
  51284.3383   14.875  0.003    3  1 
  51285.0451   14.926  0.002    3  1 
  51285.0691   14.911  0.002    3  1 
  51285.0932   14.899  0.003    3  1 
  51285.1257   14.904  0.002    3  1 
  51285.1514   14.916  0.002    3  1 
  51285.1754   14.916  0.002    3  1 
  51285.2060   14.910  0.003    3  1 
  51285.2321   14.909  0.003    3  1 
  51285.2586   14.897  0.003    3  1 
  51285.2928   14.866  0.003    3  1 
  51285.3257   14.842  0.002    3  1 
  51286.0393   14.945  0.002    3  1 
  51286.0670   14.946  0.002    3  1 
  51286.1302   14.931  0.002    3  1 
  51286.1833   14.887  0.002    3  1 
  51286.2193   14.871  0.002    3  1 
  51286.2434   14.859  0.003    3  1 
  51286.2655   14.851  0.003    3  1 
  51286.2958   14.854  0.002    3  1 
  51286.3291   14.861  0.003    3  1 
  51286.3521   14.871  0.003    3  1 
  51304.9838   14.934  0.002    3  1 
  51305.0251   14.901  0.003    3  1 
  51305.0718   14.901  0.003    3  1 
  51305.0961   14.909  0.003    3  1 
  51305.1465   14.916  0.004    3  1 
  51305.1755   14.908  0.003    3  1 
  51305.2054   14.892  0.004    3  1 
  51305.2345   14.869  0.003    3  1 
  51305.2666   14.844  0.003    3  1 
  51305.2880   14.826  0.003    3  1 
  51305.9773   14.941  0.002    3  1 
  51306.0428   14.942  0.003    3  1 
  51306.0809   14.921  0.003    3  1 
  51306.1087   14.837  0.002    3  1 
  51306.1330   14.890  0.003    3  1 
  51306.1578   14.880  0.003    3  1 
  51306.1875   14.860  0.002    3  1 
  51306.2101   14.848  0.002    3  1 
  51306.2538   14.945  0.001    3  1 
  51306.2771   14.848  0.002    3  1 
  51306.2972   14.860  0.003    3  1 
  51308.0600   14.920  0.002    3  1 
  51308.0919   14.914  0.002    3  1 
  51308.0958   14.913  0.002    3  1 
  51308.1244   14.912  0.002    3  1 
  51310.1057   14.882  0.002    3  1 
  51310.1100   14.885  0.002    3  1 
  51310.1132   14.877  0.002    3  1 
  51311.9792   14.971  0.004    3  1 
  51311.9983   14.957  0.003    3  1 
  51312.0087   14.962  0.003    3  1 
  51312.0350   14.945  0.003    3  1 
  51312.0550   14.934  0.003    3  1 
  51312.0672   14.924  0.003    3  1 
  51312.0870   14.906  0.002    3  1 
  51312.0988   14.900  0.003    3  1 
  51312.9828   14.939  0.002    3  1 
  51313.0063   14.914  0.002    3  1 
  51313.0300   14.901  0.002    3  1 
  51313.0562   14.893  0.002    3  1 
  51313.0838   14.891  0.002    3  1 
  51313.1113   14.883  0.002    3  1 
  51313.9807   14.924  0.003    3  1 
  51314.0143   14.920  0.003    3  1 
  51314.0397   14.927  0.003    3  1 
  51314.1124   14.922  0.003    3  1 
  51314.9752   14.961  0.003    3  1 
  51315.0102   14.941  0.002    3  1 
  51315.0336   14.927  0.002    3  1 
  51315.0747   14.901  0.003    3  1 
  51315.0982   14.879  0.003    3  1 
  51315.1216   14.870  0.003    3  1 
  51316.0399   14.894  0.002    3  1 
  51316.0634   14.891  0.002    3  1 
  51316.0869   14.896  0.003    3  1 
  51316.9740   14.925  0.003    3  1 
  51317.0052   14.930  0.003    3  1 
  51317.0282   14.937  0.005    3  1 
  51317.0566   14.928  0.003    3  1 
  51317.0822   14.930  0.003    3  1 
  51317.1075   14.919  0.003    3  1 
  51317.9847   14.955  0.003    3  1 
  51318.0099   14.944  0.003    3  1 
  51318.0374   14.916  0.004    3  1 
  51318.0942   14.842  0.009    3  1 
  51318.1226   14.866  0.004    3  1 
  51318.9772   14.915  0.003    3  1 
  51319.0019   14.890  0.003    3  1 
  51319.0274   14.894  0.003    3  1 
  51319.0757   14.899  0.003    3  1 
  51319.0997   14.906  0.002    3  1 
  51320.1000   14.915  0.002    3  1 
  51320.1208   14.893  0.002    3  1 
  51320.1417   14.873  0.002    3  1 
  51321.0180   14.921  0.002    3  1 
  51321.0400   14.905  0.002    3  1 
  51321.0624   14.892  0.002    3  1 
  51321.0930   14.880  0.003    3  1 
  51321.1217   14.871  0.002    3  1 
  51381.9793   14.897  0.003    3  1 
  51382.9755   14.877  0.004    3  1 
  51383.9715   14.849  0.002    3  1 
  51385.9679   14.866  0.002    3  1 
  51386.9917   14.872  0.003    3  1 
  51388.9755   14.846  0.003    3  1 
  51389.9750   14.875  0.002    3  1 
  51390.9697   14.949  0.002    3  1 
  51391.9697   14.929  0.002    3  1 
  51693.9923   14.915  0.002    3  1 
 56468.97641   13.409  0.127   -1  1 
 56469.04707   13.347  0.105   -1  1 
 56469.10896   13.427  0.095   -1  1 
 56469.17285   13.584  0.044   -1  1 
 56471.00364   13.408  0.045   -1  1 
 56471.06640   13.490  0.023   -1  1 
 56471.12490   13.512  0.034   -1  1 
 56471.18188   13.463  0.020   -1  1 
 56471.96759   13.403  0.065   -1  1 
 56472.03374   13.544  0.026   -1  1 
 56472.09484   13.558  0.029   -1  1 
 56472.15243   13.499  0.022   -1  1 
 56468.95296   13.316  0.088   -2  1 
 56469.02441   13.336  0.049   -2  1 
 56469.08813   13.410  0.050   -2  1 
 56469.15134   13.437  0.034   -2  1 
 56471.02588   13.446  0.059   -2  1 
 56471.08671   13.443  0.026   -2  1 
 56471.14302   13.464  0.019   -2  1 
 56471.94704   13.684  0.029   -2  1 
 56472.01085   13.463  0.048   -2  1 
 56472.07480   13.456  0.037   -2  1 
 56472.13240   13.515  0.013   -2  1 
 56472.19216   13.709  0.030   -2  1 
 56469.00041   13.713  0.045   -5  1 
 56469.06767   13.709  0.029   -5  1 
 56469.13003   13.686  0.038   -5  1 
 56469.19349   13.697  0.021   -5  1 
 56470.98130   13.719  0.019   -5  1 
 56471.04693   13.695  0.030   -5  1 
 56471.10523   13.726  0.018   -5  1 
 56471.16397   13.619  0.022   -5  1 
 56471.98857   13.748  0.030   -5  1 
 56472.05430   13.640  0.021   -5  1 
 56472.11383   13.679  0.020   -5  1 
 56472.17109   13.684  0.015   -5  1 
