  51216.3218   14.040  0.004    2  1 
  51216.3464   14.065  0.004    2  1 
  51216.3689   14.078  0.004    2  1 
  51216.3980   14.102  0.005    2  1 
  51217.3101   14.029  0.004    2  1 
  51217.3328   14.049  0.004    2  1 
  51217.3552   14.069  0.004    2  1 
  51217.3759   14.091  0.004    2  1 
  51217.3953   14.101  0.004    2  1 
  51218.2773   13.997  0.005    2  1 
  51218.3093   14.040  0.004    2  1 
  51218.3298   14.056  0.004    2  1 
  51218.3573   14.080  0.004    2  1 
  51218.3794   14.095  0.004    2  1 
  51219.3336   14.059  0.004    2  1 
  51219.3596   14.074  0.004    2  1 
  51219.3768   14.089  0.004    2  1 
  51220.2621   13.991  0.004    2  1 
  51220.2906   14.030  0.003    2  1 
  51220.3077   14.030  0.004    2  1 
  51220.3257   14.050  0.004    2  1 
  51220.3432   14.065  0.004    2  1 
  51220.3602   14.078  0.004    2  1 
  51220.3776   14.090  0.004    2  1 
  51221.2835   14.013  0.003    2  1 
  51221.3009   14.025  0.004    2  1 
  51221.3188   14.042  0.003    2  1 
  51221.3358   14.059  0.004    2  1 
  51221.3538   14.068  0.004    2  1 
  51221.3722   14.086  0.004    2  1 
  51283.2451   13.976  0.003    2  1 
  51283.2493   13.978  0.003    2  1 
  51283.2714   13.995  0.004    2  1 
  51283.2748   14.006  0.003    2  1 
  51283.2939   14.020  0.003    2  1 
  51283.2972   14.023  0.003    2  1 
  51283.3202   14.046  0.003    2  1 
  51283.3234   14.046  0.003    2  1 
  51283.3487   14.074  0.003    2  1 
  51283.3518   14.076  0.003    2  1 
  51283.3707   14.093  0.003    2  1 
  51283.3738   14.093  0.003    2  1 
  51284.2195   13.957  0.003    2  1 
  51284.2229   13.957  0.003    2  1 
  51284.2413   13.976  0.003    2  1 
  51284.2443   13.976  0.003    2  1 
  51284.2617   13.993  0.003    2  1 
  51284.2942   14.020  0.003    2  1 
  51284.2973   14.021  0.003    2  1 
  51284.3168   14.040  0.003    2  1 
  51284.3211   14.037  0.004    2  1 
  51284.3464   14.059  0.004    2  1 
  51285.0513   14.120  0.003    2  1 
  51285.0543   14.123  0.003    2  1 
  51285.0739   14.084  0.003    2  1 
  51285.0778   14.074  0.003    2  1 
  51285.0975   14.027  0.003    2  1 
  51285.1006   14.015  0.004    2  1 
  51285.1324   13.964  0.003    2  1 
  51285.1360   13.959  0.003    2  1 
  51285.1558   13.947  0.003    2  1 
  51285.1588   13.943  0.003    2  1 
  51285.1796   13.941  0.003    2  1 
  51285.1830   13.945  0.003    2  1 
  51285.2125   13.956  0.003    2  1 
  51285.2157   13.951  0.003    2  1 
  51285.2426   13.980  0.003    2  1 
  51285.2630   13.986  0.004    2  1 
  51285.2998   14.031  0.003    2  1 
  51285.3348   14.060  0.003    2  1 
  51286.0461   14.132  0.003    2  1 
  51286.0493   14.125  0.003    2  1 
  51286.0716   14.089  0.003    2  1 
  51286.0753   14.083  0.003    2  1 
  51286.1026   14.016  0.003    2  1 
  51286.1061   14.007  0.003    2  1 
  51286.1365   13.959  0.003    2  1 
  51286.1398   13.951  0.003    2  1 
  51286.1608   13.930  0.003    2  1 
  51286.1639   13.938  0.003    2  1 
  51286.1669   13.948  0.003    2  1 
  51286.1875   13.940  0.003    2  1 
  51286.1908   13.941  0.003    2  1 
  51286.2255   13.964  0.003    2  1 
  51286.2285   13.967  0.003    2  1 
  51286.2476   14.002  0.003    2  1 
  51286.2508   13.984  0.003    2  1 
  51286.2697   14.005  0.003    2  1 
  51286.2727   14.005  0.003    2  1 
  51286.3022   14.033  0.003    2  1 
  51286.3055   14.033  0.003    2  1 
  51286.3218   14.052  0.003    2  1 
  51286.3250   14.052  0.003    2  1 
  51286.3450   14.062  0.003    2  1 
  51286.3481   14.068  0.003    2  1 
  51304.9873   14.282  0.004    2  1 
  51304.9926   14.257  0.003    2  1 
  51305.0328   14.136  0.003    2  1 
  51305.0362   14.129  0.004    2  1 
  51305.0559   14.110  0.004    2  1 
  51305.0599   14.100  0.004    2  1 
  51305.0890   14.033  0.003    2  1 
  51305.0922   14.029  0.003    2  1 
  51305.1269   13.947  0.004    2  1 
  51305.1509   13.922  0.004    2  1 
  51305.1853   13.933  0.003    2  1 
  51305.1885   13.921  0.004    2  1 
  51305.2098   13.946  0.003    2  1 
  51305.2128   13.949  0.003    2  1 
  51305.2431   13.971  0.003    2  1 
  51305.2461   13.975  0.003    2  1 
  51305.2704   13.996  0.004    2  1 
  51305.2734   14.001  0.003    2  1 
  51305.2995   14.018  0.004    2  1 
  51305.9857   14.280  0.003    2  1 
  51305.9885   14.272  0.003    2  1 
  51305.9912   14.255  0.003    2  1 
  51306.0256   14.144  0.003    2  1 
  51306.0285   14.143  0.003    2  1 
  51306.0465   14.128  0.003    2  1 
  51306.0498   14.120  0.003    2  1 
  51306.0896   14.040  0.003    2  1 
  51306.0930   14.032  0.003    2  1 
  51306.1123   13.989  0.003    2  1 
  51306.1151   13.978  0.003    2  1 
  51306.1375   13.938  0.003    2  1 
  51306.1405   13.934  0.003    2  1 
  51306.1636   13.933  0.003    2  1 
  51306.1673   13.939  0.003    2  1 
  51306.1937   13.937  0.003    2  1 
  51306.1966   13.946  0.003    2  1 
  51306.2146   13.965  0.003    2  1 
  51306.2343   13.975  0.003    2  1 
  51306.2380   13.982  0.003    2  1 
  51306.2574   13.993  0.002    2  1 
  51306.2602   13.996  0.002    2  1 
  51306.2805   14.006  0.003    2  1 
  51306.2835   14.010  0.002    2  1 
  51306.3038   14.029  0.003    2  1 
  51306.3135   14.042  0.003    2  1 
  51306.3184   14.043  0.004    2  1 
  51307.0456   14.115  0.004    2  1 
  51307.0501   14.117  0.004    2  1 
  51307.0593   14.104  0.003    2  1 
  51307.0645   14.078  0.004    2  1 
  51307.0699   14.075  0.010    2  1 
  51307.0747   14.048  0.006    2  1 
  51308.0084   14.190  0.003    2  1 
  51308.0112   14.175  0.003    2  1 
  51308.0334   14.121  0.003    2  1 
  51308.0362   14.127  0.003    2  1 
  51308.0394   14.127  0.003    2  1 
  51308.0633   14.095  0.003    2  1 
  51308.0663   14.095  0.003    2  1 
  51308.0995   14.013  0.003    2  1 
  51308.1280   13.958  0.003    2  1 
  51308.1309   13.956  0.003    2  1 
  51310.0850   14.055  0.002    2  1 
  51310.0874   14.047  0.002    2  1 
  51310.0897   14.041  0.002    2  1 
  51310.1430   13.942  0.003    2  1 
  51310.1458   13.945  0.003    2  1 
  51310.1486   13.942  0.003    2  1 
  51311.0244   14.145  0.006    2  1 
  51311.0302   14.137  0.005    2  1 
  51311.0334   14.135  0.005    2  1 
  51311.0506   14.119  0.002    2  1 
  51311.0539   14.109  0.003    2  1 
  51311.0637   14.098  0.003    2  1 
  51311.0669   14.088  0.004    2  1 
  51311.0907   14.028  0.004    2  1 
  51311.0946   14.019  0.004    2  1 
  51311.1015   14.004  0.003    2  1 
  51311.1071   13.988  0.003    2  1 
  51311.1298   13.951  0.003    2  1 
  51311.1327   13.943  0.004    2  1 
  51311.1357   13.936  0.004    2  1 
  51311.1398   13.939  0.003    2  1 
  51311.1447   13.930  0.004    2  1 
  51311.9726   14.366  0.005    2  1 
  51311.9755   14.334  0.005    2  1 
  51312.0020   14.214  0.004    2  1 
  51312.0049   14.198  0.004    2  1 
  51312.0255   14.138  0.003    2  1 
  51312.0284   14.137  0.003    2  1 
  51312.0314   14.135  0.003    2  1 
  51312.0584   14.100  0.003    2  1 
  51312.0611   14.096  0.003    2  1 
  51312.0638   14.093  0.003    2  1 
  51312.0903   14.039  0.003    2  1 
  51312.0955   14.020  0.003    2  1 
  51312.1146   13.974  0.003    2  1 
  51312.1173   13.975  0.003    2  1 
  51312.1200   13.968  0.003    2  1 
  51312.9860   14.274  0.003    2  1 
  51312.9887   14.263  0.003    2  1 
  51312.9913   14.249  0.003    2  1 
  51313.0096   14.179  0.003    2  1 
  51313.0123   14.174  0.003    2  1 
  51313.0149   14.158  0.003    2  1 
  51313.0333   14.133  0.003    2  1 
  51313.0360   14.129  0.003    2  1 
  51313.0386   14.124  0.003    2  1 
  51313.0413   14.128  0.003    2  1 
  51313.0595   14.099  0.003    2  1 
  51313.0622   14.093  0.003    2  1 
  51313.0648   14.091  0.003    2  1 
  51313.0911   14.031  0.003    2  1 
  51313.0937   14.022  0.003    2  1 
  51313.0964   14.022  0.003    2  1 
  51313.1146   13.975  0.003    2  1 
  51313.1172   13.971  0.003    2  1 
  51313.1199   13.966  0.003    2  1 
  51313.1226   13.965  0.003    2  1 
  51313.9843   14.282  0.004    2  1 
  51313.9872   14.269  0.004    2  1 
  51313.9901   14.258  0.004    2  1 
  51314.0178   14.157  0.004    2  1 
  51314.0207   14.155  0.004    2  1 
  51314.0236   14.148  0.003    2  1 
  51314.0432   14.127  0.004    2  1 
  51314.0461   14.121  0.004    2  1 
  51314.0490   14.120  0.004    2  1 
  51314.0772   14.065  0.003    2  1 
  51314.0802   14.060  0.003    2  1 
  51314.0831   14.054  0.003    2  1 
  51314.1030   14.003  0.004    2  1 
  51314.1059   13.991  0.004    2  1 
  51314.1088   13.984  0.004    2  1 
  51314.1289   13.953  0.003    2  1 
  51314.1333   13.941  0.004    2  1 
  51314.1363   13.940  0.004    2  1 
  51314.9827   14.294  0.004    2  1 
  51314.9856   14.276  0.004    2  1 
  51314.9885   14.264  0.003    2  1 
  51315.0015   14.212  0.004    2  1 
  51315.0043   14.206  0.003    2  1 
  51315.0069   14.193  0.003    2  1 
  51315.0251   14.142  0.003    2  1 
  51315.0277   14.128  0.003    2  1 
  51315.0304   14.130  0.003    2  1 
  51315.0516   14.114  0.003    2  1 
  51315.0542   14.102  0.003    2  1 
  51315.0780   14.063  0.003    2  1 
  51315.0807   14.055  0.003    2  1 
  51315.0833   14.044  0.003    2  1 
  51315.1015   13.998  0.003    2  1 
  51315.1041   13.996  0.003    2  1 
  51315.1068   13.987  0.003    2  1 
  51315.1290   13.948  0.004    2  1 
  51315.1319   13.933  0.004    2  1 
  51316.0194   14.155  0.003    2  1 
  51316.0221   14.151  0.003    2  1 
  51316.0247   14.149  0.003    2  1 
  51316.0431   14.126  0.003    2  1 
  51316.0458   14.116  0.003    2  1 
  51316.0485   14.117  0.003    2  1 
  51316.0667   14.089  0.003    2  1 
  51316.0693   14.084  0.003    2  1 
  51316.0720   14.077  0.003    2  1 
  51316.0905   14.032  0.003    2  1 
  51316.0934   14.027  0.003    2  1 
  51316.0963   14.019  0.003    2  1 
  51316.1148   13.982  0.003    2  1 
  51316.1175   13.971  0.003    2  1 
  51316.1201   13.974  0.003    2  1 
  51316.9647   14.350  0.004    2  1 
  51316.9676   14.355  0.004    2  1 
  51316.9705   14.350  0.005    2  1 
  51316.9896   14.270  0.003    2  1 
  51316.9923   14.258  0.003    2  1 
  51316.9949   14.240  0.003    2  1 
  51317.0088   14.184  0.004    2  1 
  51317.0117   14.169  0.004    2  1 
  51317.0321   14.129  0.004    2  1 
  51317.0351   14.128  0.004    2  1 
  51317.0391   14.126  0.004    2  1 
  51317.0602   14.096  0.004    2  1 
  51317.0631   14.091  0.003    2  1 
  51317.0660   14.081  0.003    2  1 
  51317.0858   14.041  0.003    2  1 
  51317.0887   14.026  0.004    2  1 
  51317.0916   14.025  0.003    2  1 
  51317.1111   13.980  0.003    2  1 
  51317.1140   13.963  0.004    2  1 
  51317.1169   13.961  0.003    2  1 
  51317.9657   14.370  0.005    2  1 
  51317.9685   14.361  0.005    2  1 
  51317.9883   14.282  0.004    2  1 
  51317.9912   14.264  0.004    2  1 
  51317.9941   14.250  0.004    2  1 
  51318.0135   14.171  0.004    2  1 
  51318.0164   14.167  0.005    2  1 
  51318.0194   14.156  0.004    2  1 
  51318.0413   14.124  0.004    2  1 
  51318.0445   14.127  0.005    2  1 
  51318.0477   14.118  0.004    2  1 
  51318.0697   14.080  0.004    2  1 
  51318.0730   14.070  0.005    2  1 
  51318.0762   14.061  0.005    2  1 
  51318.0981   13.999  0.005    2  1 
  51318.1014   13.997  0.004    2  1 
  51318.1046   13.973  0.005    2  1 
  51318.1265   13.937  0.005    2  1 
  51318.1298   13.930  0.005    2  1 
  51318.9642   14.351  0.003    2  1 
  51318.9680   14.346  0.004    2  1 
  51318.9708   14.334  0.004    2  1 
  51318.9737   14.328  0.004    2  1 
  51318.9929   14.256  0.004    2  1 
  51318.9956   14.244  0.004    2  1 
  51318.9983   14.224  0.004    2  1 
  51319.0180   14.153  0.004    2  1 
  51319.0209   14.153  0.004    2  1 
  51319.0238   14.145  0.003    2  1 
  51319.0443   14.122  0.004    2  1 
  51319.0474   14.119  0.004    2  1 
  51319.0505   14.114  0.004    2  1 
  51319.0793   14.062  0.003    2  1 
  51319.0820   14.060  0.003    2  1 
  51319.0847   14.047  0.003    2  1 
  51319.1030   13.999  0.003    2  1 
  51319.1084   13.989  0.003    2  1 
  51319.1110   13.987  0.003    2  1 
  51320.1030   14.008  0.002    2  1 
  51320.1053   13.999  0.002    2  1 
  51320.1076   13.997  0.002    2  1 
  51320.1238   13.966  0.002    2  1 
  51320.1261   13.961  0.002    2  1 
  51320.1284   13.958  0.002    2  1 
  51320.1450   13.940  0.003    2  1 
  51320.1477   13.940  0.003    2  1 
  51320.1503   13.939  0.003    2  1 
  51320.9635   14.346  0.004    2  1 
  51320.9664   14.338  0.004    2  1 
  51320.9693   14.323  0.004    2  1 
  51320.9887   14.258  0.003    2  1 
  51320.9911   14.248  0.003    2  1 
  51320.9936   14.237  0.003    2  1 
  51321.0102   14.175  0.002    2  1 
  51321.0126   14.171  0.003    2  1 
  51321.0150   14.161  0.003    2  1 
  51321.0318   14.137  0.003    2  1 
  51321.0344   14.133  0.003    2  1 
  51321.0369   14.129  0.003    2  1 
  51321.0543   14.107  0.003    2  1 
  51321.0568   14.100  0.003    2  1 
  51321.0594   14.095  0.003    2  1 
  51321.0847   14.040  0.003    2  1 
  51321.0873   14.033  0.003    2  1 
  51321.0898   14.027  0.003    2  1 
  51321.1133   13.976  0.003    2  1 
  51321.1159   13.971  0.003    2  1 
  51321.1186   13.963  0.003    2  1 
  51321.1339   13.943  0.003    2  1 
  51321.1365   13.938  0.003    2  1 
  51332.9696   14.340  0.006    2  1 
  51332.9739   14.323  0.006    2  1 
  51332.9891   14.260  0.004    2  1 
  51332.9928   14.248  0.005    2  1 
  51332.9965   14.232  0.005    2  1 
  51333.0083   14.186  0.004    2  1 
  51333.0120   14.171  0.004    2  1 
  51333.0226   14.150  0.004    2  1 
  51333.0264   14.141  0.004    2  1 
  51333.0514   14.119  0.005    2  1 
  51333.0552   14.104  0.005    2  1 
  51333.0742   14.074  0.004    2  1 
  51333.0779   14.059  0.005    2  1 
  51333.0907   14.033  0.004    2  1 
  51333.0945   14.024  0.004    2  1 
  51333.1178   13.972  0.004    2  1 
  51333.1221   13.965  0.004    2  1 
  51333.1335   13.942  0.004    2  1 
  51333.1529   13.932  0.004    2  1 
  51333.1565   13.927  0.004    2  1 
  51333.1716   13.930  0.004    2  1 
  51333.1752   13.931  0.004    2  1 
  51334.9871   14.262  0.003    2  1 
  51335.0175   14.162  0.003    2  1 
  51335.0204   14.153  0.003    2  1 
  51335.0301   14.137  0.003    2  1 
  51335.0334   14.133  0.003    2  1 
  51335.0517   14.112  0.004    2  1 
  51335.0552   14.107  0.004    2  1 
  51335.0692   14.081  0.004    2  1 
  51335.0727   14.075  0.004    2  1 
  51335.0833   14.047  0.004    2  1 
  51335.0867   14.041  0.004    2  1 
  51335.1133   13.971  0.004    2  1 
  51335.1167   13.970  0.004    2  1 
  51335.9535   14.383  0.005    2  1 
  51335.9726   14.319  0.004    2  1 
  51335.9768   14.306  0.004    2  1 
  51335.9997   14.209  0.004    2  1 
  51336.0027   14.202  0.004    2  1 
  51336.0203   14.147  0.004    2  1 
  51336.0236   14.201  0.000    2  1 
  51336.0357   14.131  0.004    2  1 
  51336.0388   14.131  0.004    2  1 
  51336.0593   14.099  0.004    2  1 
  51336.0629   14.088  0.004    2  1 
  51336.0769   14.058  0.004    2  1 
  51336.0803   14.048  0.004    2  1 
  51336.1025   13.997  0.004    2  1 
  51336.1059   13.990  0.004    2  1 
  51336.1206   13.950  0.004    2  1 
  51336.1240   13.955  0.004    2  1 
  51337.0101   14.176  0.005    2  1 
  51337.9904   14.254  0.005    2  1 
  51337.9940   14.241  0.005    2  1 
  51338.0162   14.157  0.004    2  1 
  51338.0196   14.151  0.004    2  1 
  51338.0339   14.133  0.005    2  1 
  51338.0376   14.123  0.005    2  1 
  51338.9901   14.263  0.004    2  1 
  51338.9938   14.229  0.004    2  1 
  51339.0226   14.140  0.005    2  1 
  51339.0269   14.139  0.004    2  1 
  51339.0867   14.019  0.006    2  1 
  51339.0905   14.013  0.005    2  1 
  51339.1139   13.972  0.004    2  1 
  51339.1177   13.959  0.004    2  1 
  51339.1448   13.930  0.004    2  1 
  51339.1482   13.938  0.003    2  1 
  51339.9766   14.303  0.004    2  1 
  51339.9795   14.295  0.004    2  1 
  51340.0044   14.189  0.003    2  1 
  51340.0078   14.180  0.003    2  1 
  51340.0274   14.141  0.004    2  1 
  51340.0306   14.138  0.004    2  1 
  51340.0540   14.107  0.004    2  1 
  51340.0572   14.097  0.004    2  1 
  51340.0857   14.030  0.004    2  1 
  51340.0892   14.024  0.004    2  1 
  51340.1152   13.967  0.004    2  1 
  51340.1197   13.964  0.004    2  1 
  51340.1229   13.952  0.004    2  1 
  51340.1263   13.949  0.004    2  1 
  51340.1404   13.933  0.004    2  1 
  51340.1437   13.931  0.004    2  1 
  51344.9924   14.236  0.003    2  1 
  51344.9958   14.221  0.003    2  1 
  51344.9988   14.206  0.003    2  1 
  51345.0216   14.144  0.004    2  1 
  51345.0255   14.138  0.004    2  1 
  51345.0302   14.134  0.004    2  1 
  51345.0553   14.101  0.004    2  1 
  51345.0603   14.095  0.003    2  1 
  51345.9856   14.270  0.005    2  1 
  51345.9896   14.256  0.005    2  1 
  51346.0219   14.147  0.004    2  1 
  51346.0264   14.137  0.004    2  1 
  51346.0486   14.115  0.004    2  1 
  51346.0523   14.106  0.004    2  1 
  51346.0791   14.055  0.004    2  1 
  51346.0826   14.042  0.003    2  1 
  51347.0416   14.117  0.004    2  1 
  51347.0453   14.115  0.003    2  1 
  51347.0743   14.063  0.003    2  1 
  51347.0777   14.057  0.003    2  1 
  51347.0990   14.007  0.003    2  1 
  51347.1022   13.995  0.002    2  1 
  51347.9769   14.301  0.004    2  1 
  51347.9802   14.296  0.004    2  1 
  51347.9834   14.273  0.004    2  1 
  51347.9983   14.214  0.004    2  1 
  51348.0028   14.200  0.004    2  1 
  51348.0063   14.187  0.004    2  1 
  51348.0242   14.144  0.004    2  1 
  51348.0274   14.139  0.004    2  1 
  51348.0943   14.012  0.004    2  1 
  51348.0983   13.994  0.005    2  1 
  51348.1018   13.994  0.005    2  1 
  51348.9650   14.340  0.004    2  1 
  51348.9853   14.269  0.004    2  1 
  51348.9883   14.263  0.004    2  1 
  51348.9912   14.244  0.003    2  1 
  51349.0316   14.138  0.004    2  1 
  51349.0346   14.131  0.004    2  1 
  51349.9815   14.278  0.003    2  1 
  51349.9851   14.272  0.003    2  1 
  51349.9973   14.215  0.003    2  1 
  51350.0033   14.192  0.004    2  1 
  51350.0066   14.181  0.004    2  1 
  51350.0164   14.158  0.004    2  1 
  51350.0197   14.152  0.004    2  1 
  51350.0296   14.139  0.004    2  1 
  51380.9973   14.209  0.003    2  1 
  51381.0004   14.195  0.003    2  1 
  51381.0031   14.185  0.003    2  1 
  51381.0187   14.152  0.003    2  1 
  51381.0214   14.141  0.003    2  1 
  51381.0242   14.137  0.003    2  1 
  51381.9830   14.277  0.004    2  1 
  51381.9859   14.265  0.004    2  1 
  51381.9888   14.249  0.004    2  1 
  51382.0000   14.193  0.004    2  1 
  51382.0029   14.190  0.004    2  1 
  51382.9793   14.294  0.005    2  1 
  51382.9826   14.280  0.004    2  1 
  51382.9857   14.265  0.004    2  1 
  51382.9965   14.210  0.004    2  1 
  51382.9995   14.142  0.005    2  1 
  51383.9746   14.296  0.003    2  1 
  51383.9773   14.278  0.003    2  1 
  51383.9799   14.280  0.003    2  1 
  51383.9899   14.244  0.004    2  1 
  51383.9926   14.224  0.003    2  1 
  51384.9777   14.278  0.003    2  1 
  51384.9802   14.277  0.003    2  1 
  51384.9896   14.235  0.003    2  1 
  51384.9921   14.219  0.003    2  1 
  51385.9711   14.310  0.003    2  1 
  51385.9763   14.295  0.003    2  1 
  51385.9857   14.257  0.003    2  1 
  51385.9884   14.240  0.003    2  1 
  51386.9965   14.195  0.003    2  1 
  51387.0003   14.180  0.003    2  1 
  51387.0041   14.170  0.003    2  1 
  51387.0216   14.138  0.003    2  1 
  51387.0254   14.135  0.003    2  1 
  51387.0293   14.127  0.003    2  1 
  51388.9801   14.287  0.004    2  1 
  51388.9834   14.269  0.004    2  1 
  51388.9866   14.257  0.004    2  1 
  51388.9984   14.208  0.005    2  1 
  51389.0017   14.188  0.005    2  1 
  51389.9783   14.286  0.003    2  1 
  51389.9809   14.275  0.003    2  1 
  51389.9836   14.259  0.003    2  1 
  51390.9729   14.293  0.003    2  1 
  51390.9756   14.288  0.003    2  1 
  51390.9783   14.274  0.003    2  1 
  51391.9728   14.291  0.003    2  1 
  51391.9754   14.280  0.003    2  1 
  51391.9779   14.278  0.003    2  1 
  51671.0871   13.976  0.003    2  1 
  51671.0917   13.970  0.003    2  1 
  51671.0952   13.961  0.003    2  1 
  51671.1189   13.942  0.003    2  1 
  51671.1232   13.944  0.003    2  1 
  51671.9996   14.142  0.003    2  1 
  51672.0039   14.137  0.003    2  1 
  51672.0350   14.092  0.003    2  1 
  51672.0382   14.087  0.003    2  1 
  51673.0232   14.110  0.003    2  1 
  51674.0574   14.032  0.005    2  1 
  51674.0620   14.014  0.005    2  1 
  51674.0938   13.950  0.004    2  1 
  51674.0985   13.952  0.004    2  1 
  51674.1159   13.939  0.004    2  1 
  51674.1223   13.936  0.003    2  1 
  51674.9763   14.192  0.005    2  1 
  51674.9824   14.166  0.005    2  1 
  51675.0212   14.116  0.004    2  1 
  51676.0163   14.116  0.004    2  1 
  51692.9816   14.165  0.004    2  1 
  51692.9854   14.160  0.004    2  1 
  51693.9780   14.177  0.003    2  1 
  51693.9814   14.160  0.003    2  1 
  51694.9914   14.140  0.003    2  1 
  51694.9946   14.136  0.003    2  1 
  51765.9974   14.137  0.004    2  1 
  51766.0012   14.129  0.004    2  1 
  51766.0048   14.125  0.004    2  1 
  51766.0266   14.089  0.004    2  1 
  51766.0301   14.082  0.004    2  1 
  51216.3144   14.491  0.003    3  1 
  51216.3408   14.524  0.003    3  1 
  51216.3905   14.586  0.003    3  1 
  51217.3019   14.472  0.003    3  1 
  51217.3494   14.535  0.003    3  1 
  51217.3710   14.568  0.003    3  1 
  51217.3906   14.596  0.003    3  1 
  51218.2854   14.451  0.003    3  1 
  51218.3156   14.553  0.005    3  1 
  51218.3347   14.517  0.003    3  1 
  51218.3653   14.561  0.003    3  1 
  51218.3848   14.585  0.003    3  1 
  51219.2918   14.452  0.003    3  1 
  51219.3100   14.491  0.003    3  1 
  51219.3296   14.508  0.003    3  1 
  51219.3536   14.549  0.003    3  1 
  51219.3723   14.572  0.003    3  1 
  51220.2720   14.430  0.003    3  1 
  51220.2946   14.463  0.003    3  1 
  51220.3117   14.491  0.003    3  1 
  51220.3299   14.519  0.003    3  1 
  51220.3473   14.541  0.003    3  1 
  51220.3643   14.562  0.003    3  1 
  51220.3816   14.584  0.003    3  1 
  51221.2763   14.437  0.003    3  1 
  51221.2964   14.468  0.003    3  1 
  51221.3145   14.495  0.003    3  1 
  51221.3318   14.514  0.003    3  1 
  51221.3496   14.541  0.003    3  1 
  51221.3673   14.565  0.003    3  1 
  51283.2546   14.412  0.002    3  1 
  51283.2783   14.452  0.002    3  1 
  51283.3008   14.485  0.002    3  1 
  51283.3322   14.533  0.003    3  1 
  51283.3553   14.569  0.002    3  1 
  51283.3773   14.609  0.003    3  1 
  51284.2134   14.360  0.002    3  1 
  51284.2375   14.391  0.002    3  1 
  51284.2581   14.418  0.002    3  1 
  51284.2875   14.468  0.003    3  1 
  51284.3124   14.514  0.003    3  1 
  51284.3383   14.549  0.003    3  1 
  51285.0451   14.589  0.003    3  1 
  51285.0691   14.525  0.003    3  1 
  51285.0932   14.461  0.003    3  1 
  51285.1257   14.372  0.002    3  1 
  51285.1514   14.327  0.002    3  1 
  51285.1754   14.332  0.002    3  1 
  51285.2060   14.358  0.002    3  1 
  51285.2321   14.386  0.002    3  1 
  51285.2586   14.426  0.002    3  1 
  51285.2928   14.477  0.003    3  1 
  51285.3257   14.525  0.003    3  1 
  51286.0393   14.604  0.002    3  1 
  51286.0670   14.546  0.002    3  1 
  51286.0977   14.446  0.002    3  1 
  51286.1302   14.364  0.002    3  1 
  51286.1560   14.329  0.002    3  1 
  51286.1833   14.377  0.003    3  1 
  51286.2193   14.362  0.002    3  1 
  51286.2434   14.397  0.002    3  1 
  51286.2655   14.435  0.003    3  1 
  51286.2958   14.476  0.002    3  1 
  51286.3291   14.539  0.003    3  1 
  51286.3521   14.564  0.003    3  1 
  51304.9838   14.828  0.003    3  1 
  51305.0251   14.615  0.003    3  1 
  51305.0718   14.518  0.003    3  1 
  51305.0961   14.439  0.003    3  1 
  51305.1465   14.327  0.003    3  1 
  51305.1755   14.323  0.003    3  1 
  51305.2054   14.353  0.003    3  1 
  51305.2345   14.387  0.003    3  1 
  51305.2666   14.434  0.003    3  1 
  51305.2880   14.473  0.003    3  1 
  51305.9773   14.843  0.003    3  1 
  51306.0428   14.580  0.003    3  1 
  51306.0809   14.489  0.003    3  1 
  51306.1087   14.465  0.004    3  1 
  51306.1330   14.349  0.003    3  1 
  51306.1578   14.328  0.003    3  1 
  51306.1875   14.332  0.002    3  1 
  51306.2101   14.347  0.002    3  1 
  51306.2308   14.407  0.002    3  1 
  51306.2538   14.422  0.001    3  1 
  51306.2771   14.464  0.002    3  1 
  51306.2972   14.495  0.002    3  1 
  51308.0294   14.614  0.002    3  1 
  51308.0600   14.556  0.002    3  1 
  51308.0919   14.453  0.002    3  1 
  51308.1244   14.362  0.002    3  1 
  51310.1057   14.409  0.002    3  1 
  51310.1100   14.404  0.002    3  1 
  51310.1132   14.407  0.002    3  1 
  51311.9792   14.819  0.004    3  1 
  51311.9983   14.745  0.004    3  1 
  51312.0087   14.677  0.003    3  1 
  51312.0350   14.595  0.003    3  1 
  51312.0550   14.567  0.003    3  1 
  51312.0672   14.526  0.003    3  1 
  51312.0870   14.470  0.003    3  1 
  51312.0988   14.425  0.002    3  1 
  51312.9828   14.824  0.003    3  1 
  51313.0063   14.685  0.003    3  1 
  51313.0300   14.600  0.002    3  1 
  51313.0562   14.551  0.002    3  1 
  51313.0838   14.487  0.002    3  1 
  51313.9807   14.829  0.003    3  1 
  51314.0143   14.649  0.003    3  1 
  51314.0397   14.586  0.003    3  1 
  51314.1124   14.389  0.003    3  1 
  51314.9752   14.859  0.003    3  1 
  51315.0102   14.666  0.003    3  1 
  51315.0336   14.591  0.003    3  1 
  51315.0747   14.505  0.003    3  1 
  51315.0982   14.422  0.003    3  1 
  51315.1216   14.361  0.002    3  1 
  51316.0399   14.584  0.002    3  1 
  51316.0634   14.532  0.002    3  1 
  51316.0869   14.465  0.002    3  1 
  51316.1115   14.387  0.002    3  1 
  51316.9740   14.858  0.003    3  1 
  51317.0052   14.674  0.003    3  1 
  51317.0282   14.583  0.003    3  1 
  51317.0566   14.540  0.003    3  1 
  51317.0822   14.477  0.003    3  1 
  51317.1075   14.395  0.003    3  1 
  51317.9847   14.798  0.003    3  1 
  51318.0099   14.655  0.003    3  1 
  51318.0374   14.575  0.003    3  1 
  51318.0942   14.467  0.001    3  1 
  51318.1226   14.373  0.003    3  1 
  51318.9772   14.833  0.003    3  1 
  51319.0274   14.609  0.003    3  1 
  51319.0757   14.500  0.003    3  1 
  51319.0997   14.416  0.002    3  1 
  51320.1208   14.385  0.002    3  1 
  51320.1417   14.336  0.002    3  1 
  51320.9728   14.863  0.003    3  1 
  51321.0400   14.586  0.003    3  1 
  51321.0930   14.448  0.003    3  1 
  51321.1217   14.353  0.002    3  1 
  51380.9937   14.723  0.003    3  1 
  51381.9793   14.809  0.003    3  1 
  51382.9755   14.795  0.004    3  1 
  51383.9715   14.830  0.003    3  1 
  51385.9679   14.851  0.003    3  1 
  51386.9917   14.725  0.003    3  1 
  51388.9755   14.809  0.003    3  1 
  51389.9750   14.820  0.003    3  1 
  51391.9697   14.863  0.002    3  1 
  51693.9923   14.610  0.003    3  1 
  51695.0052   14.578  0.002    3  1 
 56468.97641   12.361  0.105   -1  1 
 56469.04707   12.173  0.083   -1  1 
 56469.10896   12.135  0.094   -1  1 
 56469.17285   12.087  0.059   -1  1 
 56471.00364   12.056  0.074   -1  1 
 56471.06640   11.746  0.043   -1  1 
 56471.12490   12.181  0.065   -1  1 
 56471.18188   12.046  0.051   -1  1 
 56471.96759   11.923  0.076   -1  1 
 56472.03374   12.089  0.050   -1  1 
 56472.09484   11.628  0.059   -1  1 
 56472.15243   11.956  0.055   -1  1 
 56468.95296   12.378  0.061   -2  1 
 56469.02441   12.305  0.061   -2  1 
 56469.08813   12.181  0.053   -2  1 
 56469.15134   12.359  0.062   -2  1 
 56471.02588   12.256  0.052   -2  1 
 56471.08671   12.290  0.061   -2  1 
 56471.14302   12.296  0.032   -2  1 
 56471.94704   12.315  0.032   -2  1 
 56472.01085   12.402  0.070   -2  1 
 56472.07480   12.159  0.058   -2  1 
 56472.13240   12.390  0.027   -2  1 
 56472.19216   12.328  0.031   -2  1 
 56469.00041   12.653  0.036   -5  1 
 56469.06767   12.727  0.032   -5  1 
 56469.13003   12.713  0.040   -5  1 
 56469.19349   12.817  0.023   -5  1 
 56470.98130   12.766  0.027   -5  1 
 56471.04693   12.745  0.034   -5  1 
 56471.10523   12.798  0.025   -5  1 
 56471.16397   12.948  0.026   -5  1 
 56471.98857   12.722  0.027   -5  1 
 56472.05430   12.946  0.044   -5  1 
 56472.11383   12.827  0.027   -5  1 
 56472.17109   12.849  0.022   -5  1 
