003  14.8098278  0.0388201  14.3467468  0.0881249  13.2473172  0.0603407  12.9815782  0.0636082  12.8818264  0.0603987
004  14.9473345  0.0434281  14.4412233  0.0924662  13.475078  0.0552449  13.2188698  0.0728972  13.1327311  0.068913
005  15.1827706  0.0544977  14.7913203  0.1141403  13.6998442  0.0594895  13.5488047  0.0682349  13.5065406  0.0921141
007  nan  0.0  nan  0.0  13.332608  0.0320624  13.1508212  0.1067614  13.0357944  0.0636082
008  15.0296874  0.0562317  14.6640011  0.1259008  13.5047681  0.0506952  13.2580157  0.0571577  13.2231326  0.0473603
009  15.1023688  0.0483735  14.7062333  0.1115482  13.7757155  0.0576628  13.5339171  0.072  13.4695706  0.0561872
010  14.8892739  0.0401123  14.4849949  0.0932041  13.5787744  0.0468828  13.3946188  0.0792654  13.345424  0.0651306
011  14.8728611  0.0404475  14.5253723  0.1007373  13.4811817  0.04998  13.3072234  0.0960625  13.2187652  0.0866429
012  14.9226207  0.0394335  14.5275621  0.0965194  13.5902093  0.0638749  13.378616  0.0973191  13.304552  0.0863829
013  14.9784609  0.0422019  14.4719528  0.0943981  13.3524654  0.0667158  13.0807204  0.0770065  13.0578721  0.0575674
014  14.8751362  0.042391  14.4947288  0.0940532  13.5881758  0.03751  13.3428199  0.0675574  13.3651281  0.0555248
015  14.9120979  0.0416533  14.3786214  0.089822  13.2449511  0.0623378  13.0198865  0.1059481  12.953658  0.0866603
016  14.8994022  0.0473392  14.5413391  0.1059528  13.6803842  0.0532353  13.5015041  0.0747663  13.4368999  0.0611474
018  14.9429205  0.0525642  14.5987543  0.1131724  13.3713994  0.0352278  13.1310904  0.0825893  13.1001724  0.0571052
019  15.1875606  0.0515461  14.8255202  0.1168974  13.8885431  0.0394588  13.7415523  0.0637181  13.6306678  0.0602495
020  15.0091405  0.0517397  14.6218273  0.1190798  13.4101809  0.0509117  13.2100693  0.1230813  13.1252372  0.0871091
021  14.6933413  0.0349142  14.3538428  0.0876926  13.5775933  0.0568331  13.3987849  0.0923255  13.3614091  0.0708237
022  14.938555  0.0468722  14.5594034  0.1069392  13.5718162  0.041833  13.3798562  0.0564712  13.2882529  0.0583781
023  15.379441  0.0654828  14.8425541  0.1223029  13.9414185  0.0858778  13.793837  0.1651484  13.6577309  0.1157713
024  14.88317  0.0438292  14.4918182  0.1003045  13.4191771  0.0422611  13.217848  0.0469468  13.1380385  0.048239
025  14.8564686  0.0428135  14.472612  0.1020098  13.5743817  0.07492  13.3336442  0.1866949  13.2343377  0.114512
026  15.0759969  0.0422493  14.4879686  0.0971288  13.2502753  0.0595483  12.9875929  0.1439236  12.9064027  0.0914112
027  15.2689982  0.04755  14.7693989  0.1149826  13.4429796  0.0882666  13.0705578  0.2049439  13.0743778  0.1535578
030  14.8467374  0.0374967  14.49603  0.095331  13.5209231  0.0736614  13.2866565  0.1580032  13.2511608  0.1025573
032  14.8732279  0.05007  14.4933263  0.1095765  13.5078575  0.0310966  13.2434356  0.0639062  13.1324626  0.0623378
033  14.9399532  0.0431161  14.5613331  0.1060707  13.3375756  0.0509019  13.1055377  0.0746458  13.0908684  0.0670224
034  14.9401923  0.045618  14.4835109  0.0963691  13.2727124  0.0471805  13.0175578  0.0487237  12.9160151  0.0443283
035  14.9002504  0.0460977  14.5733359  0.1034795  13.5860873  0.0399249  13.4627345  0.0816762  13.3555218  0.0795676
036  nan  0.0  nan  0.0  13.5335141  0.02498  13.3723297  0.0659318  13.3065042  0.05005
038  15.0430789  0.0498999  14.5018552  0.097355  13.2261817  0.0516817  12.9429275  0.0673795  12.8142384  0.062538
039  14.9307549  0.0479896  14.5637875  0.1086186  13.5602153  0.0309354  13.4145461  0.0489694  13.3083049  0.0474236
040  14.9600725  0.0419643  14.5049881  0.1029757  13.517282  0.0764788  13.2501725  0.1767456  13.1530794  0.1147563
041  15.0909711  0.0521153  14.5867769  0.1160302  13.0541242  0.2434132  12.528142  0.2586561  12.4584269  0.3662158
044  15.2119638  0.048156  14.7283282  0.1116692  13.6773553  0.0475184  13.4246116  0.0794418  13.3678303  0.0638201
045  14.8867909  0.048621  14.5008485  0.0935361  13.5130122  0.0508724  13.2011071  0.0523641  13.1641806  0.049295
046  14.979805  0.0417013  14.4949271  0.0962445  13.2988775  0.0563915  12.9979712  0.05728  12.9472312  0.0493052
047  14.692248  0.0355809  14.3461148  0.0895154  13.4203066  0.0680661  13.2231648  0.0618466  13.1498919  0.061441
049  15.0680449  0.0463141  14.6018316  0.097391  13.565587  0.0400625  13.2377443  0.0670075  13.2202891  0.0557853
050  14.9795681  0.0436692  14.6379418  0.1055272  13.6472631  0.0496286  13.4015364  0.0521536  13.3618374  0.0494773
051  14.8741884  0.043566  14.5390468  0.1049619  13.5966149  0.05001  13.3777916  0.1132343  13.2697051  0.098904
052  14.162129  0.0259808  13.7677778  0.0668281  12.9070008  0.0849353  12.6449682  0.1943142  12.6028069  0.1641158
054  14.9315248  0.0405463  14.419658  0.0952733  13.2807307  0.0554617  12.9983515  0.0576628  12.9536355  0.0519904
056  15.2250373  0.0543415  14.7615782  0.1065692  13.6426199  0.0327567  13.3856949  0.0749667  13.3525696  0.0595735
057  14.9955816  0.0430232  14.4603308  0.1011929  13.2344103  0.0513712  12.9952266  0.0629762  12.8818868  0.0497594
058  14.7991558  0.0364692  14.475692  0.0942125  13.6604206  0.0597997  13.4947544  0.0620484  13.4210136  0.0713442
059  15.2527247  0.049679  14.7783764  0.1129557  13.7268454  0.0789937  13.4238926  0.1488153  13.3908581  0.1146865
062  14.9363884  0.0440568  14.4922496  0.1003693  13.4438289  0.0952995  13.0671044  0.2486423  13.0673765  0.1744907
063  nan  0.0  nan  0.0  13.2229601  0.0604318  12.8617431  0.0589406  12.8687555  0.0414729
064  14.913228  0.0426966  14.5476292  0.0976832  13.637726  0.0454093  13.4384009  0.0760066  13.4072174  0.0747529
066  14.8892675  0.0360971  14.4914928  0.094842  13.5423269  0.0363868  13.3586853  0.075306  13.2640575  0.0682642
067  15.0649886  0.0424382  14.6818217  0.1073685  13.6097283  0.0498698  13.3835416  0.0538145  13.3263397  0.0535257
068  14.6763644  0.0344529  14.2429391  0.0826075  13.2581776  0.0720069  13.0035277  0.0530189  12.9695086  0.0504381
069  nan  0.0  nan  0.0  nan  0.0  nan  0.0  13.1122468  0.0472017
070  14.9504304  0.0403856  14.5573723  0.0964365  13.5290134  0.0453542  13.2820848  0.1019166  13.2542827  0.077201
071  14.8969569  0.0457821  14.5379817  0.1031455  13.5878087  0.0717008  13.2921425  0.21732  13.3340213  0.1231544
072  nan  0.0  nan  0.0  13.5540354  0.0338674  13.3385793  0.05781  13.3114865  0.0498999
073  nan  0.0  nan  0.0  13.4795633  0.0609344  13.2507771  0.0603158  13.2149763  0.0540185
074  15.1320265  0.0548999  14.6427248  0.1148651  13.6224034  0.0263249  13.4565919  0.0543599  13.4047646  0.0523546
075  14.8423683  0.0443734  14.4913634  0.1008067  13.4100852  0.0392556  13.1754085  0.0972163  13.137262  0.0872238
076  14.8835622  0.0468081  14.5177772  0.1003045  13.6341177  0.0408534  13.4882485  0.060349  13.4485015  0.0675648
077  14.9455982  0.0453762  14.586189  0.1055415  13.4742333  0.045913  13.2635917  0.0981529  13.1991379  0.0728697
079  nan  0.0  nan  0.0  13.3821824  0.0363043  13.1619239  0.0552087  13.1227424  0.0514587
081  15.0403147  0.0517204  14.606659  0.1065692  13.5415517  0.0433013  13.3258975  0.1145513  13.2864423  0.0868044
082  14.9740721  0.0477912  14.5820081  0.1006578  13.5787793  0.0551271  13.3243653  0.0830301  13.2956996  0.0622656
083  14.9052887  0.0461411  14.5898163  0.1029903  13.6026486  0.034176  13.4308781  0.0815966  13.3695707  0.0772399
084  nan  0.0  nan  0.0  nan  0.0  12.8332309  0.059716  12.7810421  0.0544059
085  nan  0.0  nan  0.0  13.3439961  0.0383927  nan  0.0  nan  0.0
086  14.9512887  0.0498598  14.5108482  0.1033102  13.441041  0.0778845  13.1006227  0.2021361  13.0630029  0.1493821
087  15.0151003  0.0517784  14.6005355  0.1116512  13.3847952  0.1914523  13.0699785  0.2854348  13.0322779  0.3674711
088  14.9622253  0.0522111  14.4933302  0.1154729  12.7002086  0.0998599  12.3240966  0.1895547  12.1188673  0.2090167
089  14.9792698  0.0416653  14.6184454  0.1494925  13.7325646  0.1079259  13.649297  0.2427427  13.433098  0.179
090  14.9031332  0.0604235  14.5317678  0.1730636  13.4967876  0.0957131  13.0742137  0.497357  13.0917597  0.2471639
091  14.9105259  0.0484974  14.3638387  0.1378405  13.0537673  0.0725534  12.6915945  0.1445718  12.7119616  0.1325443
094  15.0711062  0.0464327  14.76975  0.1062826  14.0697752  0.0845991  13.9335953  0.0765376  13.8702581  0.0950579
095  14.9120431  0.0349142  14.5517371  0.0887637  13.4966527  0.0506952  13.2685762  0.0596154  13.2641141  0.0574021
096  14.8707969  0.0483322  14.3417633  0.0937977  nan  0.0  nan  0.0  nan  0.0
097  14.9538341  0.0483735  14.5302175  0.1006827  13.3023945  0.036318  13.1431057  0.100444  13.0342812  0.0770844
098  15.1345412  0.0533479  14.7790545  0.1271495  13.8657856  0.1154816  13.5968774  0.2249711  13.648236  0.1836981
099  14.6882879  0.0448888  14.2074018  0.0966799  13.0536274  0.07571  12.5828475  0.191802  12.6496959  0.1645904
100  15.3048021  0.077214  14.7224698  0.1377171  13.5607245  0.1111665  13.1816368  0.2642347  13.1925102  0.2243747
101  14.9655455  0.0478435  14.5932291  0.1143197  13.7081646  0.0571314  13.4842557  0.1049619  13.4358594  0.0787083
102  14.999533  0.0487134  14.590877  0.1113912  13.3200423  0.0411947  13.0332751  0.0762693  12.9933422  0.0694406
103  14.8327226  0.0383275  14.5350329  0.1024597  13.6203349  0.0607947  13.4090469  0.1385821  13.3765518  0.1162067
104  15.0222235  0.0449667  14.5056277  0.1137541  13.7318625  0.3327687  13.6247859  0.434273  13.4517272  0.4874679
105  15.1521602  0.0493457  14.769611  0.1228861  13.7676262  0.0495379  13.6151916  0.0695557  13.5330076  0.0622174
106  14.9180262  0.0501896  14.5193228  0.1171239  13.5400957  0.1010544  13.2473634  0.2850333  13.2128418  0.1797693
107  15.21878  0.0590085  14.7799189  0.128316  13.5965971  0.0591946  13.3396383  0.1310229  13.3007159  0.1040721
108  15.0014201  0.0557494  14.5360742  0.1265543  13.4257431  0.1653118  12.9328596  0.3153474  13.0200043  0.3070293
109  14.8695345  0.050309  14.4152072  0.0990101  13.2659208  0.0684105  13.0471836  0.1906463  12.9840775  0.1230163
110  14.928866  0.0483011  14.569975  0.1071821  13.7957572  0.0711618  13.7279023  0.1651696  13.5918923  0.117737
111  14.9064555  0.0467119  14.3796755  0.1460342  13.2091743  0.0894371  12.8630124  0.3025541  12.854976  0.2058422
112  14.8898055  0.0490102  14.5368275  0.1143285  13.6494651  0.0623137  13.3713219  0.1782274  13.3965215  0.1124811
113  14.9617929  0.0543875  14.5318349  0.1032666  13.5567416  0.0677495  13.3502821  0.1752484  13.2506861  0.1041441
114  14.911562  0.0553353  14.4403571  0.1214166  12.4656303  0.2221846  12.3260088  0.2412613  12.0085354  0.3825533
115  15.0261919  0.0451885  14.5337054  0.1017939  13.4012806  0.0418569  13.1762824  0.0596406  13.1025394  0.0443621
116  14.8541205  0.0426966  14.3881567  0.1041777  12.6867549  0.169136  12.2141206  0.2464508  12.050305  0.2565307
117  14.8922405  0.0378682  14.4731982  0.0986256  13.4797893  0.0686222  13.2736502  0.1473872  13.2020219  0.1067614
118  14.8800858  0.0442154  14.4847669  9.9905575  13.373549  0.0773951  13.1058914  0.1889921  13.0049567  0.170379
119  15.0080109  0.0436578  14.6840403  0.1099909  13.8452121  0.0681469  13.7708765  0.1442429  13.6310437  0.0988838
120  15.1958792  0.0536377  14.7568517  0.1207435  13.5252237  0.1705784  13.0716739  0.2733642  13.1352228  0.3245258
121  14.9118014  0.0371753  14.5983241  0.1003344  13.7409109  0.0548361  13.6482528  0.1129823  13.5310763  0.0912195
122  14.9606152  0.0450777  14.5318292  0.1044414  13.369038  0.061441  13.1321426  0.1455472  13.0619624  0.0835584
123  14.9081355  0.0467333  14.4734223  0.1019706  13.4624599  0.0538702  13.2385522  0.0641561  13.1741547  0.0595567
124  14.902523  0.0497896  14.5397815  0.1077915  13.7079137  0.0459456  13.5096369  0.062482  13.4818778  0.0808208
125  nan  0.0  nan  0.0  13.4199179  0.0534977  13.1997626  0.0546352  13.1529769  0.0521344
126  nan  0.0  nan  0.0  13.6421358  0.0377889  13.4672808  0.0582323  13.3702238  0.0544426
127  nan  0.0  nan  0.0  nan  0.0  nan  0.0  13.5787371  0.0606383
128  14.9508224  0.0416893  14.4148624  0.0943398  13.2065309  0.0616036  12.926541  0.1094258  12.8100326  0.0680147
130  nan  0.0  nan  0.0  13.6874336  0.0718331  13.5268078  0.1112744  13.4183449  0.0859477
131  14.8653327  0.0391152  14.4945405  0.1012818  13.5486129  0.0617171  13.3282067  0.1658463  13.2235605  0.0964261
132  14.7759166  0.0411704  14.4108247  0.1035181  13.2434843  0.0882043  13.089861  0.2962381  13.0247838  0.215244
135  14.8757767  0.0422256  14.5010129  0.099925  13.0640612  0.4105557  nan  0.0  10.6116164  0.3071661
136  14.7099015  0.0382099  14.3735985  0.1004241  13.5067501  0.1383221  12.9751124  0.5702613  13.2062192  0.1872084
137  14.9787494  0.0427668  14.6040844  0.1029272  13.7666795  0.0748599  13.6824461  0.1481418  13.4686605  0.1098362
139  14.8648916  0.0435546  14.3702566  0.0956713  13.0948974  0.0627296  12.8300476  0.1605023  12.7128348  0.1211239
140  14.8161369  0.0479792  14.4648514  0.1188571  12.9989419  0.1295955  12.4621598  0.3623686  12.6271835  0.2597075
141  14.9179554  0.0450444  14.4751603  0.1115347  13.3060798  0.0819573  12.8059255  0.3313171  12.9181798  0.1614776
142  15.0704572  0.0468615  14.584284  0.1167305  13.1241488  0.2469231  12.5447237  0.3725117  12.5187652  0.4358302
143  14.8355504  0.0388844  14.3750226  0.1050809  13.1720242  0.2225129  11.8967604  0.5497754  12.0745287  0.2919281
144  14.8825931  0.0429884  14.3833428  0.0959531  13.1868098  0.0657191  12.9282988  0.2105445  12.8469571  0.1438506
145  14.9393617  0.0466047  14.5057792  0.1012917  13.4476669  0.163939  12.9963207  0.3268058  13.1016769  0.3385602
146  14.9896935  0.066106  14.5239532  0.129611  13.4972014  0.113221  13.1770284  0.4639353  13.0341836  0.278417
147  14.8252154  0.0402368  14.4878377  0.1061603  13.3972764  0.0431045  12.9333823  0.1417074  13.0825574  0.0776724
149  nan  0.0  nan  0.0  13.3535827  0.0526972  13.0604762  0.1197497  13.0240039  0.0833307
150  14.7853423  0.0414488  14.2759755  0.0990858  13.0677757  0.0669403  12.7564841  0.0859244  12.6918975  0.0622174
151  nan  0.0  nan  0.0  13.5006573  0.0460326  13.3012936  0.070859  13.2649778  0.0562672
153  15.003369  0.0482701  14.6123515  0.109055  13.6502722  0.0894651  13.540812  0.267832  13.3919825  0.1656533
154  14.8622102  0.0426849  14.5375003  0.1095034  13.6291124  0.0654905  13.4503715  0.137971  13.3775618  0.1435026
155  14.9254346  0.0480625  14.4969749  0.1056835  13.2855189  0.1622529  12.8765744  0.2883938  12.9659604  0.316449
156  14.9244597  0.0478539  14.5160085  0.1499667  13.4576729  0.1253116  13.1242018  0.2610364  13.172876  0.2607796
157  14.9806679  0.0536749  14.5767841  0.1613753  13.6113482  0.1073778  13.6272033  0.3530439  13.4046814  0.2263515
158  14.887732  0.0469468  14.5152986  0.1562626  13.6457754  0.0786003  13.4481773  0.3579902  13.4723791  0.1637315
163  14.8756589  0.0377227  14.553312  0.0987218  13.7630967  0.0642028  13.5570562  0.0549272  13.544749  0.0865852
165  14.858179  0.0498598  14.4678541  0.1062309  13.7596829  0.1834639  13.6170379  0.3621754  13.4772149  0.3307658
166  14.9432907  0.0487852  14.5025355  0.1450414  13.5524749  0.1103857  13.2325747  0.2504915  13.3108073  0.2183048
168  15.5272871  0.0555698  15.1392271  0.1280195  14.1758872  0.051788  13.999568  0.0699142  13.9602679  0.0618789
169  14.9048476  0.0428602  14.641761  0.1059623  13.805111  0.0442719  13.7354585  0.067283  13.652284  0.0872296
184  14.9728763  0.0438976  14.6568358  0.1237699  13.778492  0.0413642  13.6236263  0.0954987  13.5364911  0.0673795
185  nan  0.0  nan  0.0  13.7005774  0.056542  13.5451612  0.0620242  13.5082606  0.0785557
261  15.0220162  0.0464758  14.5623189  0.1049238  13.4310356  0.0309354  13.2118239  0.0643817  13.1130714  0.0683593
263  14.8860947  0.0349714  14.3166216  0.0840833  13.1551281  0.0573324  12.88819  0.0587707  12.7459434  0.0545069
264  15.1302565  0.049  14.7484788  0.1252438  13.8657436  0.0946256  13.6491637  0.5215007  13.6128731  0.1749486
265  14.8572994  0.0376431  14.4566961  0.0966954  13.4903263  0.0670149  13.3274021  0.1726297  13.2320192  0.1136838
266  14.7963659  0.0428719  14.5086282  0.1093481  13.4391426  0.1973778  13.1183141  0.359444  13.1424215  0.37341
267  14.8424359  0.0401622  14.4848056  0.0998349  13.3800259  0.2159097  12.8701556  0.3437877  12.7902952  0.3621243
268  14.9799743  0.0425793  14.5399498  0.1054656  13.0715539  0.1431817  12.2544152  0.2539803  12.5335902  0.2483224
270  14.8582534  0.0456508  14.5460496  0.10922  13.6414713  0.1236649  13.3897768  0.2903171  13.408691  0.2345634
271  14.8434787  0.0495883  14.3709462  0.14999  13.1073412  0.1847701  12.4872958  0.4047777  12.5599968  0.3822735
272  14.9779899  0.0403485  14.6587182  0.1120402  13.8101178  0.0724914  13.6297664  0.1386939  13.5685093  0.1025183
273  14.9410507  0.047697  14.530164  0.1072147  13.5911715  0.1339067  13.3509394  0.6280478  13.3338723  0.3557134
274  nan  0.0  14.58656  0.1415556  13.8283125  0.0371349  13.7576969  0.078905  13.6495449  0.0767594
275  14.8637845  0.0483322  14.4646315  0.1060802  13.4821849  0.1404101  13.3167229  0.5391781  13.1472557  0.2844679
276  14.8960395  0.0421545  14.5993455  0.1126321  13.726653  0.071645  13.6136533  0.1594146  13.5333821  0.0844097
277  14.8849687  0.0396485  14.5076219  0.0997948  13.6029922  0.0794418  13.3240914  0.2199659  13.3536395  0.1470646
280  15.0227185  0.0471699  14.7632697  0.1132387  13.9513127  0.0405586  13.9052152  0.0901443  13.8162409  0.101262
285  14.9096855  0.0397492  14.5526216  0.095352  13.6865827  0.0588048  13.5036423  0.0928924  13.5029355  0.0523737
288  nan  0.0  nan  0.0  13.8093989  0.0380263  13.7192736  0.0540648  13.6348012  0.0672384
289  14.9104267  0.0446318  14.6253046  0.1140614  13.7429494  0.0460869  13.6179813  0.051817  13.5836085  0.0751066
291  14.8792466  0.0381445  14.500597  0.0967006  13.67439  0.0636632  13.5176849  0.1540552  13.4442248  0.0910988
339  14.8697013  0.0392173  14.4942669  0.0987472  13.7283687  0.0775242  13.4041147  0.1876886  13.4183273  0.1075965
340  17.0535312  0.6635624  14.5626931  0.1032715  13.4636719  0.1706488  12.9687306  0.3007491  12.9887379  0.3095804
341  14.8195373  0.0436005  14.4455151  0.0975807  13.7426984  0.152879  13.2456077  0.2715124  13.3481553  0.2076343
342  14.9419377  0.043359  14.607389  0.1040913  13.6768103  0.0913947  13.3206406  0.1658674  13.4168165  0.1644658
343  14.9190631  0.051923  14.5431069  0.1098544  13.6382621  0.1557819  13.3942426  0.3977248  13.4322668  0.2806724
344  14.9363144  0.0417852  14.6065054  0.1122096  13.7887508  0.1150956  13.7263315  0.5185345  13.6442093  0.2014026
346  14.8309718  0.0527447  14.473557  0.1256702  13.6603552  0.11533  12.2967819  0.3749707  13.3827069  0.2530099
347  14.8460553  0.0440341  14.4843352  0.1141008  nan  0.0  nan  0.0  nan  0.0
349  14.7757509  0.0523546  nan  0.0  13.7276437  0.6662575  nan  0.0  nan  0.0
350  14.8384801  0.0483942  14.4662403  0.1150913  13.2036458  0.2072366  12.9181082  0.3568235  12.727211  0.4176135
352  14.4717092  0.0412068  14.1839358  0.0982649  13.2892454  0.2507309  12.1609764  0.4478538  12.6749642  0.8844512
353  14.7715302  0.0422137  14.4819356  0.1129513  13.6142747  0.2299957  13.3791814  0.5323054  11.8082928  0.7022236
354  14.9553743  0.0486929  14.5400531  0.1089771  13.512229  0.0620484  13.2935992  0.1816315  13.2641088  0.1282459
357  14.8996609  0.0345254  14.5615356  0.0960677  13.6923726  0.0937337  13.4680957  0.2201159  13.4675715  0.1546027
366  14.5202897  0.0341321  14.0919815  0.0862032  12.7891442  0.1072986  12.0146679  0.2432365  12.3023905  0.1803386
399  14.8489619  0.0307083  14.5799487  0.1045179  13.66648  0.1318067  13.4236125  0.3115285  13.4324492  0.2225376
