24.08 95.97
1103.18 249.37
1208.33 260.43
55.29 434.27
93.33 473.89
1095.13 553.21
365.07 143.46
196.67 242.29
214.82 262.34
155.09 415.53
124.75 180.53
395.53 230.25
154.84 304.61
413.24 342.65
110.95 399.99
324.59 430.27
250.89 434.96
292.44 519.79
85.97 54.21
42.00 71.44
43.92 106.84
165.98 115.67
379.31 136.17
355.53 136.93
247.32 185.50
111.86 250.10
227.71 264.31
198.59 266.27
247.99 283.49
325.72 306.74
332.40 337.98
200.54 364.46
332.73 383.07
259.82 426.05
468.39 432.81
522.87 434.27
310.42 466.83
273.83 473.46
240.19 527.25
216.03 537.69
57.99 539.73
43.70 56.28
79.69 65.25
177.09 93.72
39.48 93.85
418.44 126.53
91.73 167.56
96.44 174.68
114.26 181.37
175.43 181.92
96.11 188.37
258.48 196.88
132.84 219.55
326.51 222.86
380.52 229.00
131.93 244.31
371.94 259.62
220.28 303.41
136.22 310.90
91.53 311.54
333.14 330.49
850.01 340.21
144.10 350.30
209.49 359.03
115.98 363.73
126.95 378.11
301.95 388.26
144.25 404.59
66.27 406.55
189.24 419.11
229.40 416.12
357.70 418.59
71.84 417.35
47.08 422.12
28.46 458.95
175.30 464.45
137.09 484.32
149.70 486.65
97.49 486.79
224.59 529.57
62.46 558.09
402.62 561.50
291.93 610.17
148.83 612.69
96.41 63.35
1147.59 66.57
51.51 70.14
56.34 70.57
1166.27 79.73
46.67 94.84
53.34 100.86
335.56 149.97
512.50 152.91
93.10 160.02
117.40 173.20
240.89 181.03
259.41 270.41
330.91 612.14
1109.94 297.26
473.38 318.90
117.46 321.62
112.78 341.07
269.31 355.52
1097.13 364.69
159.19 372.01
101.44 373.76
197.30 378.28
42.52 382.61
215.17 405.91
555.55 428.82
127.33 460.12
42.43 472.22
1113.15 610.83
312.54 476.45
203.54 498.48
199.99 505.80
20.31 533.65
83.33 556.63
1128.90 581.48
278.66 587.25
230.01 587.71
156.03 515.19
35.03 107.00
134.94 131.41
109.94 145.80
241.61 161.35
103.23 183.23
96.38 193.51
244.04 276.71
206.83 291.63
93.58 305.96
244.77 340.48
154.24 352.35
109.14 355.79
397.01 357.87
132.03 359.08
167.96 364.63
246.05 431.92
37.66 442.36
73.36 496.28
424.85 579.00
422.12 597.76
148.63 604.69
720.20 512.07
1101.40 552.77
230.71 44.84
62.42 56.56
78.28 59.28
683.03 64.31
63.17 70.22
78.16 78.49
218.99 90.91
462.84 94.07
1128.64 94.44
39.66 99.76
22.43 99.75
116.29 109.89
41.26 110.59
127.14 119.42
561.75 121.26
347.03 516.30
464.93 127.64
26.92 127.59
135.24 137.70
976.20 141.04
94.37 170.57
252.04 174.20
257.72 177.26
214.87 180.81
643.01 181.04
206.07 185.36
256.31 186.56
102.61 188.85
303.64 192.37
954.31 234.55
889.99 248.47
136.06 246.58
163.51 264.48
97.41 268.61
532.97 271.96
1223.43 269.76
334.17 281.20
453.85 286.80
148.93 518.34
329.84 289.56
354.73 302.91
84.87 303.88
283.05 320.75
250.02 328.28
969.44 340.57
323.74 353.22
384.26 358.69
328.25 356.13
31.31 359.79
150.93 359.57
151.20 373.27
447.15 372.33
168.11 377.77
140.98 379.41
181.72 386.28
144.72 388.34
150.79 388.67
46.99 388.86
1234.00 400.77
123.76 403.91
181.89 404.33
894.46 406.83
309.91 530.07
111.33 438.48
138.09 457.69
113.48 458.67
358.01 459.94
399.62 466.50
141.39 494.45
158.15 471.82
169.11 473.45
424.59 496.31
267.69 581.23
117.29 135.94
139.46 206.94
112.86 207.65
426.64 298.17
70.40 344.19
74.68 462.20
147.43 136.64
436.90 179.28
293.35 202.74
195.49 286.58
695.78 327.67
324.33 407.29
466.76 464.87
448.61 94.49
125.16 140.70
246.36 169.17
318.28 218.81
151.36 247.56
322.27 325.21
593.17 335.10
520.26 497.00
147.89 547.57
134.21 107.65
443.11 147.46
347.91 178.86
134.79 207.26
163.28 280.27
101.02 293.37
103.59 402.38
54.04 485.22
224.73 606.01
412.38 568.71
336.32 575.71
268.77 595.13
140.93 659.02
306.12 197.16
408.15 534.75
285.79 645.79
204.05 54.22
61.14 54.01
494.06 64.69
86.82 79.36
136.25 114.98
120.11 141.00
414.21 581.78
33.24 354.14
917.75 358.35
67.28 364.00
1292.46 442.04
384.45 448.20
275.31 231.92
128.38 237.62
188.10 280.17
753.84 276.77
359.63 482.31
267.63 559.38
129.57 65.61
171.19 75.36
435.00 84.71
635.86 146.40
446.16 147.51
431.31 159.74
367.40 219.93
319.19 225.86
267.35 645.90
754.03 279.69
47.93 495.87
356.67 469.00
487.20 491.08
621.12 516.60
674.89 48.87
511.42 78.79
141.85 77.01
214.99 85.45
801.79 102.40
1138.08 637.91
585.65 132.24
653.77 135.78
517.95 141.54
388.04 183.55
783.26 209.03
595.62 248.65
334.65 262.86
950.23 266.61
198.47 275.89
150.73 276.66
172.09 285.96
271.70 294.88
438.12 311.06
157.56 314.13
1210.41 465.60
201.39 332.57
274.06 638.22
433.40 336.58
326.29 336.81
586.17 343.64
133.99 354.22
106.38 372.53
295.91 387.21
403.82 495.62
214.01 547.68
407.13 449.57
386.51 468.85
343.42 486.02
352.62 495.53
459.36 496.66
404.26 503.40
981.26 31.35
893.60 51.01
258.65 56.48
894.89 77.05
152.32 82.63
131.70 464.10
381.10 116.51
770.11 119.86
261.80 491.55
124.30 172.61
222.69 633.33
1260.25 185.22
118.52 233.95
1023.62 240.16
1017.18 241.62
652.70 240.64
1038.09 553.99
539.22 255.24
814.18 276.73
105.34 283.31
1016.45 287.71
85.31 292.53
107.82 292.86
241.77 296.20
105.96 336.41
341.46 347.19
221.46 352.36
389.22 353.29
402.36 357.50
314.43 398.73
218.83 398.43
524.10 400.31
48.54 412.87
37.84 452.33
1213.24 460.22
1265.78 469.09
1075.95 467.19
106.03 473.06
199.91 623.57
170.58 500.20
282.82 517.97
295.39 529.05
200.67 537.86
132.48 545.22
368.00 558.57
497.21 621.34
264.32 570.35
230.66 572.33
390.27 580.80
299.92 592.12
151.18 591.75
809.89 598.21
357.80 605.13
219.54 598.12
98.24 611.69
281.15 619.30
254.73 619.59
173.80 625.23
293.43 635.22
131.30 647.63
183.71 652.69
253.56 654.74
273.23 664.16
670.93 42.25
226.94 56.65
632.67 60.33
243.59 71.89
602.75 94.41
128.78 96.14
144.13 617.56
386.60 114.14
640.25 141.17
549.80 140.68
107.58 141.33
127.29 157.23
949.86 166.62
206.66 183.15
300.74 198.04
621.03 204.03
91.98 216.44
754.42 216.76
897.40 248.64
252.91 261.72
138.74 275.02
617.48 277.64
164.42 282.51
102.94 297.26
149.01 297.45
808.37 301.46
640.79 302.92
1099.96 308.84
699.75 323.75
258.70 340.09
56.36 341.53
1320.38 344.12
241.30 350.30
55.88 353.58
1051.50 488.76
562.32 386.68
449.28 390.83
973.24 395.59
117.50 399.07
1007.73 399.38
564.53 404.30
316.78 409.10
327.26 412.80
332.44 418.85
265.19 429.67
253.53 441.44
432.23 451.27
100.37 457.73
20.49 465.88
158.61 481.96
186.48 484.92
350.55 549.48
272.73 493.20
362.81 503.66
164.42 543.83
729.21 511.91
221.98 553.56
900.00 563.12
92.75 561.41
198.36 568.20
277.94 581.73
188.63 586.65
237.10 589.12
216.47 589.12
180.38 590.60
165.93 594.34
260.25 595.09
326.32 602.33
160.71 607.71
290.32 620.77
196.00 510.82
308.91 625.57
296.35 641.00
1009.83 34.90
105.63 55.65
215.47 68.46
143.62 72.15
41.29 74.53
704.25 87.29
547.60 101.64
887.13 114.55
1195.36 113.18
712.66 148.99
352.53 210.55
1246.86 237.15
183.70 277.09
416.36 295.38
232.56 294.57
202.05 307.02
260.17 316.50
976.44 316.85
992.24 335.73
152.22 339.84
536.76 342.92
181.71 598.25
581.12 378.56
52.32 415.59
122.74 474.79
511.11 480.50
30.53 482.52
1095.05 483.79
337.20 595.55
31.98 500.91
1181.44 513.48
262.50 518.38
379.29 522.61
655.56 525.90
325.51 594.30
297.94 536.41
84.55 543.66
163.00 552.44
412.08 556.93
281.22 554.17
107.96 560.51
288.45 569.12
183.33 571.34
410.75 576.03
291.86 580.02
119.23 584.00
431.26 595.66
273.44 606.97
223.96 616.97
204.67 646.57
937.96 651.78
1392.20 42.82
23.83 57.16
27.69 60.50
222.94 57.85
688.82 57.29
43.45 61.15
509.80 63.28
615.40 76.14
148.14 74.73
732.08 81.06
1108.09 75.50
171.13 80.12
139.65 83.68
639.92 547.15
49.63 86.43
556.05 84.91
509.22 88.09
578.25 98.61
543.60 111.67
130.97 111.95
158.85 114.32
567.88 122.57
158.78 122.50
532.60 127.62
110.45 130.80
656.02 141.51
675.99 149.11
957.64 152.86
525.33 161.16
413.63 503.16
290.22 182.68
285.54 187.22
142.66 562.03
416.86 579.68
95.21 182.77
283.80 510.00
118.63 193.67
217.89 579.75
838.51 195.04
116.45 203.06
1129.62 208.83
137.08 212.24
128.34 212.48
1038.82 575.64
99.97 220.41
116.68 221.69
378.48 223.29
345.00 224.32
337.13 225.44
483.75 234.28
945.61 230.12
97.50 228.23
131.87 254.05
265.74 574.64
1108.45 250.55
442.44 263.53
75.09 457.17
455.67 259.87
1038.21 258.92
277.88 574.47
145.95 262.86
1234.03 264.90
84.15 271.14
239.76 273.29
361.35 572.83
1179.95 282.06
260.45 281.20
232.56 284.93
626.73 553.55
103.16 287.38
131.50 288.34
198.36 293.90
218.94 518.84
225.76 296.22
283.12 570.54
802.68 303.81
502.06 302.72
847.38 569.39
850.56 311.09
641.03 314.01
711.76 317.96
667.32 316.64
556.83 317.90
1038.42 337.94
1026.75 341.77
346.92 338.68
184.37 344.00
187.24 348.27
424.57 343.39
129.73 347.53
260.64 345.92
198.30 528.72
54.58 348.69
932.67 357.91
35.67 358.47
37.78 361.86
52.41 363.71
215.30 364.67
99.08 565.45
171.70 368.19
609.54 371.12
187.97 370.44
89.36 564.25
430.10 376.92
229.06 376.57
220.53 378.52
360.17 563.58
1323.59 380.23
1183.98 380.88
1182.06 383.57
65.51 389.39
40.04 390.12
34.36 400.74
159.44 399.49
218.65 513.28
104.61 405.86
368.26 407.04
94.59 419.82
91.58 424.66
80.24 424.75
285.52 431.47
331.25 429.92
561.64 446.22
173.32 439.23
269.12 442.35
173.34 528.06
119.51 452.95
468.72 457.67
252.94 459.82
568.00 138.75
40.63 455.99
301.73 255.51
737.18 494.68
393.14 496.16
890.30 549.95
245.16 54.94
224.43 62.38
813.53 67.67
632.57 73.91
547.72 146.90
1065.09 153.49
469.16 195.99
712.87 200.76
494.18 229.33
1005.29 304.09
543.16 338.65
313.80 357.31
733.71 520.00
168.36 392.55
392.17 420.22
712.66 438.89
509.27 642.57
748.30 500.60
878.44 542.23
832.66 570.42
377.80 615.81
910.37 78.81
738.88 89.22
943.06 97.17
572.00 114.79
581.79 456.71
531.97 161.69
650.54 150.69
950.57 159.22
419.40 192.53
287.69 196.05
581.11 461.34
955.40 457.60
217.21 208.95
928.34 214.96
1168.14 245.69
694.70 260.66
699.82 497.00
1058.09 277.59
384.60 287.02
1169.18 292.38
387.88 521.79
401.50 313.39
416.63 315.27
274.67 316.88
191.68 317.10
634.72 319.37
1045.11 323.57
803.34 346.68
378.37 351.64
363.95 353.06
929.79 553.56
300.62 555.92
288.63 383.24
195.27 386.64
263.85 386.93
402.79 392.21
305.85 399.24
389.22 400.44
196.32 411.33
511.49 466.43
1128.39 406.18
1003.85 457.98
682.28 485.10
310.07 492.22
354.50 507.38
301.86 511.74
370.28 520.37
353.22 534.68
450.69 557.36
542.15 589.55
570.43 614.23
294.10 669.04
558.33 673.74
992.94 28.96
773.60 38.42
902.53 39.50
1089.55 57.09
820.47 53.76
676.64 63.00
670.71 68.22
1146.78 74.21
241.72 82.25
166.24 104.80
162.19 106.73
707.61 110.93
555.14 117.39
630.10 140.15
779.66 187.93
78.61 448.23
451.26 192.27
278.06 505.65
374.78 217.56
273.67 218.47
1059.29 236.03
113.70 234.09
183.68 241.04
472.61 248.15
824.27 251.70
428.31 448.77
874.74 271.81
487.68 275.18
985.39 274.40
99.57 282.40
141.47 556.32
754.98 303.78
431.26 318.69
876.43 317.60
653.01 317.29
1118.78 325.37
167.57 341.35
721.84 343.66
1119.81 346.81
295.56 357.77
1010.73 450.55
707.32 360.84
358.41 360.77
326.90 362.43
1040.60 365.01
986.61 378.91
599.43 378.42
214.92 377.54
342.54 378.96
94.84 378.46
478.60 384.30
822.31 386.53
213.88 391.71
308.45 391.75
680.42 398.21
930.69 394.27
1049.33 414.60
804.94 558.94
306.71 431.19
1017.32 430.22
1111.98 446.46
347.66 474.95
265.43 472.35
173.49 475.50
79.03 485.00
558.92 498.89
1187.37 507.11
1024.99 525.06
124.89 529.62
393.20 536.31
389.23 556.31
1153.13 564.92
315.90 561.75
444.90 576.60
340.53 611.49
257.47 630.90
269.57 631.31
301.27 635.32
898.37 635.64
810.45 655.01
536.62 661.28
152.25 668.68
336.85 673.39
969.47 31.14
766.57 42.84
1019.02 56.60
247.58 70.18
521.08 91.71
1035.83 93.89
58.36 100.31
548.73 113.71
972.06 116.22
347.60 617.76
456.33 144.31
655.18 146.34
814.85 642.52
538.55 153.73
938.35 160.50
321.44 515.63
514.80 162.96
331.67 164.12
820.66 161.37
850.41 172.59
429.84 486.82
567.23 189.68
852.54 215.60
455.20 216.87
124.30 239.79
917.54 242.31
627.49 256.17
816.38 258.07
517.57 265.54
221.89 278.63
338.36 276.20
110.47 275.34
560.35 287.09
1263.30 279.58
238.42 284.83
1283.61 291.61
270.34 612.40
373.58 307.44
174.72 307.47
309.02 308.47
970.82 316.56
1075.35 315.29
982.70 321.33
755.17 326.24
878.15 331.16
808.36 334.61
141.92 333.60
700.64 351.41
1075.90 433.04
98.58 350.24
428.65 362.34
458.15 390.39
243.15 386.72
244.17 389.87
291.47 395.19
239.21 398.56
87.65 660.74
567.27 409.64
776.05 657.87
460.38 430.56
518.50 454.24
274.89 453.91
134.75 453.48
885.00 460.45
306.85 458.77
1085.09 462.12
900.01 473.06
136.22 472.65
493.57 476.80
310.40 483.83
1008.80 492.01
695.94 502.42
263.05 506.45
72.39 513.84
340.45 607.58
133.11 518.75
776.92 521.66
150.53 533.39
261.52 530.54
548.72 543.14
399.33 552.63
163.94 433.96
324.82 572.30
436.28 517.12
327.05 579.64
971.83 587.97
956.48 590.98
310.76 606.90
212.42 636.03
178.82 675.30
621.54 606.78
1101.89 51.39
878.60 60.56
900.61 63.94
263.21 69.03
260.63 512.92
1106.87 547.50
452.74 98.98
566.68 113.49
206.74 604.07
825.21 606.96
1051.21 137.82
528.07 168.72
689.15 185.81
167.17 480.50
117.92 188.22
837.72 189.10
572.54 601.26
556.01 203.41
384.24 213.66
472.30 223.74
458.20 227.47
201.40 227.79
369.02 233.55
462.74 235.78
426.56 239.10
692.87 249.33
476.78 259.78
148.20 508.75
1007.58 252.90
972.97 603.09
549.45 271.48
752.97 271.30
427.81 282.21
381.30 281.40
308.98 281.99
262.05 299.96
418.66 289.94
382.42 299.40
438.19 298.10
1160.42 314.13
347.23 600.69
148.58 320.17
436.61 327.82
668.27 327.30
559.86 334.05
233.17 345.58
200.75 350.79
66.87 353.89
198.90 480.00
587.25 599.01
203.03 597.85
532.61 373.34
463.46 373.74
287.62 374.39
865.37 379.36
359.46 384.85
1114.47 398.49
194.29 397.69
328.62 476.51
98.76 430.58
771.33 593.24
516.67 447.30
1085.45 457.25
500.85 483.41
683.98 492.63
280.34 489.91
412.71 492.35
828.80 551.82
275.10 498.96
230.52 502.21
1035.97 521.88
891.75 527.64
665.08 545.52
335.67 549.69
510.10 564.23
141.32 551.31
818.18 424.09
297.67 584.90
627.27 587.00
265.96 608.72
165.60 611.02
859.60 631.13
499.25 649.41
583.25 524.86
875.32 38.53
408.02 472.60
898.44 54.00
939.11 474.75
1030.41 59.90
295.47 56.30
906.54 59.66
627.56 60.83
1009.33 64.97
248.84 64.85
258.64 62.82
989.94 67.23
629.78 68.27
838.76 589.00
203.49 69.41
742.63 77.26
966.93 72.96
234.14 83.18
137.46 80.46
585.76 83.19
973.26 86.70
956.77 89.42
235.07 89.63
837.74 94.02
595.61 94.51
56.17 97.48
719.37 95.24
1032.15 476.86
1075.74 105.40
1031.72 109.52
822.46 110.50
815.11 588.41
144.99 123.77
661.87 127.09
668.88 133.06
680.49 139.65
613.92 582.60
586.17 144.40
553.26 143.50
517.03 149.91
824.39 148.92
1002.00 150.70
994.10 532.65
459.33 150.97
1159.75 154.74
345.39 155.79
290.15 172.14
288.96 176.26
292.11 178.26
285.80 182.58
1028.72 170.91
208.22 176.97
1223.53 180.76
1225.71 184.34
422.55 180.86
424.92 186.07
774.78 184.18
295.07 186.18
965.03 186.62
734.14 550.92
844.60 187.13
1086.86 196.32
693.29 194.18
285.35 192.96
313.05 423.29
724.22 198.20
440.14 541.90
967.14 205.33
559.09 204.24
1124.41 215.31
551.40 215.83
269.16 215.96
544.31 218.31
476.20 219.57
719.13 225.28
590.40 220.26
332.34 225.19
872.95 415.15
154.47 237.41
91.13 235.65
322.49 237.23
435.04 576.67
371.74 237.84
615.66 239.71
986.15 242.57
554.62 241.83
621.72 247.54
856.36 248.98
667.84 255.19
287.50 549.76
151.49 254.28
265.91 255.09
141.85 255.93
589.12 258.30
437.62 259.68
608.86 266.43
1027.09 257.25
1025.15 264.60
322.16 258.55
301.66 265.06
183.39 268.62
963.28 262.66
90.68 279.35
322.50 270.40
634.95 277.39
380.09 273.61
541.86 277.83
171.43 548.19
231.60 281.04
314.38 285.24
584.84 289.86
579.67 291.41
998.90 292.94
374.82 292.30
121.19 293.94
391.44 295.50
250.88 295.13
310.37 296.71
153.66 296.81
214.87 498.87
353.49 298.42
269.33 300.26
75.20 569.63
363.02 299.16
696.17 308.51
655.06 307.31
423.72 307.63
708.04 311.72
185.79 308.73
754.65 315.73
1004.27 309.95
321.35 539.28
429.18 314.78
686.62 500.68
962.16 313.70
836.20 318.32
661.84 315.52
24.56 567.99
1097.14 319.97
917.29 572.97
720.03 324.51
1006.53 316.29
549.31 327.33
207.02 518.31
705.88 323.78
137.63 329.91
678.47 330.36
741.67 514.95
293.09 547.15
1000.54 330.22
583.12 330.03
550.80 333.78
1040.00 329.69
689.36 332.09
318.57 667.22
360.03 337.06
164.64 338.09
204.99 339.22
227.00 339.67
145.15 341.38
855.64 344.59
684.91 346.87
127.19 344.56
102.61 346.61
1005.69 350.84
405.92 350.90
1090.48 348.45
260.79 359.21
186.50 415.51
1024.60 363.82
1017.46 364.01
1040.71 358.41
681.40 368.69
224.28 362.14
1031.12 362.22
1150.73 369.91
437.91 369.24
564.96 567.13
1032.51 367.06
219.38 371.39
1036.74 372.29
268.39 373.69
270.72 375.12
523.59 371.54
854.75 376.89
283.66 499.83
1092.84 379.05
591.93 385.47
456.46 385.32
531.70 387.90
254.40 386.35
236.34 388.38
380.35 389.20
467.85 470.50
116.78 391.96
311.50 395.64
631.87 400.67
691.55 523.81
922.95 405.15
1011.74 468.82
340.33 407.55
44.24 501.16
483.79 62.94
260.73 75.54
263.45 408.31
169.46 345.24
441.42 494.51
971.96 102.19
584.54 456.98
568.82 497.49
572.76 305.11
833.55 307.98
1100.83 432.04
504.60 491.70
1291.89 520.48
931.34 640.09
788.11 631.27
581.90 638.05
131.03 636.37
183.00 81.40
662.13 241.31
255.00 240.30
71.67 407.17
595.51 417.38
330.88 625.30
554.31 600.46
789.67 593.41
1116.10 100.52
948.10 121.49
443.04 155.14
363.47 463.07
189.94 522.50
931.82 533.50
845.58 549.16
289.78 598.82
818.63 610.81
141.08 383.98
20.67 63.81
255.11 67.16
457.84 197.97
1046.73 230.39
537.58 297.58
1066.78 326.58
617.02 369.19
74.89 406.88
77.94 433.47
503.71 492.97
242.89 606.03
1157.94 621.01
1060.88 67.22
524.22 71.91
20.46 69.55
424.63 81.59
817.21 465.63
115.47 126.51
535.29 127.59
1237.58 146.54
822.46 495.33
1204.41 215.41
1049.85 235.23
777.11 454.36
573.32 572.15
98.89 520.39
816.37 549.45
1316.59 321.73
1007.70 194.82
41.36 460.05
1003.08 439.31
259.10 469.89
283.83 538.11
564.49 592.45
638.67 67.59
976.28 649.97
452.77 69.03
264.88 76.18
1009.47 77.79
473.91 86.77
1022.71 95.18
1069.03 127.14
341.83 141.62
709.14 159.70
165.26 162.72
321.20 193.31
192.76 218.40
646.04 240.97
809.50 254.89
490.26 270.01
208.28 268.06
923.50 291.51
360.73 314.42
441.10 320.34
500.83 639.73
418.13 354.45
1051.08 382.88
1018.75 406.25
916.02 496.84
909.21 460.64
1086.83 514.83
901.73 517.08
586.07 533.75
650.21 54.48
919.76 531.25
910.75 100.47
755.32 96.32
363.08 346.95
139.03 101.01
776.69 106.83
1006.31 135.06
868.59 139.93
1019.80 152.96
559.47 159.67
969.24 178.94
1007.33 216.52
962.03 229.93
827.57 240.01
337.27 250.91
610.15 497.23
1104.37 278.70
860.50 453.22
730.94 281.44
942.76 292.38
233.73 299.26
848.57 290.12
314.63 312.05
1180.02 317.47
1041.12 326.08
892.53 351.86
974.81 359.89
143.60 366.32
536.96 363.13
267.49 387.68
383.79 401.41
822.70 406.06
625.50 411.34
299.16 439.65
411.43 439.19
571.61 454.76
472.41 474.44
414.42 476.52
254.96 482.29
900.98 486.68
263.91 484.24
761.75 497.21
941.05 501.53
844.13 456.04
135.20 509.86
604.96 528.21
378.50 544.21
343.87 560.23
886.44 575.93
609.86 586.78
783.92 591.05
232.68 597.11
1089.34 623.25
538.25 627.58
536.15 644.62
226.33 660.62
560.98 554.75
1007.18 21.10
208.98 41.97
213.40 41.05
1052.61 58.03
958.33 397.15
1182.24 56.14
775.21 71.25
887.55 75.13
504.67 73.65
1095.56 76.75
567.91 664.72
293.25 511.53
516.63 96.16
814.05 109.29
466.98 108.02
1061.60 112.08
737.36 119.18
1171.19 139.29
1101.04 145.96
462.33 143.47
170.94 163.71
114.28 166.15
289.38 491.94
559.70 173.04
521.96 178.72
1055.56 192.43
932.31 194.11
1246.18 196.42
1043.88 199.23
167.54 198.37
567.54 201.29
1016.25 202.87
327.41 208.88
959.32 219.47
1075.09 220.94
1237.40 222.23
423.53 223.97
676.91 237.12
367.54 241.07
1113.08 245.53
91.85 249.83
909.27 246.71
1010.17 246.32
660.18 254.27
1002.50 252.22
265.10 263.71
1291.09 271.79
101.85 268.66
541.34 318.94
106.52 320.14
1074.13 334.65
816.76 351.31
1103.59 351.62
826.43 349.72
173.07 359.92
1013.46 400.02
872.68 492.16
1142.59 369.05
90.52 366.89
1027.03 372.80
959.94 392.81
1193.42 400.11
561.87 399.29
518.36 405.76
415.90 415.68
513.97 419.99
739.16 341.52
230.79 423.75
1018.47 449.17
385.67 396.12
259.40 465.69
914.43 471.77
468.89 482.24
464.12 480.75
776.93 483.58
932.75 619.95
731.85 493.79
357.53 501.51
1142.15 516.20
274.21 525.12
706.76 396.65
102.22 526.68
1198.97 534.03
287.57 554.04
773.97 553.25
924.35 568.97
1190.73 618.73
331.98 392.93
600.25 591.68
607.29 539.20
381.07 503.56
479.71 607.25
173.06 391.95
846.33 634.60
800.95 632.38
564.93 636.19
331.90 670.31
686.30 38.41
313.34 44.35
634.63 54.24
477.89 55.60
191.34 442.07
575.70 81.51
165.54 90.58
964.38 108.56
1157.40 111.94
169.59 108.75
1204.71 115.84
998.21 122.24
477.53 143.13
349.62 138.64
151.84 140.85
379.94 145.21
381.89 148.72
1243.98 163.30
916.96 167.41
1032.90 161.59
515.81 173.09
420.84 185.93
959.66 465.56
683.79 217.11
1010.68 221.41
167.38 614.28
744.54 228.61
1167.86 238.56
966.39 238.30
491.87 239.11
232.91 252.82
1137.88 257.19
1075.81 254.74
987.47 269.70
1170.38 275.43
589.10 276.74
609.58 278.88
595.08 280.11
492.32 282.95
801.88 278.73
601.23 607.16
1004.10 289.19
1005.07 334.89
609.64 346.88
1064.34 353.22
989.93 652.51
263.70 437.59
217.53 366.79
497.57 372.22
492.71 372.23
1011.69 556.75
530.23 382.12
1007.60 388.71
332.76 398.52
486.23 383.90
821.75 418.13
291.14 534.99
993.64 444.64
971.75 447.51
142.29 444.73
583.88 444.61
311.58 455.59
1009.90 464.48
133.42 470.20
397.66 474.94
287.71 488.81
625.39 502.08
136.49 521.02
97.87 380.42
185.40 521.27
346.96 524.28
999.23 525.69
650.78 547.33
181.76 552.59
1053.27 558.13
1137.73 595.23
477.79 674.57
878.99 24.34
1046.08 42.79
650.75 44.77
1088.88 49.80
995.19 54.16
728.45 64.48
267.44 69.41
851.50 431.37
1082.53 99.14
209.38 377.79
887.99 104.39
1017.90 124.86
159.34 134.13
1050.47 155.88
1077.04 175.37
782.80 179.40
671.75 184.19
389.87 472.39
277.67 377.04
993.82 380.15
563.70 194.91
919.49 205.39
274.80 208.16
266.55 214.16
232.79 219.38
933.62 226.01
477.76 230.96
1026.99 375.90
1001.91 232.88
1200.58 242.23
1085.37 242.90
158.19 257.54
699.92 265.67
981.21 597.01
450.57 268.07
1053.28 273.37
374.85 271.71
1155.17 275.68
600.10 274.24
1071.84 282.25
442.77 284.44
1160.86 299.63
591.21 307.68
978.12 315.38
771.61 316.89
42.33 428.93
808.61 347.09
994.90 332.43
942.55 376.77
998.65 517.49
86.18 344.05
1071.69 376.90
70.73 354.39
989.20 362.62
278.88 362.15
281.12 364.46
1284.23 371.80
1245.90 398.14
1066.47 398.11
814.85 599.57
537.28 411.98
342.98 439.81
277.03 442.80
443.78 445.66
543.39 413.63
215.09 453.42
269.73 467.71
351.37 503.83
308.50 500.80
397.22 502.92
588.03 507.57
450.20 507.98
1032.92 512.79
320.11 510.25
415.98 429.87
660.48 524.40
980.25 533.73
383.65 546.38
540.64 416.92
537.63 551.49
591.39 561.69
1125.98 563.64
1165.50 506.79
121.30 563.96
382.60 560.99
717.78 502.82
374.85 577.12
651.30 372.04
384.90 480.65
336.64 584.22
863.63 625.76
852.47 636.95
986.33 650.13
361.92 590.33
580.44 659.42
327.90 666.67
245.46 457.42
708.93 40.46
298.43 42.91
657.17 44.66
1099.81 47.11
590.28 520.14
215.38 59.18
638.28 58.42
181.69 350.12
381.79 551.46
245.82 61.46
242.97 65.11
501.36 66.90
975.02 70.67
193.26 71.53
192.98 76.36
866.80 514.40
21.00 72.93
608.91 81.99
597.04 76.57
83.67 366.79
408.99 478.92
206.95 79.62
866.12 84.73
443.52 425.99
363.39 499.47
562.33 86.78
254.56 373.47
662.89 88.81
919.37 85.46
742.45 93.13
1311.47 89.02
275.35 520.89
384.19 347.91
1126.81 101.18
509.23 96.81
117.95 99.71
391.48 587.35
869.81 107.41
456.04 106.05
165.89 108.60
595.82 107.27
449.69 110.59
1180.62 107.15
878.85 107.21
959.25 109.33
591.11 116.36
1003.80 120.61
184.74 119.00
161.69 427.52
834.70 653.51
353.65 473.57
449.33 132.48
439.91 134.96
996.07 587.85
520.88 151.42
521.30 145.62
565.69 143.06
129.83 148.10
656.16 156.12
372.89 159.45
310.72 582.00
827.31 584.29
830.39 577.27
125.48 168.03
543.91 167.03
934.59 164.82
1093.43 421.56
223.42 183.62
925.78 181.99
188.40 176.24
901.50 182.74
269.66 182.70
561.87 187.19
572.84 580.44
975.39 186.90
392.35 191.39
1081.46 200.06
155.69 458.78
863.97 187.55
467.04 188.87
540.96 199.24
862.16 517.58
300.42 541.00
265.09 201.11
949.78 576.67
168.62 204.95
162.01 209.00
170.74 212.47
1056.30 572.95
378.88 211.96
308.78 211.81
744.77 544.85
457.50 422.73
185.61 577.57
339.63 215.25
624.32 217.03
1005.29 579.69
541.57 222.53
683.47 364.19
1092.95 498.67
838.92 579.01
648.44 223.93
266.79 225.66
132.24 226.32
108.06 237.17
1088.66 227.36
439.95 246.59
716.80 245.17
1162.19 544.09
250.25 246.35
323.54 246.74
461.59 252.03
436.97 249.58
489.46 259.70
526.60 265.43
530.27 266.60
651.67 264.46
317.23 268.27
192.38 264.47
190.56 267.24
995.74 355.56
1074.63 272.15
610.56 269.25
858.30 277.32
992.84 270.69
993.53 278.98
393.70 573.61
960.05 283.64
259.98 287.48
917.51 292.02
320.07 291.12
1029.66 290.29
133.34 295.81
828.35 305.42
277.55 298.91
529.26 554.97
932.56 310.61
808.17 358.14
208.44 502.21
283.82 307.34
454.69 570.60
948.58 311.07
276.46 355.57
676.01 311.82
1383.50 311.80
730.71 316.13
308.49 313.23
260.81 322.87
1003.47 326.07
346.85 324.65
169.95 353.42
1266.25 328.65
934.31 471.20
563.30 552.35
333.81 521.05
440.63 333.55
685.32 336.89
789.83 54.47
108.64 66.54
628.70 146.93
803.63 498.14
754.39 504.47
124.93 76.04
535.83 665.83
739.39 349.50
672.28 546.64
261.13 335.28
364.19 158.94
402.45 183.69
395.53 194.28
907.89 209.56
930.63 232.17
859.34 649.38
443.47 281.52
443.65 323.59
496.17 569.60
561.26 326.83
376.00 371.81
714.94 377.56
898.56 388.54
684.00 410.16
813.81 411.37
242.82 422.71
885.83 334.46
498.38 530.05
973.13 586.42
583.50 593.99
260.79 622.91
1135.53 46.26
804.47 72.14
706.17 79.12
416.92 455.76
986.76 81.65
744.57 87.74
814.97 333.23
992.50 512.06
667.07 334.35
555.17 159.46
394.47 335.18
562.74 161.56
1371.55 177.04
731.23 186.17
581.89 186.42
1062.64 185.45
403.27 204.37
249.13 207.43
124.42 206.55
120.90 208.42
274.11 212.48
833.76 401.07
615.46 215.15
1166.57 221.70
923.54 229.37
921.74 236.93
136.08 238.19
759.98 244.53
366.96 252.04
421.22 268.72
695.98 269.20
789.88 558.59
442.69 272.47
603.28 277.75
411.57 288.39
493.89 334.19
525.49 298.26
373.30 297.18
522.57 333.60
567.95 640.14
358.36 348.03
568.55 380.41
264.54 368.20
203.14 370.88
161.66 381.60
633.81 389.74
452.72 398.14
200.18 401.85
193.53 404.72
325.57 419.06
574.64 458.99
286.48 441.21
483.07 542.62
379.92 479.79
701.62 399.15
971.54 498.71
379.95 499.75
454.69 516.79
560.66 517.46
633.63 520.05
874.64 632.80
743.18 533.29
545.68 555.25
851.96 563.16
1071.69 574.03
807.94 576.91
928.55 627.70
993.57 601.21
186.57 330.23
1188.73 633.95
182.38 329.32
704.66 40.85
760.43 45.12
500.56 61.50
741.11 325.54
1177.11 332.69
664.10 79.77
676.46 88.40
999.33 83.62
434.68 91.90
1099.95 87.08
1231.38 453.65
1072.06 97.94
1011.02 102.62
473.98 105.37
1001.58 103.28
509.87 400.66
956.38 119.18
719.50 168.17
1118.88 190.63
135.06 199.95
110.55 326.89
638.84 220.95
919.36 223.61
484.40 227.08
108.33 240.63
750.36 247.15
660.18 539.11
1095.22 270.39
188.92 323.80
105.23 269.82
1339.79 279.99
1133.73 523.94
453.44 276.57
742.60 279.89
1076.19 291.69
819.24 290.37
187.84 292.49
974.49 306.79
1023.54 317.68
927.79 332.32
369.38 451.37
164.97 349.43
178.10 352.34
1044.21 545.82
1035.26 358.17
353.71 322.83
257.58 375.94
873.67 373.27
320.61 384.14
126.90 501.06
794.15 449.66
796.43 444.35
512.39 405.24
903.28 410.42
350.44 412.38
560.17 630.90
957.74 429.75
234.52 445.69
338.42 461.96
937.34 468.89
849.80 475.50
850.46 481.82
467.22 481.04
1315.14 489.65
695.73 492.93
857.48 512.71
91.07 517.12
260.55 318.22
560.68 534.79
866.89 395.69
958.11 318.63
1066.74 562.68
552.40 572.52
925.02 586.86
577.65 591.75
811.91 608.14
774.08 612.05
1138.14 633.75
144.45 636.09
837.48 561.88
340.23 391.78
244.47 443.12
167.22 669.42
275.49 464.20
1317.66 39.84
1107.52 48.03
1077.36 56.77
246.36 75.06
1041.74 70.69
199.24 318.36
1161.78 86.82
57.06 104.00
567.50 149.67
1043.24 394.00
853.23 149.74
691.68 151.44
783.13 162.20
933.07 612.71
1070.97 171.57
879.13 168.09
512.24 177.16
1019.71 386.36
977.36 191.99
730.08 195.89
850.64 446.21
825.03 616.86
498.48 227.85
369.92 615.63
395.27 220.23
958.57 614.71
1353.26 246.92
393.45 254.75
664.25 262.78
204.16 269.73
865.93 275.41
220.87 273.83
571.17 462.50
678.62 286.78
1031.70 287.29
1211.10 291.85
802.94 291.83
960.50 298.80
255.29 300.87
445.00 314.50
951.98 316.69
1100.39 314.30
546.94 385.40
774.52 327.90
817.05 311.82
868.86 341.29
1077.54 346.45
692.47 351.54
508.29 417.70
492.12 384.67
1119.03 368.25
582.62 487.43
310.30 316.77
1184.53 375.62
559.24 380.41
462.00 388.33
1328.12 393.23
600.05 531.19
424.07 383.89
366.68 400.55
691.87 405.83
1081.28 409.37
1041.69 412.58
468.41 418.21
918.78 438.66
946.62 391.20
980.56 437.33
876.93 439.51
759.43 440.06
939.94 443.20
198.66 452.49
526.70 457.11
954.18 382.86
861.65 461.49
957.27 537.63
320.40 473.49
1055.73 478.82
435.62 481.21
175.58 489.25
758.29 308.01
229.76 496.98
735.65 499.85
554.38 514.24
1179.00 610.75
452.18 535.39
969.99 539.87
970.34 552.78
888.52 541.75
390.52 595.44
575.18 605.17
617.17 433.55
335.79 617.05
699.60 515.14
600.02 640.10
1148.09 648.89
571.65 664.17
491.69 674.70
378.71 310.60
1185.99 49.94
1032.69 376.45
1031.98 70.40
535.40 434.87
959.86 77.54
1305.84 84.17
123.84 88.53
749.29 94.44
404.76 431.79
484.93 107.08
747.15 108.05
170.05 485.99
574.80 110.58
789.24 602.45
823.58 125.84
373.98 380.87
853.51 304.51
849.14 150.92
387.68 551.73
923.34 167.13
315.52 181.08
668.47 182.12
470.58 312.04
192.39 187.91
465.74 312.80
467.78 304.75
217.94 187.76
1387.21 185.53
781.80 198.22
193.58 199.19
960.70 204.50
864.90 198.08
306.63 203.57
309.75 203.86
385.55 431.64
1089.38 215.55
632.12 221.71
501.72 231.54
349.76 241.91
939.15 244.09
342.01 244.50
593.23 523.73
473.58 258.38
336.25 256.20
1144.34 258.29
818.71 307.32
536.38 669.82
256.40 323.57
627.24 322.05
765.71 517.06
536.58 324.86
342.59 472.33
946.08 369.55
901.01 336.75
1065.44 342.38
197.32 429.59
811.78 566.24
103.05 663.31
557.25 355.91
811.71 362.47
496.52 306.74
1213.43 372.05
655.92 365.66
1037.45 414.02
1034.67 382.98
1029.35 389.80
690.80 308.12
362.36 408.89
464.13 425.23
794.51 430.44
763.80 430.54
858.26 432.42
978.59 343.56
557.77 305.19
269.00 463.62
819.60 299.63
731.29 497.57
501.47 500.70
1023.28 499.38
782.39 505.90
143.14 505.05
451.33 511.35
668.02 370.58
303.55 526.51
379.72 590.02
279.84 538.25
1050.92 536.23
913.32 558.85
534.28 558.64
830.75 300.82
1013.06 582.23
940.60 606.57
940.30 420.30
1091.02 32.93
779.90 41.21
262.49 41.60
260.36 45.15
235.22 49.33
658.10 46.09
758.44 56.53
641.08 372.39
795.46 515.16
641.40 366.05
265.12 65.31
458.35 69.06
581.86 588.04
115.77 77.69
251.33 75.43
914.60 303.80
49.00 82.25
221.74 424.71
850.92 88.11
855.18 91.42
694.74 89.03
609.18 88.90
145.84 88.80
168.60 87.99
120.02 92.53
119.62 102.85
815.08 104.65
859.52 106.54
590.42 299.10
480.31 106.89
140.38 109.92
716.86 523.48
598.45 111.88
880.82 115.50
1093.19 116.36
1069.29 518.55
835.18 500.96
1083.83 345.82
643.30 126.70
525.03 126.20
140.03 365.00
352.21 520.85
422.27 131.52
163.10 424.00
523.29 132.94
677.59 134.01
809.06 587.65
688.96 140.21
443.60 140.74
362.03 366.26
405.55 413.96
521.81 147.15
566.57 145.19
898.70 146.13
123.39 152.23
670.35 158.23
349.26 163.19
344.46 164.94
313.20 585.05
978.26 162.97
660.59 164.47
1073.60 528.45
863.66 172.79
175.89 170.05
313.35 178.38
122.75 560.25
226.81 180.11
221.57 180.78
286.03 288.25
906.17 169.80
908.57 180.77
562.13 174.25
177.26 176.60
937.58 181.23
506.23 180.33
299.33 181.67
745.76 179.06
17.70 473.82
313.61 186.51
578.52 190.69
447.88 364.25
1081.29 186.44
1081.56 195.42
405.01 288.38
625.59 364.51
857.54 195.34
123.53 194.06
1095.32 198.84
913.95 192.16
358.15 282.02
702.49 198.01
319.39 197.33
765.23 201.80
407.33 201.12
266.54 204.57
522.23 203.47
510.83 207.49
1031.58 206.20
588.89 211.11
599.53 215.94
378.20 215.39
620.85 213.70
1130.53 513.46
186.11 580.42
706.77 221.09
1084.87 214.25
1003.02 581.22
361.91 218.06
279.69 217.51
687.06 287.32
1100.16 224.65
1093.45 224.91
96.30 221.60
986.10 230.67
269.40 420.06
1012.58 225.71
1067.71 225.78
683.24 234.66
658.70 236.99
252.87 235.64
639.43 240.77
955.17 543.63
302.36 577.04
740.84 284.20
562.43 245.75
377.20 243.66
354.20 244.90
87.37 246.82
302.46 573.53
605.19 362.56
652.74 253.73
468.23 253.88
476.05 254.05
831.63 256.26
1026.39 250.30
784.74 361.27
357.63 257.06
1017.76 468.78
552.11 470.74
267.28 260.12
268.53 262.96
185.81 264.82
559.57 657.57
89.97 266.88
665.09 269.31
831.70 267.90
627.58 272.25
631.97 274.62
966.32 275.59
969.23 280.30
722.03 504.34
467.34 408.92
524.15 471.12
545.68 485.98
859.79 576.25
125.89 65.74
471.04 91.94
867.46 96.33
510.14 173.59
767.05 190.64
610.38 191.83
149.98 230.05
909.68 242.21
345.14 455.93
676.30 278.76
121.12 304.93
50.73 466.51
816.01 396.00
354.70 408.61
786.79 436.70
534.26 468.58
272.91 517.35
319.91 410.61
921.68 40.37
803.87 644.13
45.47 87.84
786.87 277.71
903.92 90.41
818.80 337.63
587.91 104.29
474.35 545.90
745.80 127.74
936.01 130.38
585.40 570.82
940.69 205.48
164.65 272.45
189.70 235.71
500.21 273.79
424.33 249.49
947.69 261.57
814.03 269.45
1280.28 266.68
374.32 301.08
339.52 313.09
985.72 312.67
953.98 323.30
264.80 338.51
389.34 338.31
980.54 337.44
720.96 349.48
735.81 352.96
1203.68 365.80
236.06 365.19
906.25 389.98
194.74 401.42
314.31 430.73
825.39 489.32
290.55 439.88
453.81 547.29
716.76 444.30
505.62 269.86
720.63 500.36
843.19 501.42
397.83 492.90
1077.58 329.75
327.17 547.21
951.23 349.31
486.98 587.18
1080.35 334.60
718.82 36.00
506.98 54.19
561.60 88.19
752.64 105.03
318.01 329.24
324.47 449.87
762.88 133.38
872.29 146.44
858.73 645.29
763.46 148.32
654.08 164.11
809.93 173.91
801.97 170.52
303.79 175.34
1175.00 187.02
309.13 188.27
365.21 193.78
749.69 199.17
221.93 197.51
418.50 209.74
227.36 205.31
329.67 212.81
1139.25 217.77
707.91 234.18
188.85 262.62
985.10 562.63
720.43 237.28
842.17 261.28
450.19 324.94
386.06 271.10
318.85 278.01
613.66 287.79
529.32 448.33
1028.66 296.84
340.66 556.95
825.06 319.85
240.63 334.90
821.75 490.76
366.14 447.23
549.11 641.19
709.31 372.31
930.28 371.51
499.78 396.68
323.17 386.67
717.17 394.06
426.77 407.13
777.82 554.63
343.14 413.72
983.53 549.98
337.79 435.25
477.98 436.81
991.39 436.24
163.16 455.42
482.40 260.82
913.03 444.43
1171.82 482.96
517.35 489.64
967.16 619.25
524.15 549.11
994.94 522.12
355.31 523.83
633.15 260.75
630.18 261.13
522.75 489.32
1168.99 598.64
411.38 445.67
188.78 622.41
196.61 443.81
84.11 351.93
1092.22 636.84
544.40 666.47
271.68 545.25
850.15 36.32
360.96 391.31
450.37 523.67
1145.14 442.16
712.75 59.52
961.91 67.35
209.47 65.56
207.96 69.35
1237.32 71.59
834.29 519.57
480.07 391.50
279.27 318.84
506.20 415.48
1054.97 122.02
383.87 126.08
393.85 136.94
856.76 565.63
397.67 255.25
1021.07 315.58
119.72 152.80
641.14 157.63
210.39 419.19
455.91 317.43
1043.33 171.13
1111.51 180.76
976.54 180.05
665.95 202.88
915.88 441.14
424.34 212.29
894.09 221.25
471.83 570.34
412.76 252.66
136.98 256.12
455.57 434.37
814.51 315.97
538.16 381.97
583.26 299.44
599.01 301.79
271.85 612.86
450.94 305.45
207.12 313.36
810.71 320.06
900.63 324.77
802.16 328.59
647.38 335.83
597.38 384.07
1192.34 341.68
670.64 365.83
805.70 391.51
941.29 407.90
294.95 407.32
950.78 386.11
381.52 417.80
1148.02 423.76
935.02 450.26
225.91 438.23
476.40 496.72
294.78 434.48
594.24 528.00
545.42 311.95
502.05 535.31
708.26 536.54
951.35 240.56
822.25 572.02
355.26 310.96
1271.29 581.88
392.47 597.27
239.38 639.70
240.56 641.98
754.30 247.44
1136.75 23.07
302.21 38.16
839.62 435.65
839.61 428.87
986.34 62.28
750.48 60.57
380.11 246.43
605.02 68.14
683.72 75.24
500.11 78.88
879.56 99.56
524.49 465.09
903.71 420.04
167.32 121.97
929.44 243.14
919.24 524.00
1002.48 139.53
776.35 549.65
831.97 603.71
1032.63 246.06
958.30 159.28
313.84 510.03
980.57 166.95
624.51 163.09
1045.58 177.48
1053.66 177.91
502.52 178.74
1048.20 187.37
567.07 603.77
177.46 377.11
768.49 203.21
399.61 204.51
944.05 209.52
663.98 214.21
998.24 226.00
1090.02 344.05
206.91 305.68
207.98 254.09
201.30 257.70
1052.11 268.62
346.29 499.45
236.55 279.18
261.29 295.37
598.45 293.75
790.69 302.13
894.92 304.24
468.20 303.56
771.77 311.03
608.01 322.82
479.22 301.07
396.14 521.79
716.54 350.77
691.54 362.46
523.91 363.80
376.52 418.12
492.52 568.71
490.37 392.75
1009.82 427.30
1153.86 437.79
335.27 445.30
904.77 459.08
1045.90 468.73
1276.42 483.88
702.18 494.64
294.88 510.83
984.56 519.80
586.77 522.20
664.27 526.95
445.33 533.73
983.14 296.97
377.50 532.40
754.65 233.47
1073.62 579.36
508.14 578.21
347.76 500.54
170.79 426.17
1132.65 591.29
1317.10 494.60
520.80 624.05
838.13 638.83
1003.97 340.95
871.11 334.85
759.02 235.74
216.70 411.14
736.91 40.00
266.50 37.98
1170.27 42.54
772.05 56.32
217.64 55.97
771.04 68.28
1331.64 73.69
136.09 565.65
964.97 68.98
943.40 353.87
1022.12 74.12
34.13 71.93
35.88 73.64
1124.92 77.49
662.67 76.08
639.59 76.51
911.41 307.46
445.49 232.93
41.10 80.33
851.35 90.14
963.06 92.48
1003.65 91.33
176.53 292.55
1041.74 473.91
829.21 657.98
756.97 101.90
496.14 283.38
868.83 100.42
862.96 110.27
554.11 107.05
1251.34 110.62
142.51 106.97
851.52 106.39
591.54 293.35
257.40 232.73
701.65 114.59
254.55 229.44
343.86 425.42
1305.65 122.36
398.93 119.44
137.81 121.84
532.30 413.67
639.24 364.22
481.88 228.02
482.50 130.89
830.48 225.24
611.30 144.88
709.55 230.00
551.48 654.98
126.12 146.03
387.84 149.05
322.10 153.27
621.33 158.37
748.03 157.94
745.79 162.01
503.56 519.84
1008.92 421.97
750.21 161.37
959.47 162.95
929.55 171.66
451.79 581.87
1011.81 168.58
217.96 173.86
822.81 534.83
551.53 366.29
551.60 180.06
533.82 180.42
952.02 287.16
1040.08 175.69
184.76 180.75
317.99 553.49
586.38 192.85
516.36 191.90
859.46 290.75
843.35 194.54
433.07 188.98
523.33 193.29
201.77 420.39
538.40 196.74
665.67 193.85
215.03 197.89
848.04 201.91
951.71 202.53
943.54 200.74
712.72 210.93
885.37 212.36
1087.83 209.40
919.22 505.21
976.90 219.52
681.64 288.21
608.15 287.41
677.86 372.28
974.76 224.33
949.41 216.46
240.87 218.20
866.97 77.09
555.30 220.25
727.03 342.30
694.08 388.31
629.87 423.25
166.58 457.02
491.90 531.60
965.69 37.63
845.10 180.47
570.64 233.16
152.31 216.48
831.63 273.96
163.08 300.29
735.50 382.92
503.86 278.09
840.13 499.23
261.28 539.47
89.76 643.43
485.51 331.60
934.77 74.61
969.42 334.17
1082.71 116.24
666.49 349.73
493.51 559.39
509.87 136.07
492.90 150.35
814.54 517.97
177.97 159.48
847.94 194.42
1075.37 409.45
950.82 212.91
902.53 227.09
946.85 273.92
1245.48 458.28
1081.46 280.59
752.26 286.31
1091.57 219.69
984.90 336.16
922.71 339.14
551.78 224.84
486.35 347.67
464.98 356.20
580.44 213.27
177.34 332.46
516.66 403.46
585.54 362.60
688.88 395.54
312.27 428.52
852.34 427.22
842.30 465.44
842.45 488.88
1136.03 214.68
217.06 331.36
590.73 541.44
455.42 548.78
834.18 637.86
1055.13 333.30
1313.46 56.39
702.85 64.93
1018.41 72.15
958.59 72.27
904.90 87.52
423.84 205.96
551.02 450.55
981.55 171.33
798.75 186.39
289.36 207.99
444.17 219.90
145.75 233.13
465.89 249.50
573.15 493.97
768.59 252.80
447.75 529.98
696.74 522.84
158.47 261.54
954.51 294.46
988.11 307.76
904.70 314.22
534.55 398.43
742.36 319.74
951.25 336.97
307.41 350.55
589.16 503.35
1168.12 572.21
590.79 368.15
257.89 390.50
481.18 399.18
450.98 416.98
345.97 429.69
944.47 450.74
512.10 628.01
420.16 322.15
908.75 478.84
733.31 490.00
525.46 502.38
294.03 621.46
265.98 327.54
1121.56 205.56
321.47 622.64
562.74 504.71
888.33 446.39
910.49 320.49
218.27 392.80
812.20 591.55
414.03 448.04
409.74 444.67
731.81 393.61
613.07 259.45
980.97 516.26
1165.06 323.52
916.95 514.50
368.46 530.46
1282.91 72.15
937.45 252.55
977.06 105.86
1185.55 115.56
478.49 137.22
865.75 320.27
986.36 143.62
1038.73 513.93
495.99 155.59
160.44 389.11
164.83 388.34
253.81 506.42
275.38 255.91
855.14 182.32
343.39 315.56
339.99 526.76
141.78 227.85
267.09 234.30
186.82 245.71
340.73 537.63
366.84 270.11
462.81 279.96
458.19 280.14
773.83 387.70
111.47 286.37
912.30 224.95
448.02 310.48
759.36 382.70
279.99 328.31
355.99 336.95
1054.30 481.68
411.50 250.17
434.95 557.32
791.84 606.83
1152.20 442.24
528.59 462.55
226.66 441.09
951.34 478.90
421.08 485.70
570.78 505.38
437.07 488.16
311.68 385.46
703.07 436.62
780.73 418.88
389.86 198.21
252.63 311.31
1113.76 529.26
461.10 533.36
739.71 554.04
485.81 571.72
350.38 562.45
316.62 245.79
449.40 432.78
924.37 312.60
445.80 525.01
458.66 59.05
722.16 240.19
905.94 86.09
532.70 432.11
593.63 195.43
1029.94 245.88
1189.98 194.24
582.68 192.57
303.68 181.17
303.34 551.43
859.96 188.85
706.53 243.05
181.51 376.22
770.62 212.49
776.30 309.42
700.36 471.25
882.84 308.53
894.28 308.17
525.77 247.37
847.19 250.29
199.69 250.90
1097.41 371.70
381.38 265.94
961.37 269.47
508.31 379.88
1353.26 307.27
549.63 482.01
1040.97 305.78
193.19 432.34
909.06 323.28
474.07 331.67
951.45 241.64
133.40 335.87
707.90 347.73
592.74 581.80
685.67 353.90
805.67 600.52
219.11 388.23
437.01 533.36
398.07 597.89
631.34 426.51
343.92 422.11
414.27 451.61
559.06 184.45
422.46 470.73
1263.87 459.39
900.40 502.67
704.49 510.97
142.51 234.85
768.78 530.64
587.29 545.35
443.50 554.67
1007.95 569.16
1134.32 572.65
747.86 185.32
581.98 601.99
568.97 585.38
544.41 613.33
811.83 283.83
1186.83 624.05
199.24 300.64
570.21 360.34
899.44 21.03
726.98 183.22
1103.62 369.09
923.77 522.31
725.52 371.74
499.09 54.36
517.50 425.14
752.79 65.83
234.60 69.12
917.17 300.75
602.74 427.74
140.65 88.22
41.86 84.25
473.74 368.53
178.26 82.74
522.34 88.08
949.07 84.87
149.25 87.00
907.18 95.42
229.82 365.98
934.86 176.58
405.69 104.58
604.56 101.19
653.47 227.85
420.42 505.49
246.26 363.00
537.67 475.77
855.26 108.86
779.61 228.51
984.93 173.76
1219.22 119.82
110.76 115.51
597.24 361.56
1051.72 122.17
969.11 124.11
35.67 119.75
697.84 117.34
383.62 131.79
861.72 479.66
767.37 581.65
777.81 500.82
619.34 132.94
973.98 134.41
449.92 276.63
611.62 140.49
502.28 140.68
936.58 143.32
141.87 144.36
1171.15 428.02
809.09 161.08
300.98 158.07
1004.43 161.67
362.57 282.13
220.76 171.80
708.55 174.31
658.13 64.89
197.09 167.75
843.53 531.74
141.54 454.27
372.88 186.87
581.14 453.94
745.86 275.11
243.31 333.08
682.65 318.48
666.62 348.45
543.57 403.56
937.70 514.53
232.87 177.46
320.00 210.01
594.21 650.99
1093.98 331.31
867.73 522.24
1032.26 212.79
690.91 218.15
632.83 234.71
62.06 528.29
649.05 521.22
117.84 307.97
293.03 326.11
124.48 136.71
570.43 355.46
427.90 544.88
953.65 572.39
819.33 36.71
214.66 48.34
348.21 536.55
644.01 101.21
689.21 205.88
608.80 318.88
723.14 146.29
993.87 155.72
1079.81 357.82
236.28 193.54
588.10 617.97
634.16 228.72
1243.02 228.12
154.88 221.80
1139.86 308.76
131.91 610.88
483.94 329.85
684.98 389.59
766.15 611.45
152.49 482.26
246.74 529.69
352.51 311.60
725.59 58.79
184.71 167.38
740.53 339.40
143.87 529.93
1045.57 561.38
577.03 574.72
172.69 429.70
832.31 597.81
853.53 654.52
630.62 292.76
1068.15 59.59
131.51 299.10
115.40 355.62
878.88 476.53
238.23 66.77
469.67 72.78
197.59 90.47
487.54 94.68
818.19 581.14
1087.76 124.65
488.87 132.99
238.32 280.72
316.74 339.00
155.69 201.28
897.85 241.17
467.90 338.97
504.30 266.43
125.27 279.83
223.21 175.40
302.85 414.62
576.32 498.07
1096.05 60.58
124.08 91.89
658.16 96.51
678.18 129.07
435.10 167.02
455.77 169.17
460.52 284.43
360.52 204.87
632.94 246.32
824.05 475.43
957.60 277.96
503.75 284.69
1137.08 469.45
940.97 315.08
888.76 328.79
485.39 353.64
173.18 331.21
461.05 270.90
824.12 639.71
175.45 403.16
874.27 422.81
108.41 432.61
574.95 264.36
424.23 440.80
639.66 333.52
640.77 329.46
566.38 456.02
334.09 346.35
567.21 451.50
1045.44 512.92
910.69 538.25
193.37 167.45
457.02 554.63
517.63 602.25
823.18 332.99
823.39 325.99
234.90 51.99
655.22 61.98
529.38 107.19
254.63 492.54
560.24 560.44
381.22 176.31
1026.10 213.00
407.96 466.06
379.65 398.77
682.64 328.17
90.16 323.68
199.99 253.74
672.42 323.41
412.87 260.87
668.22 289.11
513.18 277.86
164.58 396.88
157.41 264.83
189.91 294.78
635.93 168.19
325.49 330.87
724.61 206.45
618.56 355.50
247.49 374.51
297.34 375.49
871.29 565.92
541.75 397.25
955.18 492.19
1092.86 382.61
233.89 488.75
207.37 410.77
335.33 431.48
227.01 364.50
952.04 440.48
262.11 328.72
1010.68 165.73
537.31 447.52
1119.81 202.62
107.59 165.04
407.29 517.47
498.46 578.94
893.26 165.65
373.23 602.51
255.38 607.34
202.68 491.57
129.45 608.69
204.79 487.67
578.26 318.29
243.85 319.50
500.24 627.72
578.36 647.37
114.15 257.40
210.73 160.89
1137.23 444.54
1260.88 54.63
418.47 257.37
1226.55 98.34
38.30 120.60
368.91 531.95
145.36 197.26
780.46 148.86
118.55 254.70
228.38 158.30
826.40 165.53
842.16 170.93
259.31 441.07
212.48 420.43
723.34 172.46
570.98 176.43
525.91 197.67
233.30 194.88
940.84 436.82
242.48 206.50
298.34 218.18
888.26 312.94
1091.38 220.93
849.47 423.36
400.66 340.97
365.04 268.03
606.49 387.34
479.31 277.26
791.22 316.98
1093.10 287.02
1096.34 288.89
227.92 352.07
166.84 249.74
776.56 198.56
601.33 580.23
999.09 310.39
662.23 313.40
636.62 386.64
660.41 347.42
682.54 196.84
1050.53 344.70
705.17 534.57
235.62 438.56
253.71 347.81
167.37 396.99
374.30 401.45
1173.85 532.72
203.40 419.50
830.57 432.74
446.19 430.88
141.52 448.89
317.09 450.19
153.60 452.62
158.30 138.67
73.10 478.46
264.38 542.21
527.88 467.21
224.59 434.14
931.26 538.59
241.58 515.19
698.24 518.55
603.11 520.76
793.79 528.38
336.58 531.71
836.71 533.54
382.22 535.24
488.18 570.70
513.48 559.62
91.40 431.26
795.74 340.37
1146.61 617.87
545.75 244.48
743.24 42.45
1339.53 40.80
808.33 45.33
722.81 53.23
615.19 188.84
370.02 609.13
563.50 93.36
577.99 112.27
758.28 109.85
325.77 154.43
922.86 247.03
125.56 135.84
579.00 571.14
748.16 152.92
684.25 243.74
95.45 605.15
786.79 532.57
1182.04 194.95
777.57 312.35
350.03 188.77
178.84 414.76
177.08 243.45
787.72 260.87
130.44 277.27
248.28 304.80
370.90 281.22
253.75 280.07
223.93 283.67
722.59 522.07
1055.42 297.22
360.05 431.10
594.55 577.16
412.61 308.88
786.87 318.14
950.64 325.21
782.39 329.34
839.55 336.59
130.31 335.55
559.22 340.98
949.66 376.01
159.94 351.86
560.34 368.71
581.20 365.59
246.18 370.31
294.80 373.11
205.53 376.21
536.94 397.42
805.81 402.68
781.44 411.14
829.85 282.11
809.08 420.52
940.12 432.90
692.05 303.94
565.31 302.97
566.97 183.68
844.37 525.72
470.36 548.01
586.87 473.92
369.73 599.06
878.91 473.08
479.72 485.77
663.58 282.54
400.32 500.23
889.42 511.73
889.57 359.98
549.51 515.09
334.48 425.19
334.22 589.06
159.34 236.23
745.51 358.19
376.00 593.72
639.39 130.90
589.10 644.21
564.31 647.75
194.10 299.41
910.76 34.03
377.21 507.24
664.71 43.51
904.32 292.00
243.33 46.17
962.16 425.33
1066.24 52.12
1067.45 61.72
127.39 297.68
622.15 61.51
545.83 427.57
242.06 566.62
891.12 68.34
1026.96 78.33
566.99 72.29
675.20 80.89
448.45 80.26
43.83 82.39
264.58 548.52
1080.78 509.02
182.87 93.79
657.92 223.88
802.58 88.96
106.42 94.62
661.41 103.86
568.32 104.10
904.16 105.96
107.66 227.89
719.97 178.77
600.63 359.08
680.53 114.05
73.31 476.45
32.16 423.58
518.67 540.42
155.88 533.31
1322.08 120.68
871.21 118.73
682.77 120.87
433.08 551.08
755.86 122.44
716.82 291.88
514.73 308.51
361.74 173.24
1052.88 291.71
699.10 345.10
210.51 49.14
318.17 335.42
646.95 84.55
741.53 108.14
639.75 129.01
777.57 410.66
399.89 160.28
823.25 642.08
838.45 467.74
675.64 221.41
254.85 247.51
1051.28 459.08
584.13 277.12
603.71 351.60
507.29 277.92
160.19 215.63
905.96 575.86
1054.13 337.29
462.97 213.26
819.20 560.75
1004.17 503.01
676.90 377.07
701.90 172.11
449.95 169.49
863.79 183.43
949.00 139.47
137.36 183.66
964.18 498.78
228.40 196.50
173.69 229.72
278.39 237.95
649.96 517.31
567.14 248.14
292.21 259.02
703.56 215.38
389.92 139.70
397.07 350.78
444.89 337.98
743.04 307.82
445.52 333.96
545.25 406.26
438.47 207.98
773.54 507.80
799.15 338.33
928.71 451.62
877.17 208.54
647.64 359.77
811.33 385.37
590.96 271.10
721.77 424.31
303.72 557.20
216.73 464.71
408.03 122.62
447.65 477.34
764.98 508.96
765.74 541.58
591.19 515.71
558.20 269.49
727.43 520.53
473.30 531.35
494.28 168.64
386.24 140.71
502.24 328.66
602.42 583.34
973.88 127.60
474.20 348.48
951.66 25.53
350.51 328.72
241.68 449.77
738.73 331.27
887.20 169.97
381.14 169.29
1023.73 215.20
453.03 225.21
408.70 137.86
74.00 331.30
365.00 181.81
358.50 186.39
393.88 198.49
208.30 195.95
840.00 168.51
817.53 241.62
434.60 120.73
678.12 321.69
300.32 241.46
210.18 402.63
680.08 264.25
935.98 146.57
458.74 585.28
1012.09 321.56
505.95 319.72
486.26 118.96
713.95 343.24
652.72 257.87
142.41 357.39
243.97 373.45
246.85 378.62
770.30 379.70
610.96 388.28
1015.37 439.64
180.05 321.23
767.35 402.65
394.40 265.82
179.87 488.67
387.53 264.43
947.61 412.92
578.06 527.84
592.97 426.30
383.87 260.84
773.84 424.82
180.31 206.82
929.69 448.87
999.70 469.20
1271.13 197.32
740.37 473.22
272.73 396.83
673.89 320.50
787.91 580.01
300.22 221.52
1146.13 492.85
741.47 341.22
726.44 546.92
527.15 173.60
931.70 440.96
570.52 356.40
791.56 583.00
772.45 621.52
772.99 618.23
837.55 552.14
67.42 443.72
638.66 201.76
696.61 41.64
525.01 112.27
504.82 325.34
78.66 72.29
138.59 529.05
721.38 84.60
848.59 198.16
624.55 394.91
609.06 111.11
218.30 201.91
179.62 110.52
107.85 157.67
1294.88 155.96
567.11 166.11
396.88 163.57
789.04 112.52
1044.35 291.79
448.78 544.22
681.07 189.85
277.84 253.28
746.22 205.64
875.83 471.26
726.14 253.94
582.44 221.81
764.30 319.24
437.41 425.40
532.14 109.53
471.71 384.04
897.16 243.43
429.41 508.43
646.94 256.70
243.18 472.66
740.23 270.54
678.89 159.90
334.13 272.00
583.15 270.96
680.93 357.94
787.15 314.58
815.26 318.73
444.78 541.16
913.03 296.82
318.35 548.95
765.50 388.61
786.74 107.72
855.58 332.43
757.91 554.81
528.30 346.02
335.37 349.30
840.13 346.79
115.72 353.44
241.15 518.79
692.12 374.85
956.83 377.26
233.05 436.87
824.08 294.56
940.02 404.53
371.77 248.50
982.42 402.29
331.74 406.65
189.21 248.60
536.94 313.97
948.22 379.61
889.18 451.25
836.57 461.40
952.37 654.33
784.83 470.72
273.04 480.81
653.44 355.24
573.09 520.46
334.17 529.02
839.74 525.40
945.84 249.49
948.63 242.92
514.18 435.55
662.50 365.25
843.82 588.37
803.16 602.13
955.10 643.32
777.63 374.28
1214.42 19.88
1252.66 50.09
933.49 246.51
661.57 68.77
523.70 293.86
321.93 547.06
665.75 92.69
431.25 90.12
563.49 98.37
863.38 310.78
667.87 102.92
570.89 105.69
762.45 112.24
770.76 94.04
429.11 120.23
1361.97 137.59
1142.35 153.96
668.51 173.06
739.21 228.65
398.71 211.40
385.67 188.68
169.71 231.38
865.67 251.58
305.94 256.93
475.85 270.22
134.10 187.16
368.05 280.16
676.29 295.84
396.98 295.67
271.46 341.93
416.16 308.70
435.29 410.76
479.98 374.67
506.04 241.34
838.75 332.77
662.70 343.82
682.79 304.54
334.14 410.74
614.59 184.48
770.39 234.01
261.64 415.79
700.91 306.39
469.91 361.47
718.96 416.83
686.76 421.83
338.22 425.10
239.15 95.83
397.97 438.89
580.74 449.57
302.21 465.95
194.14 457.06
726.51 464.22
245.94 468.03
112.90 468.64
281.55 479.76
568.40 88.75
952.21 492.66
113.73 497.14
953.23 507.81
828.34 145.81
726.93 532.40
727.78 546.04
497.56 596.02
611.59 556.29
231.01 560.97
928.84 83.87
353.40 147.90
352.28 144.20
326.50 424.25
189.75 299.36
378.89 182.44
320.25 479.60
730.30 356.84
874.23 32.23
722.50 184.06
265.72 42.89
664.67 44.48
300.69 342.52
494.06 418.91
539.79 478.92
843.83 355.71
255.25 71.83
556.34 295.95
337.33 478.47
477.56 79.72
480.25 81.78
442.57 419.61
142.29 85.93
530.62 289.26
245.51 82.08
593.14 85.95
797.43 84.37
354.37 280.14
711.78 418.54
597.63 411.12
702.40 344.60
800.52 408.30
737.50 110.09
614.62 125.75
316.17 466.28
221.02 157.99
487.95 218.84
496.75 188.60
657.68 191.98
234.94 408.44
571.15 276.22
226.38 289.24
582.19 279.53
944.20 277.00
620.64 376.59
919.18 171.10
859.78 419.23
481.40 407.16
420.41 336.71
490.78 135.96
690.26 516.63
480.34 551.61
175.44 124.48
726.11 55.02
841.88 273.16
560.33 373.08
170.44 127.29
511.77 535.77
493.53 162.99
691.61 168.19
1032.10 269.52
104.17 214.88
364.13 228.91
1009.16 86.56
206.86 244.21
903.79 400.14
551.08 302.95
569.62 86.46
530.15 408.03
782.03 336.20
207.47 371.97
657.71 78.33
826.06 632.71
775.10 396.77
173.92 400.88
839.82 473.37
358.05 333.75
354.84 332.00
152.99 283.36
815.19 508.43
361.25 517.99
530.88 518.86
615.16 554.92
853.01 589.83
449.81 225.26
526.85 353.91
1274.40 87.44
223.62 286.90
170.19 321.93
376.61 167.66
1034.61 267.58
464.35 115.82
225.25 81.17
878.07 145.21
857.15 164.39
484.34 182.18
227.24 76.30
85.34 369.61
963.40 165.37
720.71 211.63
102.56 209.94
518.63 352.03
746.59 239.84
295.95 267.05
427.30 131.03
715.60 120.32
975.31 352.00
253.56 350.81
314.09 263.71
611.97 315.05
428.36 464.07
529.87 540.40
610.34 396.09
606.21 205.05
465.85 182.03
189.16 396.68
842.96 359.81
916.16 330.16
695.40 137.25
304.42 554.55
718.54 364.61
238.93 394.96
1048.30 131.81
272.53 176.01
90.36 433.70
594.97 261.57
467.60 448.58
236.22 459.22
476.91 554.82
718.96 480.15
564.19 261.41
317.44 480.52
417.37 163.36
453.30 586.88
106.94 161.62
433.08 585.20
919.37 254.11
563.62 610.62
63.80 447.52
116.99 259.02
208.47 165.20
797.16 71.99
130.82 79.81
692.91 113.53
791.14 107.62
688.64 116.27
166.60 127.05
418.42 463.16
486.80 69.15
694.59 65.97
232.59 200.32
567.37 180.91
281.15 255.89
371.07 182.87
589.44 621.58
913.11 138.74
370.95 498.46
530.07 202.92
658.36 390.93
537.19 523.47
257.15 218.09
193.72 252.73
568.01 257.45
174.07 550.67
568.52 267.35
537.68 503.35
921.92 131.37
573.28 252.95
1146.79 304.92
227.52 384.56
852.86 329.06
334.87 486.75
332.11 486.50
923.00 254.97
777.98 357.62
924.67 56.97
937.04 248.15
379.75 364.61
568.43 375.60
504.77 315.35
999.92 377.36
718.73 316.53
939.39 179.19
856.01 131.58
372.97 251.79
939.55 400.53
241.69 61.82
396.67 403.54
913.09 432.48
904.59 343.87
905.82 157.97
204.66 430.41
1197.37 449.17
875.21 192.73
262.51 49.55
781.75 60.12
826.25 295.01
317.03 498.08
577.03 520.78
771.87 91.40
385.58 195.36
397.14 348.80
422.54 535.02
386.50 534.39
484.17 567.77
600.02 199.63
818.57 577.28
720.63 293.90
1032.92 480.82
575.31 658.68
542.06 246.39
698.95 221.01
952.11 33.02
239.20 38.60
1006.72 44.51
164.97 311.52
993.13 415.20
627.13 79.27
654.92 111.81
190.78 184.58
668.63 140.02
696.25 167.69
933.59 98.53
370.05 377.89
802.83 411.61
229.78 367.71
94.64 603.53
392.15 308.12
486.23 194.14
544.59 190.41
428.23 201.04
396.91 602.88
743.62 301.46
576.38 89.61
966.87 379.45
783.53 262.42
562.15 254.71
688.39 377.09
715.45 52.88
514.05 287.86
832.51 285.65
684.11 297.60
480.72 377.85
704.69 304.87
182.98 322.72
646.18 52.04
876.15 93.07
826.16 98.28
445.99 302.86
633.29 399.53
803.99 526.52
585.03 233.57
300.79 426.06
838.14 50.21
707.32 437.19
693.37 302.65
286.81 454.81
485.59 147.95
697.51 476.59
740.01 480.77
520.60 597.71
209.09 484.36
319.72 184.18
885.51 369.53
439.51 410.69
364.82 516.69
425.94 369.30
769.70 534.43
853.49 41.82
525.98 589.91
608.37 599.91
944.40 175.38
794.43 511.89
116.54 506.71
601.54 409.73
896.20 216.52
300.16 336.38
526.66 172.68
524.10 187.59
281.10 224.09
202.59 456.22
1022.34 505.95
64.78 335.23
461.08 446.44
580.05 91.21
639.81 115.86
823.51 295.54
160.30 141.26
111.93 499.58
910.98 29.17
367.98 508.25
594.39 214.38
348.31 283.39
512.25 635.41
705.12 141.82
727.66 171.62
976.71 347.69
290.15 335.71
462.23 349.61
914.02 347.12
931.07 27.76
530.59 403.70
787.87 334.97
111.32 76.31
441.47 160.85
677.28 382.58
719.39 120.69
429.65 128.96
221.49 460.15
293.89 482.16
1145.82 21.37
526.75 144.30
953.50 516.21
678.72 84.17
601.93 472.60
786.46 546.24
607.10 206.12
227.05 324.15
968.67 128.47
598.94 619.37
516.88 298.31
240.76 40.55
998.65 44.52
462.42 353.56
390.59 126.65
437.44 407.35
800.03 352.32
549.01 266.19
596.95 674.03
826.79 631.12
1046.24 292.04
1136.86 145.07
423.65 264.36
1233.54 626.41
280.80 201.02
365.59 207.81
482.67 212.56
638.85 231.03
154.63 288.62
559.69 492.54
789.00 564.65
729.77 249.65
1047.05 122.15
133.30 174.54
840.65 394.25
888.64 309.49
339.62 360.94
762.16 391.67
617.75 392.14
603.01 406.23
645.13 326.65
245.58 415.60
648.10 323.96
378.38 362.00
479.02 73.72
684.80 341.56
458.96 442.41
389.26 455.66
781.17 605.81
789.90 484.27
834.83 509.96
578.15 532.80
267.33 187.51
345.81 595.28
938.96 428.76
1176.22 28.46
921.99 37.82
457.09 471.25
690.86 162.23
621.74 391.80
610.78 123.65
166.75 131.30
929.89 131.65
88.28 356.24
843.43 149.09
691.17 105.78
727.47 141.66
187.80 224.00
568.68 162.47
574.53 389.61
251.50 167.25
224.72 159.10
539.81 183.68
834.97 514.04
615.77 176.71
726.68 255.76
730.37 224.95
866.42 566.69
181.56 393.59
381.82 440.07
681.11 162.19
515.57 385.41
731.50 109.61
734.59 127.97
421.27 438.68
642.79 515.83
938.07 198.28
186.31 339.84
151.96 347.04
239.70 511.77
282.87 476.36
775.43 366.78
394.30 606.81
212.34 427.97
243.71 61.35
797.56 410.99
577.54 144.80
201.48 546.04
424.33 428.79
882.46 483.56
707.89 435.53
610.47 516.19
428.82 429.71
795.84 104.17
545.45 463.32
340.65 193.45
516.30 578.43
288.27 461.30
763.48 556.77
796.03 349.20
416.21 246.01
470.65 281.10
493.02 607.68
538.83 247.45
213.78 462.94
1085.93 149.79
720.96 300.84
165.23 308.43
916.97 58.99
597.42 371.33
408.73 309.56
316.11 502.21
390.57 530.72
780.81 54.05
406.03 126.76
377.84 383.12
649.85 101.09
998.40 193.76
445.34 518.26
613.96 160.44
1249.64 520.18
361.74 227.83
191.76 254.91
530.34 511.52
975.07 241.31
684.65 377.47
732.26 295.63
773.90 503.48
642.10 50.16
681.12 90.33
446.66 306.58
523.85 96.26
408.96 237.88
346.66 147.52
327.03 403.51
844.88 48.04
960.97 419.42
380.67 439.35
488.36 148.78
426.20 91.93
756.47 473.22
915.91 488.35
799.55 412.40
571.15 277.65
237.50 408.91
643.07 254.92
686.16 300.21
708.38 336.43
1302.66 405.15
967.97 225.72
108.69 216.78
203.35 412.77
470.29 238.87
653.82 273.22
672.18 140.01
979.34 351.62
362.14 551.20
180.97 542.59
373.69 173.69
368.90 206.84
871.43 429.21
949.87 221.42
283.05 228.46
86.42 370.39
550.88 590.58
126.06 568.43
912.02 487.99
603.36 393.81
389.43 260.24
206.87 427.32
182.29 202.42
303.29 499.22
372.52 505.59
1022.94 508.88
609.43 599.51
831.32 594.98
1149.54 21.43
876.54 33.38
779.80 490.43
471.30 519.93
843.45 408.50
370.62 500.43
262.10 372.74
781.94 560.85
859.06 129.51
155.95 346.86
819.71 372.48
117.33 433.62
679.51 505.70
623.66 537.48
347.33 594.43
694.98 100.40
258.17 504.97
199.31 103.64
149.62 378.90
152.43 380.64
453.81 78.75
330.37 185.57
731.18 101.55
780.50 308.28
349.11 280.14
779.87 602.30
783.15 306.00
399.94 138.06
303.77 282.89
317.94 173.02
672.46 220.77
798.07 546.29
209.53 85.81
928.52 40.77
189.44 456.31
481.64 363.94
737.49 164.30
652.99 349.13
390.81 485.87
1328.79 252.89
842.00 254.72
639.52 254.98
499.34 541.23
592.95 82.51
861.26 134.40
287.48 407.36
648.44 119.75
825.72 336.88
370.79 352.12
496.90 538.80
451.78 564.95
546.76 194.51
505.89 232.08
396.19 236.34
954.35 407.07
490.92 484.09
379.46 128.51
642.55 296.73
832.51 36.96
546.79 302.21
948.56 73.40
440.03 353.92
759.18 221.30
931.54 25.42
140.99 268.14
144.30 268.01
1096.44 127.24
599.63 449.23
728.53 123.51
94.21 273.40
865.21 364.71
496.37 665.15
503.92 407.00
334.48 472.56
531.74 331.81
501.57 401.88
524.58 184.36
231.72 51.08
861.22 50.12
622.77 324.04
147.15 412.28
418.36 139.76
1047.76 141.40
146.76 158.21
620.23 152.05
736.83 153.97
352.39 401.94
465.98 212.16
472.84 186.72
287.28 209.40
742.52 237.02
927.78 83.50
635.86 446.95
409.00 461.58
468.29 442.17
335.35 398.58
125.09 270.23
130.52 269.56
134.17 260.19
937.57 82.81
874.88 282.78
469.00 180.67
948.65 294.78
511.99 306.86
907.39 309.89
507.25 627.08
417.80 335.67
607.08 398.83
524.43 632.95
329.07 472.51
935.50 259.15
538.07 569.88
863.53 360.84
578.97 397.27
580.23 396.23
848.12 393.87
390.55 268.44
789.04 615.23
831.30 75.43
844.63 141.41
483.16 73.56
392.39 321.87
629.31 356.04
185.11 200.87
722.47 465.76
1009.53 474.44
555.24 486.37
721.68 490.31
835.10 594.78
574.40 434.89
320.87 445.56
908.03 348.29
326.12 458.87
263.73 46.96
494.85 199.79
208.20 197.95
835.65 42.06
838.79 116.92
357.68 150.97
634.12 182.51
751.20 129.62
839.78 130.25
838.58 145.01
202.53 590.71
527.62 318.35
396.07 151.29
425.20 419.38
1265.51 163.69
468.96 298.66
616.44 291.93
379.87 187.16
377.87 189.68
148.73 144.22
465.54 299.46
660.97 197.87
980.29 113.77
737.00 233.33
421.29 234.47
418.92 237.73
844.28 229.07
174.87 551.96
595.51 671.45
115.38 273.67
560.32 300.19
739.79 300.86
205.91 416.62
741.29 312.41
896.31 133.48
924.68 92.74
294.06 250.45
200.36 593.35
880.57 361.17
334.11 185.66
103.54 233.22
814.73 373.17
571.57 540.88
829.91 343.98
302.95 418.53
358.41 425.55
390.06 433.96
905.52 477.33
104.10 314.31
840.72 339.20
819.13 59.26
574.20 395.81
719.09 466.72
818.21 505.25
1043.16 508.46
804.49 519.88
826.23 315.76
698.11 107.23
239.15 598.10
405.70 546.58
160.76 178.11
886.51 559.36
710.38 247.19
354.88 153.27
668.24 374.44
295.15 342.25
691.15 470.59
789.57 294.46
141.96 423.58
695.27 67.06
300.99 292.17
933.10 95.06
783.58 512.49
760.76 121.78
635.58 123.44
410.71 191.27
835.65 132.70
214.07 460.69
725.47 358.62
944.99 177.53
728.23 151.63
692.26 162.92
644.76 188.43
670.12 168.90
960.18 170.76
610.28 100.00
513.40 197.22
239.05 551.08
759.09 208.54
156.52 206.50
817.29 206.96
795.67 289.09
846.61 237.18
588.23 242.06
1017.24 264.84
265.03 239.49
672.85 102.77
728.33 289.02
937.45 219.81
644.70 532.94
566.68 234.89
284.19 312.76
564.61 321.48
586.28 558.09
801.48 313.66
467.24 238.81
545.03 461.45
765.97 38.61
703.18 340.16
877.82 80.93
385.70 304.57
302.86 501.14
287.74 313.29
949.15 223.77
976.63 242.34
550.53 398.51
293.64 335.37
899.92 323.07
717.76 86.11
557.85 409.93
397.32 379.21
611.71 562.13
564.14 429.32
970.50 224.19
671.70 539.26
339.45 521.07
475.25 286.01
295.53 286.57
322.13 285.66
438.98 116.37
389.59 485.96
728.28 147.59
685.06 174.72
981.97 209.62
623.47 173.26
434.40 217.90
656.26 283.02
626.40 171.57
721.96 231.96
652.21 276.87
168.91 262.12
322.67 466.54
231.29 173.59
839.71 78.43
340.76 168.79
789.30 332.01
913.86 49.02
302.18 422.28
825.06 54.71
494.16 450.47
883.34 277.30
362.24 424.73
437.02 465.75
407.15 168.59
93.42 270.74
553.40 588.03
734.52 72.75
530.81 330.60
497.04 403.22
473.49 210.63
712.93 466.06
933.84 101.91
843.65 109.95
581.77 115.47
470.97 117.65
75.88 331.74
272.53 289.39
801.95 546.48
762.06 165.39
307.86 289.63
805.05 210.00
463.78 244.07
762.66 280.07
549.17 286.71
282.09 204.35
538.27 582.75
823.58 342.38
338.12 370.33
472.26 183.28
682.11 535.90
930.34 377.09
335.79 403.23
725.95 395.58
626.77 264.91
424.76 370.47
1040.12 290.56
388.16 390.38
886.62 472.87
885.73 481.67
875.33 285.88
774.47 50.65
628.47 287.35
692.70 482.45
410.54 411.79
237.50 374.26
782.22 557.55
428.30 556.12
290.91 268.25
520.35 615.28
737.01 159.99
416.59 143.49
576.05 512.65
200.16 198.52
607.26 256.08
831.33 92.00
923.92 135.28
913.28 123.04
859.40 523.32
341.26 198.78
466.99 157.73
543.10 582.88
737.46 146.38
420.20 164.51
830.81 182.78
822.62 374.43
981.33 205.65
709.24 519.93
295.00 375.60
150.53 424.13
294.96 252.47
146.64 147.59
583.53 107.47
453.70 562.95
605.15 402.05
107.35 232.45
945.72 533.75
675.51 107.05
244.99 194.01
601.50 251.06
522.55 539.53
389.21 438.27
588.98 401.43
502.34 591.11
478.47 570.56
845.77 401.55
435.44 415.66
313.82 441.00
555.45 607.08
974.74 465.37
430.92 435.54
898.31 130.99
669.83 189.69
737.32 375.54
487.80 484.01
313.82 382.21
548.94 89.00
827.04 313.26
694.97 504.69
824.92 344.74
1282.62 552.66
1006.04 222.09
848.21 591.87
487.39 603.23
762.16 220.24
688.12 224.73
586.29 109.03
523.22 107.79
646.81 116.29
716.30 473.10
1072.73 139.64
362.08 379.31
259.42 165.99
412.10 187.03
527.42 94.86
492.62 196.28
532.08 531.69
782.34 312.97
801.22 312.35
901.25 219.81
410.74 599.09
613.49 334.95
836.53 128.52
515.88 299.61
249.89 548.56
562.25 236.89
550.57 360.23
752.89 543.06
382.22 370.13
524.95 84.67
842.86 278.94
367.89 124.68
652.63 127.00
955.14 415.41
248.22 551.50
325.76 470.47
1145.61 222.23
909.59 260.10
448.80 215.63
443.06 215.03
610.75 533.90
302.11 215.38
652.54 170.17
1010.71 27.42
982.67 397.27
575.21 568.41
788.99 526.74
553.30 226.63
590.68 427.75
591.19 437.77
899.04 214.04
672.19 166.06
886.35 22.99
153.87 90.77
722.68 463.37
691.18 73.74
139.90 162.47
239.77 266.25
756.26 643.52
510.21 349.60
540.91 98.10
535.70 479.14
639.47 100.31
762.37 633.68
505.26 158.69
732.50 73.60
419.68 510.57
936.36 105.82
372.61 585.67
161.37 185.23
273.76 327.36
834.29 205.36
698.74 504.90
343.70 211.31
344.30 207.14
426.15 232.13
289.21 349.03
921.04 72.63
454.96 583.13
301.13 260.04
1004.68 268.06
734.83 374.92
673.07 99.50
201.85 204.72
131.41 164.40
327.08 462.92
784.32 333.76
950.16 329.46
481.28 117.98
113.42 73.11
454.74 357.69
1302.60 399.63
533.79 537.65
448.42 204.48
245.52 397.22
641.47 234.63
243.22 395.87
394.55 260.67
332.22 182.64
549.69 416.42
470.67 139.86
475.77 455.89
506.69 456.67
1190.04 452.36
171.33 237.21
295.20 489.66
517.27 621.71
596.77 101.69
883.99 478.39
554.57 423.50
852.13 54.76
584.23 116.72
1005.23 203.93
102.42 165.70
283.02 526.23
516.99 531.21
898.08 440.40
336.43 393.82
1033.00 556.38
557.92 231.32
773.10 227.58
576.29 670.93
863.40 266.45
909.73 40.52
207.56 88.63
167.96 218.50
247.67 160.70
899.44 114.88
238.11 376.68
573.73 478.66
550.50 420.99
690.71 69.56
243.46 602.55
921.47 67.72
770.79 229.24
286.87 250.42
887.42 562.77
248.42 268.99
298.94 275.83
561.36 441.01
499.24 176.35
840.20 342.05
760.01 369.05
675.02 177.08
591.09 238.49
778.97 339.08
383.86 612.94
355.78 368.79
337.90 372.21
290.87 312.58
294.99 376.79
406.98 251.71
406.61 245.41
873.31 197.89
821.84 233.44
688.55 100.06
666.56 189.88
498.87 453.36
610.00 250.36
267.81 46.79
23.01 391.12
680.41 247.61
494.22 536.87
508.01 553.05
535.29 148.31
290.72 463.10
242.09 599.99
487.58 608.10
763.72 619.91
846.39 140.12
656.23 383.53
189.26 380.97
692.88 64.01
915.59 70.62
848.97 80.17
808.25 80.76
738.76 222.99
893.54 229.55
810.00 79.43
296.86 476.38
686.01 86.07
853.16 40.17
298.67 285.31
693.37 36.50
833.92 466.17
287.15 279.42
507.23 185.06
610.79 158.03
702.08 376.17
563.97 242.07
608.10 570.49
784.22 298.88
671.91 243.01
508.08 236.07
596.38 118.88
825.91 233.71
773.16 420.81
804.82 474.23
622.95 73.18
354.78 276.01
479.32 147.62
277.81 399.45
415.50 322.85
700.69 142.90
720.36 437.38
420.55 169.37
878.89 363.18
388.71 367.88
845.35 434.68
783.53 142.37
424.41 566.08
594.40 433.53
119.56 437.77
197.30 96.40
653.61 173.00
756.03 380.35
409.33 397.20
336.41 182.00
245.49 268.51
549.01 129.58
489.75 172.64
597.78 506.34
676.83 529.60
424.99 524.05
710.32 289.13
523.76 351.79
608.86 303.10
799.59 75.24
85.27 75.42
244.71 209.01
106.34 122.51
135.94 176.69
1011.63 282.22
363.23 168.23
153.39 208.04
1280.77 550.16
1158.35 200.56
923.71 264.37
777.80 88.61
738.56 235.99
767.35 241.89
242.78 255.60
296.40 261.90
837.57 208.78
710.58 291.03
720.15 73.32
476.22 161.45
939.85 324.56
430.77 523.34
372.30 350.43
695.07 364.04
186.43 382.18
905.02 385.15
897.05 215.59
989.37 195.41
434.99 360.52
244.80 96.05
772.81 433.84
474.71 452.61
722.29 319.86
696.71 552.89
556.96 489.66
252.06 551.37
303.78 162.50
468.87 115.73
410.13 204.19
762.22 527.60
68.06 84.23
733.46 536.04
867.18 265.69
862.42 66.82
643.59 196.91
593.08 393.85
145.70 177.91
449.40 256.31
665.52 520.95
863.09 37.73
996.53 201.39
584.92 412.41
148.03 94.70
548.25 94.39
926.17 322.19
768.88 503.15
693.15 550.53
443.81 110.15
613.72 225.06
466.44 242.30
518.78 242.11
606.30 252.10
627.77 263.15
794.26 572.20
562.50 437.90
227.25 290.65
124.72 438.58
799.55 110.92
474.90 380.93
660.16 331.40
391.64 161.32
580.41 339.39
823.43 343.66
153.08 232.93
408.39 149.04
396.68 391.41
159.33 384.37
922.15 382.26
339.36 396.23
436.03 237.62
581.87 142.16
1244.97 105.35
293.33 413.36
508.64 256.25
898.88 426.24
520.89 418.48
907.42 154.09
210.88 104.54
507.18 156.64
412.21 215.10
949.79 525.26
926.76 383.82
601.96 312.64
768.57 72.95
234.12 305.46
896.62 230.94
829.52 468.85
132.62 411.05
805.33 82.93
550.02 351.86
900.95 213.91
1300.59 408.45
365.37 377.81
1304.74 408.45
820.93 62.94
571.93 299.66
248.91 220.54
490.36 538.33
537.99 605.89
911.20 37.58
531.20 84.16
612.39 232.48
788.04 213.11
480.17 297.42
824.10 81.53
276.67 408.21
381.78 122.34
611.39 306.51
609.08 328.02
271.66 425.85
465.48 570.23
785.00 332.21
467.30 518.82
253.16 536.19
225.69 348.01
825.91 521.51
618.19 167.08
945.47 506.68
540.73 604.17
679.77 550.45
238.01 264.56
942.20 461.01
599.49 267.24
220.04 410.90
500.97 166.90
714.26 263.55
740.11 66.56
720.16 66.93
90.02 81.42
799.88 79.81
761.54 636.49
285.20 159.80
479.99 117.47
806.07 167.55
823.64 200.73
151.78 211.32
709.75 526.72
420.08 521.18
568.20 155.37
1121.24 229.80
819.04 236.59
325.52 513.48
624.38 76.17
930.09 273.94
244.57 253.80
306.51 451.79
783.92 301.42
782.10 311.48
594.01 636.22
127.61 165.10
367.83 201.81
767.66 606.82
750.52 239.97
1154.10 477.91
219.85 337.29
358.08 274.49
419.97 509.20
390.96 154.46
833.34 347.16
964.54 44.07
948.06 529.37
383.05 567.30
633.15 91.34
700.60 103.61
562.65 478.16
370.83 165.55
546.24 634.28
627.96 421.87
500.72 348.99
331.21 460.14
763.59 626.03
102.79 167.98
133.62 420.75
779.41 141.48
753.18 139.84
732.94 531.84
752.81 134.82
281.31 261.13
414.19 113.03
502.32 624.97
485.86 503.44
425.76 327.66
396.44 288.84
774.96 348.11
795.08 77.47
1323.02 64.78
740.83 239.30
741.76 215.69
415.94 134.29
419.20 250.29
520.46 118.06
1156.95 479.70
388.50 247.58
739.13 212.07
412.17 587.75
905.08 221.67
607.10 306.47
521.06 243.27
183.67 390.15
317.68 584.86
1004.01 429.69
657.94 91.26
849.91 418.73
514.71 590.99
245.41 309.23
243.86 312.50
983.66 197.99
309.59 246.95
388.12 460.55
479.06 362.13
474.16 381.83
576.03 468.18
343.58 403.44
506.92 473.50
1312.07 411.22
831.89 365.39
352.90 252.64
318.18 443.85
842.28 300.61
669.77 228.75
433.62 437.58
765.26 456.92
104.53 311.17
493.55 143.24
205.10 500.54
854.01 79.65
521.15 319.88
245.49 465.74
938.82 41.12
366.52 539.36
859.06 37.44
456.48 342.91
942.42 523.95
300.38 497.37
843.24 59.86
505.12 346.76
533.12 175.62
893.44 279.10
963.32 51.88
569.83 298.30
246.76 216.89
512.84 130.78
735.07 132.62
104.51 302.70
85.70 213.13
753.26 183.36
648.80 281.93
767.96 172.97
628.50 98.37
894.61 267.82
958.54 402.84
951.88 407.12
803.69 275.13
971.32 594.89
779.05 265.74
708.28 212.63
273.08 172.29
188.67 169.49
186.77 169.17
242.07 609.32
876.56 406.25
568.53 175.21
604.14 212.21
855.54 269.92
856.86 73.19
857.13 40.98
497.74 408.11
951.98 500.63
102.27 328.48
960.53 44.81
771.97 292.53
738.89 63.06
887.50 165.11
843.04 419.42
151.00 94.22
843.35 197.93
817.50 120.67
230.38 80.24
184.91 211.78
966.41 141.83
186.29 207.94
378.69 425.72
574.64 162.29
604.23 168.49
302.75 492.28
1006.21 206.37
615.73 329.15
899.87 504.21
737.38 136.47
750.30 236.67
342.05 238.00
799.85 139.58
870.09 204.02
775.96 437.05
732.38 487.07
596.30 632.93
718.81 359.28
451.88 356.37
545.43 363.69
152.53 420.71
1001.29 427.74
855.81 121.73
850.42 433.58
532.93 259.31
487.72 426.24
951.90 40.54
830.17 223.50
442.68 487.51
886.48 292.84
498.66 509.20
610.10 69.01
826.80 518.54
413.21 201.65
256.34 535.87
346.26 569.28
754.32 187.00
588.56 138.11
598.02 344.23
607.67 163.91
1051.98 422.43
576.98 471.56
692.25 97.56
412.51 110.00
390.05 157.39
506.89 373.93
523.18 323.03
186.81 103.96
122.98 423.26
176.44 315.15
590.66 182.85
85.40 207.06
911.09 281.18
330.51 158.95
418.82 151.54
963.46 141.88
717.59 258.42
716.90 67.16
157.16 382.99
386.80 244.87
223.92 483.11
991.96 411.07
305.12 325.56
135.94 555.59
482.00 503.87
347.09 356.95
974.58 373.09
955.20 351.84
333.89 555.96
892.48 82.68
384.52 569.37
140.87 287.01
446.22 468.40
746.84 43.38
841.49 62.73
135.77 424.32
200.72 471.19
736.10 252.10
409.70 330.02
91.53 212.22
453.09 332.43
519.17 323.23
192.65 214.18
942.10 265.89
820.87 68.92
298.41 493.31
943.28 464.65
63.03 103.80
668.30 379.83
602.28 160.84
950.05 75.91
529.83 56.96
391.35 121.17
688.43 384.67
516.19 381.74
169.39 295.45
221.18 583.23
242.05 91.86
589.64 158.04
901.95 374.21
949.00 526.95
910.61 532.02
516.03 545.86
832.04 409.97
751.47 367.64
799.11 141.87
546.26 637.27
488.72 538.51
364.04 439.97
923.73 430.71
964.78 139.58
896.95 137.48
131.48 424.14
488.68 98.96
362.33 602.48
410.35 151.97
845.36 62.81
688.46 201.38
391.77 238.64
687.94 124.12
319.21 590.84
896.50 368.42
891.67 281.95
584.96 149.71
360.28 546.02
683.83 472.21
980.99 108.95
837.33 267.11
171.97 295.75
324.19 512.16
388.45 279.06
454.14 234.60
544.08 456.26
70.11 85.73
940.30 39.03
807.43 155.13
448.62 348.80
490.43 247.78
692.09 417.23
400.60 268.97
367.43 419.62
367.03 357.51
490.93 250.76
550.65 393.60
828.15 413.59
999.05 500.83
773.61 144.10
928.09 526.69
363.47 544.81
863.33 36.09
302.94 287.58
715.19 79.02
586.63 153.90
732.86 136.45
67.06 103.24
716.94 76.89
192.79 272.54
245.26 237.24
263.14 349.34
613.39 229.91
620.61 444.80
846.53 414.60
1298.20 446.81
887.96 243.01
244.35 85.62
944.97 415.72
671.02 233.08
284.57 416.61
298.96 461.64
636.62 540.73
315.51 160.55
426.10 193.92
697.72 450.64
629.53 378.17
300.75 211.82
887.32 28.14
936.81 290.81
785.88 169.74
230.69 464.47
940.74 339.24
691.45 177.68
937.55 336.47
940.06 334.62
136.26 558.33
189.11 386.05
487.16 231.74
251.64 468.48
335.17 555.96
807.76 384.03
240.97 481.24
369.76 539.13
362.61 435.09
795.10 43.50
630.97 101.94
387.86 235.44
877.56 53.75
866.36 58.00
884.14 86.05
277.13 264.65
636.79 89.65
408.27 282.66
827.84 105.68
718.62 203.43
619.33 327.29
361.13 200.56
508.29 235.09
596.47 484.16
881.54 650.28
902.54 429.12
307.60 326.33
724.10 287.93
695.63 177.19
876.97 658.04
87.02 251.51
206.70 400.13
875.75 201.51
401.22 238.48
814.22 532.70
305.52 449.10
895.11 281.92
550.91 613.10
480.49 424.54
770.35 139.19
358.17 371.01
539.19 285.24
376.76 433.85
555.54 149.55
797.21 270.18
584.05 157.89
796.15 383.87
1008.18 71.41
897.03 394.74
825.33 430.98
432.09 259.80
768.33 441.24
1057.83 494.49
887.25 303.98
648.72 396.95
531.59 487.54
347.35 569.29
633.34 560.71
607.93 115.28
221.32 585.20
624.77 574.41
928.79 654.46
785.82 515.56
358.00 200.93
405.07 141.49
572.30 325.00
1006.34 375.94
590.60 472.71
780.22 285.56
810.05 519.68
366.55 374.95
502.40 163.46
419.26 246.39
556.79 111.26
699.35 98.69
488.34 101.10
601.95 115.87
548.58 391.17
386.37 317.88
432.95 240.18
792.42 287.26
411.55 316.90
692.60 174.20
799.37 206.93
489.57 357.75
350.70 192.98
917.83 566.14
796.64 137.15
449.61 469.33
446.13 245.83
851.78 437.39
443.36 248.14
544.25 119.74
891.77 425.25
243.41 88.53
642.96 207.13
358.34 217.49
759.91 478.90
958.79 382.81
199.35 469.42
614.34 294.84
382.70 509.71
581.27 406.92
456.26 236.00
769.72 537.50
281.91 171.28
188.45 181.07
993.40 501.30
500.47 458.54
537.10 171.34
595.31 481.58
259.74 351.66
363.93 420.13
139.29 196.37
716.40 432.11
184.29 300.49
719.59 433.72
832.15 369.81
717.04 254.26
237.53 454.67
221.32 407.57
478.78 282.95
750.36 369.83
714.61 357.34
436.88 290.38
876.66 71.69
878.54 150.05
876.81 214.91
879.34 509.41
943.15 281.64
824.65 599.24
410.84 285.31
128.31 413.14
463.80 538.24
314.25 162.68
317.12 162.75
805.61 140.67
206.81 47.75
513.36 586.54
888.57 88.20
444.22 241.01
711.76 284.88
563.25 79.68
248.51 471.26
603.46 632.46
552.06 530.61
188.53 387.67
618.30 223.73
206.70 44.57
576.77 200.09
440.43 463.59
932.30 421.80
925.72 267.26
220.21 473.00
804.60 262.74
552.48 258.83
389.69 123.15
281.40 424.23
447.93 118.22
228.33 474.46
876.83 154.77
599.99 493.55
303.50 211.28
498.18 428.39
159.29 294.83
699.88 241.97
839.12 68.28
433.76 243.11
209.86 398.15
237.71 244.68
363.07 389.86
402.45 271.12
160.40 290.88
361.73 439.87
853.46 324.37
155.86 380.58
731.29 363.78
629.50 197.00
501.84 364.58
941.44 41.02
762.70 545.36
535.31 170.34
834.88 118.31
201.85 352.95
748.90 118.14
696.85 74.60
395.32 385.13
776.13 451.38
463.50 153.03
600.08 342.11
512.20 524.08
246.87 419.24
375.54 437.56
148.83 445.51
840.38 54.47
1308.45 396.07
173.55 482.90
815.71 636.83
342.54 398.35
456.14 465.92
890.76 288.16
799.96 44.30
60.32 93.12
981.67 111.27
160.24 196.99
853.15 463.08
705.59 421.65
886.18 225.20
161.00 199.79
616.21 153.25
1385.44 468.26
113.25 306.71
192.62 634.07
887.92 84.07
631.82 378.90
585.11 563.94
366.48 360.48
262.24 172.38
271.70 160.45
774.61 293.77
367.02 424.38
694.06 473.64
487.37 229.26
616.68 493.28
267.52 160.12
794.52 221.87
300.15 463.52
922.90 267.12
251.74 470.19
1089.61 127.12
303.65 449.09
255.85 283.50
230.45 470.92
279.23 530.42
560.41 473.34
716.75 356.56
139.15 197.85
1275.29 83.21
1160.84 128.77
567.89 324.81
608.87 297.49
894.64 655.21
530.41 670.27
575.54 198.17
264.24 499.05
799.73 235.77
762.88 563.70
491.33 510.12
190.21 181.61
512.57 520.43
855.28 398.90
575.44 620.54
233.46 74.04
1091.65 329.58
704.93 182.42
823.80 104.35
537.20 451.06
238.21 477.07
867.28 659.43
558.90 166.50
228.79 98.24
639.40 323.50
1058.13 492.04
757.44 365.21
942.42 320.76
491.01 95.98
318.31 438.86
513.98 549.56
466.62 291.06
438.30 289.81
867.66 653.08
408.57 358.71
561.37 152.20
698.10 180.79
220.12 241.22
727.63 399.28
507.92 118.05
253.51 396.99
583.83 162.64
1014.46 391.21
953.78 413.24
691.73 381.81
412.98 386.56
881.82 77.26
490.44 199.93
444.50 583.69
447.96 237.20
826.32 72.86
911.14 292.32
851.77 463.08
511.69 615.21
154.07 162.56
696.02 73.27
1086.23 127.18
892.10 87.49
21.33 87.87
475.14 282.82
785.39 487.75
787.95 517.99
303.06 247.47
376.43 408.99
505.13 130.71
350.16 197.14
254.15 393.64
808.50 385.36
223.72 36.47
911.22 259.42
205.75 325.44
623.65 91.02
709.99 413.72
847.62 467.90
786.44 522.61
522.23 120.51
710.79 275.81
826.22 79.06
863.56 123.40
734.96 362.04
503.79 123.25
225.29 463.77
810.03 142.88
469.49 150.79
856.33 458.23
939.57 344.59
764.29 547.97
851.88 499.30
947.30 254.71
575.66 408.24
703.11 426.74
917.63 372.29
529.82 156.37
861.70 177.21
519.27 414.48
262.44 169.99
844.42 54.38
788.39 521.89
453.54 467.86
359.90 239.75
507.92 358.31
743.63 55.57
717.14 255.76
932.26 68.45
368.80 366.37
327.96 435.28
295.36 459.95
260.39 446.13
803.63 42.32
617.18 152.75
417.42 407.22
710.46 281.45
887.94 290.39
764.49 253.58
896.09 28.31
530.67 146.87
106.73 501.50
894.84 431.94
466.35 162.79
932.39 71.39
326.67 437.80
340.18 400.87
156.82 378.86
886.07 352.86
776.72 292.21
562.27 110.01
559.72 105.10
829.19 118.07
628.81 202.13
701.64 59.40
523.62 658.84
327.25 295.07
343.19 504.21
535.48 484.90
255.07 562.34
888.17 123.60
477.99 177.25
729.41 36.56
232.73 474.47
574.24 321.18
637.46 322.02
855.14 402.39
261.60 501.43
789.87 206.12
821.71 104.56
628.89 119.05
369.07 427.68
594.55 550.21
370.48 489.25
366.36 164.06
333.56 244.28
756.04 268.61
151.79 164.76
577.21 324.17
554.60 260.33
223.22 475.22
342.36 254.21
444.38 500.98
604.04 154.21
763.73 564.82
880.51 351.76
30.93 382.20
689.26 543.23
608.08 549.35
149.42 447.76
892.08 427.50
860.88 161.58
740.50 124.76
810.97 456.66
451.43 350.95
595.29 593.21
498.77 121.32
589.35 575.22
907.04 278.96
458.51 438.27
359.03 452.20
817.86 454.51
852.66 75.07
933.67 324.70
810.10 246.85
405.82 275.15
184.13 89.34
758.04 267.68
687.20 91.63
793.38 380.28
764.14 71.33
502.48 341.22
452.09 118.30
947.99 252.21
952.72 415.43
827.57 81.63
464.50 566.00
790.75 567.89
596.75 398.24
983.19 428.68
301.26 454.92
514.23 552.98
290.46 419.12
737.10 359.41
790.03 222.40
182.40 438.14
826.99 393.44
850.30 72.20
897.02 370.85
857.05 368.20
381.12 462.14
499.91 435.96
486.64 402.87
1019.27 472.88
791.66 383.84
594.20 511.70
929.99 65.08
127.67 432.75
591.62 594.65
356.91 239.78
447.96 452.38
883.64 301.55
212.04 93.62
341.15 174.83
926.18 259.10
410.46 220.67
157.07 162.80
787.34 256.19
479.10 291.53
252.96 556.03
794.65 474.55
859.86 371.03
435.05 474.63
603.05 164.00
774.81 136.67
523.38 602.21
675.66 249.96
908.25 288.08
489.59 119.69
478.43 294.40
560.14 108.23
902.54 298.79
865.19 61.05
600.32 630.26
805.41 181.40
728.59 117.08
173.23 480.10
932.32 267.27
880.69 74.12
471.80 528.52
786.68 247.50
583.00 566.35
408.75 371.42
703.95 462.33
701.34 182.82
792.14 238.12
337.92 470.15
561.75 542.08
139.24 412.91
764.96 549.38
651.99 88.44
620.47 127.07
1025.00 379.88
701.16 425.58
786.18 489.23
803.62 145.73
682.35 100.92
221.99 538.77
1057.82 446.07
182.28 495.26
407.67 388.46
740.82 526.44
693.84 537.29
605.70 155.31
526.95 152.82
684.22 96.31
397.75 343.47
811.95 242.64
808.25 177.67
522.90 414.14
429.31 261.13
551.04 175.23
408.96 336.41
480.48 177.49
276.04 394.56
718.20 271.77
367.72 363.79
793.62 232.44
762.54 357.52
778.02 324.06
297.95 457.28
320.54 373.47
930.11 479.87
488.51 109.23
335.22 481.15
588.98 574.19
428.78 291.79
410.92 182.32
413.02 183.35
223.02 495.05
726.70 239.61
883.25 133.19
889.22 657.70
426.24 291.95
290.24 39.56
712.89 272.50
416.77 399.82
946.72 55.30
260.33 449.72
795.18 264.88
225.36 85.53
517.37 124.21
422.74 196.78
627.90 130.03
338.17 173.06
577.32 622.94
670.61 524.84
505.69 126.15
732.83 239.54
774.47 262.50
614.54 420.26
880.67 49.99
534.01 231.84
276.76 423.64
501.31 247.37
753.13 116.89
792.10 464.76
276.73 419.33
465.68 566.60
355.32 444.34
877.55 552.13
538.29 286.19
501.87 126.13
273.41 366.85
688.39 531.69
698.21 427.06
367.04 167.12
470.18 489.42
1054.52 450.12
494.05 349.97
756.57 600.03
822.05 134.46
308.05 374.64
640.37 92.78
958.75 381.22
894.54 367.07
714.84 275.88
509.11 505.82
691.38 532.59
943.68 139.57
711.64 184.87
216.53 639.66
588.84 325.32
745.07 55.53
1007.74 560.51
780.46 296.22
108.12 306.54
914.82 251.00
412.52 157.83
599.53 398.06
433.53 472.37
250.71 420.96
568.13 334.68
831.66 115.53
382.53 318.63
363.89 187.19
816.49 540.68
464.26 266.23
338.91 418.41
828.99 391.54
1171.91 478.73
943.45 145.71
1046.88 433.00
415.52 402.81
879.49 553.24
320.56 370.81
694.50 539.53
478.70 270.54
934.17 325.78
728.80 134.80
366.63 186.61
908.63 163.17
880.35 250.10
577.15 356.26
750.23 55.20
473.40 158.60
689.11 427.00
751.43 189.38
809.62 196.87
330.40 177.40
574.75 622.67
410.56 368.22
762.85 562.01
648.75 197.51
597.98 395.80
592.24 590.35
432.25 474.65
148.71 364.52
430.33 264.56
565.76 335.62
517.41 127.24
814.22 539.30
280.25 270.40
702.34 246.21
455.76 62.70
705.34 257.95
313.70 460.50
802.42 464.23
733.60 504.67
774.68 249.31
675.19 243.59
908.36 378.28
743.32 136.23
335.04 498.60
326.54 160.72
568.80 548.66
209.15 310.52
1033.41 140.12
933.90 64.66
698.58 460.25
471.19 491.19
609.76 422.24
917.40 369.47
832.86 375.21
733.57 329.35
181.71 441.94
784.00 403.86
400.05 514.35
903.14 380.63
337.82 482.17
700.32 390.57
758.19 161.79
383.89 294.48
374.81 431.64
905.52 120.52
181.58 493.32
944.77 471.94
431.32 268.22
166.62 295.09
944.42 474.33
364.79 131.92
532.41 570.67
337.32 468.62
492.59 408.20
536.62 582.80
1105.75 26.29
492.43 352.13
911.66 54.61
802.77 53.55
223.01 87.34
352.33 362.73
795.31 266.92
109.08 55.12
820.89 134.09
189.47 208.51
803.16 150.69
553.67 170.19
644.10 202.00
943.06 216.71
781.14 91.43
939.23 49.83
253.47 420.13
386.47 308.10
273.36 372.95
501.68 244.42
884.75 348.34
626.47 523.92
643.02 91.67
374.74 334.15
376.88 338.19
355.10 447.73
680.69 181.08
798.39 51.27
997.85 219.45
146.85 362.73
713.62 182.31
144.61 164.52
890.70 245.53
1058.40 439.96
159.43 172.77
245.07 353.20
986.90 464.25
161.82 169.40
648.88 130.03
486.00 268.95
724.89 134.94
325.36 163.29
216.85 641.69
395.78 280.85
433.70 444.11
1003.43 108.00
790.26 241.17
858.11 170.92
801.42 483.27
402.16 515.07
599.63 484.20
815.01 472.69
597.18 185.07
852.05 245.75
733.78 506.87
402.47 422.68
919.26 328.17
612.60 509.54
1277.20 78.53
599.27 323.52
380.47 294.80
729.75 113.87
608.25 354.09
647.99 194.17
466.88 267.64
479.62 100.60
601.51 173.29
804.34 239.53
619.71 451.56
751.67 355.70
807.55 478.23
554.50 612.86
494.47 121.12
371.35 429.51
904.32 200.01
233.80 229.04
339.90 418.66
568.95 546.88
1007.33 562.38
813.82 196.98
972.56 420.63
714.66 407.75
613.44 505.42
259.40 458.74
742.27 196.19
543.55 370.33
346.26 456.80
538.99 290.58
880.23 511.55
381.64 410.25
537.67 178.69
694.75 456.36
787.95 456.52
786.87 455.01
192.30 307.46
628.74 434.97
677.22 54.06
857.77 81.72
528.41 601.26
541.34 207.61
855.94 173.53
990.81 409.08
757.05 191.06
349.81 365.68
435.68 441.86
539.91 179.81
859.70 617.83
1380.65 467.81
553.85 615.75
874.87 295.30
774.27 280.90
1059.16 441.99
271.39 224.69
144.04 167.85
799.83 475.78
515.10 597.52
834.32 375.51
703.39 389.01
646.68 134.66
504.56 226.95
208.04 277.51
592.14 466.40
515.85 636.10
530.50 570.78
624.97 489.81
506.52 601.51
808.19 226.26
117.30 53.12
242.11 229.51
865.39 119.44
514.29 368.75
774.25 335.28
478.00 306.35
464.92 138.26
344.16 262.28
893.34 371.64
802.57 185.76
834.84 263.57
1006.49 211.77
862.38 493.41
609.03 136.47
609.02 356.49
794.03 241.57
245.48 352.00
737.69 150.02
587.20 226.59
477.09 304.04
327.37 181.78
81.27 94.98
805.78 187.65
836.58 261.06
237.42 483.92
439.90 457.04
844.96 293.73
494.70 125.58
347.91 458.30
502.41 293.98
379.51 408.57
598.32 168.07
160.75 221.58
777.44 36.78
628.07 125.64
316.53 454.16
858.93 361.44
415.71 91.12
620.36 122.63
463.18 135.10
599.00 322.05
514.07 610.87
990.29 410.53
485.10 168.71
209.49 341.61
167.49 257.99
861.27 222.56
533.83 97.02
499.41 319.49
937.72 482.69
628.80 416.29
486.50 446.58
903.72 370.00
796.99 125.87
410.07 228.64
539.43 131.24
620.24 526.21
513.37 602.23
726.84 485.45
398.93 421.03
472.18 68.30
912.13 112.35
226.59 313.15
479.92 534.62
518.31 634.49
1003.76 381.73
514.13 366.22
811.90 148.19
498.80 243.12
907.76 484.11
696.08 446.06
754.89 547.94
366.10 435.95
402.00 278.19
475.52 358.29
892.00 369.95
330.58 497.95
816.84 462.40
547.74 349.33
937.02 265.04
316.49 459.59
497.35 467.12
772.98 278.03
849.67 323.92
398.76 278.73
813.49 338.97
853.66 495.91
904.20 504.49
208.74 344.22
993.38 208.04
699.99 55.02
592.11 467.86
544.75 370.53
803.47 478.97
443.42 457.52
843.87 291.58
457.65 330.69
127.87 227.60
485.78 444.53
205.60 236.39
146.29 294.23
349.82 248.99
915.79 325.58
690.89 476.03
890.29 26.89
498.13 193.31
438.01 504.45
880.46 241.01
158.65 227.90
344.06 259.54
504.18 291.41
516.24 231.27
504.54 511.79
786.01 292.87
692.12 131.92
1038.07 145.52
639.98 192.97
781.99 292.80
488.97 305.12
691.24 422.50
862.11 495.06
924.79 142.32
581.93 324.10
471.12 559.17
319.54 345.51
213.58 238.74
678.77 42.09
889.66 339.28
1052.67 454.02
779.99 36.01
688.68 131.40
460.55 133.00
967.60 459.89
698.64 415.07
177.82 86.59
367.36 435.69
495.44 468.85
467.30 559.78
152.87 529.77
483.67 416.39
887.67 321.10
694.79 445.15
784.80 221.50
762.82 252.86
608.52 134.19
460.16 333.04
983.36 493.22
468.94 67.69
501.23 601.21
479.28 509.50
788.56 145.37
907.09 283.14
308.15 380.73
211.94 320.51
219.12 248.81
140.43 427.91
654.32 301.62
885.79 92.17
454.39 450.27
547.71 346.89
960.31 193.96
321.35 345.19
881.32 392.28
517.76 606.85
143.48 97.71
499.89 268.25
704.50 137.75
143.19 100.61
609.23 73.52
754.95 549.51
170.25 586.46
853.53 492.07
127.52 228.60
728.96 482.03
910.77 139.88
791.36 570.33
680.07 204.38
829.95 52.31
696.72 415.84
892.74 26.81
617.52 114.50
169.29 583.69
337.47 355.63
359.75 125.12
387.20 153.56
943.23 79.63
164.05 357.94
204.98 40.73
793.74 94.75
540.67 204.58
926.81 142.88
705.12 151.99
216.12 36.41
172.57 260.71
603.12 496.71
936.27 282.51
467.91 509.30
494.19 312.90
733.32 481.49
789.08 569.46
156.48 187.70
522.60 234.15
159.31 231.44
96.38 329.16
606.96 505.13
418.74 105.31
991.41 473.80
403.51 436.69
708.35 151.79
652.16 285.57
140.17 432.90
800.77 450.43
178.12 223.36
572.89 344.93
540.88 137.42
762.45 326.46
269.53 286.46
885.73 319.14
502.75 191.79
180.92 505.29
709.57 453.93
211.65 322.93
882.64 393.24
702.53 138.33
575.92 343.95
603.45 505.33
776.37 269.77
500.36 264.21
277.73 394.75
605.89 554.44
895.39 361.68
481.44 140.57
401.63 319.38
310.53 380.67
616.26 117.32
441.83 403.78
180.54 221.74
228.94 233.51
344.33 250.40
194.28 602.44
605.18 502.40
713.14 83.37
656.10 296.50
791.28 129.67
942.76 388.63
476.89 64.48
405.97 434.41
603.60 553.59
802.02 612.02
678.05 203.02
494.77 315.19
324.06 394.37
813.73 50.58
611.32 501.65
210.15 220.61
947.96 606.75
334.86 356.16
460.73 525.87
381.90 328.46
836.78 159.32
680.06 299.26
630.12 365.77
565.59 369.50
920.95 116.41
180.99 507.60
154.15 524.34
704.07 56.67
967.62 466.40
163.17 355.89
487.36 412.84
220.95 543.38
414.00 100.59
296.72 399.86
566.66 372.12
125.54 255.93
790.31 87.82
179.67 225.72
637.79 352.12
278.02 222.13
480.79 409.85
1034.11 486.56
712.78 84.83
628.74 498.88
888.49 340.70
698.33 216.57
770.83 336.37
933.31 145.73
785.39 89.65
323.24 179.09
221.40 541.48
855.67 546.25
308.29 365.87
269.15 229.05
481.06 267.42
492.15 91.82
153.26 104.78
811.85 51.74
442.09 478.54
947.60 197.21
97.06 330.37
508.26 620.29
425.82 108.16
212.24 241.61
709.19 476.87
507.85 367.93
848.77 45.89
477.92 62.65
712.46 452.60
812.96 239.35
601.45 502.82
920.13 119.00
354.10 461.51
1060.93 437.84
420.76 466.77
219.87 230.61
967.60 462.50
386.09 517.38
696.10 366.20
888.79 241.25
943.84 385.60
298.23 397.60
222.31 233.83
487.23 527.25
482.55 270.08
493.99 85.10
852.89 270.63
32.88 395.72
247.08 233.85
428.56 103.72
845.88 43.56
883.90 46.43
1001.01 178.86
765.29 141.33
700.09 375.04
639.33 283.10
383.74 516.68
637.56 286.91
480.26 167.46
849.78 300.09
124.27 184.91
173.81 318.11
29.30 376.56
426.64 401.21
109.69 122.92
831.10 476.80
505.52 621.64
450.02 124.75
742.25 151.87
477.71 490.16
793.02 90.71
202.01 237.39
240.20 492.60
986.07 458.03
170.71 256.72
827.57 459.55
123.41 259.76
595.71 654.62
462.79 336.35
1003.35 176.92
308.56 368.02
225.03 221.09
357.36 210.27
419.75 173.43
351.52 462.36
792.79 374.50
494.22 82.76
692.16 438.72
932.18 149.01
762.64 263.38
479.69 516.07
982.29 464.06
196.10 113.22
890.46 201.99
637.01 281.32
484.70 307.52
518.42 526.28
174.38 316.07
421.33 468.62
498.14 110.09
244.08 246.46
465.81 530.80
154.54 104.79
398.56 298.64
548.93 222.27
321.93 399.46
427.08 402.73
694.45 441.19
206.51 280.31
806.46 217.04
368.81 388.92
849.01 297.97
373.73 427.79
169.42 253.56
994.75 210.31
767.92 354.57
793.05 134.82
618.17 489.43
277.69 306.23
967.38 473.96
883.40 91.23
833.89 479.21
345.21 464.47
104.49 495.44
960.58 651.97
248.67 237.69
472.73 374.20
663.23 337.16
357.04 212.59
424.34 103.20
478.75 518.63
228.12 242.78
121.52 186.95
697.37 371.40
487.23 307.08
657.28 293.13
255.07 366.89
789.54 533.76
218.00 233.99
215.32 223.05
889.94 534.65
488.53 465.00
640.97 351.08
443.50 479.38
81.36 327.25
532.35 228.55
761.80 261.74
759.18 251.40
772.74 339.02
832.43 163.16
659.80 296.19
685.02 382.46
478.48 95.58
286.01 44.38
224.94 317.66
901.81 266.64
429.06 565.50
420.43 91.78
819.35 77.85
828.10 456.29
513.22 670.25
784.99 355.46
660.88 335.97
992.30 210.36
270.99 347.70
485.41 187.16
280.92 346.03
347.69 463.62
863.04 570.39
278.35 404.91
860.64 547.96
684.19 385.79
883.98 90.11
874.04 90.33
702.73 499.15
457.53 336.51
276.22 309.13
525.44 235.66
793.49 150.74
891.09 37.59
127.38 419.92
786.67 353.19
792.09 532.35
959.43 486.45
163.26 87.34
801.74 129.05
788.41 372.80
318.18 521.41
887.13 533.02
599.92 127.17
317.44 524.20
18.11 377.88
468.57 147.78
407.96 492.29
180.51 87.85
858.32 110.79
181.25 86.24
945.69 615.08
729.33 304.32
797.34 132.00
553.51 337.18
374.32 426.45
422.03 432.14
694.47 369.91
162.17 87.24
239.52 464.35
887.45 186.76
817.84 78.87
434.13 564.13
885.40 184.84
460.36 337.81
793.02 402.59
544.88 228.18
621.30 66.01
216.81 492.24
552.38 404.33
430.85 562.96
822.85 186.40
859.80 551.12
521.17 587.54
202.07 282.84
720.18 105.85
291.00 226.84
189.90 393.27
543.89 232.20
853.97 270.94
784.43 75.78
293.03 229.59
783.80 492.15
83.90 327.51
959.34 654.51
706.33 546.65
289.65 340.61
552.56 338.17
369.29 469.56
829.03 58.94
289.52 229.88
287.91 48.56
185.01 99.83
875.99 87.03
186.06 159.52
878.76 45.22
832.83 50.72
793.08 404.70
1032.92 488.65
820.92 189.29
691.60 313.00
540.59 229.17
82.35 325.62
409.81 102.28
585.10 556.17
890.98 127.15
102.05 311.69
936.68 393.01
214.46 492.33
229.02 317.95
921.99 80.94
728.79 306.01
220.68 492.87
508.98 214.25
690.38 143.31
99.78 312.04
173.43 373.37
187.76 391.77
420.14 112.76
657.49 351.71
904.25 110.42
224.80 492.48
784.63 493.30
840.72 83.48
217.67 221.19
945.14 192.65
434.86 398.08
489.83 469.93
420.37 429.02
1056.01 429.79
323.82 488.06
544.57 297.62
909.00 351.14
673.28 305.36
765.27 598.51
761.37 346.55
148.98 176.40
881.18 44.72
488.78 154.49
686.77 145.75
184.93 101.40
583.75 557.73
1035.36 488.51
181.08 369.80
438.29 402.19
906.71 109.92
786.42 78.03
766.77 143.46
433.99 401.00
326.37 168.24
811.58 523.48
839.24 85.39
764.45 143.38
200.61 408.52
518.87 347.17
488.15 469.78
877.64 77.65
907.32 351.19
1013.68 174.53
326.03 488.43
812.57 525.07
542.01 447.98
177.28 371.64
908.27 372.11
674.71 301.73
785.43 446.09
219.43 106.28
202.40 407.78
158.91 182.66
303.45 472.12
896.77 353.88
200.82 406.20
542.02 450.00
509.73 223.43
932.18 207.31
241.04 54.83
576.60 352.31
319.93 167.65
890.39 345.64
892.38 586.23
479.49 242.45
1013.94 176.52
585.80 305.91
656.84 208.75
564.84 537.07
192.00 111.47
161.59 461.00
214.74 219.48
516.71 525.49
417.15 368.47
895.10 585.75
213.60 434.71
709.12 478.07
669.69 125.16
890.37 379.57
885.31 173.94
568.89 537.77
461.10 85.31
835.00 137.48
765.15 214.53
736.17 268.30
832.86 385.10
295.13 419.39
857.31 474.63
215.15 435.92
886.14 232.22
889.63 177.62
760.84 452.62
760.09 342.81
368.13 462.95
831.95 137.66
477.81 241.52
159.16 461.14
419.09 556.16
180.79 340.30
632.24 491.96
298.95 306.00
935.69 658.21
518.27 521.53
247.87 223.08
267.76 348.81
733.66 270.78
891.59 380.20
278.01 162.46
767.28 356.97
789.60 347.45
876.39 394.52
859.58 475.43
873.12 75.12
764.38 213.13
876.63 368.65
462.20 81.38
348.46 400.83
296.96 305.17
756.40 404.13
698.79 335.30
682.33 103.66
712.88 512.68
265.19 288.40
250.15 222.68
715.09 512.88
746.78 223.11
417.97 554.43
656.98 201.60
192.83 101.19
189.72 512.33
887.34 176.17
254.59 305.30
874.85 369.55
517.51 220.43
698.97 333.88
470.20 505.92
431.51 197.40
408.05 488.26
760.56 98.24
435.27 197.75
140.37 280.94
142.19 151.41
714.17 514.80
1063.76 441.46
859.98 322.25
460.00 574.55
700.42 334.97
347.60 399.11
744.92 223.29
410.85 486.37
503.58 105.35
792.15 346.73
1064.28 428.20
657.34 217.65
756.99 256.92
472.25 504.46
456.40 576.64
835.86 383.83
194.86 160.87
907.32 122.24
669.99 505.48
255.23 303.26
188.33 509.23
909.32 123.34
726.41 476.54
861.65 322.23
264.72 292.16
769.85 357.43
656.51 214.05
618.07 406.12
297.16 351.33
685.95 278.01
726.18 234.29
873.58 395.35
118.09 375.87
708.68 259.49
813.65 495.66
760.40 69.73
858.08 59.44
197.53 159.96
558.08 544.58
743.30 243.39
833.24 61.53
903.37 503.73
117.72 374.34
725.34 476.02
541.81 289.24
559.84 296.23
616.49 404.92
709.70 260.80
298.65 347.47
735.75 193.86
309.90 240.94
721.59 283.24
762.61 67.65
807.22 497.31
651.97 192.68
708.56 382.14
718.59 536.46
631.14 332.77
440.61 508.20
738.45 141.61
480.85 205.06
346.68 445.59
308.31 241.03
298.71 470.52
560.04 131.15
559.84 134.50
696.97 236.18
617.46 576.68
437.26 508.44
578.46 414.65
300.47 445.87
665.51 295.96
299.91 472.86
808.39 497.48
573.52 537.82
510.48 428.32
720.21 534.64
304.18 444.78
615.18 578.15
559.14 147.90
712.76 404.13
396.14 461.86
670.21 382.96
591.46 350.01
905.26 639.67
542.98 292.42
856.48 55.78
798.37 256.70
512.82 427.74
907.56 643.25
523.89 606.53
396.23 460.05
532.83 61.65
95.92 498.51
738.20 248.78
858.37 158.46
544.26 285.95
581.15 415.66
530.30 60.90
545.14 281.84
571.51 534.12
263.00 236.40
666.51 383.59
427.08 171.34
478.11 561.19
714.03 403.02
173.54 415.05
939.78 396.56
343.36 448.25
635.53 339.30
798.98 254.46
361.90 596.54
853.19 155.17
592.94 617.45
731.28 327.90
1055.38 436.78
939.00 395.02
714.92 398.42
262.40 231.42
518.88 589.60
1049.65 496.75
635.87 344.70
140.35 325.61
552.89 370.52
556.40 370.09
243.79 49.41
243.17 51.95
96.19 504.25
788.94 99.26
139.86 323.50
728.10 329.15
456.06 447.05
887.96 236.82
726.50 492.25
185.64 273.62
426.36 100.40
827.19 158.58
796.37 39.28
132.97 286.42
710.08 389.95
692.79 230.43
500.63 223.87
798.92 38.39
595.87 614.70
284.51 277.25
858.26 206.82
753.38 254.10
347.99 168.92
503.30 444.54
903.00 366.60
832.19 157.92
860.97 119.84
96.95 506.93
694.08 233.59
698.93 284.51
425.46 474.58
858.55 115.99
709.13 388.48
348.69 170.34
829.69 158.88
859.78 207.70
790.18 361.95
468.17 209.41
697.17 287.16
355.64 158.05
953.67 280.98
904.74 366.98
455.46 158.37
772.50 154.13
952.10 282.54
521.85 593.42
924.67 80.97
951.82 115.94
772.66 156.26
786.82 98.69
463.27 204.82
466.62 259.49
453.43 161.76
951.50 119.58
505.28 441.01
214.60 272.59
872.92 393.54
510.15 556.96
872.72 394.46
1051.72 440.88
205.52 229.21
215.09 274.51
209.61 227.30
511.12 552.93
700.89 531.15
471.75 161.68
677.52 173.54
706.56 528.99
880.96 229.56
672.22 124.00
927.32 430.62
929.19 430.27
241.30 537.25
239.13 536.16
678.58 174.44
472.90 164.66
869.45 326.87
509.30 200.72
675.35 122.11
509.79 198.10
911.10 294.01
888.42 131.23
424.68 170.95
505.50 438.34
426.41 168.92
501.29 210.63
869.56 330.21
887.39 197.84
324.90 173.10
91.99 182.16
319.31 175.96
532.72 197.47
504.81 437.06
889.59 135.53
280.40 37.62
91.27 180.69
666.31 145.18
534.71 199.47
296.89 498.75
765.20 578.16
599.97 545.54
627.13 308.25
293.48 504.39
598.50 508.64
596.37 546.78
664.45 143.86
907.90 297.68
763.27 579.56
625.92 309.89
340.23 489.20
599.43 510.70
795.39 142.30
793.22 140.50
296.13 501.63
368.94 492.30
413.08 137.61
337.84 490.43
369.48 494.30
849.58 111.32
871.74 217.37
956.54 619.57
419.19 97.17
842.06 328.84
280.60 407.57
1061.05 432.86
632.26 526.37
279.45 409.51
843.93 327.38
595.35 146.38
596.49 142.72
632.04 528.73
873.34 242.58
806.06 452.51
1144.54 455.28
270.67 336.18
932.76 294.75
872.93 244.97
1141.23 454.47
905.13 585.74
275.51 330.29
842.00 383.43
274.77 334.22
709.25 485.16
908.02 590.92
882.44 105.04
882.31 103.26
883.92 197.24
486.13 265.18
957.67 625.30
273.23 270.51
311.44 290.89
484.63 263.42
274.67 268.46
523.40 81.14
521.42 79.01
957.30 627.96
232.17 243.56
231.30 247.13
880.77 200.22
399.86 447.16
976.82 477.44
401.13 443.79
317.89 596.78
881.30 203.30
880.97 207.05
887.49 254.03
867.91 227.78
412.35 601.86
529.07 588.41
530.18 581.55
770.13 633.12
869.97 231.21
494.49 106.87
529.02 584.97
