V3 1273.915 329.744 14.01 0.01 0.84125800
V4 962.871 235.467 13.83 0.01 0.62732000
V5 819.776 246.483 14.00 0.01 0.51527400
V9 1269.823 253.057 14.10 0.01 0.52348000
V10 1053.995 287.203 14.31 0.01 0.37497600
V11 662.857 109.504 14.20 0.01 0.56478900
V12 780.093 76.045 14.32 0.01 0.38676900
V13 1211.463 342.334 13.92 0.01 0.66903900
V15 819.445 40.504 14.04 0.01 0.81064200
V21 1103.502 141.202 14.12 0.01 0.38081200
V47 1148.247 443.852 14.14 0.01 0.48530300
V54 440.857 489.028 14.08 0.01 0.77291500
V58 942.506 252.284 14.34 0.01 0.36988000
V66 589.916 121.198 14.30 0.01 0.40726600
V67 380.172 427.931 14.08 0.01 0.45100
V68 624.766 564.568 14.04 0.01 0.53460900
V94 1038.224 536.015 14.60 0.01 0.25393600
V185 881.822 520.639 14.47 0.01 0.33320000
V263 1093.570 104.733 14.20 0.01 1.01215800
