319.674 145.780
509.403 340.573
868.086 291.697
561.699 430.267
6.345 293.235
141.538 188.597
357.660 459.770
387.932 587.877
521.677 521.108
627.730 505.583
587.201 500.497
445.698 22.440
566.419 96.875
542.628 302.991
690.999 514.334
715.532 142.321
714.178 362.530
764.172 388.258
794.093 347.249
843.620 605.676
905.411 422.918
982.561 300.264
951.649 475.923
1061.344 594.427
1158.590 553.824
1316.240 639.060
1377.071 530.048
993.966 690.926
1028.188 588.873
995.842 649.435
920.988 680.354
995.277 407.118
855.581 504.026
707.923 107.240
812.772 304.176
1087.083 396.917
1030.597 511.923
137.168 547.854
1082.811 594.828
857.573 415.310
966.309 531.939
671.309 647.143
759.474 669.918
629.879 554.905
1311.765 400.542
786.942 529.357
474.998 264.876
925.821 555.502
836.705 661.646
756.894 645.873
912.971 365.915
818.311 505.225
1149.030 486.327
