1164.971 86.339
89.028 524.195
10.710 644.314
74.774 525.769
312.607 532.883
647.764 413.050
271.366 370.126
571.064 130.724
982.030 75.214
1112.188 236.499
272.203 513.479
43.048 543.559
932.142 254.236
668.224 273.549
224.048 525.342
50.996 207.410
148.202 166.710
406.606 216.545
305.937 251.790
366.658 142.717
311.668 491.214
128.212 379.232
123.235 429.435
17.834 201.890
76.538 9.875
20.167 124.937
736.743 666.105
72.464 207.791
59.997 441.755
1082.445 625.901
301.224 13.276
146.202 371.217
323.877 478.906
138.574 99.223
160.778 360.395
