23.83 57.16
152.25 668.68
173.54 415.05
187.24 348.27
192.0 111.47
192.3 307.46
253.81 506.42
277.88 574.47
321.35 345.19
341.46 347.19
342.05 238.0
357.7 418.59
357.8 605.13
374.3 401.45
383.05 567.3
385.67 396.12
388.12 460.55
426.56 239.1
429.31 261.13
443.65 323.59
452.09 118.3
467.6 448.58
487.54 94.68
496.9 538.8
499.91 435.96
507.92 358.31
508.64 256.25
510.48 428.32
513.4 197.22
514.73 308.51
523.85 96.26
550.53 398.51
556.34 295.95
567.27 409.64
577.15 356.26
590.96 271.1
595.35 146.38
603.11 520.76
621.3 66.01
625.5 411.34
631.87 400.67
635.58 123.44
662.13 241.31
663.58 282.54
698.1 180.79
700.6 103.61
722.59 522.07
731.23 186.17
754.32 187.0
754.39 504.47
768.88 503.15
800.52 408.3
808.17 358.14
819.35 77.85
826.43 349.72
828.34 145.81
840.72 339.2
904.2 504.49
951.23 349.31
952.21 492.66
986.1 230.67
986.9 464.25
992.5 512.06
1003.85 457.98
1047.05 122.15
1086.86 196.32
1244.97 105.35
1328.12 393.23
