17.70 473.82
20.46 69.55
20.49 465.88
20.67 63.81
21.00 72.93
21.33 87.87
22.43 99.75
23.01 391.12
23.83 57.16
24.08 95.97
26.92 127.59
27.69 60.50
28.46 458.95
30.53 482.52
31.31 359.79
31.98 500.91
32.88 395.72
33.24 354.14
34.13 71.93
34.36 400.74
35.03 107.00
35.67 119.75
35.67 358.47
35.88 73.64
37.78 361.86
37.84 452.33
39.48 93.85
39.66 99.76
40.04 390.12
40.63 455.99
41.10 80.33
41.26 110.59
41.29 74.53
41.36 460.05
41.86 84.25
42.00 71.44
42.52 382.61
43.45 61.15
43.70 56.28
43.92 106.84
45.47 87.84
46.67 94.84
46.99 388.86
47.93 495.87
49.00 82.25
49.63 86.43
51.51 70.14
52.41 363.71
53.34 100.86
54.04 485.22
54.58 348.69
55.88 353.58
56.17 97.48
56.34 70.57
56.36 341.53
57.06 104.00
57.99 539.73
58.36 100.31
60.32 93.12
61.14 54.01
62.06 528.29
62.42 56.56
62.46 558.09
63.03 103.80
63.17 70.22
64.78 335.23
66.87 353.89
67.06 103.24
67.28 364.00
68.06 84.23
70.11 85.73
70.40 344.19
70.73 354.39
72.39 513.84
73.10 478.46
73.31 476.45
73.36 496.28
74.00 331.30
78.16 78.49
78.28 59.28
78.66 72.29
79.03 485.00
79.69 65.25
80.24 424.75
81.36 327.25
82.35 325.62
83.33 556.63
83.67 366.79
83.90 327.51
84.11 351.93
84.55 543.66
84.87 303.88
85.27 75.42
85.31 292.53
85.34 369.61
85.40 207.06
85.70 213.13
85.97 54.21
86.18 344.05
86.82 79.36
87.02 251.51
87.37 246.82
88.28 356.24
89.36 564.25
89.97 266.88
90.02 81.42
90.16 323.68
90.36 433.70
90.52 366.89
90.68 279.35
91.13 235.65
91.27 180.69
91.40 431.26
91.53 311.54
91.53 212.22
91.58 424.66
91.73 167.56
91.85 249.83
91.98 216.44
91.99 182.16
92.75 561.41
93.10 160.02
93.33 473.89
93.42 270.74
93.58 305.96
94.21 273.40
94.37 170.57
94.59 419.82
94.84 378.46
95.21 182.77
95.45 605.15
95.92 498.51
96.11 188.37
96.19 504.25
96.30 221.60
96.38 329.16
96.38 193.51
96.41 63.35
96.44 174.68
96.95 506.93
97.41 268.61
97.49 486.79
97.50 228.23
97.87 380.42
98.24 611.69
98.58 350.24
98.76 430.58
98.89 520.39
99.08 565.45
99.57 282.40
99.78 312.04
99.97 220.41
100.37 457.73
101.02 293.37
101.44 373.76
101.85 268.66
102.22 526.68
102.27 328.48
102.42 165.70
102.56 209.94
102.61 346.61
102.61 188.85
102.79 167.98
102.94 297.26
103.05 663.31
103.16 287.38
103.23 183.23
103.54 233.22
103.59 402.38
104.10 314.31
104.17 214.88
104.49 495.44
104.51 302.70
104.53 311.17
104.61 405.86
105.23 269.82
105.34 283.31
105.63 55.65
105.96 336.41
106.03 473.06
106.34 122.51
106.38 372.53
106.42 94.62
106.52 320.14
106.73 501.50
106.94 161.62
107.35 232.45
107.58 141.33
107.59 165.04
107.66 227.89
107.82 292.86
107.85 157.67
107.96 560.51
108.06 237.17
108.12 306.54
108.33 240.63
108.41 432.61
108.64 66.54
108.69 216.78
109.08 55.12
109.14 355.79
109.94 145.80
110.45 130.80
110.47 275.34
110.55 326.89
110.76 115.51
110.95 399.99
111.33 438.48
111.47 286.37
111.86 250.10
111.93 499.58
112.78 341.07
112.86 207.65
112.90 468.64
113.25 306.71
113.48 458.67
113.70 234.09
113.73 497.14
114.15 257.40
114.26 181.37
114.28 166.15
115.38 273.67
115.40 355.62
115.47 126.51
115.72 353.44
115.77 77.69
115.98 363.73
116.29 109.89
116.45 203.06
116.54 506.71
116.68 221.69
116.78 391.96
116.99 259.02
117.29 135.94
117.30 53.12
117.40 173.20
117.46 321.62
117.50 399.07
117.72 374.34
117.84 307.97
117.92 188.22
117.95 99.71
118.09 375.87
118.52 233.95
118.55 254.70
118.63 193.67
119.23 584.00
119.51 452.95
119.56 437.77
119.62 102.85
119.72 152.80
120.02 92.53
120.11 141.00
120.90 208.42
121.12 304.93
121.19 293.94
121.30 563.96
121.52 186.95
122.74 474.79
122.75 560.25
122.98 423.26
123.39 152.23
123.41 259.76
123.53 194.06
123.76 403.91
123.84 88.53
124.08 91.89
124.27 184.91
124.30 239.79
124.30 172.61
124.42 206.55
124.72 438.58
124.75 180.53
124.89 529.62
124.93 76.04
125.09 270.23
125.16 140.70
125.27 279.83
125.48 168.03
125.54 255.93
125.56 135.84
125.89 65.74
126.06 568.43
126.12 146.03
126.90 501.06
126.95 378.11
127.14 119.42
127.19 344.56
127.29 157.23
127.33 460.12
127.38 419.92
127.39 297.68
127.87 227.60
128.31 413.14
128.34 212.48
128.38 237.62
128.78 96.14
129.45 608.69
129.73 347.53
129.83 148.10
130.31 335.55
130.44 277.27
130.52 269.56
130.82 79.81
130.97 111.95
131.03 636.37
131.30 647.63
131.41 164.40
131.48 424.14
131.50 288.34
131.51 299.10
131.70 464.10
131.87 254.05
131.91 610.88
131.93 244.31
132.03 359.08
132.24 226.32
132.48 545.22
132.62 411.05
132.84 219.55
133.11 518.75
133.30 174.54
133.34 295.81
133.40 335.87
133.42 470.20
133.62 420.75
133.99 354.22
134.10 187.16
134.17 260.19
134.21 107.65
134.75 453.48
134.79 207.26
134.94 131.41
135.06 199.95
135.20 509.86
135.24 137.70
135.77 424.32
135.94 555.59
135.94 176.69
136.06 246.58
136.08 238.19
136.09 565.65
136.22 310.90
136.22 472.65
136.25 114.98
136.26 558.33
136.49 521.02
136.98 256.12
137.08 212.24
137.09 484.32
137.36 183.66
137.46 80.46
137.63 329.91
137.81 121.84
138.09 457.69
138.59 529.05
138.74 275.02
139.03 101.01
139.15 197.85
139.24 412.91
139.29 196.37
139.46 206.94
139.65 83.68
139.86 323.50
139.90 162.47
140.03 365.00
140.17 432.90
140.35 325.61
140.37 280.94
140.38 109.92
140.43 427.91
140.65 88.22
140.87 287.01
140.93 659.02
140.98 379.41
140.99 268.14
141.08 383.98
141.32 551.31
141.39 494.45
141.47 556.32
141.52 448.89
141.54 454.27
141.78 227.85
141.85 255.93
141.85 77.01
141.87 144.36
141.92 333.60
141.96 423.58
142.29 444.73
142.29 85.93
142.41 357.39
142.51 106.97
142.51 234.85
142.66 562.03
143.14 505.05
143.19 100.61
143.48 97.71
143.60 366.32
143.62 72.15
143.87 529.93
144.04 167.85
144.10 350.30
144.13 617.56
144.25 404.59
144.30 268.01
144.61 164.52
144.72 388.34
144.99 123.77
145.15 341.38
145.36 197.26
145.70 177.91
145.75 233.13
145.84 88.80
145.95 262.86
146.29 294.23
146.64 147.59
146.76 158.21
146.85 362.73
147.15 412.28
147.43 136.64
147.89 547.57
148.03 94.70
148.14 74.73
148.20 508.75
148.58 320.17
148.63 604.69
148.71 364.52
148.83 445.51
148.83 612.69
148.93 518.34
148.98 176.40
149.01 297.45
149.25 87.00
149.42 447.76
149.62 378.90
149.70 486.65
149.98 230.05
150.53 533.39
150.53 424.13
150.73 276.66
150.79 388.67
150.93 359.57
151.00 94.22
151.18 591.75
151.20 373.27
151.36 247.56
151.49 254.28
151.78 211.32
151.79 164.76
151.84 140.85
151.96 347.04
152.22 339.84
152.25 668.68
152.31 216.48
152.32 82.63
152.43 380.64
152.49 482.26
152.53 420.71
152.87 529.77
152.99 283.36
153.08 232.93
153.26 104.78
153.39 208.04
153.60 452.62
153.66 296.81
153.87 90.77
154.07 162.56
154.15 524.34
154.24 352.35
154.47 237.41
154.63 288.62
154.84 304.61
154.88 221.80
155.09 415.53
155.69 458.78
155.69 201.28
155.86 380.58
155.88 533.31
155.95 346.86
156.03 515.19
156.48 187.70
156.52 206.50
156.82 378.86
157.07 162.80
157.16 382.99
157.41 264.83
157.56 314.13
158.15 471.82
158.19 257.54
158.47 261.54
158.61 481.96
158.65 227.90
158.78 122.50
158.85 114.32
158.91 182.66
159.16 461.14
159.19 372.01
159.29 294.83
159.31 231.44
159.33 384.37
159.34 134.13
159.34 236.23
159.43 172.77
159.44 399.49
159.94 351.86
160.24 196.99
160.40 290.88
160.44 389.11
160.71 607.71
160.75 221.58
160.76 178.11
161.00 199.79
161.37 185.23
161.59 461.00
161.66 381.60
161.69 427.52
161.82 169.40
162.01 209.00
162.17 87.24
162.19 106.73
163.00 552.44
163.08 300.29
163.10 424.00
163.16 455.42
163.17 355.89
163.28 280.27
163.51 264.48
163.94 433.96
164.05 357.94
164.42 543.83
164.42 282.51
164.58 396.88
164.64 338.09
164.65 272.45
164.83 388.34
164.97 349.43
164.97 311.52
165.23 308.43
165.26 162.72
165.54 90.58
165.60 611.02
165.89 108.60
165.93 594.34
165.98 115.67
166.24 104.80
166.58 457.02
166.60 127.05
166.75 131.30
166.84 249.74
167.17 480.50
167.22 669.42
167.32 121.97
167.37 396.99
167.38 614.28
167.49 257.99
167.54 198.37
167.57 341.35
167.96 364.63
167.96 218.50
168.11 377.77
168.36 392.55
168.60 87.99
168.62 204.95
168.91 262.12
169.11 473.45
169.29 583.69
169.42 253.56
169.46 345.24
169.59 108.75
169.71 231.38
169.95 353.42
170.05 485.99
170.19 321.93
170.25 586.46
170.44 127.29
170.58 500.20
170.71 256.72
170.74 212.47
170.79 426.17
170.94 163.71
171.13 80.12
171.19 75.36
171.33 237.21
171.43 548.19
171.70 368.19
171.97 295.75
172.09 285.96
172.57 260.71
172.69 429.70
173.06 391.95
173.07 359.92
173.18 331.21
173.32 439.23
173.34 528.06
173.43 373.37
173.49 475.50
173.54 415.05
173.55 482.90
173.69 229.72
173.80 625.23
173.81 318.11
173.92 400.88
174.07 550.67
174.38 316.07
174.72 307.47
174.87 551.96
175.30 464.45
175.43 181.92
175.44 124.48
175.45 403.16
175.58 489.25
175.89 170.05
176.44 315.15
176.53 292.55
177.08 243.45
177.09 93.72
177.26 176.60
177.28 371.64
177.34 332.46
177.46 377.11
177.82 86.59
177.97 159.48
178.10 352.34
178.12 223.36
178.26 82.74
178.84 414.76
179.62 110.52
179.67 225.72
179.87 488.67
180.05 321.23
180.31 206.82
180.38 590.60
180.51 87.85
180.54 221.74
180.79 340.30
180.92 505.29
180.97 542.59
180.99 507.60
181.08 369.80
181.25 86.24
181.51 376.22
181.56 393.59
181.58 493.32
181.69 350.12
181.71 598.25
181.71 441.94
181.72 386.28
181.76 552.59
181.89 404.33
182.28 495.26
182.29 202.42
182.38 329.32
182.40 438.14
182.87 93.79
182.98 322.72
183.00 81.40
183.33 571.34
183.39 268.62
183.67 390.15
183.68 241.04
183.70 277.09
183.71 652.69
184.13 89.34
184.29 300.49
184.37 344.00
184.71 167.38
184.74 119.00
184.76 180.75
184.91 211.78
184.93 101.40
185.01 99.83
185.11 200.87
185.40 521.27
185.61 577.57
185.79 308.73
185.81 264.82
186.06 159.52
186.11 580.42
186.29 207.94
186.31 339.84
186.43 382.18
186.48 484.92
186.50 415.51
186.57 330.23
186.77 169.17
186.81 103.96
186.82 245.71
187.24 348.27
187.76 391.77
187.80 224.00
187.84 292.49
187.97 370.44
188.10 280.17
188.33 509.23
188.40 176.24
188.45 181.07
188.53 387.67
188.63 586.65
188.67 169.49
188.78 622.41
188.85 262.62
188.92 323.80
189.11 386.05
189.16 396.68
189.21 248.60
189.24 419.11
189.26 380.97
189.44 456.31
189.47 208.51
189.70 235.71
189.72 512.33
189.75 299.36
189.90 393.27
189.91 294.78
189.94 522.50
190.21 181.61
190.56 267.24
190.78 184.58
191.34 442.07
191.68 317.10
191.76 254.91
192.00 111.47
192.30 307.46
192.38 264.47
192.39 187.91
192.62 634.07
192.76 218.40
192.79 272.54
192.83 101.19
192.98 76.36
193.19 432.34
193.26 71.53
193.37 167.45
193.53 404.72
193.58 199.19
193.72 252.73
194.10 299.41
194.14 457.06
194.28 602.44
194.29 397.69
194.74 401.42
194.86 160.87
195.27 386.64
195.49 286.58
196.00 510.82
196.10 113.22
196.32 411.33
196.61 443.81
196.67 242.29
197.09 167.75
197.30 378.28
197.30 96.40
197.32 429.59
197.53 159.96
197.59 90.47
198.30 528.72
198.36 293.90
198.36 568.20
198.47 275.89
198.59 266.27
198.66 452.49
198.90 480.00
199.24 300.64
199.24 318.36
199.35 469.42
199.69 250.90
199.91 623.57
199.99 253.74
199.99 505.80
200.16 198.52
200.18 401.85
200.36 593.35
200.54 364.46
200.61 408.52
200.67 537.86
200.72 471.19
200.75 350.79
200.82 406.20
201.30 257.70
201.39 332.57
201.40 227.79
201.48 546.04
201.77 420.39
201.85 204.72
201.85 352.95
202.01 237.39
202.05 307.02
202.07 282.84
202.40 407.78
202.53 590.71
202.59 456.22
202.68 491.57
203.03 597.85
203.14 370.88
203.35 412.77
203.40 419.50
203.49 69.41
203.54 498.48
204.05 54.22
204.16 269.73
204.66 430.41
204.67 646.57
204.79 487.67
204.98 40.73
204.99 339.22
205.10 500.54
205.52 229.21
205.53 376.21
205.75 325.44
205.91 416.62
206.07 185.36
206.51 280.31
206.66 183.15
206.70 44.57
206.70 400.13
206.74 604.07
206.81 47.75
206.83 291.63
206.86 244.21
206.87 427.32
206.91 305.68
206.95 79.62
207.02 518.31
207.12 313.36
207.37 410.77
207.47 371.97
207.56 88.63
207.96 69.35
207.98 254.09
208.04 277.51
208.20 197.95
208.22 176.97
208.28 268.06
208.30 195.95
208.44 502.21
208.47 165.20
208.74 344.22
208.98 41.97
209.09 484.36
209.15 310.52
209.38 377.79
209.47 65.56
209.49 359.03
209.49 341.61
209.53 85.81
209.61 227.30
209.86 398.15
210.15 220.61
210.18 402.63
210.39 419.19
210.51 49.14
210.73 160.89
210.88 104.54
211.65 322.93
211.94 320.51
212.04 93.62
212.24 241.61
212.34 427.97
212.42 636.03
212.48 420.43
213.40 41.05
213.58 238.74
213.60 434.71
213.78 462.94
213.88 391.71
214.01 547.68
214.07 460.69
214.46 492.33
214.60 272.59
214.66 48.34
214.82 262.34
214.87 498.87
214.87 180.81
214.92 377.54
214.99 85.45
215.03 197.89
215.09 453.42
215.09 274.51
215.17 405.91
215.30 364.67
215.32 223.05
215.38 59.18
215.47 68.46
216.03 537.69
216.12 36.41
216.47 589.12
216.53 639.66
216.70 411.14
216.73 464.71
216.81 492.24
216.85 641.69
217.06 331.36
217.21 208.95
217.53 366.79
217.64 55.97
217.67 221.19
217.89 579.75
217.94 187.76
217.96 173.86
218.00 233.99
218.27 392.80
218.30 201.91
218.65 513.28
218.83 398.43
218.94 518.84
218.99 90.91
219.11 388.23
219.38 371.39
219.43 106.28
219.54 598.12
219.85 337.29
219.87 230.61
220.04 410.90
220.12 241.22
220.21 473.00
220.28 303.41
220.53 378.52
220.68 492.87
220.76 171.80
220.87 273.83
220.95 543.38
221.02 157.99
221.18 583.23
221.32 585.20
221.32 407.57
221.40 541.48
221.46 352.36
221.49 460.15
221.57 180.78
221.74 424.71
221.89 278.63
221.93 197.51
221.98 553.56
221.99 538.77
222.31 233.83
222.69 633.33
222.94 57.85
223.01 87.34
223.02 495.05
223.21 175.40
223.22 475.22
223.42 183.62
223.62 286.90
223.72 36.47
223.92 483.11
223.93 283.67
223.96 616.97
224.28 362.14
224.43 62.38
224.59 434.14
224.59 529.57
224.72 159.10
224.73 606.01
224.80 492.48
224.94 317.66
225.03 221.09
225.25 81.17
225.29 463.77
225.36 85.53
225.69 348.01
225.76 296.22
225.91 438.23
226.33 660.62
226.38 289.24
226.59 313.15
226.66 441.09
226.81 180.11
226.94 56.65
227.00 339.67
227.01 364.50
227.05 324.15
227.24 76.30
227.25 290.65
227.36 205.31
227.52 384.56
227.71 264.31
227.92 352.07
228.12 242.78
228.33 474.46
228.38 158.30
228.40 196.50
228.79 98.24
229.02 317.95
229.06 376.57
229.40 416.12
229.76 496.98
229.78 367.71
229.82 365.98
230.01 587.71
230.38 80.24
230.45 470.92
230.52 502.21
230.66 572.33
230.69 464.47
230.71 44.84
230.79 423.75
231.01 560.97
231.29 173.59
231.30 247.13
231.60 281.04
231.72 51.08
232.17 243.56
232.56 284.93
232.56 294.57
232.59 200.32
232.68 597.11
232.73 474.47
232.79 219.38
232.87 177.46
232.91 252.82
233.05 436.87
233.17 345.58
233.30 194.88
233.46 74.04
233.73 299.26
233.80 229.04
233.89 488.75
234.12 305.46
234.14 83.18
234.52 445.69
234.60 69.12
234.90 51.99
234.94 408.44
235.07 89.63
235.22 49.33
235.62 438.56
236.06 365.19
236.22 459.22
236.28 193.54
236.34 388.38
236.55 279.18
237.10 589.12
237.42 483.92
237.50 408.91
237.50 374.26
237.53 454.67
237.71 244.68
238.11 376.68
238.21 477.07
238.23 66.77
238.32 280.72
238.42 284.83
238.93 394.96
239.05 551.08
239.13 536.16
239.15 598.10
239.20 38.60
239.21 398.56
239.38 639.70
239.52 464.35
239.70 511.77
239.76 273.29
239.77 266.25
240.19 527.25
240.20 492.60
240.56 641.98
240.63 334.90
240.76 40.55
240.87 218.20
240.89 181.03
240.97 481.24
241.04 54.83
241.15 518.79
241.30 537.25
241.30 350.30
241.58 515.19
241.61 161.35
241.68 449.77
241.69 61.82
241.72 82.25
241.77 296.20
242.05 91.86
242.06 566.62
242.07 609.32
242.09 599.99
242.11 229.51
242.48 206.50
242.78 255.60
242.82 422.71
242.97 65.11
243.15 386.72
243.17 51.95
243.18 472.66
243.22 395.87
243.31 333.08
243.33 46.17
243.41 88.53
243.46 602.55
243.59 71.89
243.71 61.35
243.79 49.41
243.85 319.50
243.86 312.50
243.97 373.45
244.04 276.71
244.08 246.46
244.17 389.87
244.35 85.62
244.47 443.12
244.57 253.80
244.71 209.01
244.77 340.48
244.99 194.01
245.07 353.20
245.16 54.94
245.26 237.24
245.41 309.23
245.46 457.42
245.48 352.00
245.49 268.51
245.49 465.74
245.51 82.08
245.52 397.22
245.58 415.60
245.82 61.46
245.94 468.03
246.05 431.92
246.18 370.31
246.26 363.00
246.36 169.17
246.36 75.06
246.74 529.69
246.76 216.89
246.85 378.62
246.87 419.24
247.08 233.85
247.32 185.50
247.49 374.51
247.58 70.18
247.67 160.70
247.87 223.08
247.99 283.49
248.22 551.50
248.28 304.80
248.42 268.99
248.51 471.26
248.67 237.69
248.84 64.85
248.91 220.54
249.13 207.43
249.89 548.56
250.02 328.28
250.15 222.68
250.25 246.35
250.71 420.96
250.88 295.13
250.89 434.96
251.33 75.43
251.50 167.25
251.64 468.48
251.74 470.19
252.04 174.20
252.06 551.37
252.63 311.31
252.87 235.64
252.91 261.72
252.94 459.82
252.96 556.03
253.16 536.19
253.47 420.13
253.51 396.99
253.53 441.44
253.56 654.74
253.56 350.81
253.71 347.81
253.75 280.07
253.81 506.42
254.15 393.64
254.40 386.35
254.55 229.44
254.56 373.47
254.59 305.30
254.63 492.54
254.73 619.59
254.85 247.51
254.96 482.29
255.00 240.30
255.07 366.89
255.07 562.34
255.11 67.16
255.23 303.26
255.25 71.83
255.29 300.87
255.38 607.34
255.85 283.50
256.31 186.56
256.34 535.87
256.40 323.57
257.15 218.09
257.40 232.73
257.47 630.90
257.58 375.94
257.72 177.26
257.89 390.50
258.17 504.97
258.48 196.88
258.64 62.82
258.65 56.48
258.70 340.09
259.10 469.89
259.31 441.07
259.40 465.69
259.40 458.74
259.41 270.41
259.42 165.99
259.74 351.66
259.82 426.05
259.98 287.48
260.17 316.50
260.25 595.09
260.33 449.72
260.36 45.15
260.39 446.13
260.45 281.20
260.55 318.22
260.63 512.92
260.64 345.92
260.73 75.54
260.79 359.21
260.79 622.91
260.81 322.87
261.13 335.28
261.28 539.47
261.29 295.37
261.52 530.54
261.60 501.43
261.64 415.79
261.80 491.55
262.05 299.96
262.10 372.74
262.11 328.72
262.24 172.38
262.40 231.42
262.44 169.99
262.49 41.60
262.50 518.38
262.51 49.55
263.00 236.40
263.05 506.45
263.14 349.34
263.21 69.03
263.45 408.31
263.70 437.59
263.73 46.96
263.85 386.93
263.91 484.24
264.24 499.05
264.32 570.35
264.38 542.21
264.54 368.20
264.58 548.52
264.72 292.16
264.80 338.51
264.88 76.18
265.03 239.49
265.09 201.11
265.10 263.71
265.12 65.31
265.19 429.67
265.19 288.40
265.72 42.89
265.74 574.64
265.91 255.09
265.96 608.72
265.98 327.54
266.50 37.98
266.54 204.57
266.55 214.16
266.79 225.66
267.09 234.30
267.28 260.12
267.33 187.51
267.35 645.90
267.44 69.41
267.49 387.68
267.52 160.12
267.63 559.38
267.69 581.23
267.76 348.81
267.81 46.79
268.39 373.69
268.53 262.96
268.77 595.13
269.00 463.62
269.12 442.35
269.15 229.05
269.16 215.96
269.31 355.52
269.33 300.26
269.40 420.06
269.53 286.46
269.57 631.31
269.66 182.70
269.73 467.71
270.34 612.40
270.67 336.18
270.72 375.12
270.99 347.70
271.39 224.69
271.46 341.93
271.66 425.85
271.68 545.25
271.70 294.88
271.70 160.45
272.53 176.01
272.53 289.39
272.73 396.83
272.73 493.20
272.91 517.35
273.04 480.81
273.08 172.29
273.23 664.16
273.23 270.51
273.36 372.95
273.41 366.85
273.44 606.97
273.67 218.47
273.76 327.36
273.83 473.46
274.06 638.22
274.11 212.48
274.21 525.12
274.67 316.88
274.67 268.46
274.77 334.22
274.80 208.16
274.89 453.91
275.10 498.96
275.31 231.92
275.35 520.89
275.38 255.91
275.49 464.20
275.51 330.29
276.04 394.56
276.22 309.13
276.46 355.57
276.67 408.21
276.73 419.33
276.76 423.64
277.03 442.80
277.13 264.65
277.55 298.91
277.67 377.04
277.69 306.23
277.73 394.75
277.81 399.45
277.84 253.28
277.88 574.47
277.94 581.73
278.01 162.46
278.02 222.13
278.06 505.65
278.35 404.91
278.39 237.95
278.66 587.25
278.88 362.15
279.23 530.42
279.27 318.84
279.45 409.51
279.69 217.51
279.84 538.25
279.99 328.31
280.25 270.40
280.34 489.91
280.60 407.57
280.80 201.02
280.92 346.03
281.10 224.09
281.12 364.46
281.15 619.30
281.15 255.89
281.22 554.17
281.31 261.13
281.40 424.23
281.55 479.76
281.91 171.28
282.09 204.35
282.82 517.97
282.87 476.36
283.02 526.23
283.05 228.46
283.05 320.75
283.12 570.54
283.66 499.83
283.80 510.00
283.82 307.34
283.83 538.11
284.19 312.76
284.51 277.25
284.57 416.61
285.20 159.80
285.35 192.96
285.52 431.47
285.54 187.22
285.79 645.79
285.80 182.58
286.01 44.38
286.03 288.25
286.48 441.21
286.81 454.81
286.87 250.42
287.15 279.42
287.28 209.40
287.48 407.36
287.50 549.76
287.57 554.04
287.62 374.39
287.69 196.05
287.71 488.81
287.74 313.29
287.91 48.56
288.27 461.30
288.45 569.12
288.63 383.24
288.96 176.26
289.21 349.03
289.36 207.99
289.38 491.94
289.52 229.88
289.65 340.61
289.78 598.82
290.15 335.71
290.15 172.14
290.22 182.68
290.24 39.56
290.32 620.77
290.46 419.12
290.55 439.88
290.72 463.10
290.87 312.58
290.91 268.25
291.00 226.84
291.14 534.99
291.47 395.19
291.86 580.02
291.93 610.17
292.11 178.26
292.21 259.02
292.44 519.79
293.03 326.11
293.03 229.59
293.09 547.15
293.25 511.53
293.33 413.36
293.35 202.74
293.43 635.22
293.48 504.39
293.64 335.37
293.89 482.16
294.06 250.45
294.10 669.04
294.78 434.48
294.80 373.11
294.95 407.32
294.96 252.47
294.99 376.79
295.00 375.60
295.07 186.18
295.13 419.39
295.15 342.25
295.20 489.66
295.36 459.95
295.39 529.05
295.47 56.30
295.53 286.57
295.56 357.77
295.91 387.21
295.95 267.05
296.13 501.63
296.35 641.00
296.40 261.90
296.72 399.86
296.86 476.38
296.89 498.75
296.96 305.17
297.16 351.33
297.34 375.49
297.67 584.90
297.94 536.41
297.95 457.28
298.23 397.60
298.34 218.18
298.41 493.31
298.43 42.91
298.65 347.47
298.67 285.31
298.71 470.52
298.94 275.83
298.95 306.00
298.96 461.64
299.16 439.65
299.33 181.67
299.91 472.86
299.92 592.12
300.15 463.52
300.16 336.38
300.22 221.52
300.32 241.46
300.38 497.37
300.42 541.00
300.47 445.87
300.62 555.92
300.69 342.52
300.74 198.04
300.75 211.82
300.79 426.06
300.98 158.07
300.99 292.17
301.13 260.04
301.26 454.92
301.27 635.32
301.66 265.06
301.73 255.51
301.86 511.74
301.95 388.26
302.11 215.38
302.18 422.28
302.21 465.95
302.21 38.16
302.36 577.04
302.75 492.28
302.85 414.62
302.86 501.14
302.94 287.58
302.95 418.53
303.06 247.47
303.29 499.22
303.34 551.43
303.45 472.12
303.50 211.28
303.55 526.51
303.64 192.37
303.65 449.09
303.68 181.17
303.72 557.20
303.77 282.89
303.78 162.50
303.79 175.34
304.18 444.78
304.42 554.55
305.12 325.56
305.52 449.10
305.85 399.24
305.94 256.93
306.12 197.16
306.51 451.79
306.63 203.57
306.71 431.19
306.85 458.77
307.41 350.55
307.60 326.33
307.86 289.63
308.05 374.64
308.15 380.73
308.29 365.87
308.31 241.03
308.45 391.75
308.49 313.23
308.50 500.80
308.56 368.02
308.78 211.81
308.91 625.57
308.98 281.99
309.02 308.47
309.13 188.27
309.59 246.95
309.75 203.86
309.90 240.94
309.91 530.07
310.07 492.22
310.30 316.77
310.37 296.71
310.40 483.83
310.42 466.83
310.53 380.67
310.72 582.00
310.76 606.90
311.44 290.89
311.50 395.64
311.58 455.59
311.68 385.46
312.27 428.52
312.54 476.45
313.05 423.29
313.20 585.05
313.35 178.38
313.61 186.51
313.70 460.50
313.80 357.31
313.82 441.00
313.82 382.21
313.84 510.03
314.09 263.71
314.25 162.68
314.31 430.73
314.38 285.24
314.43 398.73
314.63 312.05
315.51 160.55
315.52 181.08
315.90 561.75
316.11 502.21
316.17 466.28
316.49 459.59
316.53 454.16
316.62 245.79
316.74 339.00
316.78 409.10
317.03 498.08
317.09 450.19
317.12 162.75
317.23 268.27
317.44 524.20
317.44 480.52
317.68 584.86
317.89 596.78
317.94 173.02
317.99 553.49
318.01 329.24
318.17 335.42
318.18 521.41
318.18 443.85
318.28 218.81
318.31 438.86
318.35 548.95
318.57 667.22
318.85 278.01
319.19 225.86
319.21 590.84
319.31 175.96
319.39 197.33
319.54 345.51
319.72 184.18
319.93 167.65
320.00 210.01
320.07 291.12
320.11 510.25
320.25 479.60
320.40 473.49
320.54 373.47
320.56 370.81
320.61 384.14
320.87 445.56
321.20 193.31
321.35 345.19
321.35 539.28
321.44 515.63
321.93 547.06
321.93 399.46
322.10 153.27
322.13 285.66
322.16 258.55
322.27 325.21
322.49 237.23
322.50 270.40
322.67 466.54
323.17 386.67
323.24 179.09
323.54 246.74
323.74 353.22
323.82 488.06
324.06 394.37
324.19 512.16
324.33 407.29
324.47 449.87
324.59 430.27
324.82 572.30
324.90 173.10
325.36 163.29
325.49 330.87
325.51 594.30
325.52 513.48
325.57 419.06
325.72 306.74
325.76 470.47
325.77 154.43
326.03 488.43
326.12 458.87
326.29 336.81
326.32 602.33
326.37 168.24
326.50 424.25
326.51 222.86
326.54 160.72
326.67 437.80
326.90 362.43
327.03 403.51
327.05 579.64
327.08 462.92
327.17 547.21
327.25 295.07
327.26 412.80
327.37 181.78
327.41 208.88
327.90 666.67
327.96 435.28
328.25 356.13
328.62 476.51
329.07 472.51
329.67 212.81
329.84 289.56
330.37 185.57
330.40 177.40
330.51 158.95
330.58 497.95
330.91 612.14
331.21 460.14
331.25 429.92
331.67 164.12
331.74 406.65
331.90 670.31
331.98 392.93
332.11 486.50
332.22 182.64
332.34 225.19
332.40 337.98
332.44 418.85
332.73 383.07
332.76 398.52
333.14 330.49
333.56 244.28
333.81 521.05
333.89 555.96
334.09 346.35
334.11 185.66
334.13 272.00
334.14 410.74
334.17 529.02
334.17 281.20
334.48 425.19
334.48 472.56
334.65 262.86
334.86 356.16
334.87 486.75
335.04 498.60
335.17 555.96
335.22 481.15
335.27 445.30
335.33 431.48
335.35 398.58
335.37 349.30
335.56 149.97
335.67 549.69
335.79 403.23
336.25 256.20
336.32 575.71
336.41 182.00
336.43 393.82
336.58 531.71
336.64 584.22
337.13 225.44
337.20 595.55
337.27 250.91
337.32 468.62
337.33 478.47
337.47 355.63
337.79 435.25
337.82 482.17
337.84 490.43
337.90 372.21
337.92 470.15
338.12 370.33
338.17 173.06
338.22 425.10
338.36 276.20
338.42 461.96
338.91 418.41
339.36 396.23
339.45 521.07
339.52 313.09
339.62 360.94
339.63 215.25
339.90 418.66
339.99 526.76
340.18 400.87
340.23 489.20
340.23 391.78
340.33 407.55
340.45 607.58
340.53 611.49
340.65 193.45
340.66 556.95
340.73 537.63
340.76 168.79
341.15 174.83
341.26 198.78
341.46 347.19
341.83 141.62
342.01 244.50
342.05 238.00
342.36 254.21
342.54 378.96
342.54 398.35
342.59 472.33
342.98 439.81
343.14 413.72
343.19 504.21
343.36 448.25
343.39 315.56
343.42 486.02
343.58 403.44
343.70 211.31
343.86 425.42
343.87 560.23
343.92 422.11
344.06 259.54
344.16 262.28
344.30 207.14
344.33 250.40
344.46 164.94
345.00 224.32
345.14 455.93
345.21 464.47
345.39 155.79
345.81 595.28
345.97 429.69
346.26 456.80
346.26 569.28
346.29 499.45
346.66 147.52
346.68 445.59
346.85 324.65
346.92 338.68
346.96 524.28
347.03 516.30
347.09 356.95
347.23 600.69
347.33 594.43
347.35 569.29
347.60 399.11
347.66 474.95
347.69 463.62
347.91 178.86
347.91 458.30
348.21 536.55
348.31 283.39
348.46 400.83
348.69 170.34
349.11 280.14
349.26 163.19
349.62 138.64
349.76 241.91
349.81 365.68
349.82 248.99
350.03 188.77
350.16 197.14
350.38 562.45
350.44 412.38
350.51 328.72
350.55 549.48
350.70 192.98
351.37 503.83
351.52 462.36
352.21 520.85
352.28 144.20
352.33 362.73
352.39 401.94
352.51 311.60
352.53 210.55
352.62 495.53
352.90 252.64
353.22 534.68
353.40 147.90
353.49 298.42
353.65 473.57
353.71 322.83
354.10 461.51
354.20 244.90
354.37 280.14
354.50 507.38
354.70 408.61
354.73 302.91
354.78 276.01
354.84 332.00
354.88 153.27
355.10 447.73
355.26 310.96
355.31 523.83
355.32 444.34
355.53 136.93
355.64 158.05
355.78 368.79
355.99 336.95
356.67 469.00
356.91 239.78
357.04 212.59
357.36 210.27
357.53 501.51
357.63 257.06
357.68 150.97
357.70 418.59
357.80 605.13
358.00 200.93
358.01 459.94
358.05 333.75
358.08 274.49
358.15 282.02
358.17 371.01
358.34 217.49
358.36 348.03
358.41 425.55
358.41 360.77
358.50 186.39
359.03 452.20
359.46 384.85
359.63 482.31
359.75 125.12
359.90 239.75
360.03 337.06
360.05 431.10
360.17 563.58
360.28 546.02
360.52 204.87
360.73 314.42
360.96 391.31
361.13 200.56
361.25 517.99
361.35 572.83
361.73 439.87
361.74 227.83
361.74 173.24
361.90 596.54
361.91 218.06
361.92 590.33
362.03 366.26
362.08 379.31
362.14 551.20
362.24 424.73
362.33 602.48
362.36 408.89
362.57 282.13
362.61 435.09
362.81 503.66
363.02 299.16
363.07 389.86
363.08 346.95
363.23 168.23
363.39 499.47
363.47 544.81
363.47 463.07
363.89 187.19
363.93 420.13
363.95 353.06
364.04 439.97
364.13 228.91
364.19 158.94
364.79 131.92
364.82 516.69
365.00 181.81
365.04 268.03
365.07 143.46
365.21 193.78
365.37 377.81
365.59 207.81
366.10 435.95
366.14 447.23
366.36 164.06
366.48 360.48
366.52 539.36
366.55 374.95
366.63 186.61
366.68 400.55
366.84 270.11
366.96 252.04
367.02 424.38
367.03 357.51
367.04 167.12
367.36 435.69
367.40 219.93
367.43 419.62
367.54 241.07
367.72 363.79
367.83 201.81
367.89 124.68
367.98 508.25
368.00 558.57
368.05 280.16
368.13 462.95
368.26 407.04
368.46 530.46
368.80 366.37
368.81 388.92
368.90 206.84
368.91 531.95
368.94 492.30
369.02 233.55
369.07 427.68
369.29 469.56
369.38 451.37
369.48 494.30
369.73 599.06
369.76 539.13
370.02 609.13
370.05 377.89
370.28 520.37
370.48 489.25
370.62 500.43
370.79 352.12
370.83 165.55
370.90 281.22
370.95 498.46
371.07 182.87
371.35 429.51
371.74 237.84
371.77 248.50
371.94 259.62
372.30 350.43
372.52 505.59
372.61 585.67
372.88 186.87
372.89 159.45
372.97 251.79
373.23 602.51
373.30 297.18
373.58 307.44
373.69 173.69
373.73 427.79
373.98 380.87
374.30 401.45
374.32 426.45
374.32 301.08
374.74 334.15
374.78 217.56
374.81 431.64
374.82 292.30
374.85 271.71
374.85 577.12
375.54 437.56
376.00 371.81
376.00 593.72
376.43 408.99
376.52 418.12
376.61 167.66
376.76 433.85
376.88 338.19
377.20 243.66
377.21 507.24
377.50 532.40
377.84 383.12
377.87 189.68
378.20 215.39
378.37 351.64
378.38 362.00
378.48 223.29
378.50 544.21
378.69 425.72
378.71 310.60
378.88 211.96
378.89 182.44
379.29 522.61
379.31 136.17
379.46 128.51
379.51 408.57
379.65 398.77
379.72 590.02
379.75 364.61
379.87 187.16
379.92 479.79
379.94 145.21
379.95 499.75
380.09 273.61
380.11 246.43
380.35 389.20
380.47 294.80
380.52 229.00
380.67 439.35
381.07 503.56
381.10 116.51
381.12 462.14
381.14 169.29
381.22 176.31
381.30 281.40
381.38 265.94
381.52 417.80
381.64 410.25
381.78 122.34
381.79 551.46
381.82 440.07
381.89 148.72
381.90 328.46
382.22 535.24
382.22 370.13
382.42 299.40
382.53 318.63
382.60 560.99
382.70 509.71
383.05 567.30
383.62 131.79
383.65 546.38
383.74 516.68
383.79 401.41
383.87 260.84
383.87 126.08
383.89 294.48
384.19 347.91
384.24 213.66
384.26 358.69
384.45 448.20
384.52 569.37
384.60 287.02
384.90 480.65
385.55 431.64
385.58 195.36
385.67 396.12
385.67 188.68
385.70 304.57
386.06 271.10
386.09 517.38
386.24 140.71
386.37 317.88
386.47 308.10
386.50 534.39
386.51 468.85
386.60 114.14
386.80 244.87
387.53 264.43
387.68 551.73
387.84 149.05
387.86 235.44
387.88 521.79
388.04 183.55
388.12 460.55
388.16 390.38
388.45 279.06
388.50 247.58
388.71 367.88
389.21 438.27
389.22 400.44
389.22 353.29
389.23 556.31
389.26 455.66
389.34 338.31
389.43 260.24
389.59 485.96
389.69 123.15
389.86 198.21
389.87 472.39
389.92 139.70
390.05 157.39
390.06 433.96
390.27 580.80
390.52 595.44
390.55 268.44
390.57 530.72
390.59 126.65
390.81 485.87
390.96 154.46
391.35 121.17
391.44 295.50
391.48 587.35
391.64 161.32
391.77 238.64
392.15 308.12
392.17 420.22
392.35 191.39
392.39 321.87
392.47 597.27
393.14 496.16
393.20 536.31
393.45 254.75
393.70 573.61
393.85 136.94
393.88 198.49
394.40 265.82
394.47 335.18
394.55 260.67
395.27 220.23
395.32 385.13
395.53 230.25
395.53 194.28
395.78 280.85
396.07 151.29
396.14 461.86
396.14 521.79
396.19 236.34
396.23 460.05
396.44 288.84
396.67 403.54
396.68 391.41
396.88 163.57
396.91 602.88
396.98 295.67
397.01 357.87
397.07 350.78
397.14 348.80
397.22 502.92
397.32 379.21
397.66 474.94
397.67 255.25
397.75 343.47
397.83 492.90
397.97 438.89
398.07 597.89
398.56 298.64
398.71 211.40
398.76 278.73
398.93 421.03
398.93 119.44
399.33 552.63
399.61 204.51
399.62 466.50
399.86 447.16
399.89 160.28
399.94 138.06
400.05 514.35
400.32 500.23
400.60 268.97
400.66 340.97
401.13 443.79
401.22 238.48
401.50 313.39
401.63 319.38
402.00 278.19
402.16 515.07
402.36 357.50
402.45 271.12
402.45 183.69
402.47 422.68
402.62 561.50
402.79 392.21
403.27 204.37
403.51 436.69
403.82 495.62
404.26 503.40
404.76 431.79
405.01 288.38
405.07 141.49
405.55 413.96
405.69 104.58
405.70 546.58
405.82 275.15
405.92 350.90
405.97 434.41
406.03 126.76
406.61 245.41
406.98 251.71
407.13 449.57
407.15 168.59
407.33 201.12
407.67 388.46
407.96 466.06
407.96 492.29
408.02 472.60
408.03 122.62
408.05 488.26
408.15 534.75
408.27 282.66
408.39 149.04
408.57 358.71
408.70 137.86
408.73 309.56
408.75 371.42
408.96 336.41
408.96 237.88
408.99 478.92
409.00 461.58
409.33 397.20
409.70 330.02
409.74 444.67
409.81 102.28
410.07 228.64
410.13 204.19
410.35 151.97
410.46 220.67
410.54 411.79
410.56 368.22
410.71 191.27
410.75 576.03
410.84 285.31
410.85 486.37
410.92 182.32
411.38 445.67
411.43 439.19
411.50 250.17
411.55 316.90
411.57 288.39
412.08 556.93
412.10 187.03
412.17 587.75
412.21 215.10
412.38 568.71
412.51 110.00
412.61 308.88
412.71 492.35
412.76 252.66
412.87 260.87
412.98 386.56
413.02 183.35
413.08 137.61
413.21 201.65
413.24 342.65
413.63 503.16
414.03 448.04
414.19 113.03
414.21 581.78
414.27 451.61
414.42 476.52
415.50 322.85
415.52 402.81
415.71 91.12
415.90 415.68
415.94 134.29
415.98 429.87
416.16 308.70
416.21 246.01
416.36 295.38
416.59 143.49
416.63 315.27
416.77 399.82
416.86 579.68
416.92 455.76
417.15 368.47
417.37 163.36
417.42 407.22
417.80 335.67
417.97 554.43
418.13 354.45
418.36 139.76
418.42 463.16
418.44 126.53
418.47 257.37
418.50 209.74
418.66 289.94
418.74 105.31
418.82 151.54
418.92 237.73
419.09 556.16
419.20 250.29
419.26 246.39
419.40 192.53
419.68 510.57
419.75 173.43
420.08 521.18
420.16 322.15
420.20 164.51
420.37 429.02
420.41 336.71
420.42 505.49
420.43 91.78
420.55 169.37
420.76 466.77
420.84 185.93
421.08 485.70
421.22 268.72
421.27 438.68
421.29 234.47
421.33 468.62
422.03 432.14
422.27 131.52
422.46 470.73
422.54 535.02
422.55 180.86
422.74 196.78
423.53 223.97
423.65 264.36
423.72 307.63
423.84 205.96
424.07 383.89
424.23 440.80
424.33 249.49
424.33 428.79
424.34 212.29
424.41 566.08
424.57 343.39
424.59 496.31
424.63 81.59
424.68 170.95
424.76 370.47
424.85 579.00
424.92 186.07
424.99 524.05
425.20 419.38
425.46 474.58
425.76 327.66
425.82 108.16
425.94 369.30
426.10 193.92
426.15 232.13
426.20 91.93
426.24 291.95
426.41 168.92
426.56 239.10
426.64 298.17
426.64 401.21
426.77 407.13
427.08 171.34
427.08 402.73
427.30 131.03
427.81 282.21
427.90 544.88
428.23 201.04
428.30 556.12
428.31 448.77
428.36 464.07
428.65 362.34
428.78 291.79
428.82 429.71
429.06 565.50
429.11 120.23
429.18 314.78
429.31 261.13
429.41 508.43
429.65 128.96
429.84 486.82
430.10 376.92
430.33 264.56
430.77 523.34
430.85 562.96
430.92 435.54
431.25 90.12
431.26 318.69
431.31 159.74
431.32 268.22
431.51 197.40
432.09 259.80
432.23 451.27
432.25 474.65
432.95 240.18
433.07 188.98
433.08 551.08
433.40 336.58
433.53 472.37
433.62 437.58
433.70 444.11
433.76 243.11
433.99 401.00
434.13 564.13
434.40 217.90
434.60 120.73
434.68 91.90
434.95 557.32
434.99 360.52
435.00 84.71
435.04 576.67
435.05 474.63
435.10 167.02
435.27 197.75
435.29 410.76
435.44 415.66
435.62 481.21
435.68 441.86
436.03 237.62
436.28 517.12
436.61 327.82
436.88 290.38
436.90 179.28
436.97 249.58
437.01 533.36
437.02 465.75
437.07 488.16
437.26 508.44
437.41 425.40
437.44 407.35
437.62 259.68
437.91 369.24
438.01 504.45
438.12 311.06
438.19 298.10
438.29 402.19
438.47 207.98
438.98 116.37
439.51 410.69
439.90 457.04
439.91 134.96
439.95 246.59
440.03 353.92
440.14 541.90
440.43 463.59
440.61 508.20
440.63 333.55
441.10 320.34
441.42 494.51
441.47 160.85
441.83 403.78
442.09 478.54
442.44 263.53
442.57 419.61
442.68 487.51
442.69 272.47
442.77 284.44
443.04 155.14
443.06 215.03
443.11 147.46
443.36 248.14
443.42 457.52
443.47 281.52
443.50 479.38
443.50 554.67
443.52 425.99
443.60 140.74
443.65 323.59
443.78 445.66
443.81 110.15
444.17 219.90
444.22 241.01
444.50 583.69
444.78 541.16
444.89 337.98
444.90 576.60
445.00 314.50
445.33 533.73
445.34 518.26
445.49 232.93
445.52 333.96
445.80 525.01
445.99 302.86
446.13 245.83
446.16 147.51
446.19 430.88
446.22 468.40
446.66 306.58
447.15 372.33
447.65 477.34
447.75 529.98
447.88 364.25
447.93 118.22
447.96 237.20
447.96 452.38
448.02 310.48
448.42 204.48
448.45 80.26
448.61 94.49
448.62 348.80
448.78 544.22
448.80 215.63
449.28 390.83
449.33 132.48
449.40 256.31
449.40 432.78
449.61 469.33
449.69 110.59
449.81 225.26
449.92 276.63
449.95 169.49
450.02 124.75
450.19 324.94
450.20 507.98
450.37 523.67
450.57 268.07
450.69 557.36
450.94 305.45
450.98 416.98
451.26 192.27
451.33 511.35
451.43 350.95
451.78 564.95
451.79 581.87
451.88 356.37
452.09 118.30
452.18 535.39
452.72 398.14
452.74 98.98
452.77 69.03
453.03 225.21
453.09 332.43
453.43 161.76
453.44 276.57
453.54 467.86
453.70 562.95
453.81 547.29
453.81 78.75
453.85 286.80
454.14 234.60
454.39 450.27
454.69 570.60
454.69 516.79
454.74 357.69
454.96 583.13
455.20 216.87
455.42 548.78
455.46 158.37
455.57 434.37
455.67 259.87
455.77 169.17
455.91 317.43
456.04 106.05
456.14 465.92
456.26 236.00
456.33 144.31
456.40 576.64
456.46 385.32
456.48 342.91
457.02 554.63
457.09 471.25
457.50 422.73
457.53 336.51
457.65 330.69
457.84 197.97
458.15 390.39
458.19 280.14
458.20 227.47
458.35 69.06
458.51 438.27
458.66 59.05
458.96 442.41
459.33 150.97
459.36 496.66
460.00 574.55
460.16 333.04
460.36 337.81
460.38 430.56
460.52 284.43
460.55 133.00
460.73 525.87
461.05 270.90
461.08 446.44
461.10 533.36
461.10 85.31
461.59 252.03
462.00 388.33
462.20 81.38
462.23 349.61
462.33 143.47
462.42 353.56
462.74 235.78
462.79 336.35
462.81 279.96
462.84 94.07
462.97 213.26
463.18 135.10
463.27 204.82
463.46 373.74
463.50 153.03
463.78 244.07
463.80 538.24
464.12 480.75
464.13 425.23
464.26 266.23
464.35 115.82
464.50 566.00
464.92 138.26
464.93 127.64
464.98 356.20
465.48 570.23
465.54 299.46
465.74 312.80
465.81 530.80
465.85 182.03
465.89 249.50
465.98 212.16
466.35 162.79
466.44 242.30
466.62 259.49
466.62 291.06
466.76 464.87
466.88 267.64
466.98 108.02
466.99 157.73
467.04 188.87
467.22 481.04
467.24 238.81
467.30 559.78
467.30 518.82
467.34 408.92
467.60 448.58
467.78 304.75
467.85 470.50
467.90 338.97
467.91 509.30
468.17 209.41
468.20 303.56
468.23 253.88
468.29 442.17
468.39 432.81
468.41 418.21
468.57 147.78
468.72 457.67
468.87 115.73
468.89 482.24
468.94 67.69
468.96 298.66
469.00 180.67
469.16 195.99
469.49 150.79
469.67 72.78
469.91 361.47
470.18 489.42
470.20 505.92
470.29 238.87
470.36 548.01
470.58 312.04
470.65 281.10
470.67 139.86
470.97 117.65
471.04 91.94
471.12 559.17
471.19 491.19
471.30 519.93
471.71 384.04
471.75 161.68
471.80 528.52
471.83 570.34
472.18 68.30
472.25 504.46
472.26 183.28
472.30 223.74
472.41 474.44
472.61 248.15
472.73 374.20
472.84 186.72
472.90 164.66
473.30 531.35
473.38 318.90
473.40 158.60
473.49 210.63
473.58 258.38
473.74 368.53
473.91 86.77
473.98 105.37
474.07 331.67
474.20 348.48
474.35 545.90
474.71 452.61
474.90 380.93
475.14 282.82
475.25 286.01
475.52 358.29
475.77 455.89
475.85 270.22
476.05 254.05
476.20 219.57
476.22 161.45
476.40 496.72
476.78 259.78
476.89 64.48
476.91 554.82
477.09 304.04
477.53 143.13
477.56 79.72
477.71 490.16
477.76 230.96
477.81 241.52
477.89 55.60
477.92 62.65
477.98 436.81
477.99 177.25
478.00 306.35
478.11 561.19
478.43 294.40
478.47 570.56
478.48 95.58
478.49 137.22
478.60 384.30
478.70 270.54
478.75 518.63
478.78 282.95
479.02 73.72
479.06 362.13
479.10 291.53
479.22 301.07
479.28 509.50
479.31 277.26
479.32 147.62
479.49 242.45
479.62 100.60
479.69 516.07
479.72 485.77
479.92 534.62
479.98 374.67
479.99 117.47
480.07 391.50
480.17 297.42
480.25 81.78
480.26 167.46
480.31 106.89
480.34 551.61
480.48 177.49
480.49 424.54
480.72 377.85
480.79 409.85
480.85 205.06
481.06 267.42
481.18 399.18
481.40 407.16
481.44 140.57
481.64 363.94
482.00 503.87
482.40 260.82
482.50 130.89
482.55 270.08
482.67 212.56
483.07 542.62
483.16 73.56
483.67 416.39
483.75 234.28
483.79 62.94
483.94 329.85
484.17 567.77
484.34 182.18
484.40 227.08
484.63 263.42
484.70 307.52
484.93 107.08
485.10 168.71
485.39 353.64
485.41 187.16
485.51 331.60
485.59 147.95
485.78 444.53
485.81 571.72
485.86 503.44
486.00 268.95
486.13 265.18
486.23 194.14
486.23 383.90
486.26 118.96
486.35 347.67
486.50 446.58
486.64 402.87
486.80 69.15
487.16 231.74
487.20 491.08
487.23 307.08
487.23 527.25
487.36 412.84
487.37 229.26
487.39 603.23
487.54 94.68
487.68 275.18
487.72 426.24
487.80 484.01
487.95 218.84
488.15 469.78
488.34 101.10
488.36 148.78
488.51 109.23
488.53 465.00
488.72 538.51
488.78 154.49
488.87 132.99
488.97 305.12
489.46 259.70
489.57 357.75
489.59 119.69
489.75 172.64
489.83 469.93
490.26 270.01
490.36 538.33
490.37 392.75
490.43 247.78
490.44 199.93
490.78 135.96
490.92 484.09
490.93 250.76
491.01 95.98
491.33 510.12
491.87 239.11
491.90 531.60
492.12 384.67
492.15 91.82
492.32 282.95
492.43 352.13
492.59 408.20
492.62 196.28
492.71 372.23
492.90 150.35
493.51 559.39
493.53 162.99
493.55 143.24
493.57 476.80
493.89 334.19
493.99 85.10
494.05 349.97
494.06 418.91
494.06 64.69
494.16 450.47
494.18 229.33
494.19 312.90
494.22 536.87
494.22 82.76
494.28 168.64
494.47 121.12
494.49 106.87
494.70 125.58
494.77 315.19
494.85 199.79
495.44 468.85
495.99 155.59
496.14 283.38
496.37 665.15
496.52 306.74
496.75 188.60
496.90 538.80
497.04 403.22
497.21 621.34
497.35 467.12
497.56 596.02
497.57 372.22
497.74 408.11
498.14 110.09
498.18 428.39
498.38 530.05
498.46 578.94
498.48 227.85
498.66 509.20
498.77 121.32
498.80 243.12
498.87 453.36
499.09 54.36
499.24 176.35
499.25 649.41
499.34 541.23
499.41 319.49
499.78 396.68
499.89 268.25
499.91 435.96
500.11 78.88
500.21 273.79
500.24 627.72
500.36 264.21
500.47 458.54
500.56 61.50
500.63 223.87
500.72 348.99
500.83 639.73
500.85 483.41
500.97 166.90
501.23 601.21
501.29 210.63
501.31 247.37
501.36 66.90
501.47 500.70
501.57 401.88
501.68 244.42
501.72 231.54
501.84 364.58
501.87 126.13
502.05 535.31
502.06 302.72
502.24 328.66
502.28 140.68
502.32 624.97
502.34 591.11
502.40 163.46
502.41 293.98
502.48 341.22
502.52 178.74
502.75 191.79
503.30 444.54
503.56 519.84
503.58 105.35
503.71 492.97
503.75 284.69
503.79 123.25
503.86 278.09
503.92 407.00
504.18 291.41
504.30 266.43
504.54 511.79
504.56 226.95
504.67 73.65
504.77 315.35
504.82 325.34
505.12 346.76
505.13 130.71
505.26 158.69
505.28 441.01
505.50 438.34
505.52 621.64
505.62 269.86
505.69 126.15
505.89 232.08
505.95 319.72
506.04 241.34
506.20 415.48
506.23 180.33
506.52 601.51
506.69 456.67
506.89 373.93
506.92 473.50
506.98 54.19
507.18 156.64
507.23 185.06
507.25 627.08
507.29 277.92
507.85 367.93
507.92 118.05
507.92 358.31
508.01 553.05
508.08 236.07
508.26 620.29
508.29 417.70
508.29 235.09
508.31 379.88
508.64 256.25
508.98 214.25
509.11 505.82
509.22 88.09
509.23 96.81
509.27 642.57
509.30 200.72
509.73 223.43
509.79 198.10
509.80 63.28
509.87 400.66
509.87 136.07
510.10 564.23
510.14 173.59
510.15 556.96
510.21 349.60
510.48 428.32
510.83 207.49
511.11 480.50
511.12 552.93
511.42 78.79
511.49 466.43
511.69 615.21
511.77 535.77
511.99 306.86
512.10 628.01
512.20 524.08
512.24 177.16
512.25 635.41
512.39 405.24
512.50 152.91
512.57 520.43
512.82 427.74
512.84 130.78
513.18 277.86
513.22 670.25
513.36 586.54
513.37 602.23
513.40 197.22
513.48 559.62
513.97 419.99
513.98 549.56
514.05 287.86
514.07 610.87
514.13 366.22
514.18 435.55
514.23 552.98
514.29 368.75
514.71 590.99
514.73 308.51
514.80 162.96
515.10 597.52
515.57 385.41
515.81 173.09
515.85 636.10
515.88 299.61
516.03 545.86
516.19 381.74
516.24 231.27
516.30 578.43
516.36 191.90
516.63 96.16
516.66 403.46
516.67 447.30
516.88 298.31
516.99 531.21
517.03 149.91
517.27 621.71
517.35 489.64
517.37 124.21
517.41 127.24
517.50 425.14
517.51 220.43
517.57 265.54
517.63 602.25
517.76 606.85
517.95 141.54
518.27 521.53
518.31 634.49
518.36 405.76
518.42 526.28
518.50 454.24
518.63 352.03
518.67 540.42
518.78 242.11
518.87 347.17
518.88 589.60
519.17 323.23
519.27 414.48
520.26 497.00
520.35 615.28
520.46 118.06
520.60 597.71
520.80 624.05
520.88 151.42
520.89 418.48
521.06 243.27
521.08 91.71
521.15 319.88
521.30 145.62
521.42 79.01
521.81 147.15
521.85 593.42
521.96 178.72
522.23 120.51
522.23 203.47
522.34 88.08
522.55 539.53
522.57 333.60
522.60 234.15
522.75 489.32
522.87 434.27
522.90 414.14
523.18 323.03
523.22 107.79
523.29 132.94
523.33 193.29
523.38 602.21
523.40 81.14
523.59 371.54
523.62 658.84
523.70 293.86
523.76 351.79
523.85 96.26
523.89 606.53
523.91 363.80
524.10 187.59
524.10 400.31
524.15 549.11
524.15 471.12
524.22 71.91
524.43 632.95
524.49 465.09
524.58 184.36
524.95 84.67
525.01 112.27
525.03 126.20
525.33 161.16
525.44 235.66
525.46 502.38
525.49 298.26
525.77 247.37
525.91 197.67
525.98 589.91
526.60 265.43
526.66 172.68
526.70 457.11
526.75 144.30
526.85 353.91
526.95 152.82
527.15 173.60
527.42 94.86
527.62 318.35
527.88 467.21
528.07 168.72
528.30 346.02
528.41 601.26
528.59 462.55
529.02 584.97
529.07 588.41
529.26 554.97
529.32 448.33
529.38 107.19
529.82 156.37
529.83 56.96
529.87 540.40
530.07 202.92
530.15 408.03
530.18 581.55
530.23 382.12
530.27 266.60
530.30 60.90
530.34 511.52
530.41 670.27
530.59 403.70
530.62 289.26
530.67 146.87
530.81 330.60
530.88 518.86
531.20 84.16
531.59 487.54
531.70 387.90
531.74 331.81
531.97 161.69
532.14 109.53
532.30 413.67
532.35 228.55
532.41 570.67
532.60 127.62
532.61 373.34
532.70 432.11
532.72 197.47
532.83 61.65
532.93 259.31
532.97 271.96
533.12 175.62
533.79 537.65
533.82 180.42
533.83 97.02
534.01 231.84
534.26 468.58
534.28 558.64
534.55 398.43
534.71 199.47
535.29 127.59
535.29 148.31
535.31 170.34
535.40 434.87
535.48 484.90
535.70 479.14
535.83 665.83
536.15 644.62
536.38 669.82
536.58 324.86
536.62 582.80
536.62 661.28
536.76 342.92
536.94 397.42
536.94 313.97
536.96 363.13
537.10 171.34
537.19 523.47
537.20 451.06
537.28 411.98
537.31 447.52
537.58 297.58
537.63 551.49
537.67 475.77
537.67 178.69
537.68 503.35
537.99 605.89
538.07 569.88
538.16 381.97
538.25 627.58
538.27 582.75
538.29 286.19
538.40 196.74
538.55 153.73
538.83 247.45
538.99 290.58
539.19 285.24
539.22 255.24
539.43 131.24
539.79 478.92
539.81 183.68
539.91 179.81
540.59 229.17
540.64 416.92
540.67 204.58
540.73 604.17
540.88 137.42
540.91 98.10
540.96 199.24
541.34 207.61
541.34 318.94
541.57 222.53
541.75 397.25
541.81 289.24
541.86 277.83
542.01 447.98
542.02 450.00
542.06 246.39
542.15 589.55
542.98 292.42
543.10 582.88
543.16 338.65
543.39 413.63
543.55 370.33
543.57 403.56
543.60 111.67
543.89 232.20
543.91 167.03
544.08 456.26
544.25 119.74
544.26 285.95
544.31 218.31
544.40 666.47
544.41 613.33
544.57 297.62
544.59 190.41
544.88 228.18
545.03 461.45
545.14 281.84
545.25 406.26
545.42 311.95
545.43 363.69
545.45 463.32
545.68 485.98
545.75 244.48
545.83 427.57
546.24 634.28
546.26 637.27
546.76 194.51
546.79 302.21
546.94 385.40
547.60 101.64
547.71 346.89
547.72 146.90
547.74 349.33
548.25 94.39
548.58 391.17
548.72 543.14
548.73 113.71
548.93 222.27
548.94 89.00
549.01 266.19
549.01 129.58
549.11 641.19
549.17 286.71
549.31 327.33
549.45 271.48
549.51 515.09
549.63 482.01
549.69 416.42
549.80 140.68
550.02 351.86
550.50 420.99
550.53 398.51
550.57 360.23
550.65 393.60
550.80 333.78
550.88 590.58
550.91 613.10
551.02 450.55
551.04 175.23
551.08 302.95
551.40 215.83
551.48 654.98
551.53 366.29
551.60 180.06
551.78 224.84
552.06 530.61
552.11 470.74
552.40 572.52
552.48 258.83
552.89 370.52
553.26 143.50
553.30 226.63
553.40 588.03
553.51 337.18
553.67 170.19
553.85 615.75
554.11 107.05
554.31 600.46
554.38 514.24
554.50 612.86
554.57 423.50
554.60 260.33
554.62 241.83
555.14 117.39
555.17 159.46
555.24 486.37
555.30 220.25
555.54 149.55
555.55 428.82
556.01 203.41
556.05 84.91
556.34 295.95
556.40 370.09
556.79 111.26
556.83 317.90
556.96 489.66
557.25 355.91
557.77 305.19
557.85 409.93
557.92 231.32
558.08 544.58
558.20 269.49
558.90 166.50
558.92 498.89
559.06 184.45
559.09 204.24
559.22 340.98
559.24 380.41
559.47 159.67
559.57 657.57
559.69 492.54
559.70 173.04
559.72 105.10
559.84 296.23
559.84 134.50
559.86 334.05
560.04 131.15
560.14 108.23
560.17 630.90
560.24 560.44
560.32 300.19
560.33 373.08
560.34 368.71
560.35 287.09
560.41 473.34
560.66 517.46
560.68 534.79
560.98 554.75
561.26 326.83
561.36 441.01
561.37 152.20
561.60 88.19
561.64 446.22
561.75 121.26
561.75 542.08
561.87 399.29
561.87 187.19
562.13 174.25
562.15 254.71
562.25 236.89
562.27 110.01
562.32 386.68
562.33 86.78
562.43 245.75
562.50 437.90
562.65 478.16
562.74 161.56
563.25 79.68
563.30 552.35
563.49 98.37
563.50 93.36
563.62 610.62
563.70 194.91
563.97 242.07
564.14 429.32
564.19 261.41
564.31 647.75
564.49 592.45
564.53 404.30
564.61 321.48
564.84 537.07
564.93 636.19
564.96 567.13
565.31 302.97
565.59 369.50
565.69 143.06
565.76 335.62
566.38 456.02
566.57 145.19
566.66 372.12
566.68 113.49
566.68 234.89
566.97 183.68
566.99 72.29
567.07 603.77
567.11 166.11
567.14 248.14
567.21 451.50
567.23 189.68
567.27 409.64
567.37 180.91
567.50 149.67
567.54 201.29
567.88 122.57
567.89 324.81
567.91 664.72
567.95 640.14
568.00 138.75
568.01 257.45
568.13 334.68
568.20 155.37
568.32 104.10
568.40 88.75
568.43 375.60
568.52 267.35
568.53 175.21
568.55 380.41
568.68 162.47
568.80 548.66
568.82 497.49
568.89 537.77
568.95 546.88
568.97 585.38
569.62 86.46
569.83 298.30
570.21 360.34
570.43 614.23
570.52 356.40
570.64 233.16
570.78 505.38
570.89 105.69
570.98 176.43
571.15 277.65
571.17 462.50
571.51 534.12
571.57 540.88
571.61 454.76
571.65 664.17
571.93 299.66
572.00 114.79
572.30 325.00
572.54 601.26
572.76 305.11
572.84 580.44
572.89 344.93
573.09 520.46
573.15 493.97
573.28 252.95
573.32 572.15
573.52 537.82
574.20 395.81
574.24 321.18
574.40 434.89
574.53 389.61
574.64 458.99
574.64 162.29
574.75 622.67
574.80 110.58
574.95 264.36
575.18 605.17
575.21 568.41
575.31 658.68
575.44 620.54
575.66 408.24
575.70 81.51
575.92 343.95
576.03 468.18
576.05 512.65
576.29 670.93
576.32 498.07
576.38 89.61
576.60 352.31
576.77 200.09
576.98 471.56
577.03 574.72
577.03 520.78
577.15 356.26
577.21 324.17
577.32 622.94
577.54 144.80
577.65 591.75
577.99 112.27
578.06 527.84
578.15 532.80
578.25 98.61
578.26 318.29
578.36 647.37
578.46 414.65
578.52 190.69
578.97 397.27
579.00 571.14
579.67 291.41
580.05 91.21
580.23 396.23
580.41 339.39
580.44 659.42
580.44 213.27
580.74 449.57
581.11 461.34
581.12 378.56
581.15 415.66
581.20 365.59
581.27 406.92
581.77 115.47
581.79 456.71
581.87 142.16
581.89 186.42
581.90 638.05
581.93 324.10
581.98 601.99
582.19 279.53
582.44 221.81
582.68 192.57
583.00 566.35
583.12 330.03
583.15 270.96
583.25 524.86
583.26 299.44
583.50 593.99
583.53 107.47
583.75 557.73
583.83 162.64
583.88 444.61
584.05 157.89
584.13 277.12
584.23 116.72
584.54 456.98
584.84 289.86
584.92 412.41
584.96 149.71
585.03 233.57
585.10 556.17
585.11 563.94
585.40 570.82
585.54 362.60
585.65 132.24
585.76 83.19
585.80 305.91
586.07 533.75
586.17 144.40
586.17 343.64
586.29 109.03
586.38 192.85
586.63 153.90
586.77 522.20
586.87 473.92
587.20 226.59
587.25 599.01
587.29 545.35
587.91 104.29
588.03 507.57
588.10 617.97
588.23 242.06
588.56 138.11
588.84 325.32
588.89 211.11
588.98 401.43
588.98 574.19
589.10 276.74
589.10 644.21
589.12 258.30
589.16 503.35
589.35 575.22
589.44 621.58
589.64 158.04
590.28 520.14
590.40 220.26
590.42 299.10
590.60 472.71
590.66 182.85
590.68 427.75
590.73 541.44
590.79 368.15
590.96 271.10
591.09 238.49
591.11 116.36
591.19 515.71
591.19 437.77
591.21 307.68
591.39 561.69
591.54 293.35
591.62 594.65
591.93 385.47
592.11 467.86
592.14 466.40
592.24 590.35
592.74 581.80
592.94 617.45
592.95 82.51
592.97 426.30
593.08 393.85
593.14 85.95
593.17 335.10
593.23 523.73
593.63 195.43
594.01 636.22
594.20 511.70
594.21 650.99
594.24 528.00
594.39 214.38
594.40 433.53
594.55 577.16
594.55 550.21
594.97 261.57
595.08 280.11
595.29 593.21
595.31 481.58
595.35 146.38
595.51 671.45
595.51 417.38
595.61 94.51
595.62 248.65
595.71 654.62
595.82 107.27
595.87 614.70
596.30 632.93
596.37 546.78
596.47 484.16
596.49 142.72
596.75 398.24
596.77 101.69
597.04 76.57
597.18 185.07
597.24 361.56
597.38 384.07
597.42 371.33
597.63 411.12
597.78 506.34
598.02 344.23
598.32 168.07
598.45 293.75
598.45 111.88
598.50 508.64
598.94 619.37
599.00 322.05
599.01 301.79
599.27 323.52
599.43 510.70
599.43 378.42
599.49 267.24
599.53 398.06
599.53 215.94
599.63 449.23
599.92 127.17
599.97 545.54
599.99 493.55
600.02 199.63
600.02 640.10
600.05 531.19
600.08 342.11
600.10 274.24
600.25 591.68
600.32 630.26
600.63 359.08
601.23 607.16
601.33 580.23
601.45 502.82
601.50 251.06
601.51 173.29
601.54 409.73
601.93 472.60
601.95 115.87
601.96 312.64
602.28 160.84
602.42 583.34
602.74 427.74
602.75 94.41
603.01 406.23
603.05 164.00
603.11 520.76
603.12 496.71
603.28 277.75
603.36 393.81
603.45 505.33
603.60 553.59
603.71 351.60
604.04 154.21
604.14 212.21
604.23 168.49
604.56 101.19
604.96 528.21
605.15 402.05
605.18 502.40
605.19 362.56
605.89 554.44
606.21 205.05
606.30 252.10
606.49 387.34
607.08 398.83
607.10 206.12
607.10 306.47
607.26 256.08
607.29 539.20
607.67 163.91
607.93 115.28
608.01 322.82
608.08 549.35
608.10 570.49
608.15 287.41
608.25 354.09
608.37 599.91
608.52 134.19
608.80 318.88
608.86 303.10
608.86 266.43
608.87 297.49
608.91 81.99
609.02 356.49
609.03 136.47
609.06 111.11
609.08 328.02
609.18 88.90
609.23 73.52
609.54 371.12
609.58 278.88
609.64 346.88
609.76 422.24
609.86 586.78
610.00 250.36
610.10 69.01
610.15 497.23
610.28 100.00
610.34 396.09
610.38 191.83
610.47 516.19
610.56 269.25
610.75 533.90
610.78 123.65
610.79 158.03
610.96 388.28
611.30 144.88
611.39 306.51
611.59 556.29
611.62 140.49
611.71 562.13
611.97 315.05
612.39 232.48
612.60 509.54
613.07 259.45
613.39 229.91
613.49 334.95
613.66 287.79
613.72 225.06
613.92 582.60
613.96 160.44
614.34 294.84
614.54 420.26
614.59 184.48
614.62 125.75
615.16 554.92
615.19 188.84
615.40 76.14
615.46 215.15
615.66 239.71
615.73 329.15
615.77 176.71
616.21 153.25
616.26 117.32
616.44 291.93
616.49 404.92
616.68 493.28
617.02 369.19
617.17 433.55
617.46 576.68
617.48 277.64
617.52 114.50
617.75 392.14
618.07 406.12
618.17 489.43
618.19 167.08
618.30 223.73
618.56 355.50
619.33 327.29
619.34 132.94
619.71 451.56
620.23 152.05
620.24 526.21
620.36 122.63
620.47 127.07
620.61 444.80
620.64 376.59
620.85 213.70
621.03 204.03
621.12 516.60
621.30 66.01
621.33 158.37
621.72 247.54
621.74 391.80
622.15 61.51
622.77 324.04
622.95 73.18
623.47 173.26
623.65 91.02
623.66 537.48
624.32 217.03
624.38 76.17
624.51 163.09
624.55 394.91
624.77 574.41
624.97 489.81
625.39 502.08
625.50 411.34
625.59 364.51
625.92 309.89
626.40 171.57
626.47 523.92
626.73 553.55
626.77 264.91
627.13 79.27
627.13 308.25
627.24 322.05
627.49 256.17
627.56 60.83
627.58 272.25
627.77 263.15
627.90 130.03
627.96 421.87
628.07 125.64
628.47 287.35
628.50 98.37
628.70 146.93
628.74 498.88
628.74 434.97
628.81 202.13
628.89 119.05
629.31 356.04
629.50 197.00
629.53 378.17
629.78 68.27
630.10 140.15
630.12 365.77
630.18 261.13
630.62 292.76
630.97 101.94
631.14 332.77
631.34 426.51
631.82 378.90
631.87 400.67
631.97 274.62
632.04 528.73
632.12 221.71
632.24 491.96
632.26 526.37
632.57 73.91
632.67 60.33
632.83 234.71
632.94 246.32
633.15 260.75
633.15 91.34
633.29 399.53
633.34 560.71
633.63 520.05
633.81 389.74
634.12 182.51
634.16 228.72
634.63 54.24
634.72 319.37
634.95 277.39
635.53 339.30
635.58 123.44
635.86 146.40
635.87 344.70
635.93 168.19
636.62 386.64
636.62 540.73
636.79 89.65
637.01 281.32
637.46 322.02
637.56 286.91
637.79 352.12
638.28 58.42
638.66 201.76
638.67 67.59
638.84 220.95
638.85 231.03
639.24 364.22
639.33 283.10
639.39 130.90
639.40 323.50
639.43 240.77
639.47 100.31
639.52 254.98
639.59 76.51
639.66 333.52
639.75 129.01
639.81 115.86
639.92 547.15
639.98 192.97
640.25 141.17
640.37 92.78
640.77 329.46
640.79 302.92
640.97 351.08
641.03 314.01
641.08 372.39
641.14 157.63
641.40 366.05
641.47 234.63
642.10 50.16
642.55 296.73
642.79 515.83
642.96 207.13
643.01 181.04
643.02 91.67
643.07 254.92
643.30 126.70
643.59 196.91
644.01 101.21
644.10 202.00
644.70 532.94
644.76 188.43
645.13 326.65
646.04 240.97
646.18 52.04
646.68 134.66
646.81 116.29
646.94 256.70
646.95 84.55
647.38 335.83
647.64 359.77
647.99 194.17
648.10 323.96
648.44 223.93
648.44 119.75
648.75 197.51
648.80 281.93
648.88 130.03
649.05 521.22
649.85 101.09
649.96 517.31
650.21 54.48
650.54 150.69
650.75 44.77
650.78 547.33
651.30 372.04
651.67 264.46
651.97 192.68
651.99 88.44
652.16 285.57
652.21 276.87
652.54 170.17
652.63 127.00
652.70 240.64
652.72 257.87
652.74 253.73
652.99 349.13
653.01 317.29
653.44 355.24
653.47 227.85
653.61 173.00
653.77 135.78
653.82 273.22
654.08 164.11
654.32 301.62
654.92 111.81
655.06 307.31
655.18 146.34
655.22 61.98
655.56 525.90
655.92 365.66
656.02 141.51
656.10 296.50
656.16 156.12
656.23 383.53
656.26 283.02
656.51 214.05
656.84 208.75
656.98 201.60
657.17 44.66
657.28 293.13
657.34 217.65
657.49 351.71
657.68 191.98
657.71 78.33
657.92 223.88
657.94 91.26
658.10 46.09
658.13 64.89
658.16 96.51
658.70 236.99
660.16 331.40
660.18 539.11
660.18 254.27
660.41 347.42
660.48 524.40
660.59 164.47
660.88 335.97
660.97 197.87
661.41 103.86
661.57 68.77
661.84 315.52
661.87 127.09
662.13 241.31
662.23 313.40
662.50 365.25
662.67 76.08
662.70 343.82
662.89 88.81
663.23 337.16
663.58 282.54
663.98 214.21
664.10 79.77
664.25 262.78
664.27 526.95
664.45 143.86
664.67 44.48
665.08 545.52
665.09 269.31
665.51 295.96
665.52 520.95
665.67 193.85
665.75 92.69
665.95 202.88
666.31 145.18
666.49 349.73
666.51 383.59
666.56 189.88
667.07 334.35
667.32 316.64
667.84 255.19
667.87 102.92
668.02 370.58
668.22 289.11
668.24 374.44
668.27 327.30
668.30 379.83
668.47 182.12
668.51 173.06
668.63 140.02
668.88 133.06
669.69 125.16
669.77 228.75
669.99 505.48
670.12 168.90
670.21 382.96
670.35 158.23
670.61 524.84
670.64 365.83
670.71 68.22
670.93 42.25
671.02 233.08
671.70 539.26
671.75 184.19
671.91 243.01
672.18 140.01
672.19 166.06
672.22 124.00
672.28 546.64
672.42 323.41
672.46 220.77
672.85 102.77
673.07 99.50
673.28 305.36
673.89 320.50
674.71 301.73
674.89 48.87
675.02 177.08
675.19 243.59
675.20 80.89
675.35 122.11
675.51 107.05
675.64 221.41
675.99 149.11
676.01 311.82
676.29 295.84
676.30 278.76
676.46 88.40
676.64 63.00
676.83 529.60
676.90 377.07
676.91 237.12
677.22 54.06
677.28 382.58
677.59 134.01
677.86 372.28
678.05 203.02
678.12 321.69
678.18 129.07
678.47 330.36
678.58 174.44
678.62 286.78
678.72 84.17
678.77 42.09
678.89 159.90
679.51 505.70
679.77 550.45
680.06 299.26
680.07 204.38
680.08 264.25
680.41 247.61
680.42 398.21
680.49 139.65
680.53 114.05
680.69 181.08
680.93 357.94
681.07 189.85
681.11 162.19
681.12 90.33
681.40 368.69
681.64 288.21
682.11 535.90
682.28 485.10
682.33 103.66
682.35 100.92
682.54 196.84
682.64 328.17
682.65 318.48
682.77 120.87
682.79 304.54
683.03 64.31
683.24 234.66
683.47 364.19
683.72 75.24
683.79 217.11
683.83 472.21
683.98 492.63
684.00 410.16
684.11 297.60
684.19 385.79
684.22 96.31
684.25 243.74
684.65 377.47
684.80 341.56
684.91 346.87
684.98 389.59
685.02 382.46
685.06 174.72
685.32 336.89
685.67 353.90
685.95 278.01
686.01 86.07
686.16 300.21
686.30 38.41
686.62 500.68
686.76 421.83
686.77 145.75
687.06 287.32
687.20 91.63
687.94 124.12
688.12 224.73
688.39 531.69
688.39 377.09
688.43 384.67
688.46 201.38
688.55 100.06
688.64 116.27
688.68 131.40
688.82 57.29
688.88 395.54
688.96 140.21
689.11 427.00
689.15 185.81
689.21 205.88
689.26 543.23
689.36 332.09
690.26 516.63
690.38 143.31
690.71 69.56
690.80 308.12
690.89 476.03
690.91 218.15
691.15 470.59
691.17 105.78
691.18 73.74
691.24 422.50
691.38 532.59
691.45 177.68
691.54 362.46
691.55 523.81
691.60 313.00
691.61 168.19
691.68 151.44
691.73 381.81
691.87 405.83
692.05 303.94
692.09 417.23
692.12 374.85
692.12 131.92
692.16 438.72
692.25 97.56
692.26 162.92
692.47 351.54
692.60 174.20
692.70 482.45
692.79 230.43
692.87 249.33
692.88 64.01
692.91 113.53
693.15 550.53
693.29 194.18
693.37 302.65
693.37 36.50
693.84 537.29
694.06 473.64
694.08 233.59
694.08 388.31
694.45 441.19
694.50 539.53
694.70 260.66
694.74 89.03
694.75 456.36
694.79 445.15
694.97 504.69
694.98 100.40
695.07 364.04
695.27 67.06
695.40 137.25
695.63 177.19
695.73 492.93
695.78 327.67
695.98 269.20
696.02 73.27
696.08 446.06
696.10 366.20
696.17 308.51
696.25 167.69
696.61 41.64
696.71 552.89
696.72 415.84
696.74 522.84
696.85 74.60
696.97 236.18
697.17 287.16
697.37 371.40
697.51 476.59
697.72 450.64
697.84 117.34
698.10 180.79
698.11 107.23
698.21 427.06
698.24 518.55
698.33 216.57
698.58 460.25
698.64 415.07
698.74 504.90
698.79 335.30
698.93 284.51
698.95 221.01
698.97 333.88
699.10 345.10
699.35 98.69
699.60 515.14
699.75 323.75
699.82 497.00
699.88 241.97
699.92 265.67
699.99 55.02
700.09 375.04
700.32 390.57
700.36 471.25
700.60 103.61
700.64 351.41
700.69 142.90
700.89 531.15
700.91 306.39
701.16 425.58
701.34 182.82
701.62 399.15
701.64 59.40
701.65 114.59
701.90 172.11
702.08 376.17
702.18 494.64
702.34 246.21
702.40 344.60
702.49 198.01
702.53 138.33
702.73 499.15
702.85 64.93
703.07 436.62
703.11 426.74
703.18 340.16
703.39 389.01
703.56 215.38
703.95 462.33
704.07 56.67
704.25 87.29
704.49 510.97
704.50 137.75
704.66 40.85
704.69 304.87
704.93 182.42
705.12 141.82
705.12 151.99
705.17 534.57
705.34 257.95
705.88 323.78
706.17 79.12
706.33 546.65
706.53 243.05
706.56 528.99
706.76 396.65
706.77 221.09
707.32 360.84
707.32 437.19
707.61 110.93
707.89 435.53
707.90 347.73
707.91 234.18
708.04 311.72
708.26 536.54
708.28 212.63
708.35 151.79
708.38 336.43
708.55 174.31
708.93 40.46
709.12 478.07
709.13 388.48
709.14 159.70
709.24 519.93
709.31 372.31
709.25 485.16
709.57 453.93
709.70 260.80
709.99 413.72
710.08 389.95
710.32 289.13
710.38 247.19
710.46 281.45
710.58 291.03
710.79 275.81
711.64 184.87
711.76 284.88
711.76 317.96
711.78 418.54
712.46 452.60
712.66 148.99
712.66 438.89
712.72 210.93
712.75 59.52
712.78 84.83
712.87 200.76
712.88 512.68
712.89 272.50
712.93 466.06
713.14 83.37
713.62 182.31
713.95 343.24
714.03 403.02
714.17 514.80
714.26 263.55
714.61 357.34
714.66 407.75
714.84 275.88
714.92 398.42
714.94 377.56
715.19 79.02
715.45 52.88
716.30 473.10
716.40 432.11
716.54 350.77
716.75 356.56
716.76 444.30
716.80 245.17
716.82 291.88
716.86 523.48
716.90 67.16
716.94 76.89
717.04 254.26
717.14 255.76
717.17 394.06
717.59 258.42
717.76 86.11
717.78 502.82
718.20 271.77
718.54 364.61
718.59 536.46
718.73 316.53
718.81 359.28
718.82 36.00
718.96 480.15
718.96 416.83
719.09 466.72
719.13 225.28
719.37 95.24
719.39 120.69
719.50 168.17
719.59 433.72
719.97 178.77
720.03 324.51
720.15 73.32
720.16 66.93
720.18 105.85
720.20 512.07
720.21 534.64
720.36 437.38
720.43 237.28
720.63 293.90
720.63 500.36
720.71 211.63
720.96 349.48
720.96 300.84
721.59 283.24
721.68 490.31
721.84 343.66
721.96 231.96
722.03 504.34
722.16 240.19
722.47 465.76
722.50 184.06
722.59 522.07
722.81 53.23
723.14 146.29
723.34 172.46
724.10 287.93
724.22 198.20
724.61 206.45
725.34 476.02
725.47 358.62
725.52 371.74
725.59 58.79
725.95 395.58
726.11 55.02
726.14 253.94
726.18 234.29
726.44 546.92
726.50 492.25
726.51 464.22
726.68 255.76
726.70 239.61
726.84 485.45
726.93 532.40
726.98 183.22
727.03 342.30
727.43 520.53
727.47 141.66
727.63 399.28
727.66 171.62
728.10 329.15
728.23 151.63
728.28 147.59
728.33 289.02
728.45 64.48
728.53 123.51
728.59 117.08
728.79 306.01
728.80 134.80
728.96 482.03
729.21 511.91
729.41 36.56
729.75 113.87
729.77 249.65
730.08 195.89
730.30 356.84
730.37 224.95
730.71 316.13
730.94 281.44
731.18 101.55
731.23 186.17
731.28 327.90
731.29 497.57
731.29 363.78
731.50 109.61
731.81 393.61
731.85 493.79
732.08 81.06
732.26 295.63
732.38 487.07
732.50 73.60
732.83 239.54
732.86 136.45
732.94 531.84
733.31 490.00
733.32 481.49
733.46 536.04
733.57 329.35
733.60 504.67
733.66 270.78
733.71 520.00
733.78 506.87
734.14 550.92
734.52 72.75
734.59 127.97
734.83 374.92
734.96 362.04
735.07 132.62
735.50 382.92
735.65 499.85
735.75 193.86
735.81 352.96
736.10 252.10
736.17 268.30
736.83 153.97
736.91 40.00
737.00 233.33
737.01 159.99
737.10 359.41
737.18 494.68
737.32 375.54
737.36 119.18
737.38 136.47
737.46 146.38
737.49 164.30
737.50 110.09
737.69 150.02
738.20 248.78
738.45 141.61
738.56 235.99
738.73 331.27
738.76 222.99
738.88 89.22
738.89 63.06
739.16 341.52
739.21 228.65
739.39 349.50
739.79 300.86
740.01 480.77
740.11 66.56
740.23 270.54
740.37 473.22
740.50 124.76
740.53 339.40
740.83 239.30
740.84 284.20
741.11 325.54
741.47 341.22
741.53 108.14
741.67 514.95
741.76 215.69
742.25 151.87
742.36 319.74
742.45 93.13
742.52 237.02
742.60 279.89
742.63 77.26
743.04 307.82
743.24 42.45
743.30 243.39
743.32 136.23
743.63 55.57
744.54 228.61
744.57 87.74
744.77 544.85
744.92 223.29
745.51 358.19
745.76 179.06
745.79 162.01
745.80 127.74
745.86 275.11
746.22 205.64
746.59 239.84
746.84 43.38
747.15 108.05
747.86 185.32
748.03 157.94
748.16 152.92
748.30 500.60
748.90 118.14
749.29 94.44
749.69 199.17
750.21 161.37
750.23 55.20
750.30 236.67
750.36 369.83
750.36 247.15
750.48 60.57
750.52 239.97
751.20 129.62
751.47 367.64
751.67 355.70
752.26 286.31
752.64 105.03
752.79 65.83
752.81 134.82
752.89 543.06
752.97 271.30
753.13 116.89
753.18 139.84
753.26 183.36
753.38 254.10
753.84 276.77
754.03 279.69
754.30 247.44
754.32 187.00
754.39 504.47
754.42 216.76
754.65 315.73
754.65 233.47
754.89 547.94
754.95 549.51
754.98 303.78
755.17 326.24
755.32 96.32
755.86 122.44
756.03 380.35
756.04 268.61
756.26 643.52
756.47 473.22
756.57 600.03
756.97 101.90
756.99 256.92
757.05 191.06
757.44 365.21
757.91 554.81
758.19 161.79
758.28 109.85
758.29 308.01
758.44 56.53
759.02 235.74
759.09 208.54
759.18 251.40
759.18 221.30
759.36 382.70
759.43 440.06
759.98 244.53
760.01 369.05
760.09 342.81
760.40 69.73
760.43 45.12
760.56 98.24
760.76 121.78
760.84 452.62
761.37 346.55
761.54 636.49
761.75 497.21
761.80 261.74
762.06 165.39
762.16 220.24
762.16 391.67
762.22 527.60
762.45 112.24
762.45 326.46
762.54 357.52
762.61 67.65
762.64 263.38
762.66 280.07
762.70 545.36
762.82 252.86
762.85 562.01
762.88 563.70
762.88 133.38
763.27 579.56
763.46 148.32
763.48 556.77
763.59 626.03
763.72 619.91
763.73 564.82
763.80 430.54
764.14 71.33
764.29 547.97
764.30 319.24
764.38 213.13
764.45 143.38
764.49 253.58
764.96 549.38
764.98 508.96
765.15 214.53
765.23 201.80
765.26 456.92
765.27 598.51
765.29 141.33
765.50 388.61
765.71 517.06
765.74 541.58
766.15 611.45
766.57 42.84
766.77 143.46
767.05 190.64
767.35 241.89
767.35 402.65
767.37 581.65
767.66 606.82
767.92 354.57
767.96 172.97
768.33 441.24
768.49 203.21
768.57 72.95
768.59 252.80
768.78 530.64
768.88 503.15
769.70 534.43
770.11 119.86
770.30 379.70
770.35 139.19
770.39 234.01
770.62 212.49
770.76 94.04
770.79 229.24
771.04 68.28
771.33 593.24
771.61 316.89
771.77 311.03
771.87 91.40
771.97 292.53
772.05 56.32
772.45 621.52
772.50 154.13
772.66 156.26
772.74 339.02
772.81 433.84
772.98 278.03
772.99 618.23
773.10 227.58
773.16 420.81
773.54 507.80
773.60 38.42
773.61 144.10
773.83 387.70
773.84 424.82
773.90 503.48
773.97 553.25
774.25 335.28
774.27 280.90
774.47 50.65
774.47 262.50
774.52 327.90
774.61 293.77
774.68 249.31
774.78 184.18
774.81 136.67
775.10 396.77
775.21 71.25
775.96 437.05
776.05 657.87
776.13 451.38
776.30 309.42
776.35 549.65
776.37 269.77
776.56 198.56
776.69 106.83
776.72 292.21
776.92 521.66
776.93 483.58
777.11 454.36
777.44 36.78
777.57 312.35
777.57 410.66
777.63 374.28
777.80 88.61
777.81 500.82
777.82 554.63
777.98 357.62
778.97 339.08
779.05 265.74
779.41 141.48
779.61 228.51
779.66 187.93
779.80 490.43
779.87 602.30
779.90 41.21
779.99 36.01
780.22 285.56
780.46 296.22
780.46 148.86
780.50 308.28
780.73 418.88
780.81 54.05
781.14 91.43
781.17 605.81
781.44 411.14
781.75 60.12
781.80 198.22
781.94 560.85
781.99 292.80
782.03 336.20
782.10 311.48
782.22 557.55
782.34 312.97
782.39 505.90
782.39 329.34
782.80 179.40
783.13 162.20
783.15 306.00
783.26 209.03
783.53 142.37
783.53 262.42
783.58 512.49
783.80 492.15
783.92 591.05
783.92 301.42
784.00 403.86
784.22 298.88
784.32 333.76
784.43 75.78
784.63 493.30
784.74 361.27
784.80 221.50
784.83 470.72
784.99 355.46
785.00 332.21
785.39 487.75
785.39 89.65
785.43 446.09
785.82 515.56
785.88 169.74
786.01 292.87
786.18 489.23
786.42 78.03
786.44 522.61
786.46 546.24
786.67 353.19
786.68 247.50
786.74 107.72
786.79 532.57
786.79 436.70
786.82 98.69
786.87 318.14
786.87 277.71
786.87 455.01
787.15 314.58
787.34 256.19
787.72 260.87
787.87 334.97
787.91 580.01
787.95 517.99
787.95 456.52
788.04 213.11
788.11 631.27
788.39 521.89
788.41 372.80
788.56 145.37
788.94 99.26
788.99 526.74
789.00 564.65
789.04 615.23
789.04 112.52
789.08 569.46
789.24 602.45
789.30 332.01
789.57 294.46
789.60 347.45
789.67 593.41
789.83 54.47
789.87 206.12
789.88 558.59
789.90 484.27
790.03 222.40
790.18 361.95
790.31 87.82
790.69 302.13
790.75 567.89
791.14 107.62
791.22 316.98
791.28 129.67
791.36 570.33
791.56 583.00
791.66 383.84
792.09 532.35
792.10 464.76
792.14 238.12
792.42 287.26
792.79 374.50
793.02 90.71
793.05 134.82
793.08 404.70
793.22 140.50
793.38 380.28
793.49 150.74
793.62 232.44
793.74 94.75
793.79 528.38
794.03 241.57
794.15 449.66
794.26 572.20
794.51 430.44
794.52 221.87
794.65 474.55
795.08 77.47
795.10 43.50
795.18 264.88
795.31 266.92
795.39 142.30
795.46 515.16
795.67 289.09
795.74 340.37
795.84 104.17
796.03 349.20
796.15 383.87
796.37 39.28
796.43 444.35
796.64 137.15
796.99 125.87
797.16 71.99
797.21 270.18
797.34 132.00
797.43 84.37
797.56 410.99
798.07 546.29
798.37 256.70
798.39 51.27
798.75 186.39
798.98 254.46
798.92 38.39
799.11 141.87
799.15 338.33
799.37 206.93
799.55 412.40
799.55 110.92
799.59 75.24
799.73 235.77
799.83 475.78
799.85 139.58
799.88 79.81
799.96 44.30
800.03 352.32
800.52 408.30
800.77 450.43
801.42 483.27
801.48 313.66
801.74 129.05
801.79 102.40
801.88 278.73
801.95 546.48
801.97 170.52
802.02 612.02
802.16 328.59
802.42 464.23
802.57 185.76
802.58 88.96
802.68 303.81
802.77 53.55
802.83 411.61
802.94 291.83
803.16 602.13
803.16 150.69
803.34 346.68
803.47 478.97
803.62 145.73
803.63 498.14
803.63 42.32
803.69 275.13
803.99 526.52
804.34 239.53
804.47 72.14
804.49 519.88
804.60 262.74
804.82 474.23
804.94 558.94
805.05 210.00
805.33 82.93
805.41 181.40
805.61 140.67
805.70 391.51
805.78 187.65
805.81 402.68
806.06 452.51
806.07 167.55
806.46 217.04
807.22 497.31
807.43 155.13
807.55 478.23
807.76 384.03
807.94 576.91
808.17 358.14
808.19 226.26
808.25 177.67
808.25 80.76
808.33 45.33
808.36 334.61
808.37 301.46
808.61 347.09
809.08 420.52
809.09 161.08
809.50 254.89
809.62 196.87
809.89 598.21
809.93 173.91
810.00 79.43
810.03 142.88
810.05 519.68
810.10 246.85
810.45 655.01
810.71 320.06
810.97 456.66
811.33 385.37
811.71 362.47
811.78 566.24
811.83 283.83
811.85 51.74
811.90 148.19
811.91 608.14
811.95 242.64
812.57 525.07
812.96 239.35
813.49 338.97
813.53 67.67
813.65 495.66
813.73 50.58
813.81 411.37
813.82 196.98
814.03 269.45
814.05 109.29
814.18 276.73
814.22 539.30
814.51 315.97
814.54 517.97
814.73 373.17
814.85 599.57
814.85 642.52
814.97 333.23
815.08 104.65
815.11 588.41
815.19 508.43
815.26 318.73
815.71 636.83
816.01 396.00
816.37 549.45
816.38 258.07
816.49 540.68
816.76 351.31
816.84 462.40
817.05 311.82
817.21 465.63
817.29 206.96
817.50 120.67
817.53 241.62
817.84 78.87
817.86 454.51
818.18 424.09
818.19 581.14
818.21 505.25
818.57 577.28
818.63 610.81
818.71 307.32
818.80 337.63
819.04 236.59
819.13 59.26
819.20 560.75
819.24 290.37
819.33 36.71
819.35 77.85
819.60 299.63
819.71 372.48
820.47 53.76
820.66 161.37
820.87 68.92
820.89 134.09
820.92 189.29
820.93 62.94
821.71 104.56
821.75 490.76
821.75 418.13
821.84 233.44
822.05 134.46
822.25 572.02
822.31 386.53
822.46 110.50
822.46 495.33
822.62 374.43
822.81 534.83
822.85 186.40
823.18 332.99
823.43 343.66
823.58 125.84
823.64 200.73
823.80 104.35
824.05 475.43
824.08 294.56
824.10 81.53
824.12 639.71
824.27 251.70
824.39 148.92
824.65 599.24
825.03 616.86
825.06 319.85
825.06 54.71
825.21 606.96
825.33 430.98
825.39 489.32
825.72 336.88
825.91 233.71
825.91 521.51
826.06 632.71
826.16 98.28
826.22 79.06
826.23 315.76
826.25 295.01
826.32 72.86
826.40 165.53
826.43 349.72
826.99 393.44
827.04 313.26
827.19 158.58
827.31 584.29
827.57 81.63
827.57 459.55
827.57 240.01
827.84 105.68
828.10 456.29
828.15 413.59
828.34 145.81
828.35 305.42
828.80 551.82
828.99 391.54
829.03 58.94
829.19 118.07
829.21 657.98
829.52 468.85
829.69 158.88
829.85 282.11
829.91 343.98
829.95 52.31
830.17 223.50
830.39 577.27
830.48 225.24
830.57 432.74
830.75 300.82
830.81 182.78
831.10 476.80
831.30 75.43
831.32 594.98
831.33 92.00
831.63 273.96
831.63 256.26
831.66 115.53
831.70 267.90
831.89 365.39
831.95 137.66
831.97 603.71
832.04 409.97
832.15 369.81
832.19 157.92
832.31 597.81
832.43 163.16
832.51 285.65
832.51 36.96
832.66 570.42
832.86 385.10
832.86 375.21
833.24 61.53
833.34 347.16
833.55 307.98
833.76 401.07
833.89 479.21
833.92 466.17
834.18 637.86
834.29 205.36
834.29 519.57
834.32 375.51
834.70 653.51
834.83 509.96
834.88 118.31
834.97 514.04
835.00 137.48
835.10 594.78
835.18 500.96
835.65 132.70
835.65 42.06
835.86 383.83
836.20 318.32
836.53 128.52
836.57 461.40
836.58 261.06
836.71 533.54
836.78 159.32
837.33 267.11
837.48 561.88
837.55 552.14
837.57 208.78
837.72 189.10
837.74 94.02
838.13 638.83
838.14 50.21
838.45 467.74
838.51 195.04
838.58 145.01
838.75 332.77
838.76 589.00
838.79 116.92
838.92 579.01
839.12 68.28
839.24 85.39
839.55 336.59
839.61 428.87
839.62 435.65
839.71 78.43
839.74 525.40
839.78 130.25
839.82 473.37
840.00 168.51
840.13 499.23
840.13 346.79
840.20 342.05
840.38 54.47
840.65 394.25
840.72 339.20
840.72 83.48
841.49 62.73
841.88 273.16
842.00 383.43
842.00 254.72
842.06 328.84
842.16 170.93
842.17 261.28
842.28 300.61
842.45 488.88
842.86 278.94
842.96 359.81
843.04 419.42
843.19 501.42
843.24 59.86
843.35 197.93
843.35 194.54
843.43 149.09
843.45 408.50
843.53 531.74
843.65 109.95
843.82 588.37
843.83 355.71
843.93 327.38
844.13 456.04
844.28 229.07
844.37 525.72
844.60 187.13
844.88 48.04
845.10 180.47
845.35 434.68
845.36 62.81
845.58 549.16
845.77 401.55
846.33 634.60
846.39 140.12
846.53 414.60
846.61 237.18
847.19 250.29
847.38 569.39
847.62 467.90
847.94 194.42
848.04 201.91
848.12 393.87
848.21 591.87
848.57 290.12
848.59 198.16
848.77 45.89
848.97 80.17
849.01 297.97
849.14 150.92
849.47 423.36
849.67 323.92
849.78 300.09
849.80 475.50
849.91 418.73
850.01 340.21
850.15 36.32
850.30 72.20
850.41 172.59
850.42 433.58
850.46 481.82
850.56 311.09
850.64 446.21
850.92 88.11
851.35 90.14
851.50 431.37
851.52 106.39
851.77 463.08
851.78 437.39
851.88 499.30
851.96 563.16
852.05 245.75
852.13 54.76
852.34 427.22
852.47 636.95
852.54 215.60
852.66 75.07
852.86 329.06
852.89 270.63
853.01 589.83
853.15 463.08
853.19 155.17
853.23 149.74
853.49 41.82
853.51 304.51
853.53 654.52
853.53 492.07
853.66 495.91
854.01 79.65
854.75 376.89
855.14 402.39
855.14 182.32
855.18 91.42
855.26 108.86
855.28 398.90
855.54 269.92
855.58 332.43
855.64 344.59
855.67 546.25
855.81 121.73
855.94 173.53
856.01 131.58
856.33 458.23
856.36 248.98
856.48 55.78
856.76 565.63
856.86 73.19
857.05 368.20
857.13 40.98
857.15 164.39
857.31 474.63
857.48 512.71
857.54 195.34
857.77 81.72
858.08 59.44
858.11 170.92
858.26 432.42
858.30 277.32
858.32 110.79
858.37 158.46
858.55 115.99
858.73 645.29
858.93 361.44
859.06 129.51
859.06 37.44
859.34 649.38
859.40 523.32
859.46 290.75
859.52 106.54
859.58 475.43
859.60 631.13
859.70 617.83
859.78 419.23
859.78 207.70
859.79 576.25
859.80 551.12
859.86 371.03
859.96 188.85
859.98 322.25
860.50 453.22
860.64 547.96
860.88 161.58
860.97 119.84
861.22 50.12
861.26 134.40
861.27 222.56
861.65 322.23
861.65 461.49
861.70 177.21
861.72 479.66
862.11 495.06
862.16 517.58
862.38 493.41
862.42 66.82
862.96 110.27
863.04 570.39
863.09 37.73
863.33 36.09
863.38 310.78
863.40 266.45
863.53 360.84
863.56 123.40
863.63 625.76
863.66 172.79
863.79 183.43
863.97 187.55
864.90 198.08
865.19 61.05
865.21 364.71
865.37 379.36
865.39 119.44
865.67 251.58
865.75 320.27
865.93 275.41
866.12 84.73
866.36 58.00
866.42 566.69
866.80 514.40
866.89 395.69
866.97 77.09
867.18 265.69
867.73 522.24
867.91 227.78
868.59 139.93
868.83 100.42
868.86 341.29
869.45 326.87
869.56 330.21
869.81 107.41
869.97 231.21
870.09 204.02
871.11 334.85
871.21 118.73
871.29 565.92
871.43 429.21
871.74 217.37
872.29 146.44
872.68 492.16
872.72 394.46
872.93 244.97
872.95 415.15
873.31 197.89
873.34 242.58
873.67 373.27
874.04 90.33
874.27 422.81
874.74 271.81
874.85 369.55
874.87 295.30
874.88 282.78
875.21 192.73
875.32 38.53
875.33 285.88
875.75 201.51
875.83 471.26
875.99 87.03
876.15 93.07
876.39 394.52
876.43 317.60
876.54 33.38
876.56 406.25
876.66 71.69
876.81 214.91
876.83 154.77
876.93 439.51
876.97 658.04
877.17 208.54
877.55 552.13
877.56 53.75
877.64 77.65
877.82 80.93
878.07 145.21
878.15 331.16
878.44 542.23
878.54 150.05
878.60 60.56
878.76 45.22
878.85 107.21
878.88 476.53
878.89 363.18
878.91 473.08
878.99 24.34
879.13 168.09
879.34 509.41
879.49 553.24
879.56 99.56
880.35 250.10
880.46 241.01
880.51 351.76
880.67 49.99
880.69 74.12
880.77 200.22
880.82 115.50
880.96 229.56
880.97 207.05
881.30 203.30
881.32 392.28
881.82 77.26
882.31 103.26
882.44 105.04
882.46 483.56
882.64 393.24
882.84 308.53
883.25 133.19
883.34 277.30
883.40 91.23
883.64 301.55
883.90 46.43
883.92 197.24
883.98 90.11
883.99 478.39
884.14 86.05
884.75 348.34
885.00 460.45
885.31 173.94
885.37 212.36
885.40 184.84
885.73 481.67
885.73 319.14
885.79 92.17
885.83 334.46
886.07 352.86
886.14 232.22
886.18 225.20
886.35 22.99
886.44 575.93
886.48 292.84
886.51 559.36
886.62 472.87
887.13 533.02
887.13 114.55
887.20 169.97
887.25 303.98
887.32 28.14
887.34 176.17
887.42 562.77
887.45 186.76
887.49 254.03
887.50 165.11
887.55 75.13
887.67 321.10
887.92 84.07
887.94 290.39
887.96 236.82
887.96 243.01
887.99 104.39
888.17 123.60
888.26 312.94
888.33 446.39
888.42 131.23
888.49 340.70
888.52 541.75
888.57 88.20
888.64 309.49
888.76 328.79
888.79 241.25
889.18 451.25
889.22 657.70
889.42 511.73
889.59 135.53
889.63 177.62
889.66 339.28
889.94 534.65
889.99 248.47
890.29 26.89
890.30 549.95
890.37 379.57
890.39 345.64
890.46 201.99
890.70 245.53
890.76 288.16
890.98 127.15
891.09 37.59
891.12 68.34
891.59 380.20
891.67 281.95
891.75 527.64
891.77 425.25
892.08 427.50
892.10 87.49
892.48 82.68
892.53 351.86
892.74 26.81
893.26 165.65
893.44 279.10
893.54 229.55
893.60 51.01
894.09 221.25
894.28 308.17
894.46 406.83
894.54 367.07
894.61 267.82
894.64 655.21
894.84 431.94
894.89 77.05
894.92 304.24
895.10 585.75
895.11 281.92
896.09 28.31
896.20 216.52
896.31 133.48
896.62 230.94
896.77 353.88
897.02 370.85
897.05 215.59
897.16 243.43
897.40 248.64
897.85 241.17
898.08 440.40
898.31 130.99
898.44 54.00
898.56 388.54
898.70 146.13
898.88 426.24
899.04 214.04
899.44 21.03
899.44 114.88
899.92 323.07
900.00 563.12
900.01 473.06
900.40 502.67
900.61 63.94
900.63 324.77
900.95 213.91
900.98 486.68
901.01 336.75
901.25 219.81
901.50 182.74
901.73 517.08
901.81 266.64
902.53 227.09
902.53 39.50
902.54 429.12
902.54 298.79
903.00 366.60
903.14 380.63
903.28 410.42
903.71 420.04
903.79 400.14
903.92 90.41
904.20 504.49
904.25 110.42
904.32 292.00
904.32 200.01
904.59 343.87
904.70 314.22
904.74 366.98
904.77 459.08
904.90 87.52
905.02 385.15
905.08 221.67
905.13 585.74
905.26 639.67
905.52 477.33
905.82 157.97
905.94 86.09
906.17 169.80
906.25 389.98
906.54 59.66
906.71 109.92
907.04 278.96
907.09 283.14
907.18 95.42
907.32 351.19
907.39 309.89
907.56 643.25
907.89 209.56
907.90 297.68
908.02 590.92
908.03 348.29
908.25 288.08
908.36 378.28
908.57 180.77
908.63 163.17
908.75 478.84
909.00 351.14
909.06 323.28
909.21 460.64
909.27 246.71
909.32 123.34
909.59 260.10
909.68 242.21
909.73 40.52
910.37 78.81
910.49 320.49
910.61 532.02
910.69 538.25
910.75 100.47
910.76 34.03
910.77 139.88
910.98 29.17
911.09 281.18
911.10 294.01
911.14 292.32
911.20 37.58
911.41 307.46
911.66 54.61
912.02 487.99
912.13 112.35
912.30 224.95
913.03 296.82
913.03 444.43
913.09 432.48
913.11 138.74
913.28 123.04
913.86 49.02
913.95 192.16
914.02 347.12
914.43 471.77
914.60 303.80
914.82 251.00
915.59 70.62
915.79 325.58
915.88 441.14
916.02 496.84
916.16 330.16
916.95 514.50
916.96 167.41
916.97 58.99
917.17 300.75
917.29 572.97
917.40 369.47
917.51 292.02
917.54 242.31
917.63 372.29
917.75 358.35
917.83 566.14
918.78 438.66
919.18 171.10
919.24 524.00
919.26 328.17
919.36 223.61
919.37 254.11
919.37 85.46
919.49 205.39
919.76 531.25
920.13 119.00
920.95 116.41
921.04 72.63
921.47 67.72
921.68 40.37
921.74 236.93
921.92 131.37
921.99 80.94
922.15 382.26
922.90 267.12
922.71 339.14
922.86 247.03
922.95 405.15
923.00 254.97
923.34 167.13
923.50 291.51
923.54 229.37
923.71 264.37
923.73 430.71
923.77 522.31
923.92 135.28
924.35 568.97
924.37 312.60
924.67 80.97
924.67 56.97
924.79 142.32
925.02 586.86
925.72 267.26
925.78 181.99
926.17 322.19
926.18 259.10
926.76 383.82
926.81 142.88
927.32 430.62
927.78 83.50
927.79 332.32
928.09 526.69
928.34 214.96
928.52 40.77
928.55 627.70
928.71 451.62
928.79 654.46
929.19 430.27
929.44 243.14
929.55 171.66
929.69 448.87
929.79 553.56
929.89 131.65
929.99 65.08
930.09 273.94
930.11 479.87
930.28 371.51
930.34 377.09
930.63 232.17
930.69 394.27
931.26 538.59
931.34 640.09
931.70 440.96
931.82 533.50
932.18 207.31
932.18 149.01
932.26 68.45
932.30 421.80
932.31 194.11
932.39 71.39
932.56 310.61
932.67 357.91
932.75 619.95
932.76 294.75
933.07 612.71
933.10 95.06
933.31 145.73
933.49 246.51
933.59 98.53
933.62 226.01
933.67 324.70
933.84 101.91
933.90 64.66
934.31 471.20
934.59 164.82
934.77 74.61
934.86 176.58
935.02 450.26
935.50 259.15
935.69 658.21
935.98 146.57
936.01 130.38
936.27 282.51
936.36 105.82
936.58 143.32
936.68 393.01
936.81 290.81
937.02 265.04
937.04 248.15
937.34 468.89
937.45 219.81
937.45 252.55
937.55 336.47
937.57 82.81
937.58 181.23
937.70 514.53
937.72 482.69
937.96 651.78
938.07 198.28
938.35 160.50
938.82 41.12
938.96 428.76
939.00 395.02
939.11 474.75
939.15 244.09
939.23 49.83
939.39 179.19
939.55 400.53
939.57 344.59
939.85 324.56
939.94 443.20
940.02 404.53
940.06 334.62
940.12 432.90
940.30 420.30
940.30 39.03
940.60 606.57
940.69 205.48
940.74 339.24
940.84 436.82
940.97 315.08
941.05 501.53
941.29 407.90
942.10 265.89
942.20 461.01
942.42 320.76
942.42 523.95
942.55 376.77
942.76 388.63
942.76 292.38
943.06 216.71
943.06 97.17
943.15 281.64
943.23 79.63
943.28 464.65
943.40 353.87
943.45 145.71
943.54 200.74
943.68 139.57
943.84 385.60
944.05 209.52
944.20 277.00
944.40 175.38
944.42 474.33
944.47 450.74
944.77 471.94
944.97 415.72
944.99 177.53
945.14 192.65
945.47 506.68
945.61 230.12
945.69 615.08
945.72 533.75
945.84 249.49
946.08 369.55
946.62 391.20
946.72 55.30
946.85 273.92
947.30 254.71
947.60 197.21
947.61 412.92
947.96 606.75
947.99 252.21
948.06 529.37
948.10 121.49
948.22 379.61
948.56 73.40
948.58 311.07
948.63 242.92
948.65 294.78
949.00 139.47
949.00 526.95
949.07 84.87
949.15 223.77
949.41 216.46
949.66 376.01
949.78 576.67
949.79 525.26
949.86 166.62
949.87 221.42
950.05 75.91
950.16 329.46
950.23 266.61
950.57 159.22
950.64 325.21
950.78 386.11
950.82 212.91
951.23 349.31
951.25 336.97
951.34 478.90
951.35 240.56
951.45 241.64
951.50 119.58
951.71 202.53
951.82 115.94
951.88 407.12
951.90 40.54
951.98 316.69
952.02 287.16
952.04 440.48
952.10 282.54
952.11 33.02
952.21 492.66
952.37 654.33
952.72 415.43
953.23 507.81
953.50 516.21
953.65 572.39
953.67 280.98
953.78 413.24
954.18 382.86
954.31 234.55
954.35 407.07
954.51 294.46
955.10 643.32
955.14 415.41
955.17 543.63
955.18 492.19
955.20 351.84
955.40 457.60
956.38 119.18
956.48 590.98
956.77 89.42
956.83 377.26
957.30 627.96
957.60 277.96
957.64 152.86
957.67 625.30
957.74 429.75
958.11 318.63
958.30 159.28
958.33 397.15
958.54 402.84
958.57 614.71
958.59 72.27
958.75 381.22
958.79 382.81
959.25 109.33
959.32 219.47
959.43 486.45
959.47 162.95
959.66 465.56
959.86 77.54
959.94 392.81
960.05 283.64
960.18 170.76
960.50 298.80
960.53 44.81
960.58 651.97
960.70 204.50
960.97 419.42
961.37 269.47
961.91 67.35
962.03 229.93
962.16 313.70
962.16 425.33
963.06 92.48
963.28 262.66
963.32 51.88
963.40 165.37
963.46 141.88
964.18 498.78
964.38 108.56
964.54 44.07
964.78 139.58
964.97 68.98
965.03 186.62
965.69 37.63
966.32 275.59
966.39 238.30
966.41 141.83
966.87 379.45
966.93 72.96
967.14 205.33
967.60 462.50
967.60 459.89
967.62 466.40
967.97 225.72
968.67 128.47
969.11 124.11
969.23 280.30
969.24 178.94
969.47 31.14
970.34 552.78
970.50 224.19
970.82 316.56
971.54 498.71
971.75 447.51
971.96 102.19
972.06 116.22
972.56 420.63
972.97 603.09
973.13 586.42
973.24 395.59
973.26 86.70
973.88 127.60
973.98 134.41
974.49 306.79
974.58 373.09
974.76 224.33
974.81 359.89
975.07 241.31
975.31 352.00
975.39 186.90
976.20 141.04
976.28 649.97
976.44 316.85
976.54 180.05
976.63 242.34
976.71 347.69
976.90 219.52
977.06 105.86
977.36 191.99
978.12 315.38
978.26 162.97
978.59 343.56
980.25 533.73
980.29 113.77
980.54 337.44
980.56 437.33
980.57 166.95
980.97 516.26
980.99 108.95
981.21 597.01
981.26 31.35
981.33 205.65
981.55 171.33
981.67 111.27
981.97 209.62
982.29 464.06
982.42 402.29
982.67 397.27
982.70 321.33
983.14 296.97
983.19 428.68
983.36 493.22
983.53 549.98
983.66 197.99
984.93 173.76
985.10 562.63
985.39 274.40
985.72 312.67
986.07 458.03
986.10 230.67
986.15 242.57
986.33 650.13
986.36 143.62
986.61 378.91
986.76 81.65
986.90 464.25
987.47 269.70
989.20 362.62
989.37 195.41
989.93 652.51
989.94 67.23
990.29 410.53
990.81 409.08
991.39 436.24
991.96 411.07
992.24 335.73
992.30 210.36
992.50 512.06
992.94 28.96
993.13 415.20
993.40 501.30
993.53 278.98
993.57 601.21
993.64 444.64
993.82 380.15
993.87 155.72
994.10 532.65
994.90 332.43
994.94 522.12
995.19 54.16
995.74 355.56
996.07 587.85
998.21 122.24
998.24 226.00
998.40 193.76
998.65 44.52
998.65 517.49
998.90 292.94
999.05 500.83
999.09 310.39
999.23 525.69
999.33 83.62
999.70 469.20
999.92 377.36
1000.54 330.22
1001.01 178.86
1001.29 427.74
1001.58 103.28
1001.91 232.88
1002.00 150.70
1002.48 139.53
1002.50 252.22
1003.02 581.22
1003.08 439.31
1003.35 176.92
1003.43 108.00
1003.47 326.07
1003.65 91.33
1003.76 381.73
1003.80 120.61
1003.85 457.98
1003.97 340.95
1004.01 429.69
1004.10 289.19
1004.17 503.01
1004.27 309.95
1004.68 268.06
1005.07 334.89
1005.23 203.93
1005.29 304.09
1005.69 350.84
1006.04 222.09
1006.21 206.37
1006.31 135.06
1006.34 375.94
1006.49 211.77
1006.53 316.29
1006.72 44.51
1007.18 21.10
1007.33 216.52
1007.33 562.38
1007.58 252.90
1007.60 388.71
1007.70 194.82
1007.73 399.38
1007.74 560.51
1007.95 569.16
1008.18 71.41
1008.80 492.01
1008.92 421.97
1009.16 86.56
1009.33 64.97
1009.47 77.79
1009.82 427.30
1009.83 34.90
1009.90 464.48
1010.17 246.32
1010.68 165.73
1010.71 27.42
1010.73 450.55
1011.02 102.62
1011.63 282.22
1011.81 168.58
1012.09 321.56
1012.58 225.71
1013.06 582.23
1013.46 400.02
1013.68 174.53
1013.94 176.52
1014.46 391.21
1015.37 439.64
1016.25 202.87
1016.45 287.71
1017.18 241.62
1017.32 430.22
1017.46 364.01
1017.76 468.78
1017.90 124.86
1018.47 449.17
1018.75 406.25
1019.02 56.60
1019.27 472.88
1019.71 386.36
1021.07 315.58
1022.12 74.12
1022.34 505.95
1022.71 95.18
1022.94 508.88
1023.54 317.68
1023.62 240.16
1024.60 363.82
1024.99 525.06
1025.00 379.88
1025.15 264.60
1026.10 213.00
1026.75 341.77
1026.96 78.33
1026.99 375.90
1027.03 372.80
1027.09 257.25
1028.66 296.84
1028.72 170.91
1029.35 389.80
1029.66 290.29
1029.94 245.88
1031.12 362.22
1031.70 287.29
1031.72 109.52
1032.10 269.52
1032.26 212.79
1032.51 367.06
1032.63 246.06
1032.69 376.45
1032.90 161.59
1032.92 512.79
1032.92 488.65
1033.41 140.12
1034.11 486.56
1034.61 267.58
1034.67 382.98
1035.26 358.17
1035.36 488.51
1035.83 93.89
1035.97 521.88
1036.74 372.29
1037.45 414.02
1038.07 145.52
1038.09 553.99
1038.21 258.92
1038.42 337.94
1038.73 513.93
1038.82 575.64
1040.00 329.69
1040.08 175.69
1040.12 290.56
1040.60 365.01
1040.71 358.41
1041.12 326.08
1041.69 412.58
1043.16 508.46
1043.24 394.00
1043.33 171.13
1043.88 199.23
1044.35 291.79
1045.11 323.57
1045.58 177.48
1045.90 468.73
1046.08 42.79
1046.24 292.04
1046.73 230.39
1047.05 122.15
1047.76 141.40
1049.33 414.60
1049.65 496.75
1049.85 235.23
1050.47 155.88
1050.53 344.70
1050.92 536.23
1051.08 382.88
1051.21 137.82
1051.28 459.08
1051.50 488.76
1051.72 122.17
1052.61 58.03
1052.67 454.02
1052.88 291.71
1053.27 558.13
1053.28 273.37
1053.66 177.91
1054.97 122.02
1055.13 333.30
1055.42 297.22
1055.56 192.43
1055.73 478.82
1057.83 494.49
1058.09 277.59
1058.13 492.04
1059.29 236.03
1060.88 67.22
1061.60 112.08
1062.64 185.45
1064.28 428.20
1066.47 398.11
1066.78 326.58
1067.45 61.72
1067.71 225.78
1068.15 59.59
1069.03 127.14
1070.97 171.57
1071.84 282.25
1072.73 139.64
1073.62 579.36
1074.13 334.65
1074.63 272.15
1075.09 220.94
1075.74 105.40
1075.81 254.74
1075.90 433.04
1075.95 467.19
1077.04 175.37
1077.36 56.77
1077.54 346.45
1079.81 357.82
1080.35 334.60
1081.28 409.37
1081.29 186.44
1081.46 200.06
1081.56 195.42
1082.53 99.14
1084.87 214.25
1085.09 462.12
1085.37 242.90
1085.45 457.25
1085.93 149.79
1086.83 514.83
1086.86 196.32
1087.76 124.65
1088.66 227.36
1089.34 623.25
1089.38 215.55
1089.55 57.09
1089.61 127.12
1090.48 348.45
1091.02 32.93
1091.38 220.93
1091.57 219.69
1092.84 379.05
1093.43 421.56
1093.45 224.91
1093.98 331.31
1095.13 553.21
1095.22 270.39
1095.32 198.84
1095.56 76.75
1097.14 319.97
1097.41 371.70
1099.81 47.11
1099.96 308.84
1100.16 224.65
1100.83 432.04
1101.40 552.77
1101.89 51.39
1103.18 249.37
1103.59 351.62
1104.37 278.70
1105.75 26.29
1108.09 75.50
1108.45 250.55
1109.94 297.26
1111.51 180.76
1111.98 446.46
1113.15 610.83
1114.47 398.49
1116.10 100.52
1118.78 325.37
1119.03 368.25
1119.81 346.81
1121.56 205.56
1124.41 215.31
1124.92 77.49
1125.98 563.64
1126.81 101.18
1128.39 406.18
1128.64 94.44
1128.90 581.48
1129.62 208.83
1130.53 513.46
1133.73 523.94
1136.75 23.07
1137.08 469.45
1137.73 595.23
1137.88 257.19
1138.08 637.91
1138.14 633.75
1139.25 217.77
1139.86 308.76
1141.23 454.47
1142.15 516.20
1142.35 153.96
1142.59 369.05
1144.34 258.29
1144.54 455.28
1145.14 442.16
1145.82 21.37
1148.02 423.76
1149.54 21.43
1150.73 369.91
1153.13 564.92
1153.86 437.79
1154.10 477.91
1155.17 275.68
1156.95 479.70
1157.40 111.94
1159.75 154.74
1160.42 314.13
1161.78 86.82
1162.19 544.09
1167.86 238.56
1168.14 245.69
1169.18 292.38
1171.15 428.02
1171.19 139.29
1171.82 482.96
1175.00 187.02
1177.11 332.69
1179.00 610.75
1179.95 282.06
1180.02 317.47
1181.44 513.48
1182.06 383.57
1185.99 49.94
1187.37 507.11
1192.34 341.68
1195.36 113.18
1198.97 534.03
1200.58 242.23
1203.68 365.80
1204.41 215.41
1208.33 260.43
1210.41 465.60
1211.10 291.85
1213.43 372.05
1223.43 269.76
1225.71 184.34
1234.00 400.77
1234.03 264.90
1237.32 71.59
1243.98 163.30
1244.97 105.35
1246.18 196.42
1246.86 237.15
1260.25 185.22
1265.78 469.09
1274.40 87.44
1280.28 266.68
1284.23 371.80
1292.46 442.04
1302.66 405.15
1304.74 408.45
1312.07 411.22
1313.46 56.39
1328.12 393.23
1339.79 279.99
1380.65 467.81
1383.50 311.80
1385.44 468.26
