  51216.3218   14.521  0.005    2  1 
  51216.3464   14.604  0.004    2  1 
  51216.3689   14.674  0.005    2  1 
  51216.3980   14.744  0.006    2  1 
  51217.3101   14.369  0.004    2  1 
  51217.3328   14.449  0.004    2  1 
  51217.3552   14.532  0.004    2  1 
  51217.3759   14.599  0.005    2  1 
  51217.3953   14.659  0.005    2  1 
  51218.2773   14.370  0.004    2  1 
  51218.3093   14.274  0.004    2  1 
  51218.3298   14.346  0.004    2  1 
  51218.3573   14.436  0.004    2  1 
  51218.3794   14.509  0.004    2  1 
  51219.2978   14.509  0.004    2  1 
  51219.3336   14.272  0.004    2  1 
  51219.3596   14.346  0.004    2  1 
  51219.3768   14.395  0.004    2  1 
  51220.2621   15.118  0.006    2  1 
  51220.2906   15.036  0.005    2  1 
  51220.3077   14.846  0.005    2  1 
  51220.3257   14.629  0.004    2  1 
  51220.3432   14.358  0.004    2  1 
  51220.3602   14.277  0.004    2  1 
  51220.3776   14.313  0.004    2  1 
  51221.2835   15.104  0.005    2  1 
  51221.3009   15.115  0.006    2  1 
  51221.3188   15.055  0.005    2  1 
  51221.3358   14.890  0.005    2  1 
  51221.3538   14.649  0.005    2  1 
  51221.3722   14.382  0.004    2  1 
  51283.2451   14.205  0.003    2  1 
  51283.2493   14.229  0.003    2  1 
  51283.2714   14.362  0.004    2  1 
  51283.2748   14.376  0.004    2  1 
  51283.2939   14.474  0.004    2  1 
  51283.2972   14.480  0.004    2  1 
  51283.3202   14.568  0.004    2  1 
  51283.3234   14.583  0.004    2  1 
  51283.3487   14.658  0.004    2  1 
  51283.3518   14.672  0.004    2  1 
  51283.3707   14.716  0.004    2  1 
  51283.3738   14.737  0.004    2  1 
  51284.2195   14.537  0.004    2  1 
  51284.2229   14.451  0.004    2  1 
  51284.2413   14.056  0.003    2  1 
  51284.2443   14.048  0.003    2  1 
  51284.2617   14.116  0.003    2  1 
  51284.2648   14.142  0.003    2  1 
  51284.2942   14.318  0.004    2  1 
  51284.2973   14.338  0.004    2  1 
  51284.3168   14.440  0.004    2  1 
  51284.3211   14.453  0.004    2  1 
  51284.3428   14.533  0.004    2  1 
  51284.3464   14.543  0.004    2  1 
  51285.0513   15.027  0.004    2  1 
  51285.0543   15.028  0.004    2  1 
  51285.0739   15.035  0.005    2  1 
  51285.0778   15.037  0.005    2  1 
  51285.0975   15.050  0.005    2  1 
  51285.1006   15.061  0.006    2  1 
  51285.1324   15.088  0.005    2  1 
  51285.1360   15.071  0.005    2  1 
  51285.1558   15.053  0.005    2  1 
  51285.1588   15.058  0.005    2  1 
  51285.1796   15.117  0.005    2  1 
  51285.1830   15.127  0.005    2  1 
  51285.2125   15.128  0.005    2  1 
  51285.2157   15.117  0.005    2  1 
  51285.2362   14.884  0.005    2  1 
  51285.2426   14.726  0.004    2  1 
  51285.2630   14.187  0.004    2  1 
  51285.2666   14.126  0.003    2  1 
  51285.2998   14.175  0.003    2  1 
  51285.3033   14.197  0.004    2  1 
  51285.3308   14.355  0.004    2  1 
  51285.3348   14.382  0.003    2  1 
  51285.3382   14.391  0.004    2  1 
  51286.0461   14.998  0.004    2  1 
  51286.0493   14.999  0.004    2  1 
  51286.0716   15.027  0.004    2  1 
  51286.0753   15.029  0.004    2  1 
  51286.1026   15.031  0.005    2  1 
  51286.1061   15.025  0.005    2  1 
  51286.1365   15.062  0.005    2  1 
  51286.1398   15.064  0.005    2  1 
  51286.1608   15.082  0.005    2  1 
  51286.1639   15.075  0.005    2  1 
  51286.1669   15.063  0.005    2  1 
  51286.1875   15.053  0.005    2  1 
  51286.1908   15.064  0.005    2  1 
  51286.2255   15.141  0.005    2  1 
  51286.2285   15.143  0.005    2  1 
  51286.2476   15.087  0.005    2  1 
  51286.2508   15.072  0.005    2  1 
  51286.2697   14.796  0.004    2  1 
  51286.2727   14.728  0.004    2  1 
  51286.3022   14.107  0.003    2  1 
  51286.3055   14.093  0.003    2  1 
  51286.3218   14.142  0.003    2  1 
  51286.3250   14.162  0.003    2  1 
  51286.3450   14.276  0.003    2  1 
  51286.3481   14.287  0.003    2  1 
  51304.9873   14.654  0.004    2  1 
  51304.9926   14.686  0.004    2  1 
  51305.0328   14.784  0.004    2  1 
  51305.0362   14.800  0.004    2  1 
  51305.0559   14.823  0.005    2  1 
  51305.0599   14.837  0.005    2  1 
  51305.0890   14.885  0.005    2  1 
  51305.0922   14.892  0.005    2  1 
  51305.1235   14.956  0.005    2  1 
  51305.1269   14.951  0.006    2  1 
  51305.1509   14.982  0.006    2  1 
  51305.1547   14.982  0.006    2  1 
  51305.1853   14.984  0.005    2  1 
  51305.1885   14.986  0.005    2  1 
  51305.2098   15.011  0.005    2  1 
  51305.2128   15.015  0.005    2  1 
  51305.2431   15.043  0.005    2  1 
  51305.2461   15.039  0.005    2  1 
  51305.2704   15.096  0.005    2  1 
  51305.2734   15.097  0.005    2  1 
  51305.2966   15.114  0.005    2  1 
  51305.2995   15.111  0.005    2  1 
  51305.9857   14.558  0.003    2  1 
  51305.9885   14.562  0.003    2  1 
  51305.9912   14.579  0.003    2  1 
  51306.0256   14.689  0.003    2  1 
  51306.0285   14.703  0.003    2  1 
  51306.0465   14.751  0.004    2  1 
  51306.0498   14.761  0.004    2  1 
  51306.0896   14.829  0.004    2  1 
  51306.0930   14.838  0.004    2  1 
  51306.1123   14.870  0.004    2  1 
  51306.1151   14.878  0.004    2  1 
  51306.1375   14.928  0.004    2  1 
  51306.1405   14.932  0.004    2  1 
  51306.1636   14.963  0.004    2  1 
  51306.1673   14.972  0.004    2  1 
  51306.1937   14.970  0.004    2  1 
  51306.1966   14.980  0.004    2  1 
  51306.2146   14.971  0.005    2  1 
  51306.2178   14.981  0.004    2  1 
  51306.2343   14.999  0.004    2  1 
  51306.2380   14.995  0.004    2  1 
  51306.2574   15.028  0.004    2  1 
  51306.2602   15.023  0.004    2  1 
  51306.2805   15.039  0.004    2  1 
  51306.2835   15.043  0.004    2  1 
  51306.3009   15.082  0.005    2  1 
  51306.3038   15.096  0.005    2  1 
  51306.3135   15.112  0.005    2  1 
  51306.3184   15.118  0.006    2  1 
  51307.0456   14.647  0.005    2  1 
  51307.0501   14.666  0.005    2  1 
  51307.0593   14.695  0.004    2  1 
  51307.0645   14.698  0.004    2  1 
  51307.0699   14.721  0.009    2  1 
  51307.0747   14.734  0.006    2  1 
  51308.0084   14.458  0.003    2  1 
  51308.0112   14.465  0.003    2  1 
  51308.0334   14.525  0.003    2  1 
  51308.0362   14.528  0.003    2  1 
  51308.0394   14.535  0.003    2  1 
  51308.0633   14.612  0.003    2  1 
  51308.0663   14.623  0.003    2  1 
  51308.0995   14.732  0.003    2  1 
  51308.1031   14.739  0.004    2  1 
  51308.1280   14.795  0.004    2  1 
  51308.1309   14.802  0.004    2  1 
  51310.0850   14.490  0.003    2  1 
  51310.0874   14.500  0.002    2  1 
  51310.0897   14.506  0.002    2  1 
  51310.0922   14.513  0.003    2  1 
  51310.1430   14.670  0.004    2  1 
  51310.1458   14.688  0.004    2  1 
  51310.1486   14.697  0.004    2  1 
  51311.0244   14.403  0.005    2  1 
  51311.0302   14.376  0.005    2  1 
  51311.0334   14.358  0.005    2  1 
  51311.0506   14.333  0.002    2  1 
  51311.0539   14.332  0.003    2  1 
  51311.0637   14.348  0.003    2  1 
  51311.0669   14.360  0.004    2  1 
  51311.0702   14.361  0.003    2  1 
  51311.0907   14.416  0.004    2  1 
  51311.0946   14.427  0.004    2  1 
  51311.0980   14.442  0.004    2  1 
  51311.1015   14.451  0.004    2  1 
  51311.1071   14.465  0.004    2  1 
  51311.1298   14.527  0.004    2  1 
  51311.1327   14.542  0.004    2  1 
  51311.1357   14.544  0.004    2  1 
  51311.1398   14.564  0.004    2  1 
  51311.1447   14.573  0.004    2  1 
  51311.9726   15.068  0.007    2  1 
  51311.9755   15.110  0.006    2  1 
  51312.0020   15.111  0.005    2  1 
  51312.0049   15.089  0.005    2  1 
  51312.0255   14.855  0.005    2  1 
  51312.0284   14.791  0.004    2  1 
  51312.0314   14.721  0.004    2  1 
  51312.0584   14.383  0.003    2  1 
  51312.0611   14.370  0.003    2  1 
  51312.0638   14.352  0.003    2  1 
  51312.0903   14.359  0.003    2  1 
  51312.0929   14.363  0.003    2  1 
  51312.0955   14.366  0.003    2  1 
  51312.1146   14.405  0.003    2  1 
  51312.1173   14.414  0.003    2  1 
  51312.1200   14.416  0.003    2  1 
  51312.9860   15.052  0.004    2  1 
  51312.9887   15.059  0.004    2  1 
  51312.9913   15.062  0.004    2  1 
  51313.0096   15.111  0.004    2  1 
  51313.0123   15.117  0.004    2  1 
  51313.0149   15.119  0.004    2  1 
  51313.0333   15.109  0.005    2  1 
  51313.0360   15.098  0.005    2  1 
  51313.0386   15.080  0.004    2  1 
  51313.0413   15.062  0.005    2  1 
  51313.0595   14.774  0.004    2  1 
  51313.0622   14.711  0.004    2  1 
  51313.0648   14.653  0.003    2  1 
  51313.0911   14.353  0.003    2  1 
  51313.0937   14.344  0.003    2  1 
  51313.0964   14.330  0.003    2  1 
  51313.1146   14.335  0.003    2  1 
  51313.1172   14.339  0.003    2  1 
  51313.1199   14.349  0.003    2  1 
  51313.1226   14.348  0.003    2  1 
  51313.9843   15.035  0.005    2  1 
  51313.9872   15.030  0.005    2  1 
  51313.9901   15.036  0.005    2  1 
  51314.0178   15.059  0.005    2  1 
  51314.0207   15.058  0.005    2  1 
  51314.0236   15.066  0.005    2  1 
  51314.0432   15.118  0.005    2  1 
  51314.0461   15.127  0.005    2  1 
  51314.0490   15.134  0.005    2  1 
  51314.0772   15.015  0.005    2  1 
  51314.0802   14.972  0.005    2  1 
  51314.0831   14.933  0.005    2  1 
  51314.1030   14.529  0.004    2  1 
  51314.1059   14.485  0.004    2  1 
  51314.1088   14.448  0.004    2  1 
  51314.1289   14.311  0.004    2  1 
  51314.1333   14.295  0.004    2  1 
  51314.1363   14.305  0.004    2  1 
  51314.9827   15.006  0.005    2  1 
  51314.9856   15.007  0.005    2  1 
  51314.9885   15.010  0.005    2  1 
  51315.0015   15.023  0.005    2  1 
  51315.0043   15.033  0.005    2  1 
  51315.0069   15.030  0.004    2  1 
  51315.0251   15.035  0.004    2  1 
  51315.0277   15.036  0.004    2  1 
  51315.0304   15.031  0.004    2  1 
  51315.0489   15.052  0.004    2  1 
  51315.0516   15.059  0.004    2  1 
  51315.0542   15.064  0.004    2  1 
  51315.0780   15.124  0.005    2  1 
  51315.0807   15.124  0.004    2  1 
  51315.0833   15.134  0.005    2  1 
  51315.1015   15.089  0.005    2  1 
  51315.1041   15.057  0.005    2  1 
  51315.1068   15.031  0.004    2  1 
  51315.1290   14.567  0.004    2  1 
  51315.1319   14.529  0.004    2  1 
  51316.0194   15.010  0.004    2  1 
  51316.0221   15.011  0.004    2  1 
  51316.0247   15.019  0.004    2  1 
  51316.0431   15.040  0.004    2  1 
  51316.0458   15.033  0.004    2  1 
  51316.0485   15.034  0.004    2  1 
  51316.0667   15.034  0.005    2  1 
  51316.0693   15.044  0.005    2  1 
  51316.0720   15.041  0.004    2  1 
  51316.0905   15.090  0.005    2  1 
  51316.0934   15.096  0.005    2  1 
  51316.0963   15.097  0.005    2  1 
  51316.1148   15.139  0.004    2  1 
  51316.1175   15.138  0.004    2  1 
  51316.1201   15.132  0.004    2  1 
  51316.9647   14.975  0.005    2  1 
  51316.9676   14.983  0.005    2  1 
  51316.9705   14.992  0.005    2  1 
  51316.9896   14.994  0.004    2  1 
  51316.9923   14.997  0.004    2  1 
  51316.9949   14.999  0.004    2  1 
  51317.0088   15.005  0.005    2  1 
  51317.0117   15.006  0.005    2  1 
  51317.0321   15.005  0.006    2  1 
  51317.0351   15.006  0.005    2  1 
  51317.0391   15.004  0.005    2  1 
  51317.0602   15.029  0.005    2  1 
  51317.0631   15.031  0.005    2  1 
  51317.0660   15.032  0.005    2  1 
  51317.0858   15.037  0.005    2  1 
  51317.0887   15.043  0.005    2  1 
  51317.0916   15.038  0.005    2  1 
  51317.1111   15.056  0.005    2  1 
  51317.1140   15.080  0.006    2  1 
  51317.1169   15.081  0.005    2  1 
  51317.9628   14.913  0.005    2  1 
  51317.9657   14.933  0.005    2  1 
  51317.9685   14.934  0.005    2  1 
  51317.9883   14.976  0.005    2  1 
  51317.9912   14.970  0.005    2  1 
  51317.9941   14.972  0.005    2  1 
  51318.0135   15.002  0.005    2  1 
  51318.0164   15.009  0.006    2  1 
  51318.0194   15.006  0.006    2  1 
  51318.0413   15.014  0.006    2  1 
  51318.0445   15.020  0.006    2  1 
  51318.0477   15.017  0.006    2  1 
  51318.0697   15.017  0.006    2  1 
  51318.0730   15.027  0.007    2  1 
  51318.0762   15.021  0.006    2  1 
  51318.0981   15.049  0.007    2  1 
  51318.1014   15.050  0.006    2  1 
  51318.1046   15.064  0.007    2  1 
  51318.1265   15.049  0.007    2  1 
  51318.1298   15.046  0.007    2  1 
  51318.9642   14.860  0.004    2  1 
  51318.9680   14.868  0.005    2  1 
  51318.9708   14.868  0.004    2  1 
  51318.9737   14.879  0.004    2  1 
  51318.9929   14.923  0.004    2  1 
  51318.9956   14.919  0.004    2  1 
  51318.9983   14.934  0.005    2  1 
  51319.0180   14.975  0.005    2  1 
  51319.0209   14.975  0.005    2  1 
  51319.0238   14.972  0.005    2  1 
  51319.0443   15.009  0.005    2  1 
  51319.0474   15.004  0.005    2  1 
  51319.0505   15.019  0.005    2  1 
  51319.0793   15.003  0.004    2  1 
  51319.0820   15.014  0.004    2  1 
  51319.0847   15.007  0.004    2  1 
  51319.1030   15.028  0.005    2  1 
  51319.1084   15.022  0.004    2  1 
  51319.1110   15.020  0.004    2  1 
  51320.1030   15.018  0.003    2  1 
  51320.1053   15.018  0.003    2  1 
  51320.1076   15.014  0.003    2  1 
  51320.1238   15.024  0.003    2  1 
  51320.1261   15.023  0.004    2  1 
  51320.1284   15.020  0.004    2  1 
  51320.1450   15.034  0.004    2  1 
  51320.1477   15.032  0.004    2  1 
  51320.1503   15.035  0.004    2  1 
  51320.9635   14.695  0.004    2  1 
  51320.9664   14.706  0.004    2  1 
  51320.9693   14.717  0.004    2  1 
  51320.9887   14.778  0.003    2  1 
  51320.9911   14.781  0.003    2  1 
  51320.9936   14.787  0.003    2  1 
  51321.0102   14.829  0.003    2  1 
  51321.0126   14.832  0.003    2  1 
  51321.0150   14.834  0.003    2  1 
  51321.0318   14.883  0.004    2  1 
  51321.0344   14.882  0.004    2  1 
  51321.0369   14.891  0.004    2  1 
  51321.0543   14.924  0.004    2  1 
  51321.0568   14.930  0.004    2  1 
  51321.0594   14.935  0.004    2  1 
  51321.0847   14.986  0.004    2  1 
  51321.0873   14.993  0.004    2  1 
  51321.0898   14.991  0.004    2  1 
  51321.1133   15.015  0.004    2  1 
  51321.1159   15.016  0.004    2  1 
  51321.1186   15.020  0.004    2  1 
  51321.1339   15.023  0.004    2  1 
  51321.1365   15.030  0.004    2  1 
  51332.9696   15.091  0.007    2  1 
  51332.9739   15.092  0.007    2  1 
  51332.9891   15.092  0.006    2  1 
  51332.9928   15.102  0.007    2  1 
  51332.9965   15.105  0.007    2  1 
  51333.0083   15.093  0.006    2  1 
  51333.0120   15.092  0.006    2  1 
  51333.0226   15.102  0.006    2  1 
  51333.0264   15.095  0.006    2  1 
  51333.0514   15.102  0.006    2  1 
  51333.0552   15.105  0.007    2  1 
  51333.0742   15.056  0.006    2  1 
  51333.0779   15.058  0.007    2  1 
  51333.0907   15.072  0.006    2  1 
  51333.0945   15.085  0.006    2  1 
  51333.1178   15.170  0.006    2  1 
  51333.1221   15.181  0.006    2  1 
  51333.1335   15.196  0.007    2  1 
  51333.1369   15.183  0.007    2  1 
  51333.1529   14.962  0.006    2  1 
  51333.1565   14.809  0.006    2  1 
  51333.1716   14.135  0.004    2  1 
  51333.1752   14.036  0.004    2  1 
  51334.9841   15.012  0.005    2  1 
  51334.9871   15.018  0.004    2  1 
  51335.0175   15.085  0.005    2  1 
  51335.0204   15.083  0.005    2  1 
  51335.0301   15.087  0.005    2  1 
  51335.0334   15.094  0.005    2  1 
  51335.0517   15.098  0.006    2  1 
  51335.0552   15.106  0.006    2  1 
  51335.0692   15.109  0.006    2  1 
  51335.0727   15.107  0.006    2  1 
  51335.0833   15.107  0.006    2  1 
  51335.0867   15.108  0.006    2  1 
  51335.1133   15.104  0.006    2  1 
  51335.1167   15.093  0.006    2  1 
  51335.9535   14.841  0.005    2  1 
  51335.9726   14.905  0.005    2  1 
  51335.9768   14.911  0.005    2  1 
  51335.9997   14.979  0.005    2  1 
  51336.0027   14.990  0.005    2  1 
  51336.0203   15.032  0.005    2  1 
  51336.0236   15.042  0.005    2  1 
  51336.0357   15.072  0.006    2  1 
  51336.0388   15.071  0.006    2  1 
  51336.0593   15.094  0.006    2  1 
  51336.0629   15.100  0.006    2  1 
  51336.0769   15.106  0.006    2  1 
  51336.0803   15.107  0.006    2  1 
  51336.1025   15.107  0.006    2  1 
  51336.1059   15.106  0.006    2  1 
  51336.1206   15.114  0.006    2  1 
  51336.1240   15.112  0.006    2  1 
  51337.0101   14.924  0.006    2  1 
  51337.9904   14.763  0.006    2  1 
  51337.9940   14.776  0.006    2  1 
  51338.0162   14.847  0.005    2  1 
  51338.0196   14.852  0.005    2  1 
  51338.0339   14.908  0.006    2  1 
  51338.0376   14.918  0.007    2  1 
  51338.9901   14.668  0.004    2  1 
  51338.9938   14.677  0.004    2  1 
  51339.0226   14.767  0.005    2  1 
  51339.0269   14.782  0.005    2  1 
  51339.0867   14.977  0.007    2  1 
  51339.0905   14.983  0.007    2  1 
  51339.1139   15.038  0.006    2  1 
  51339.1177   15.050  0.006    2  1 
  51339.1448   15.096  0.006    2  1 
  51339.1482   15.098  0.006    2  1 
  51339.9766   14.505  0.004    2  1 
  51339.9795   14.518  0.004    2  1 
  51340.0044   14.610  0.004    2  1 
  51340.0078   14.618  0.004    2  1 
  51340.0274   14.693  0.004    2  1 
  51340.0306   14.697  0.004    2  1 
  51340.0540   14.771  0.005    2  1 
  51340.0572   14.780  0.005    2  1 
  51340.0857   14.870  0.005    2  1 
  51340.0892   14.881  0.005    2  1 
  51340.1152   14.962  0.005    2  1 
  51340.1197   14.978  0.005    2  1 
  51340.1229   14.989  0.005    2  1 
  51340.1263   14.997  0.005    2  1 
  51340.1404   15.036  0.006    2  1 
  51340.1437   15.050  0.006    2  1 
  51344.9924   15.176  0.005    2  1 
  51344.9958   15.157  0.004    2  1 
  51344.9988   15.131  0.004    2  1 
  51345.0216   14.259  0.004    2  1 
  51345.0255   14.113  0.004    2  1 
  51345.0302   13.967  0.003    2  1 
  51345.0553   13.946  0.003    2  1 
  51345.0603   14.005  0.003    2  1 
  51345.9856   15.130  0.006    2  1 
  51345.9896   15.145  0.006    2  1 
  51346.0219   15.182  0.007    2  1 
  51346.0264   15.159  0.006    2  1 
  51346.0486   14.430  0.004    2  1 
  51346.0523   14.274  0.004    2  1 
  51346.0791   13.895  0.003    2  1 
  51346.0826   13.922  0.003    2  1 
  51347.0416   15.192  0.006    2  1 
  51347.0453   15.191  0.004    2  1 
  51347.0743   14.705  0.004    2  1 
  51347.0777   14.526  0.004    2  1 
  51347.0990   13.868  0.002    2  1 
  51347.1022   13.852  0.002    2  1 
  51347.9769   15.125  0.005    2  1 
  51347.9802   15.130  0.005    2  1 
  51347.9834   15.127  0.005    2  1 
  51347.9983   15.114  0.005    2  1 
  51348.0028   15.100  0.005    2  1 
  51348.0063   15.085  0.005    2  1 
  51348.0242   15.059  0.005    2  1 
  51348.0274   15.066  0.005    2  1 
  51348.0943   15.093  0.007    2  1 
  51348.0983   15.011  0.007    2  1 
  51348.1018   14.880  0.006    2  1 
  51348.9650   15.105  0.005    2  1 
  51348.9682   15.102  0.005    2  1 
  51348.9853   15.111  0.005    2  1 
  51348.9883   15.114  0.005    2  1 
  51348.9912   15.110  0.005    2  1 
  51349.0316   15.109  0.005    2  1 
  51349.0346   15.098  0.005    2  1 
  51349.9815   15.090  0.005    2  1 
  51349.9851   15.091  0.005    2  1 
  51349.9973   15.098  0.005    2  1 
  51350.0033   15.099  0.006    2  1 
  51350.0066   15.105  0.005    2  1 
  51350.0164   15.106  0.005    2  1 
  51350.0197   15.104  0.005    2  1 
  51350.0296   15.117  0.005    2  1 
  51380.9973   15.039  0.005    2  1 
  51381.0004   15.052  0.004    2  1 
  51381.0031   15.053  0.004    2  1 
  51381.0187   15.091  0.004    2  1 
  51381.0214   15.102  0.005    2  1 
  51381.0242   15.112  0.005    2  1 
  51381.9830   15.004  0.005    2  1 
  51381.9859   15.016  0.005    2  1 
  51381.9888   15.023  0.006    2  1 
  51382.0000   15.028  0.005    2  1 
  51382.0029   15.029  0.005    2  1 
  51382.9793   14.988  0.006    2  1 
  51382.9826   14.985  0.005    2  1 
  51382.9857   14.987  0.005    2  1 
  51382.9965   14.991  0.005    2  1 
  51382.9995   14.993  0.006    2  1 
  51383.9746   14.972  0.004    2  1 
  51383.9773   14.973  0.004    2  1 
  51383.9799   14.973  0.004    2  1 
  51383.9899   14.984  0.005    2  1 
  51383.9926   14.983  0.004    2  1 
  51384.9751   14.926  0.004    2  1 
  51384.9777   14.931  0.004    2  1 
  51384.9802   14.936  0.004    2  1 
  51384.9896   14.951  0.004    2  1 
  51384.9921   14.952  0.004    2  1 
  51385.9711   14.868  0.004    2  1 
  51385.9737   14.872  0.004    2  1 
  51385.9763   14.879  0.004    2  1 
  51385.9857   14.898  0.004    2  1 
  51385.9884   14.891  0.004    2  1 
  51386.9965   14.855  0.005    2  1 
  51387.0003   14.857  0.005    2  1 
  51387.0041   14.868  0.005    2  1 
  51387.0216   14.889  0.005    2  1 
  51387.0254   14.904  0.005    2  1 
  51387.0293   14.904  0.005    2  1 
  51388.9801   14.679  0.005    2  1 
  51388.9834   14.692  0.005    2  1 
  51388.9866   14.694  0.005    2  1 
  51388.9984   14.733  0.005    2  1 
  51389.0017   14.743  0.005    2  1 
  51389.9783   14.570  0.003    2  1 
  51389.9809   14.575  0.003    2  1 
  51389.9836   14.588  0.003    2  1 
  51390.9729   14.460  0.003    2  1 
  51390.9756   14.463  0.003    2  1 
  51390.9783   14.469  0.003    2  1 
  51391.9728   14.363  0.003    2  1 
  51391.9754   14.373  0.003    2  1 
  51391.9779   14.377  0.003    2  1 
  51671.0871   15.049  0.005    2  1 
  51671.0917   15.044  0.005    2  1 
  51671.0952   15.043  0.005    2  1 
  51671.1189   15.095  0.005    2  1 
  51671.1232   15.107  0.006    2  1 
  51671.9996   14.966  0.005    2  1 
  51672.0039   14.974  0.004    2  1 
  51672.0350   14.989  0.005    2  1 
  51672.0382   14.986  0.005    2  1 
  51673.0232   14.955  0.004    2  1 
  51674.0574   15.027  0.007    2  1 
  51674.0620   15.007  0.009    2  1 
  51674.0938   14.988  0.006    2  1 
  51674.0985   14.988  0.006    2  1 
  51674.1159   14.992  0.006    2  1 
  51674.1223   14.992  0.005    2  1 
  51674.9763   14.698  0.005    2  1 
  51674.9824   14.718  0.005    2  1 
  51675.0212   14.813  0.006    2  1 
  51676.0163   14.729  0.004    2  1 
  51692.9816   14.631  0.004    2  1 
  51692.9854   14.646  0.004    2  1 
  51693.9780   14.514  0.004    2  1 
  51693.9814   14.533  0.004    2  1 
  51694.9914   14.461  0.003    2  1 
  51694.9946   14.446  0.003    2  1 
  51765.9974   14.681  0.004    2  1 
  51766.0012   14.591  0.004    2  1 
  51766.0048   14.555  0.004    2  1 
  51766.0266   14.332  0.004    2  1 
  51766.0301   14.322  0.004    2  1 
  51216.3144   14.608  0.003    3  1 
  51216.3408   15.017  0.004    3  1 
  51216.3634   14.971  0.004    3  1 
  51216.3905   15.261  0.005    3  1 
  51217.3019   14.622  0.003    3  1 
  51217.3494   14.775  0.003    3  1 
  51217.3710   14.948  0.003    3  1 
  51217.3906   15.107  0.004    3  1 
  51218.2854   14.520  0.003    3  1 
  51218.3156   14.541  0.003    3  1 
  51218.3347   14.645  0.003    3  1 
  51218.3653   14.708  0.003    3  1 
  51218.3848   14.912  0.003    3  1 
  51219.2918   15.077  0.004    3  1 
  51219.3100   14.664  0.003    3  1 
  51219.3296   14.506  0.003    3  1 
  51219.3536   14.598  0.003    3  1 
  51219.3723   14.688  0.003    3  1 
  51220.2720   15.799  0.005    3  1 
  51220.2946   15.624  0.005    3  1 
  51220.3117   15.235  0.004    3  1 
  51220.3299   14.945  0.003    3  1 
  51220.3473   14.577  0.003    3  1 
  51220.3643   14.533  0.003    3  1 
  51220.3816   14.595  0.003    3  1 
  51221.2763   15.754  0.005    3  1 
  51221.2964   15.804  0.005    3  1 
  51221.3145   15.722  0.005    3  1 
  51221.3318   15.529  0.005    3  1 
  51221.3496   15.098  0.004    3  1 
  51221.3673   14.789  0.003    3  1 
  51283.2546   14.511  0.002    3  1 
  51283.2783   14.705  0.003    3  1 
  51283.3322   15.044  0.003    3  1 
  51283.3553   15.154  0.003    3  1 
  51283.3773   15.234  0.004    3  1 
  51284.2134   15.124  0.004    3  1 
  51284.2375   14.274  0.002    3  1 
  51284.2581   14.280  0.002    3  1 
  51284.2875   14.540  0.003    3  1 
  51284.3124   14.744  0.003    3  1 
  51284.3383   14.909  0.003    3  1 
  51285.0451   15.734  0.004    3  1 
  51285.0691   15.715  0.004    3  1 
  51285.0932   15.730  0.005    3  1 
  51285.1257   15.823  0.005    3  1 
  51285.1514   15.720  0.005    3  1 
  51285.1754   15.794  0.005    3  1 
  51285.2060   15.840  0.005    3  1 
  51285.2321   15.576  0.004    3  1 
  51285.2586   14.593  0.003    3  1 
  51285.2928   14.328  0.002    3  1 
  51285.3257   14.617  0.003    3  1 
  51286.0393   15.553  0.004    3  1 
  51286.0670   15.719  0.004    3  1 
  51286.1833   15.702  0.004    3  1 
  51286.2193   15.825  0.005    3  1 
  51286.2434   15.793  0.005    3  1 
  51286.2655   15.465  0.004    3  1 
  51286.2958   14.405  0.002    3  1 
  51286.3291   14.406  0.002    3  1 
  51286.3521   14.597  0.003    3  1 
  51304.9838   15.138  0.003    3  1 
  51305.0251   15.318  0.005    3  1 
  51305.0718   15.447  0.005    3  1 
  51305.0961   15.516  0.004    3  1 
  51305.1465   15.636  0.006    3  1 
  51305.1755   15.642  0.005    3  1 
  51305.2054   15.666  0.006    3  1 
  51305.2345   15.710  0.006    3  1 
  51305.2666   15.772  0.006    3  1 
  51305.2880   15.827  0.006    3  1 
  51305.9773   14.914  0.003    3  1 
  51306.0428   15.271  0.004    3  1 
  51306.0809   15.379  0.004    3  1 
  51306.1087   15.628  0.004    3  1 
  51306.1330   15.536  0.005    3  1 
  51306.1875   15.508  0.004    3  1 
  51306.2101   15.578  0.004    3  1 
  51306.2538   15.655  0.004    3  1 
  51306.2771   15.701  0.004    3  1 
  51306.2972   15.761  0.005    3  1 
  51308.0025   14.755  0.002    3  1 
  51308.0294   14.778  0.002    3  1 
  51308.0600   15.040  0.003    3  1 
  51308.0958   15.148  0.003    3  1 
  51308.1244   15.356  0.004    3  1 
  51310.1100   14.796  0.002    3  1 
  51310.1132   14.669  0.002    3  1 
  51311.9792   15.845  0.007    3  1 
  51311.9983   15.819  0.006    3  1 
  51312.0087   15.741  0.006    3  1 
  51312.0350   15.074  0.003    3  1 
  51312.0550   14.723  0.003    3  1 
  51312.0672   14.626  0.003    3  1 
  51312.0870   14.630  0.003    3  1 
  51312.0988   14.661  0.003    3  1 
  51312.9828   15.704  0.004    3  1 
  51313.0063   15.795  0.004    3  1 
  51313.0300   15.808  0.005    3  1 
  51313.0562   15.372  0.004    3  1 
  51313.1113   14.604  0.003    3  1 
  51313.9807   15.713  0.005    3  1 
  51314.0143   15.722  0.005    3  1 
  51314.0397   15.820  0.006    3  1 
  51314.1124   14.718  0.003    3  1 
  51314.9752   15.663  0.005    3  1 
  51315.0102   15.712  0.005    3  1 
  51315.0336   15.700  0.005    3  1 
  51315.0747   15.829  0.005    3  1 
  51315.0982   15.804  0.005    3  1 
  51315.1216   15.228  0.004    3  1 
  51316.0399   15.721  0.005    3  1 
  51316.0634   15.705  0.005    3  1 
  51316.0869   15.763  0.005    3  1 
  51316.1115   15.843  0.005    3  1 
  51316.9740   15.667  0.005    3  1 
  51317.0052   15.711  0.006    3  1 
  51317.0282   15.745  0.007    3  1 
  51317.0566   15.699  0.005    3  1 
  51317.0822   15.725  0.005    3  1 
  51317.1075   15.735  0.006    3  1 
  51317.9847   15.630  0.005    3  1 
  51318.0099   15.713  0.006    3  1 
  51318.0374   15.739  0.007    3  1 
  51318.0942   15.869  0.016    3  1 
  51318.1226   15.759  0.007    3  1 
  51318.9772   15.511  0.004    3  1 
  51319.0019   15.618  0.005    3  1 
  51319.0274   15.661  0.005    3  1 
  51319.0757   15.705  0.005    3  1 
  51319.0997   15.690  0.005    3  1 
  51320.1208   15.694  0.004    3  1 
  51320.1417   15.706  0.005    3  1 
  51320.9728   15.234  0.004    3  1 
  51320.9965   15.404  0.003    3  1 
  51321.0180   15.368  0.003    3  1 
  51321.0400   15.510  0.004    3  1 
  51321.0930   15.691  0.005    3  1 
  51321.1217   15.720  0.004    3  1 
  51380.9937   15.707  0.005    3  1 
  51381.9793   15.665  0.005    3  1 
  51382.9755   15.674  0.006    3  1 
  51383.9715   15.574  0.004    3  1 
  51384.9721   15.626  0.004    3  1 
  51388.9755   15.146  0.004    3  1 
  51389.9750   14.965  0.003    3  1 
  51390.9697   14.662  0.002    3  1 
  51391.9697   14.767  0.002    3  1 
  51693.9923   14.970  0.003    3  1 
  51695.0052   14.865  0.003    3  1 
 56468.97641   13.628  0.017   -1  1 
 56469.04707   13.358  0.021   -1  1 
 56469.10896   13.540  0.026   -1  1 
 56469.17285   13.391  0.009   -1  1 
 56471.00364   13.733  0.017   -1  1 
 56471.06640   13.348  0.006   -1  1 
 56471.12490   13.482  0.015   -1  1 
 56471.18188   13.642  0.034   -1  1 
 56471.96759   14.049  0.025   -1  1 
 56472.03374   13.858  0.026   -1  1 
 56472.09484   13.389  0.009   -1  1 
 56472.15243   13.403  0.009   -1  1 
 56468.95296   13.787  0.031   -2  1 
 56469.02441   13.422  0.016   -2  1 
 56469.08813   13.614  0.021   -2  1 
 56469.15134   13.417  0.023   -2  1 
 56471.02588   13.586  0.016   -2  1 
 56471.08671   13.346  0.008   -2  1 
 56471.14302   13.380  0.012   -2  1 
 56471.94704   13.659  0.040   -2  1 
 56472.01085   13.765  0.056   -2  1 
 56472.07480   13.594  0.028   -2  1 
 56472.13240   13.295  0.017   -2  1 
 56472.19216   13.357  0.005   -2  1 
 56469.00041   13.546  0.008   -5  1 
 56469.06767   13.649  0.013   -5  1 
 56469.13003   13.641  0.012   -5  1 
 56469.19349   13.715  0.005   -5  1 
 56470.98130   14.269  0.045   -5  1 
 56471.04693   13.538  0.008   -5  1 
 56471.10523   13.574  0.007   -5  1 
 56471.16397   13.703  0.018   -5  1 
 56471.98857   13.958  0.019   -5  1 
 56472.05430   13.899  0.007   -5  1 
 56472.11383   13.533  0.012   -5  1 
 56472.17109   13.598  0.011   -5  1 
