  51216.3218   14.522  0.005    2  1 
  51216.3464   14.580  0.005    2  1 
  51216.3689   14.637  0.005    2  1 
  51216.3980   14.687  0.006    2  1 
  51217.3101   13.974  0.004    2  1 
  51217.3328   13.953  0.003    2  1 
  51217.3552   14.004  0.003    2  1 
  51217.3759   14.073  0.004    2  1 
  51217.3953   14.146  0.004    2  1 
  51218.2773   14.797  0.006    2  1 
  51218.3093   14.814  0.005    2  1 
  51218.3298   14.824  0.005    2  1 
  51218.3573   14.837  0.005    2  1 
  51218.3794   14.827  0.005    2  1 
  51219.3336   14.662  0.005    2  1 
  51219.3596   14.702  0.005    2  1 
  51219.3768   14.721  0.005    2  1 
  51220.2621   13.943  0.003    2  1 
  51220.2906   13.995  0.003    2  1 
  51220.3077   14.053  0.003    2  1 
  51220.3257   14.108  0.004    2  1 
  51220.3432   14.177  0.004    2  1 
  51220.3602   14.243  0.004    2  1 
  51220.3776   14.315  0.004    2  1 
  51221.2835   14.833  0.005    2  1 
  51221.3009   14.836  0.005    2  1 
  51221.3188   14.835  0.005    2  1 
  51221.3358   14.809  0.005    2  1 
  51221.3538   14.740  0.005    2  1 
  51221.3722   14.610  0.005    2  1 
  51283.2451   13.979  0.003    2  1 
  51283.2493   13.994  0.003    2  1 
  51283.2714   14.072  0.003    2  1 
  51283.2748   14.090  0.003    2  1 
  51283.2939   14.163  0.003    2  1 
  51283.2972   14.177  0.003    2  1 
  51283.3202   14.267  0.003    2  1 
  51283.3234   14.282  0.003    2  1 
  51283.3487   14.375  0.004    2  1 
  51283.3518   14.392  0.004    2  1 
  51283.3707   14.455  0.004    2  1 
  51283.3738   14.461  0.004    2  1 
  51284.2195   14.839  0.005    2  1 
  51284.2229   14.826  0.005    2  1 
  51284.2413   14.841  0.005    2  1 
  51284.2443   14.848  0.005    2  1 
  51284.2617   14.854  0.005    2  1 
  51284.2648   14.849  0.005    2  1 
  51284.2942   14.818  0.005    2  1 
  51284.2973   14.805  0.005    2  1 
  51284.3168   14.705  0.004    2  1 
  51284.3211   14.670  0.005    2  1 
  51284.3428   14.425  0.004    2  1 
  51284.3464   14.374  0.004    2  1 
  51285.0513   14.129  0.003    2  1 
  51285.0543   14.136  0.003    2  1 
  51285.0739   14.212  0.003    2  1 
  51285.0778   14.227  0.003    2  1 
  51285.0975   14.304  0.004    2  1 
  51285.1006   14.320  0.004    2  1 
  51285.1324   14.440  0.004    2  1 
  51285.1360   14.444  0.004    2  1 
  51285.1558   14.513  0.004    2  1 
  51285.1588   14.511  0.004    2  1 
  51285.1796   14.565  0.004    2  1 
  51285.1830   14.576  0.004    2  1 
  51285.2125   14.632  0.004    2  1 
  51285.2157   14.646  0.004    2  1 
  51285.2362   14.686  0.005    2  1 
  51285.2426   14.690  0.004    2  1 
  51285.2630   14.721  0.005    2  1 
  51285.2666   14.731  0.005    2  1 
  51285.2998   14.763  0.004    2  1 
  51285.3033   14.770  0.005    2  1 
  51285.3308   14.792  0.005    2  1 
  51285.3348   14.792  0.004    2  1 
  51285.3382   14.799  0.004    2  1 
  51286.0461   14.831  0.004    2  1 
  51286.0493   14.828  0.004    2  1 
  51286.0716   14.756  0.004    2  1 
  51286.0753   14.733  0.004    2  1 
  51286.1026   14.483  0.004    2  1 
  51286.1061   14.435  0.004    2  1 
  51286.1365   14.023  0.003    2  1 
  51286.1398   13.992  0.003    2  1 
  51286.1608   13.911  0.003    2  1 
  51286.1639   13.915  0.003    2  1 
  51286.1669   13.924  0.003    2  1 
  51286.1875   13.976  0.003    2  1 
  51286.1908   13.982  0.003    2  1 
  51286.2255   14.116  0.003    2  1 
  51286.2285   14.123  0.003    2  1 
  51286.2476   14.201  0.003    2  1 
  51286.2508   14.218  0.003    2  1 
  51286.2697   14.294  0.003    2  1 
  51286.2727   14.303  0.003    2  1 
  51286.3022   14.416  0.004    2  1 
  51286.3055   14.424  0.004    2  1 
  51286.3218   14.479  0.004    2  1 
  51286.3250   14.481  0.004    2  1 
  51286.3450   14.542  0.004    2  1 
  51286.3481   14.555  0.004    2  1 
  51304.9873   13.930  0.003    2  1 
  51304.9926   13.936  0.003    2  1 
  51305.0328   14.036  0.003    2  1 
  51305.0362   14.054  0.003    2  1 
  51305.0559   14.133  0.003    2  1 
  51305.0599   14.143  0.004    2  1 
  51305.0890   14.254  0.003    2  1 
  51305.0922   14.269  0.004    2  1 
  51305.1235   14.388  0.004    2  1 
  51305.1269   14.402  0.004    2  1 
  51305.1509   14.486  0.005    2  1 
  51305.1547   14.495  0.005    2  1 
  51305.1853   14.575  0.004    2  1 
  51305.1885   14.587  0.005    2  1 
  51305.2098   14.630  0.004    2  1 
  51305.2128   14.638  0.004    2  1 
  51305.2431   14.683  0.004    2  1 
  51305.2461   14.690  0.004    2  1 
  51305.2704   14.722  0.005    2  1 
  51305.2734   14.719  0.004    2  1 
  51305.2966   14.753  0.005    2  1 
  51305.2995   14.762  0.005    2  1 
  51305.9857   14.824  0.004    2  1 
  51305.9885   14.826  0.004    2  1 
  51305.9912   14.819  0.004    2  1 
  51306.0256   14.833  0.004    2  1 
  51306.0285   14.850  0.004    2  1 
  51306.0465   14.830  0.004    2  1 
  51306.0498   14.828  0.004    2  1 
  51306.0896   14.655  0.004    2  1 
  51306.0930   14.639  0.004    2  1 
  51306.1123   14.426  0.003    2  1 
  51306.1151   14.377  0.003    2  1 
  51306.1375   14.078  0.003    2  1 
  51306.1405   14.045  0.003    2  1 
  51306.1636   13.931  0.003    2  1 
  51306.1673   13.939  0.003    2  1 
  51306.1937   13.993  0.003    2  1 
  51306.1966   14.001  0.003    2  1 
  51306.2146   14.069  0.003    2  1 
  51306.2178   14.083  0.003    2  1 
  51306.2343   14.140  0.003    2  1 
  51306.2380   14.156  0.003    2  1 
  51306.2574   14.229  0.003    2  1 
  51306.2602   14.236  0.003    2  1 
  51306.2805   14.323  0.003    2  1 
  51306.2835   14.325  0.003    2  1 
  51306.3009   14.395  0.003    2  1 
  51306.3038   14.405  0.003    2  1 
  51306.3135   14.435  0.004    2  1 
  51306.3184   14.451  0.004    2  1 
  51307.0456   14.740  0.005    2  1 
  51307.0501   14.753  0.006    2  1 
  51307.0593   14.767  0.004    2  1 
  51307.0645   14.781  0.004    2  1 
  51307.0699   14.808  0.011    2  1 
  51307.0747   14.804  0.007    2  1 
  51308.0084   14.178  0.003    2  1 
  51308.0112   14.185  0.003    2  1 
  51308.0334   14.270  0.003    2  1 
  51308.0362   14.282  0.003    2  1 
  51308.0394   14.287  0.003    2  1 
  51308.0633   14.379  0.003    2  1 
  51308.0663   14.389  0.003    2  1 
  51308.0995   14.494  0.003    2  1 
  51308.1031   14.509  0.003    2  1 
  51308.1280   14.573  0.004    2  1 
  51308.1309   14.586  0.004    2  1 
  51310.0850   14.819  0.003    2  1 
  51310.0874   14.817  0.003    2  1 
  51310.0897   14.821  0.003    2  1 
  51310.0922   14.822  0.003    2  1 
  51310.1430   14.851  0.004    2  1 
  51310.1458   14.848  0.004    2  1 
  51310.1486   14.844  0.004    2  1 
  51311.0244   14.445  0.006    2  1 
  51311.0302   14.457  0.005    2  1 
  51311.0334   14.468  0.005    2  1 
  51311.0506   14.523  0.003    2  1 
  51311.0539   14.538  0.003    2  1 
  51311.0637   14.566  0.004    2  1 
  51311.0669   14.568  0.005    2  1 
  51311.0702   14.583  0.004    2  1 
  51311.0907   14.617  0.005    2  1 
  51311.0946   14.622  0.005    2  1 
  51311.0980   14.631  0.004    2  1 
  51311.1015   14.638  0.004    2  1 
  51311.1071   14.646  0.004    2  1 
  51311.1298   14.692  0.005    2  1 
  51311.1327   14.691  0.005    2  1 
  51311.1357   14.691  0.005    2  1 
  51311.1398   14.702  0.004    2  1 
  51311.1447   14.713  0.005    2  1 
  51311.9755   14.656  0.005    2  1 
  51312.0020   14.347  0.004    2  1 
  51312.0049   14.304  0.004    2  1 
  51312.0255   14.036  0.003    2  1 
  51312.0284   14.019  0.003    2  1 
  51312.0314   13.991  0.003    2  1 
  51312.0584   13.944  0.003    2  1 
  51312.0611   13.947  0.003    2  1 
  51312.0638   13.957  0.003    2  1 
  51312.0903   14.033  0.003    2  1 
  51312.0929   14.042  0.003    2  1 
  51312.0955   14.050  0.003    2  1 
  51312.1146   14.123  0.003    2  1 
  51312.1173   14.129  0.003    2  1 
  51312.1200   14.148  0.003    2  1 
  51312.9860   14.792  0.004    2  1 
  51312.9887   14.786  0.004    2  1 
  51312.9913   14.794  0.004    2  1 
  51313.0096   14.805  0.004    2  1 
  51313.0123   14.812  0.004    2  1 
  51313.0149   14.818  0.004    2  1 
  51313.0333   14.825  0.004    2  1 
  51313.0360   14.824  0.004    2  1 
  51313.0386   14.825  0.004    2  1 
  51313.0413   14.832  0.005    2  1 
  51313.0595   14.832  0.004    2  1 
  51313.0622   14.836  0.004    2  1 
  51313.0648   14.838  0.004    2  1 
  51313.0911   14.851  0.004    2  1 
  51313.0937   14.858  0.004    2  1 
  51313.0964   14.850  0.004    2  1 
  51313.1146   14.830  0.004    2  1 
  51313.1172   14.823  0.004    2  1 
  51313.1199   14.814  0.004    2  1 
  51313.1226   14.808  0.004    2  1 
  51313.9843   14.501  0.004    2  1 
  51313.9872   14.507  0.004    2  1 
  51313.9901   14.518  0.004    2  1 
  51314.0178   14.587  0.004    2  1 
  51314.0207   14.588  0.004    2  1 
  51314.0236   14.600  0.004    2  1 
  51314.0432   14.646  0.004    2  1 
  51314.0461   14.647  0.004    2  1 
  51314.0490   14.653  0.004    2  1 
  51314.0772   14.694  0.004    2  1 
  51314.0802   14.697  0.004    2  1 
  51314.0831   14.702  0.004    2  1 
  51314.1030   14.732  0.005    2  1 
  51314.1059   14.731  0.005    2  1 
  51314.1088   14.736  0.005    2  1 
  51314.1289   14.760  0.005    2  1 
  51314.1333   14.758  0.005    2  1 
  51314.1363   14.770  0.005    2  1 
  51314.9827   13.931  0.003    2  1 
  51314.9856   13.919  0.003    2  1 
  51314.9885   13.923  0.003    2  1 
  51315.0015   13.933  0.003    2  1 
  51315.0043   13.927  0.003    2  1 
  51315.0069   13.945  0.003    2  1 
  51315.0251   13.999  0.003    2  1 
  51315.0277   14.008  0.003    2  1 
  51315.0304   14.014  0.003    2  1 
  51315.0489   14.085  0.003    2  1 
  51315.0516   14.098  0.003    2  1 
  51315.0542   14.108  0.003    2  1 
  51315.0780   14.206  0.003    2  1 
  51315.0807   14.220  0.003    2  1 
  51315.0833   14.226  0.003    2  1 
  51315.1015   14.290  0.003    2  1 
  51315.1041   14.306  0.003    2  1 
  51315.1068   14.321  0.003    2  1 
  51315.1290   14.406  0.004    2  1 
  51315.1319   14.405  0.004    2  1 
  51316.0194   14.825  0.004    2  1 
  51316.0221   14.826  0.004    2  1 
  51316.0247   14.832  0.004    2  1 
  51316.0431   14.827  0.004    2  1 
  51316.0458   14.826  0.004    2  1 
  51316.0485   14.838  0.004    2  1 
  51316.0667   14.805  0.004    2  1 
  51316.0693   14.791  0.004    2  1 
  51316.0720   14.778  0.004    2  1 
  51316.0905   14.673  0.004    2  1 
  51316.0934   14.652  0.004    2  1 
  51316.0963   14.627  0.004    2  1 
  51316.1148   14.435  0.003    2  1 
  51316.1175   14.397  0.003    2  1 
  51316.1201   14.364  0.003    2  1 
  51316.9647   14.599  0.004    2  1 
  51316.9676   14.604  0.004    2  1 
  51316.9705   14.629  0.004    2  1 
  51316.9896   14.652  0.004    2  1 
  51316.9923   14.655  0.004    2  1 
  51316.9949   14.657  0.004    2  1 
  51317.0088   14.681  0.004    2  1 
  51317.0117   14.685  0.004    2  1 
  51317.0321   14.717  0.005    2  1 
  51317.0351   14.720  0.005    2  1 
  51317.0391   14.712  0.005    2  1 
  51317.0602   14.752  0.005    2  1 
  51317.0631   14.743  0.004    2  1 
  51317.0660   14.753  0.004    2  1 
  51317.0858   14.777  0.004    2  1 
  51317.0887   14.784  0.005    2  1 
  51317.0916   14.778  0.004    2  1 
  51317.1111   14.800  0.005    2  1 
  51317.1140   14.819  0.005    2  1 
  51317.1169   14.809  0.005    2  1 
  51317.9628   13.987  0.003    2  1 
  51317.9657   13.992  0.004    2  1 
  51317.9685   14.004  0.004    2  1 
  51317.9883   14.080  0.003    2  1 
  51317.9912   14.094  0.003    2  1 
  51317.9941   14.117  0.003    2  1 
  51318.0135   14.184  0.004    2  1 
  51318.0164   14.193  0.004    2  1 
  51318.0194   14.203  0.004    2  1 
  51318.0413   14.290  0.004    2  1 
  51318.0445   14.305  0.005    2  1 
  51318.0477   14.314  0.004    2  1 
  51318.0697   14.393  0.004    2  1 
  51318.0730   14.403  0.005    2  1 
  51318.0762   14.416  0.005    2  1 
  51318.0981   14.490  0.006    2  1 
  51318.1014   14.499  0.005    2  1 
  51318.1046   14.514  0.006    2  1 
  51318.1265   14.568  0.006    2  1 
  51318.1298   14.578  0.006    2  1 
  51318.9642   14.826  0.004    2  1 
  51318.9680   14.826  0.005    2  1 
  51318.9708   14.835  0.004    2  1 
  51318.9737   14.841  0.005    2  1 
  51318.9929   14.831  0.004    2  1 
  51318.9956   14.831  0.004    2  1 
  51318.9983   14.817  0.004    2  1 
  51319.0180   14.768  0.005    2  1 
  51319.0209   14.748  0.004    2  1 
  51319.0238   14.735  0.004    2  1 
  51319.0443   14.585  0.004    2  1 
  51319.0474   14.556  0.004    2  1 
  51319.0505   14.526  0.004    2  1 
  51319.0793   14.150  0.003    2  1 
  51319.0820   14.117  0.003    2  1 
  51319.0847   14.089  0.003    2  1 
  51319.1030   13.968  0.003    2  1 
  51319.1084   13.953  0.003    2  1 
  51319.1110   13.947  0.003    2  1 
  51320.1030   14.819  0.003    2  1 
  51320.1053   14.823  0.003    2  1 
  51320.1076   14.814  0.003    2  1 
  51320.1238   14.825  0.003    2  1 
  51320.1261   14.831  0.003    2  1 
  51320.1284   14.832  0.004    2  1 
  51320.1450   14.843  0.004    2  1 
  51320.1477   14.842  0.004    2  1 
  51320.1503   14.838  0.004    2  1 
  51320.9635   14.213  0.003    2  1 
  51320.9664   14.219  0.003    2  1 
  51320.9693   14.235  0.003    2  1 
  51320.9887   14.307  0.003    2  1 
  51320.9911   14.314  0.003    2  1 
  51320.9936   14.329  0.003    2  1 
  51321.0102   14.386  0.003    2  1 
  51321.0126   14.390  0.003    2  1 
  51321.0150   14.401  0.003    2  1 
  51321.0318   14.451  0.003    2  1 
  51321.0344   14.461  0.003    2  1 
  51321.0369   14.467  0.003    2  1 
  51321.0543   14.524  0.003    2  1 
  51321.0568   14.528  0.003    2  1 
  51321.0594   14.533  0.003    2  1 
  51321.0847   14.598  0.004    2  1 
  51321.0873   14.601  0.004    2  1 
  51321.0898   14.602  0.004    2  1 
  51321.1133   14.651  0.004    2  1 
  51321.1159   14.648  0.004    2  1 
  51321.1186   14.658  0.004    2  1 
  51321.1339   14.684  0.004    2  1 
  51321.1365   14.690  0.004    2  1 
  51332.9696   14.772  0.007    2  1 
  51332.9739   14.778  0.006    2  1 
  51332.9891   14.793  0.005    2  1 
  51332.9928   14.802  0.006    2  1 
  51332.9965   14.801  0.006    2  1 
  51333.0083   14.801  0.006    2  1 
  51333.0120   14.801  0.005    2  1 
  51333.0226   14.813  0.006    2  1 
  51333.0264   14.808  0.005    2  1 
  51333.0514   14.824  0.006    2  1 
  51333.0552   14.829  0.007    2  1 
  51333.0742   14.831  0.006    2  1 
  51333.0779   14.840  0.006    2  1 
  51333.0907   14.834  0.006    2  1 
  51333.0945   14.835  0.005    2  1 
  51333.1178   14.827  0.005    2  1 
  51333.1221   14.823  0.006    2  1 
  51333.1335   14.789  0.006    2  1 
  51333.1369   14.777  0.006    2  1 
  51333.1529   14.682  0.005    2  1 
  51333.1565   14.657  0.006    2  1 
  51333.1716   14.501  0.005    2  1 
  51333.1752   14.459  0.005    2  1 
  51334.9841   13.948  0.003    2  1 
  51334.9871   13.937  0.003    2  1 
  51335.0175   13.966  0.003    2  1 
  51335.0204   13.980  0.003    2  1 
  51335.0301   14.016  0.003    2  1 
  51335.0334   14.029  0.003    2  1 
  51335.0517   14.087  0.004    2  1 
  51335.0552   14.101  0.004    2  1 
  51335.0692   14.153  0.004    2  1 
  51335.0727   14.172  0.004    2  1 
  51335.0833   14.214  0.004    2  1 
  51335.0867   14.227  0.004    2  1 
  51335.1133   14.332  0.004    2  1 
  51335.1167   14.342  0.004    2  1 
  51335.9535   14.801  0.005    2  1 
  51335.9726   14.815  0.005    2  1 
  51335.9768   14.814  0.005    2  1 
  51335.9997   14.824  0.005    2  1 
  51336.0027   14.826  0.005    2  1 
  51336.0203   14.832  0.005    2  1 
  51336.0236   14.829  0.005    2  1 
  51336.0357   14.846  0.005    2  1 
  51336.0388   14.841  0.005    2  1 
  51336.0593   14.829  0.005    2  1 
  51336.0629   14.818  0.005    2  1 
  51336.0769   14.777  0.005    2  1 
  51336.0803   14.759  0.005    2  1 
  51336.1025   14.612  0.005    2  1 
  51336.1059   14.582  0.005    2  1 
  51336.1206   14.420  0.005    2  1 
  51336.1240   14.379  0.004    2  1 
  51337.0101   14.702  0.005    2  1 
  51337.9904   14.064  0.004    2  1 
  51337.9940   14.077  0.004    2  1 
  51338.0162   14.171  0.004    2  1 
  51338.0196   14.180  0.004    2  1 
  51338.0339   14.238  0.005    2  1 
  51338.0376   14.258  0.005    2  1 
  51338.9901   14.836  0.005    2  1 
  51338.9938   14.830  0.005    2  1 
  51339.0226   14.775  0.006    2  1 
  51339.0269   14.744  0.005    2  1 
  51339.0867   14.050  0.005    2  1 
  51339.0905   14.023  0.004    2  1 
  51339.1139   13.937  0.004    2  1 
  51339.1177   13.936  0.004    2  1 
  51339.1448   14.004  0.004    2  1 
  51339.1482   14.015  0.003    2  1 
  51339.9766   14.704  0.004    2  1 
  51339.9795   14.711  0.004    2  1 
  51340.0044   14.736  0.004    2  1 
  51340.0078   14.745  0.004    2  1 
  51340.0274   14.780  0.005    2  1 
  51340.0306   14.775  0.005    2  1 
  51340.0540   14.789  0.005    2  1 
  51340.0572   14.797  0.005    2  1 
  51340.0857   14.816  0.006    2  1 
  51340.0892   14.810  0.005    2  1 
  51340.1152   14.828  0.005    2  1 
  51340.1197   14.830  0.005    2  1 
  51340.1229   14.834  0.005    2  1 
  51340.1263   14.836  0.005    2  1 
  51340.1404   14.843  0.005    2  1 
  51340.1437   14.850  0.005    2  1 
  51344.9924   13.949  0.003    2  1 
  51344.9958   13.944  0.002    2  1 
  51344.9988   13.943  0.003    2  1 
  51345.0216   13.983  0.003    2  1 
  51345.0255   13.985  0.004    2  1 
  51345.0302   14.004  0.003    2  1 
  51345.0553   14.085  0.003    2  1 
  51345.0603   14.117  0.003    2  1 
  51345.9856   14.821  0.006    2  1 
  51345.9896   14.816  0.006    2  1 
  51346.0219   14.827  0.006    2  1 
  51346.0264   14.829  0.005    2  1 
  51346.0486   14.836  0.005    2  1 
  51346.0523   14.834  0.005    2  1 
  51346.0791   14.771  0.005    2  1 
  51346.0826   14.757  0.004    2  1 
  51347.0416   14.711  0.005    2  1 
  51347.0453   14.705  0.004    2  1 
  51347.0743   14.752  0.004    2  1 
  51347.0777   14.753  0.004    2  1 
  51347.0990   14.776  0.004    2  1 
  51347.1022   14.778  0.003    2  1 
  51347.9769   14.018  0.003    2  1 
  51347.9802   14.027  0.003    2  1 
  51347.9834   14.042  0.003    2  1 
  51347.9983   14.095  0.003    2  1 
  51348.0028   14.111  0.003    2  1 
  51348.0063   14.119  0.003    2  1 
  51348.0242   14.198  0.004    2  1 
  51348.0274   14.208  0.004    2  1 
  51348.0943   14.453  0.005    2  1 
  51348.0983   14.465  0.006    2  1 
  51348.1018   14.480  0.005    2  1 
  51348.9650   14.837  0.005    2  1 
  51348.9682   14.835  0.005    2  1 
  51348.9853   14.846  0.004    2  1 
  51348.9883   14.848  0.005    2  1 
  51348.9912   14.839  0.004    2  1 
  51349.0316   14.720  0.004    2  1 
  51349.0346   14.705  0.005    2  1 
  51349.9815   14.707  0.004    2  1 
  51349.9851   14.710  0.004    2  1 
  51349.9973   14.719  0.004    2  1 
  51350.0033   14.731  0.005    2  1 
  51350.0066   14.736  0.004    2  1 
  51350.0164   14.747  0.005    2  1 
  51350.0197   14.749  0.005    2  1 
  51350.0296   14.769  0.005    2  1 
  51380.9973   14.308  0.003    2  1 
  51381.0004   14.320  0.003    2  1 
  51381.0031   14.328  0.003    2  1 
  51381.0187   14.381  0.003    2  1 
  51381.0214   14.391  0.003    2  1 
  51381.0242   14.404  0.003    2  1 
  51381.9830   14.712  0.005    2  1 
  51381.9859   14.687  0.005    2  1 
  51381.9888   14.665  0.005    2  1 
  51382.0000   14.554  0.004    2  1 
  51382.0029   14.526  0.004    2  1 
  51382.9793   14.773  0.005    2  1 
  51382.9826   14.782  0.005    2  1 
  51382.9857   14.786  0.005    2  1 
  51382.9965   14.801  0.005    2  1 
  51382.9995   14.810  0.005    2  1 
  51383.9746   14.426  0.003    2  1 
  51383.9773   14.445  0.003    2  1 
  51383.9799   14.446  0.003    2  1 
  51383.9899   14.481  0.004    2  1 
  51383.9926   14.483  0.003    2  1 
  51384.9751   14.103  0.003    2  1 
  51384.9777   14.077  0.003    2  1 
  51384.9802   14.054  0.002    2  1 
  51384.9896   13.979  0.002    2  1 
  51384.9921   13.971  0.002    2  1 
  51385.9711   14.810  0.004    2  1 
  51385.9737   14.805  0.004    2  1 
  51385.9763   14.807  0.004    2  1 
  51385.9857   14.816  0.004    2  1 
  51385.9884   14.821  0.005    2  1 
  51386.9965   14.641  0.004    2  1 
  51387.0003   14.641  0.004    2  1 
  51387.0041   14.643  0.004    2  1 
  51387.0216   14.667  0.005    2  1 
  51387.0254   14.676  0.004    2  1 
  51387.0293   14.691  0.005    2  1 
  51388.9801   14.854  0.005    2  1 
  51388.9834   14.850  0.005    2  1 
  51388.9866   14.848  0.005    2  1 
  51388.9984   14.853  0.006    2  1 
  51389.0017   14.848  0.007    2  1 
  51389.9783   14.704  0.004    2  1 
  51389.9809   14.698  0.004    2  1 
  51389.9836   14.704  0.004    2  1 
  51390.9729   14.198  0.003    2  1 
  51390.9756   14.206  0.003    2  1 
  51390.9783   14.214  0.003    2  1 
  51391.9728   14.757  0.003    2  1 
  51391.9754   14.751  0.003    2  1 
  51391.9779   14.735  0.003    2  1 
  51671.0871   14.402  0.004    2  1 
  51671.0917   14.421  0.004    2  1 
  51671.0952   14.431  0.004    2  1 
  51671.1189   14.499  0.004    2  1 
  51671.1232   14.514  0.004    2  1 
  51671.9996   14.825  0.004    2  1 
  51672.0039   14.817  0.004    2  1 
  51672.0350   14.738  0.004    2  1 
  51672.0382   14.718  0.004    2  1 
  51673.0232   14.747  0.004    2  1 
  51674.0574   14.510  0.005    2  1 
  51674.0938   14.600  0.006    2  1 
  51674.0985   14.611  0.005    2  1 
  51674.1159   14.635  0.005    2  1 
  51674.1223   14.650  0.005    2  1 
  51674.9763   14.742  0.006    2  1 
  51674.9824   14.697  0.006    2  1 
  51675.0212   14.309  0.005    2  1 
  51676.0163   14.794  0.005    2  1 
  51692.9816   14.692  0.005    2  1 
  51692.9854   14.703  0.005    2  1 
  51693.9780   14.215  0.003    2  1 
  51693.9814   14.226  0.003    2  1 
  51694.9914   14.670  0.004    2  1 
  51765.9974   14.769  0.005    2  1 
  51766.0012   14.776  0.005    2  1 
  51766.0048   14.778  0.005    2  1 
  51766.0266   14.797  0.005    2  1 
  51766.0301   14.799  0.005    2  1 
  51216.3408   15.098  0.004    3  1 
  51216.3634   15.084  0.004    3  1 
  51216.3905   15.232  0.004    3  1 
  51217.3019   14.314  0.003    3  1 
  51217.3710   14.311  0.002    3  1 
  51217.3906   14.424  0.003    3  1 
  51218.2854   15.430  0.005    3  1 
  51218.3156   15.442  0.005    3  1 
  51218.3347   15.474  0.005    3  1 
  51218.3653   15.369  0.004    3  1 
  51218.3848   15.451  0.005    3  1 
  51219.2918   15.125  0.004    3  1 
  51219.3100   15.180  0.004    3  1 
  51219.3296   15.234  0.004    3  1 
  51219.3536   15.279  0.004    3  1 
  51219.3723   15.325  0.004    3  1 
  51220.2720   14.176  0.002    3  1 
  51220.2946   14.236  0.002    3  1 
  51220.3117   14.323  0.002    3  1 
  51220.3299   14.409  0.003    3  1 
  51220.3473   14.513  0.003    3  1 
  51220.3643   14.611  0.003    3  1 
  51220.3816   14.708  0.003    3  1 
  51221.2763   15.467  0.005    3  1 
  51221.2964   15.470  0.005    3  1 
  51221.3145   15.472  0.004    3  1 
  51221.3318   15.432  0.004    3  1 
  51221.3496   15.351  0.004    3  1 
  51221.3673   15.178  0.004    3  1 
  51283.2546   14.256  0.002    3  1 
  51283.3008   14.514  0.002    3  1 
  51283.3322   14.711  0.003    3  1 
  51283.3553   14.850  0.003    3  1 
  51284.2134   15.463  0.004    3  1 
  51284.2375   15.477  0.004    3  1 
  51284.2581   15.439  0.005    3  1 
  51284.2875   15.452  0.004    3  1 
  51284.3124   15.301  0.004    3  1 
  51284.3383   14.953  0.003    3  1 
  51285.0451   14.406  0.002    3  1 
  51285.0691   14.527  0.002    3  1 
  51285.0932   14.678  0.003    3  1 
  51285.1257   14.835  0.003    3  1 
  51285.1514   15.008  0.003    3  1 
  51285.1754   15.083  0.003    3  1 
  51285.2060   15.173  0.004    3  1 
  51285.2321   15.252  0.004    3  1 
  51285.2586   15.298  0.004    3  1 
  51285.2928   15.375  0.004    3  1 
  51285.3257   15.441  0.004    3  1 
  51286.0670   15.389  0.004    3  1 
  51286.0977   14.702  0.002    3  1 
  51286.1302   14.395  0.002    3  1 
  51286.1833   14.183  0.002    3  1 
  51286.2193   14.359  0.002    3  1 
  51286.2434   14.498  0.003    3  1 
  51286.2655   14.643  0.003    3  1 
  51286.2958   14.836  0.003    3  1 
  51286.3291   14.986  0.003    3  1 
  51286.3521   15.100  0.003    3  1 
  51304.9838   14.189  0.002    3  1 
  51305.0251   14.280  0.003    3  1 
  51305.0718   14.508  0.003    3  1 
  51305.0961   14.659  0.003    3  1 
  51305.1465   14.927  0.004    3  1 
  51305.1755   15.070  0.004    3  1 
  51305.2054   15.172  0.005    3  1 
  51305.2345   15.239  0.004    3  1 
  51305.2666   15.338  0.004    3  1 
  51305.2880   15.374  0.004    3  1 
  51305.9773   15.477  0.004    3  1 
  51306.0428   15.484  0.005    3  1 
  51306.0809   15.297  0.004    3  1 
  51306.1087   14.687  0.003    3  1 
  51306.1330   14.437  0.003    3  1 
  51306.1875   14.195  0.002    3  1 
  51306.2101   14.346  0.002    3  1 
  51306.2308   14.457  0.003    3  1 
  51306.2538   14.476  0.002    3  1 
  51306.2771   14.699  0.003    3  1 
  51306.2972   14.832  0.003    3  1 
  51308.0025   14.503  0.002    3  1 
  51308.0294   14.538  0.002    3  1 
  51308.0600   14.784  0.003    3  1 
  51308.0919   14.895  0.002    3  1 
  51308.0958   14.926  0.003    3  1 
  51308.1244   15.097  0.003    3  1 
  51310.1057   15.344  0.003    3  1 
  51310.1100   15.479  0.003    3  1 
  51311.9792   15.089  0.004    3  1 
  51311.9983   14.800  0.004    3  1 
  51312.0087   14.595  0.003    3  1 
  51312.0350   14.204  0.002    3  1 
  51312.0550   14.170  0.002    3  1 
  51312.0672   14.194  0.002    3  1 
  51312.0870   14.267  0.002    3  1 
  51312.0988   14.335  0.002    3  1 
  51312.9828   15.406  0.004    3  1 
  51313.0063   15.449  0.004    3  1 
  51313.0300   15.455  0.004    3  1 
  51313.0562   15.458  0.004    3  1 
  51313.0838   15.536  0.003    3  1 
  51313.1113   15.470  0.004    3  1 
  51313.9807   14.970  0.003    3  1 
  51314.0143   15.120  0.004    3  1 
  51314.0397   15.189  0.004    3  1 
  51314.1124   15.343  0.005    3  1 
  51314.9752   14.203  0.002    3  1 
  51315.0102   14.179  0.002    3  1 
  51315.0336   14.287  0.002    3  1 
  51315.0747   14.520  0.003    3  1 
  51315.0982   14.661  0.003    3  1 
  51315.1216   14.784  0.003    3  1 
  51316.0399   15.481  0.004    3  1 
  51316.0634   15.419  0.004    3  1 
  51316.0869   15.255  0.004    3  1 
  51316.1115   14.914  0.003    3  1 
  51316.9740   15.176  0.004    3  1 
  51317.0052   15.236  0.004    3  1 
  51317.0282   15.244  0.005    3  1 
  51317.0566   15.330  0.004    3  1 
  51317.0822   15.381  0.004    3  1 
  51317.1075   15.423  0.005    3  1 
  51317.9847   14.354  0.002    3  1 
  51318.0099   14.487  0.003    3  1 
  51318.0374   14.635  0.004    3  1 
  51318.1226   15.042  0.004    3  1 
  51318.9772   15.467  0.004    3  1 
  51319.0019   15.406  0.005    3  1 
  51319.0274   15.270  0.004    3  1 
  51319.0757   14.522  0.003    3  1 
  51319.0997   14.211  0.002    3  1 
  51320.1000   15.368  0.003    3  1 
  51320.1208   15.437  0.004    3  1 
  51320.1417   15.487  0.004    3  1 
  51320.9728   14.609  0.003    3  1 
  51321.0180   14.858  0.003    3  1 
  51321.0400   14.954  0.003    3  1 
  51321.0624   15.038  0.003    3  1 
  51321.0930   15.153  0.004    3  1 
  51321.1217   15.223  0.003    3  1 
  51380.9937   14.665  0.003    3  1 
  51381.9793   15.303  0.004    3  1 
  51382.9755   15.350  0.005    3  1 
  51383.9715   14.867  0.003    3  1 
  51384.9721   14.489  0.002    3  1 
  51385.9679   15.459  0.004    3  1 
  51388.9755   15.451  0.005    3  1 
  51389.9750   15.288  0.003    3  1 
  51390.9697   14.542  0.002    3  1 
  51391.9697   15.182  0.002    3  1 
  51693.9923   14.629  0.003    3  1 
 56468.97641   13.389  0.065   -1  1 
 56469.04707   13.478  0.092   -1  1 
 56469.10896   13.490  0.099   -1  1 
 56469.17285   13.440  0.026   -1  1 
 56471.00364   13.443  0.047   -1  1 
 56471.06640   13.234  0.030   -1  1 
 56471.12490   13.065  0.033   -1  1 
 56471.18188   13.196  0.028   -1  1 
 56471.96759   13.220  0.063   -1  1 
 56472.03374   13.261  0.032   -1  1 
 56472.09484   13.439  0.033   -1  1 
 56472.15243   13.450  0.025   -1  1 
 56468.95296   13.038  0.037   -2  1 
 56469.02441   13.216  0.046   -2  1 
 56469.08813   13.200  0.048   -2  1 
 56469.15134   13.318  0.029   -2  1 
 56471.02588   13.320  0.046   -2  1 
 56471.08671   13.072  0.029   -2  1 
 56471.14302   13.077  0.018   -2  1 
 56471.94704   13.248  0.018   -2  1 
 56472.01085   13.329  0.044   -2  1 
 56472.07480   13.324  0.022   -2  1 
 56472.13240   13.437  0.013   -2  1 
 56472.19216   13.312  0.017   -2  1 
 56469.00041   13.567  0.024   -5  1 
 56469.06767   13.627  0.023   -5  1 
 56469.13003   13.660  0.024   -5  1 
 56469.19349   13.710  0.021   -5  1 
 56470.98130   13.746  0.015   -5  1 
 56471.04693   13.400  0.020   -5  1 
 56471.10523   13.261  0.019   -5  1 
 56471.16397   13.342  0.020   -5  1 
 56471.98857   13.658  0.024   -5  1 
 56472.05430   13.732  0.027   -5  1 
 56472.11383   13.678  0.020   -5  1 
 56472.17109   13.650  0.020   -5  1 
