  51216.3218   14.553  0.005    2  1 
  51216.3464   14.580  0.004    2  1 
  51216.3689   14.599  0.005    2  1 
  51216.3980   14.615  0.006    2  1 
  51217.3101   14.693  0.005    2  1 
  51217.3328   14.714  0.005    2  1 
  51217.3552   14.730  0.005    2  1 
  51217.3759   14.752  0.005    2  1 
  51217.3953   14.770  0.005    2  1 
  51218.2773   14.523  0.005    2  1 
  51218.3093   14.360  0.004    2  1 
  51218.3298   14.295  0.004    2  1 
  51218.3573   14.214  0.004    2  1 
  51218.3794   14.200  0.004    2  1 
  51219.3336   14.412  0.004    2  1 
  51219.3596   14.439  0.004    2  1 
  51219.3768   14.458  0.004    2  1 
  51220.2621   14.573  0.004    2  1 
  51220.2906   14.594  0.004    2  1 
  51220.3077   14.607  0.004    2  1 
  51220.3257   14.615  0.005    2  1 
  51220.3432   14.629  0.004    2  1 
  51220.3602   14.634  0.005    2  1 
  51220.3776   14.642  0.005    2  1 
  51221.2835   14.733  0.005    2  1 
  51221.3009   14.753  0.005    2  1 
  51221.3188   14.772  0.005    2  1 
  51221.3358   14.781  0.005    2  1 
  51221.3538   14.786  0.005    2  1 
  51221.3722   14.758  0.005    2  1 
  51283.2451   14.713  0.004    2  1 
  51283.2493   14.721  0.004    2  1 
  51283.2714   14.742  0.005    2  1 
  51283.2748   14.747  0.004    2  1 
  51283.2939   14.761  0.004    2  1 
  51283.2972   14.765  0.004    2  1 
  51283.3202   14.782  0.004    2  1 
  51283.3234   14.793  0.004    2  1 
  51283.3487   14.792  0.004    2  1 
  51283.3518   14.782  0.004    2  1 
  51283.3707   14.757  0.004    2  1 
  51283.3738   14.748  0.004    2  1 
  51284.2195   14.374  0.004    2  1 
  51284.2229   14.366  0.004    2  1 
  51284.2413   14.315  0.004    2  1 
  51284.2443   14.304  0.004    2  1 
  51284.2617   14.248  0.003    2  1 
  51284.2648   14.238  0.003    2  1 
  51284.2942   14.203  0.003    2  1 
  51284.2973   14.206  0.003    2  1 
  51284.3168   14.225  0.003    2  1 
  51284.3211   14.222  0.004    2  1 
  51284.3428   14.257  0.004    2  1 
  51284.3464   14.259  0.004    2  1 
  51285.0513   14.227  0.003    2  1 
  51285.0543   14.217  0.003    2  1 
  51285.0739   14.197  0.003    2  1 
  51285.0778   14.192  0.003    2  1 
  51285.0975   14.205  0.003    2  1 
  51285.1006   14.204  0.004    2  1 
  51285.1324   14.257  0.003    2  1 
  51285.1360   14.259  0.003    2  1 
  51285.1558   14.284  0.003    2  1 
  51285.1588   14.294  0.003    2  1 
  51285.1796   14.329  0.003    2  1 
  51285.1830   14.332  0.003    2  1 
  51285.2125   14.371  0.004    2  1 
  51285.2157   14.366  0.004    2  1 
  51285.2362   14.398  0.004    2  1 
  51285.2426   14.411  0.004    2  1 
  51285.2630   14.427  0.004    2  1 
  51285.2666   14.433  0.004    2  1 
  51285.2998   14.470  0.004    2  1 
  51285.3033   14.468  0.004    2  1 
  51285.3308   14.504  0.004    2  1 
  51285.3348   14.508  0.004    2  1 
  51285.3382   14.512  0.004    2  1 
  51286.0461   14.421  0.003    2  1 
  51286.0493   14.436  0.003    2  1 
  51286.0716   14.453  0.003    2  1 
  51286.0753   14.458  0.003    2  1 
  51286.1026   14.486  0.004    2  1 
  51286.1061   14.489  0.004    2  1 
  51286.1365   14.526  0.004    2  1 
  51286.1398   14.535  0.004    2  1 
  51286.1608   14.557  0.004    2  1 
  51286.1639   14.555  0.004    2  1 
  51286.1669   14.556  0.004    2  1 
  51286.1875   14.582  0.004    2  1 
  51286.1908   14.586  0.004    2  1 
  51286.2255   14.616  0.004    2  1 
  51286.2285   14.611  0.004    2  1 
  51286.2476   14.621  0.004    2  1 
  51286.2508   14.631  0.004    2  1 
  51286.2697   14.635  0.004    2  1 
  51286.2727   14.638  0.004    2  1 
  51286.3022   14.648  0.004    2  1 
  51286.3055   14.656  0.004    2  1 
  51286.3218   14.670  0.004    2  1 
  51286.3250   14.668  0.004    2  1 
  51286.3450   14.680  0.004    2  1 
  51286.3481   14.679  0.004    2  1 
  51304.9873   14.543  0.004    2  1 
  51304.9926   14.547  0.004    2  1 
  51305.0328   14.588  0.004    2  1 
  51305.0362   14.589  0.004    2  1 
  51305.0559   14.608  0.004    2  1 
  51305.0599   14.610  0.005    2  1 
  51305.0890   14.633  0.004    2  1 
  51305.0922   14.629  0.004    2  1 
  51305.1235   14.648  0.005    2  1 
  51305.1269   14.657  0.005    2  1 
  51305.1509   14.658  0.005    2  1 
  51305.1547   14.661  0.005    2  1 
  51305.1853   14.682  0.005    2  1 
  51305.1885   14.688  0.005    2  1 
  51305.2098   14.710  0.004    2  1 
  51305.2128   14.711  0.004    2  1 
  51305.2431   14.736  0.004    2  1 
  51305.2461   14.740  0.004    2  1 
  51305.2704   14.770  0.005    2  1 
  51305.2734   14.767  0.004    2  1 
  51305.2966   14.788  0.005    2  1 
  51305.2995   14.787  0.005    2  1 
  51305.9857   14.692  0.003    2  1 
  51305.9885   14.696  0.003    2  1 
  51305.9912   14.703  0.003    2  1 
  51306.0256   14.738  0.004    2  1 
  51306.0285   14.738  0.004    2  1 
  51306.0465   14.759  0.004    2  1 
  51306.0498   14.761  0.004    2  1 
  51306.0896   14.783  0.004    2  1 
  51306.0930   14.790  0.004    2  1 
  51306.1123   14.779  0.004    2  1 
  51306.1151   14.778  0.004    2  1 
  51306.1375   14.719  0.004    2  1 
  51306.1405   14.710  0.004    2  1 
  51306.1636   14.547  0.004    2  1 
  51306.1673   14.511  0.004    2  1 
  51306.1937   14.368  0.003    2  1 
  51306.1966   14.359  0.003    2  1 
  51306.2146   14.307  0.004    2  1 
  51306.2178   14.296  0.003    2  1 
  51306.2343   14.236  0.003    2  1 
  51306.2380   14.223  0.003    2  1 
  51306.2574   14.198  0.003    2  1 
  51306.2602   14.196  0.003    2  1 
  51306.2805   14.211  0.003    2  1 
  51306.2835   14.212  0.003    2  1 
  51306.3009   14.235  0.003    2  1 
  51306.3038   14.235  0.003    2  1 
  51306.3135   14.254  0.003    2  1 
  51306.3184   14.254  0.004    2  1 
  51307.0456   14.193  0.004    2  1 
  51307.0501   14.193  0.004    2  1 
  51307.0593   14.189  0.003    2  1 
  51307.0645   14.188  0.003    2  1 
  51307.0699   14.189  0.007    2  1 
  51307.0747   14.207  0.005    2  1 
  51308.0084   14.414  0.003    2  1 
  51308.0112   14.413  0.003    2  1 
  51308.0334   14.443  0.003    2  1 
  51308.0362   14.450  0.003    2  1 
  51308.0394   14.449  0.003    2  1 
  51308.0633   14.473  0.003    2  1 
  51308.0663   14.477  0.003    2  1 
  51308.0995   14.516  0.003    2  1 
  51308.1031   14.519  0.003    2  1 
  51308.1280   14.543  0.004    2  1 
  51308.1309   14.551  0.004    2  1 
  51310.0850   14.575  0.003    2  1 
  51310.0874   14.548  0.002    2  1 
  51310.0897   14.527  0.002    2  1 
  51310.0922   14.493  0.003    2  1 
  51310.1430   14.285  0.003    2  1 
  51310.1458   14.278  0.003    2  1 
  51310.1486   14.268  0.003    2  1 
  51311.0244   14.241  0.005    2  1 
  51311.0302   14.254  0.004    2  1 
  51311.0334   14.259  0.004    2  1 
  51311.0506   14.281  0.002    2  1 
  51311.0539   14.289  0.003    2  1 
  51311.0637   14.306  0.003    2  1 
  51311.0669   14.314  0.004    2  1 
  51311.0702   14.318  0.003    2  1 
  51311.0907   14.344  0.004    2  1 
  51311.0946   14.351  0.004    2  1 
  51311.0980   14.361  0.004    2  1 
  51311.1015   14.355  0.004    2  1 
  51311.1071   14.369  0.004    2  1 
  51311.1298   14.402  0.004    2  1 
  51311.1327   14.399  0.004    2  1 
  51311.1357   14.404  0.004    2  1 
  51311.1398   14.404  0.004    2  1 
  51311.1447   14.410  0.004    2  1 
  51311.9755   14.457  0.004    2  1 
  51312.0020   14.496  0.004    2  1 
  51312.0049   14.487  0.004    2  1 
  51312.0255   14.516  0.004    2  1 
  51312.0284   14.516  0.004    2  1 
  51312.0314   14.522  0.004    2  1 
  51312.0584   14.554  0.004    2  1 
  51312.0611   14.557  0.004    2  1 
  51312.0638   14.557  0.003    2  1 
  51312.0903   14.586  0.003    2  1 
  51312.0929   14.589  0.003    2  1 
  51312.0955   14.596  0.003    2  1 
  51312.1146   14.609  0.004    2  1 
  51312.1173   14.615  0.004    2  1 
  51312.1200   14.612  0.004    2  1 
  51312.9860   14.652  0.003    2  1 
  51312.9887   14.652  0.003    2  1 
  51312.9913   14.653  0.003    2  1 
  51313.0096   14.672  0.004    2  1 
  51313.0123   14.665  0.004    2  1 
  51313.0149   14.670  0.004    2  1 
  51313.0333   14.689  0.004    2  1 
  51313.0360   14.690  0.004    2  1 
  51313.0386   14.688  0.004    2  1 
  51313.0413   14.689  0.004    2  1 
  51313.0595   14.702  0.004    2  1 
  51313.0622   14.704  0.004    2  1 
  51313.0648   14.709  0.004    2  1 
  51313.0911   14.737  0.004    2  1 
  51313.0937   14.739  0.004    2  1 
  51313.0964   14.742  0.004    2  1 
  51313.1146   14.762  0.004    2  1 
  51313.1172   14.760  0.004    2  1 
  51313.1199   14.768  0.004    2  1 
  51313.1226   14.769  0.004    2  1 
  51313.9843   14.718  0.004    2  1 
  51313.9872   14.709  0.004    2  1 
  51313.9901   14.691  0.004    2  1 
  51314.0178   14.469  0.004    2  1 
  51314.0207   14.441  0.004    2  1 
  51314.0236   14.418  0.004    2  1 
  51314.0432   14.361  0.004    2  1 
  51314.0461   14.356  0.004    2  1 
  51314.0490   14.348  0.004    2  1 
  51314.0772   14.253  0.004    2  1 
  51314.0802   14.243  0.003    2  1 
  51314.0831   14.229  0.003    2  1 
  51314.1030   14.194  0.004    2  1 
  51314.1059   14.193  0.004    2  1 
  51314.1088   14.193  0.004    2  1 
  51314.1289   14.205  0.004    2  1 
  51314.1333   14.207  0.004    2  1 
  51314.1363   14.210  0.004    2  1 
  51314.9827   14.300  0.003    2  1 
  51314.9856   14.307  0.003    2  1 
  51314.9885   14.307  0.003    2  1 
  51315.0015   14.323  0.004    2  1 
  51315.0043   14.335  0.003    2  1 
  51315.0069   14.335  0.003    2  1 
  51315.0251   14.366  0.003    2  1 
  51315.0277   14.361  0.003    2  1 
  51315.0304   14.371  0.003    2  1 
  51315.0489   14.392  0.003    2  1 
  51315.0516   14.389  0.003    2  1 
  51315.0542   14.394  0.003    2  1 
  51315.0780   14.421  0.003    2  1 
  51315.0807   14.426  0.003    2  1 
  51315.0833   14.427  0.003    2  1 
  51315.1015   14.443  0.004    2  1 
  51315.1041   14.451  0.004    2  1 
  51315.1068   14.453  0.003    2  1 
  51315.1290   14.477  0.004    2  1 
  51315.1319   14.477  0.004    2  1 
  51316.0194   14.588  0.003    2  1 
  51316.0221   14.585  0.003    2  1 
  51316.0247   14.593  0.003    2  1 
  51316.0431   14.603  0.003    2  1 
  51316.0458   14.611  0.004    2  1 
  51316.0485   14.611  0.004    2  1 
  51316.0667   14.626  0.004    2  1 
  51316.0693   14.620  0.004    2  1 
  51316.0720   14.626  0.004    2  1 
  51316.0905   14.637  0.004    2  1 
  51316.0934   14.635  0.004    2  1 
  51316.0963   14.635  0.004    2  1 
  51316.1148   14.641  0.004    2  1 
  51316.1175   14.645  0.004    2  1 
  51316.1201   14.647  0.004    2  1 
  51316.9647   14.684  0.004    2  1 
  51316.9676   14.689  0.004    2  1 
  51316.9705   14.691  0.004    2  1 
  51316.9896   14.708  0.004    2  1 
  51316.9923   14.716  0.004    2  1 
  51316.9949   14.719  0.004    2  1 
  51317.0088   14.724  0.004    2  1 
  51317.0117   14.725  0.004    2  1 
  51317.0321   14.749  0.005    2  1 
  51317.0351   14.761  0.005    2  1 
  51317.0391   14.758  0.005    2  1 
  51317.0602   14.783  0.005    2  1 
  51317.0631   14.783  0.004    2  1 
  51317.0660   14.785  0.004    2  1 
  51317.0858   14.786  0.004    2  1 
  51317.0887   14.788  0.005    2  1 
  51317.0916   14.789  0.004    2  1 
  51317.1111   14.764  0.004    2  1 
  51317.1140   14.761  0.005    2  1 
  51317.1169   14.750  0.005    2  1 
  51317.9628   14.360  0.004    2  1 
  51317.9657   14.359  0.004    2  1 
  51317.9685   14.349  0.004    2  1 
  51317.9883   14.289  0.004    2  1 
  51317.9912   14.285  0.004    2  1 
  51317.9941   14.269  0.004    2  1 
  51318.0135   14.213  0.004    2  1 
  51318.0164   14.203  0.004    2  1 
  51318.0194   14.202  0.004    2  1 
  51318.0413   14.192  0.004    2  1 
  51318.0445   14.196  0.004    2  1 
  51318.0477   14.197  0.004    2  1 
  51318.0697   14.224  0.004    2  1 
  51318.0730   14.226  0.005    2  1 
  51318.0762   14.235  0.004    2  1 
  51318.0981   14.262  0.005    2  1 
  51318.1014   14.267  0.004    2  1 
  51318.1046   14.269  0.005    2  1 
  51318.1265   14.303  0.005    2  1 
  51318.1298   14.303  0.005    2  1 
  51318.9642   14.380  0.003    2  1 
  51318.9680   14.388  0.004    2  1 
  51318.9708   14.387  0.003    2  1 
  51318.9737   14.386  0.004    2  1 
  51318.9929   14.413  0.003    2  1 
  51318.9956   14.421  0.003    2  1 
  51318.9983   14.417  0.004    2  1 
  51319.0180   14.443  0.004    2  1 
  51319.0209   14.438  0.004    2  1 
  51319.0238   14.448  0.004    2  1 
  51319.0443   14.466  0.004    2  1 
  51319.0474   14.469  0.004    2  1 
  51319.0505   14.473  0.004    2  1 
  51319.0793   14.506  0.004    2  1 
  51319.0820   14.513  0.003    2  1 
  51319.0847   14.515  0.003    2  1 
  51319.1030   14.540  0.004    2  1 
  51319.1084   14.539  0.004    2  1 
  51319.1110   14.546  0.004    2  1 
  51320.1030   14.694  0.003    2  1 
  51320.1053   14.693  0.003    2  1 
  51320.1076   14.694  0.003    2  1 
  51320.1238   14.710  0.003    2  1 
  51320.1261   14.717  0.003    2  1 
  51320.1284   14.708  0.003    2  1 
  51320.1450   14.727  0.004    2  1 
  51320.1477   14.731  0.004    2  1 
  51320.1503   14.737  0.004    2  1 
  51320.9635   14.755  0.004    2  1 
  51320.9664   14.760  0.004    2  1 
  51320.9693   14.766  0.004    2  1 
  51320.9887   14.776  0.003    2  1 
  51320.9911   14.778  0.003    2  1 
  51320.9936   14.785  0.003    2  1 
  51321.0102   14.792  0.003    2  1 
  51321.0126   14.788  0.003    2  1 
  51321.0150   14.785  0.003    2  1 
  51321.0318   14.766  0.004    2  1 
  51321.0344   14.760  0.004    2  1 
  51321.0369   14.755  0.004    2  1 
  51321.0543   14.687  0.004    2  1 
  51321.0568   14.671  0.003    2  1 
  51321.0594   14.662  0.003    2  1 
  51321.0847   14.435  0.003    2  1 
  51321.0873   14.420  0.003    2  1 
  51321.0898   14.403  0.003    2  1 
  51321.1133   14.347  0.003    2  1 
  51321.1159   14.340  0.003    2  1 
  51321.1186   14.330  0.003    2  1 
  51321.1339   14.269  0.003    2  1 
  51321.1365   14.265  0.003    2  1 
  51332.9696   14.205  0.005    2  1 
  51332.9739   14.210  0.005    2  1 
  51332.9891   14.237  0.004    2  1 
  51332.9928   14.239  0.005    2  1 
  51332.9965   14.241  0.005    2  1 
  51333.0083   14.262  0.004    2  1 
  51333.0120   14.267  0.004    2  1 
  51333.0226   14.290  0.004    2  1 
  51333.0264   14.292  0.004    2  1 
  51333.0514   14.328  0.004    2  1 
  51333.0552   14.330  0.005    2  1 
  51333.0742   14.357  0.005    2  1 
  51333.0779   14.361  0.005    2  1 
  51333.0907   14.375  0.004    2  1 
  51333.0945   14.378  0.004    2  1 
  51333.1178   14.410  0.004    2  1 
  51333.1221   14.415  0.005    2  1 
  51333.1335   14.428  0.005    2  1 
  51333.1369   14.429  0.005    2  1 
  51333.1529   14.451  0.005    2  1 
  51333.1565   14.451  0.005    2  1 
  51333.1716   14.472  0.005    2  1 
  51333.1752   14.473  0.005    2  1 
  51334.9841   14.661  0.004    2  1 
  51334.9871   14.664  0.004    2  1 
  51335.0175   14.688  0.004    2  1 
  51335.0204   14.692  0.004    2  1 
  51335.0301   14.695  0.004    2  1 
  51335.0334   14.712  0.004    2  1 
  51335.0517   14.721  0.005    2  1 
  51335.0552   14.718  0.005    2  1 
  51335.0692   14.740  0.005    2  1 
  51335.0727   14.742  0.005    2  1 
  51335.0833   14.752  0.005    2  1 
  51335.0867   14.753  0.005    2  1 
  51335.1133   14.775  0.005    2  1 
  51335.1167   14.780  0.005    2  1 
  51335.9535   14.729  0.005    2  1 
  51335.9726   14.638  0.005    2  1 
  51335.9768   14.603  0.004    2  1 
  51335.9997   14.394  0.004    2  1 
  51336.0027   14.381  0.004    2  1 
  51336.0203   14.356  0.004    2  1 
  51336.0236   14.337  0.004    2  1 
  51336.0357   14.298  0.004    2  1 
  51336.0388   14.282  0.004    2  1 
  51336.0593   14.221  0.004    2  1 
  51336.0629   14.213  0.004    2  1 
  51336.0769   14.191  0.004    2  1 
  51336.0803   14.199  0.004    2  1 
  51336.1025   14.207  0.004    2  1 
  51336.1059   14.209  0.004    2  1 
  51336.1206   14.231  0.004    2  1 
  51336.1240   14.231  0.004    2  1 
  51337.0101   14.369  0.004    2  1 
  51337.9904   14.586  0.005    2  1 
  51337.9940   14.591  0.005    2  1 
  51338.0162   14.612  0.005    2  1 
  51338.0196   14.607  0.005    2  1 
  51338.0339   14.622  0.005    2  1 
  51338.0376   14.624  0.006    2  1 
  51338.9901   14.741  0.004    2  1 
  51338.9938   14.740  0.004    2  1 
  51339.0226   14.775  0.006    2  1 
  51339.0269   14.777  0.005    2  1 
  51339.0867   14.752  0.006    2  1 
  51339.0905   14.742  0.006    2  1 
  51339.1139   14.615  0.005    2  1 
  51339.1177   14.587  0.005    2  1 
  51339.1448   14.375  0.004    2  1 
  51339.1482   14.371  0.004    2  1 
  51339.9766   14.236  0.003    2  1 
  51339.9795   14.227  0.003    2  1 
  51340.0044   14.194  0.003    2  1 
  51340.0078   14.192  0.003    2  1 
  51340.0274   14.208  0.004    2  1 
  51340.0306   14.209  0.004    2  1 
  51340.0540   14.245  0.004    2  1 
  51340.0572   14.249  0.004    2  1 
  51340.0857   14.291  0.004    2  1 
  51340.0892   14.287  0.004    2  1 
  51340.1152   14.329  0.004    2  1 
  51340.1197   14.343  0.004    2  1 
  51340.1229   14.346  0.004    2  1 
  51340.1263   14.350  0.004    2  1 
  51340.1404   14.369  0.004    2  1 
  51340.1437   14.367  0.004    2  1 
  51344.9924   14.522  0.004    2  1 
  51344.9958   14.530  0.003    2  1 
  51344.9988   14.533  0.003    2  1 
  51345.0216   14.556  0.004    2  1 
  51345.0255   14.557  0.005    2  1 
  51345.0302   14.565  0.004    2  1 
  51345.0553   14.590  0.004    2  1 
  51345.0603   14.598  0.004    2  1 
  51345.9856   14.669  0.005    2  1 
  51345.9896   14.682  0.005    2  1 
  51346.0219   14.706  0.005    2  1 
  51346.0264   14.711  0.005    2  1 
  51346.0486   14.733  0.005    2  1 
  51346.0523   14.736  0.005    2  1 
  51346.0791   14.761  0.005    2  1 
  51346.0826   14.761  0.004    2  1 
  51347.0416   14.235  0.004    2  1 
  51347.0453   14.224  0.003    2  1 
  51347.0743   14.200  0.003    2  1 
  51347.0777   14.201  0.003    2  1 
  51347.0990   14.223  0.003    2  1 
  51347.1022   14.227  0.002    2  1 
  51347.9769   14.351  0.004    2  1 
  51347.9802   14.355  0.004    2  1 
  51347.9834   14.361  0.004    2  1 
  51347.9983   14.378  0.004    2  1 
  51348.0028   14.380  0.004    2  1 
  51348.0063   14.386  0.004    2  1 
  51348.0242   14.404  0.004    2  1 
  51348.0274   14.412  0.004    2  1 
  51348.0943   14.484  0.005    2  1 
  51348.0983   14.485  0.005    2  1 
  51348.1018   14.502  0.005    2  1 
  51348.9650   14.576  0.004    2  1 
  51348.9682   14.580  0.004    2  1 
  51348.9853   14.600  0.004    2  1 
  51348.9883   14.603  0.004    2  1 
  51348.9912   14.605  0.004    2  1 
  51349.0316   14.628  0.004    2  1 
  51349.0346   14.633  0.004    2  1 
  51349.9815   14.741  0.004    2  1 
  51349.9851   14.748  0.004    2  1 
  51349.9973   14.757  0.004    2  1 
  51350.0033   14.768  0.005    2  1 
  51350.0066   14.765  0.004    2  1 
  51350.0164   14.768  0.004    2  1 
  51350.0197   14.775  0.005    2  1 
  51350.0296   14.786  0.005    2  1 
  51380.9973   14.427  0.003    2  1 
  51381.0004   14.438  0.003    2  1 
  51381.0031   14.430  0.003    2  1 
  51381.0187   14.452  0.003    2  1 
  51381.0214   14.456  0.003    2  1 
  51381.0242   14.456  0.003    2  1 
  51381.9830   14.630  0.004    2  1 
  51381.9859   14.641  0.005    2  1 
  51381.9888   14.628  0.005    2  1 
  51382.0000   14.641  0.004    2  1 
  51382.0029   14.640  0.004    2  1 
  51382.9793   14.779  0.005    2  1 
  51382.9826   14.784  0.004    2  1 
  51382.9857   14.785  0.005    2  1 
  51382.9965   14.785  0.005    2  1 
  51382.9995   14.792  0.005    2  1 
  51383.9746   14.220  0.003    2  1 
  51383.9773   14.219  0.003    2  1 
  51383.9799   14.225  0.003    2  1 
  51383.9899   14.236  0.003    2  1 
  51383.9926   14.242  0.003    2  1 
  51384.9751   14.481  0.003    2  1 
  51384.9777   14.489  0.003    2  1 
  51384.9802   14.488  0.003    2  1 
  51384.9896   14.501  0.003    2  1 
  51384.9921   14.510  0.003    2  1 
  51385.9711   14.651  0.003    2  1 
  51385.9737   14.660  0.004    2  1 
  51385.9763   14.658  0.003    2  1 
  51385.9857   14.667  0.004    2  1 
  51385.9884   14.674  0.004    2  1 
  51386.9965   14.472  0.004    2  1 
  51387.0003   14.427  0.004    2  1 
  51387.0041   14.406  0.004    2  1 
  51387.0216   14.359  0.004    2  1 
  51387.0254   14.353  0.003    2  1 
  51387.0293   14.347  0.003    2  1 
  51388.9801   14.576  0.004    2  1 
  51388.9834   14.579  0.004    2  1 
  51388.9866   14.577  0.004    2  1 
  51388.9984   14.593  0.005    2  1 
  51389.0017   14.594  0.005    2  1 
  51389.9783   14.716  0.004    2  1 
  51389.9809   14.722  0.004    2  1 
  51389.9836   14.722  0.004    2  1 
  51390.9729   14.283  0.003    2  1 
  51390.9756   14.271  0.003    2  1 
  51390.9783   14.256  0.003    2  1 
  51391.9728   14.417  0.003    2  1 
  51391.9754   14.423  0.003    2  1 
  51391.9779   14.418  0.003    2  1 
  51671.0871   14.371  0.004    2  1 
  51671.0917   14.364  0.004    2  1 
  51671.0952   14.351  0.004    2  1 
  51671.1189   14.277  0.004    2  1 
  51671.1232   14.261  0.004    2  1 
  51671.9996   14.258  0.003    2  1 
  51672.0039   14.262  0.003    2  1 
  51672.0350   14.313  0.003    2  1 
  51672.0382   14.322  0.003    2  1 
  51673.0232   14.547  0.003    2  1 
  51674.0574   14.736  0.006    2  1 
  51674.0938   14.776  0.006    2  1 
  51674.0985   14.775  0.006    2  1 
  51674.1159   14.784  0.005    2  1 
  51674.1223   14.785  0.005    2  1 
  51674.9763   14.590  0.005    2  1 
  51674.9824   14.536  0.005    2  1 
  51675.0212   14.346  0.005    2  1 
  51676.0163   14.389  0.004    2  1 
  51692.9816   14.779  0.005    2  1 
  51692.9854   14.770  0.005    2  1 
  51693.9780   14.266  0.003    2  1 
  51693.9814   14.267  0.003    2  1 
  51694.9914   14.544  0.004    2  1 
  51765.9974   14.645  0.004    2  1 
  51766.0012   14.618  0.005    2  1 
  51766.0048   14.587  0.004    2  1 
  51766.0266   14.390  0.004    2  1 
  51766.0301   14.383  0.004    2  1 
  51216.3408   15.173  0.004    3  1 
  51216.3905   15.230  0.004    3  1 
  51217.3019   15.323  0.004    3  1 
  51217.3494   15.339  0.004    3  1 
  51217.3710   15.402  0.004    3  1 
  51217.3906   15.413  0.005    3  1 
  51218.2854   14.950  0.004    3  1 
  51218.3156   14.793  0.004    3  1 
  51218.3347   14.691  0.003    3  1 
  51218.3848   14.581  0.003    3  1 
  51219.2918   14.850  0.003    3  1 
  51219.3100   14.889  0.003    3  1 
  51219.3296   14.916  0.003    3  1 
  51219.3536   14.959  0.003    3  1 
  51219.3723   14.985  0.003    3  1 
  51220.2720   15.187  0.004    3  1 
  51220.2946   15.209  0.004    3  1 
  51220.3117   15.229  0.004    3  1 
  51220.3299   15.234  0.004    3  1 
  51220.3473   15.252  0.004    3  1 
  51220.3643   15.260  0.004    3  1 
  51220.3816   15.276  0.004    3  1 
  51221.2763   15.378  0.004    3  1 
  51221.2964   15.396  0.004    3  1 
  51221.3145   15.421  0.004    3  1 
  51221.3496   15.437  0.004    3  1 
  51221.3673   15.403  0.004    3  1 
  51283.2546   15.360  0.004    3  1 
  51283.2783   15.385  0.004    3  1 
  51283.3008   15.419  0.004    3  1 
  51283.3322   15.448  0.004    3  1 
  51283.3553   15.440  0.004    3  1 
  51284.2134   14.854  0.003    3  1 
  51284.2375   14.782  0.003    3  1 
  51284.2581   14.678  0.003    3  1 
  51284.2875   14.608  0.003    3  1 
  51284.3124   14.624  0.003    3  1 
  51284.3383   14.680  0.003    3  1 
  51285.0451   14.652  0.002    3  1 
  51285.0691   14.584  0.002    3  1 
  51285.0932   14.604  0.003    3  1 
  51285.1257   14.695  0.003    3  1 
  51285.1514   14.717  0.003    3  1 
  51285.1754   14.770  0.003    3  1 
  51285.2060   14.868  0.003    3  1 
  51285.2321   14.900  0.003    3  1 
  51285.2586   14.960  0.003    3  1 
  51285.2928   15.006  0.003    3  1 
  51285.3257   15.069  0.003    3  1 
  51286.0393   14.958  0.003    3  1 
  51286.0670   14.998  0.003    3  1 
  51286.1302   15.112  0.003    3  1 
  51286.1560   15.141  0.003    3  1 
  51286.1833   15.185  0.003    3  1 
  51286.2193   15.233  0.004    3  1 
  51286.2434   15.240  0.004    3  1 
  51286.2655   15.264  0.004    3  1 
  51286.2958   15.282  0.003    3  1 
  51286.3291   15.314  0.004    3  1 
  51286.3521   15.336  0.004    3  1 
  51304.9838   15.147  0.003    3  1 
  51305.0251   15.199  0.004    3  1 
  51305.0718   15.248  0.004    3  1 
  51305.0961   15.264  0.004    3  1 
  51305.1465   15.283  0.005    3  1 
  51305.1755   15.308  0.004    3  1 
  51305.2054   15.341  0.005    3  1 
  51305.2345   15.372  0.004    3  1 
  51305.2666   15.429  0.005    3  1 
  51305.2880   15.443  0.004    3  1 
  51305.9773   15.343  0.003    3  1 
  51306.0428   15.406  0.004    3  1 
  51306.0809   15.436  0.004    3  1 
  51306.1330   15.349  0.004    3  1 
  51306.1578   15.098  0.004    3  1 
  51306.1875   14.866  0.003    3  1 
  51306.2101   14.757  0.003    3  1 
  51306.2771   14.592  0.002    3  1 
  51306.2972   14.649  0.003    3  1 
  51308.0025   14.932  0.003    3  1 
  51308.0600   15.018  0.003    3  1 
  51308.0919   15.063  0.003    3  1 
  51308.0958   15.108  0.002    3  1 
  51308.1244   15.116  0.003    3  1 
  51311.9792   15.055  0.004    3  1 
  51311.9983   15.065  0.004    3  1 
  51312.0087   15.080  0.004    3  1 
  51312.0350   15.116  0.004    3  1 
  51312.0550   15.153  0.004    3  1 
  51312.0672   15.170  0.004    3  1 
  51312.0870   15.192  0.004    3  1 
  51312.0988   15.213  0.004    3  1 
  51312.9828   15.286  0.003    3  1 
  51313.0063   15.309  0.003    3  1 
  51313.0300   15.320  0.004    3  1 
  51313.0562   15.339  0.003    3  1 
  51313.0838   15.361  0.003    3  1 
  51313.1113   15.408  0.004    3  1 
  51313.9807   15.368  0.004    3  1 
  51314.0397   14.846  0.003    3  1 
  51314.1124   14.599  0.003    3  1 
  51314.9752   14.743  0.003    3  1 
  51315.0102   14.819  0.003    3  1 
  51315.0336   14.866  0.003    3  1 
  51315.0747   14.945  0.003    3  1 
  51315.0982   14.993  0.003    3  1 
  51315.1216   15.022  0.003    3  1 
  51316.0399   15.230  0.003    3  1 
  51316.0634   15.245  0.004    3  1 
  51316.0869   15.266  0.004    3  1 
  51316.1115   15.265  0.003    3  1 
  51316.9740   15.340  0.004    3  1 
  51317.0052   15.368  0.004    3  1 
  51317.0282   15.380  0.005    3  1 
  51317.0566   15.428  0.004    3  1 
  51317.0822   15.437  0.004    3  1 
  51317.1075   15.412  0.004    3  1 
  51317.9847   14.781  0.003    3  1 
  51318.0099   14.663  0.003    3  1 
  51318.0374   14.675  0.003    3  1 
  51318.9772   14.925  0.003    3  1 
  51319.0019   14.940  0.003    3  1 
  51319.0274   15.001  0.003    3  1 
  51319.0757   15.063  0.003    3  1 
  51319.0997   15.110  0.003    3  1 
  51320.1000   15.351  0.003    3  1 
  51320.1208   15.331  0.003    3  1 
  51320.1417   15.371  0.004    3  1 
  51320.9728   15.428  0.004    3  1 
  51321.0400   15.370  0.004    3  1 
  51321.0624   15.228  0.003    3  1 
  51321.0930   14.885  0.003    3  1 
  51321.1217   14.757  0.003    3  1 
  51380.9937   14.949  0.003    3  1 
  51381.9793   15.243  0.004    3  1 
  51382.9755   15.402  0.004    3  1 
  51383.9715   14.611  0.002    3  1 
  51384.9721   15.055  0.003    3  1 
  51385.9679   15.297  0.003    3  1 
  51386.9917   15.052  0.004    3  1 
  51388.9755   15.175  0.004    3  1 
  51390.9697   14.788  0.002    3  1 
  51695.0052   15.157  0.003    3  1 
 56468.97641   12.921  0.072   -1  1 
 56469.04707   12.907  0.080   -1  1 
 56469.10896   12.779  0.054   -1  1 
 56469.17285   12.970  0.020   -1  1 
 56471.00364   12.963  0.037   -1  1 
 56471.06640   13.180  0.020   -1  1 
 56471.12490   13.038  0.019   -1  1 
 56471.18188   13.178  0.020   -1  1 
 56471.96759   13.052  0.048   -1  1 
 56472.03374   13.041  0.020   -1  1 
 56472.09484   12.880  0.016   -1  1 
 56472.15243   13.011  0.018   -1  1 
 56468.95296   12.732  0.033   -2  1 
 56469.02441   12.767  0.039   -2  1 
 56469.08813   12.779  0.028   -2  1 
 56469.15134   12.845  0.024   -2  1 
 56471.02588   12.958  0.039   -2  1 
 56471.08671   13.011  0.019   -2  1 
 56471.14302   13.059  0.015   -2  1 
 56471.94704   13.099  0.015   -2  1 
 56472.01085   13.062  0.033   -2  1 
 56472.07480   12.868  0.025   -2  1 
 56472.13240   12.908  0.012   -2  1 
 56472.19216   12.867  0.014   -2  1 
 56469.00041   13.124  0.022   -5  1 
 56469.06767   13.168  0.013   -5  1 
 56469.13003   13.153  0.014   -5  1 
 56469.19349   13.179  0.016   -5  1 
 56470.98130   13.333  0.011   -5  1 
 56471.04693   13.377  0.024   -5  1 
 56471.10523   13.436  0.013   -5  1 
 56471.16397   13.416  0.015   -5  1 
 56471.98857   13.371  0.027   -5  1 
 56472.05430   13.264  0.020   -5  1 
 56472.11383   13.140  0.011   -5  1 
 56472.17109   13.118  0.010   -5  1 
