  51216.3218   14.674  0.005    2  1 
  51216.3464   14.670  0.005    2  1 
  51216.3689   14.688  0.005    2  1 
  51216.3980   14.696  0.006    2  1 
  51217.3101   14.389  0.004    2  1 
  51217.3328   14.270  0.004    2  1 
  51217.3552   14.116  0.004    2  1 
  51217.3759   14.054  0.004    2  1 
  51217.3953   14.073  0.004    2  1 
  51218.2773   14.381  0.004    2  1 
  51218.3093   14.437  0.004    2  1 
  51218.3298   14.464  0.004    2  1 
  51218.3573   14.497  0.005    2  1 
  51218.3794   14.530  0.004    2  1 
  51219.3336   14.711  0.005    2  1 
  51219.3596   14.741  0.005    2  1 
  51219.3768   14.765  0.005    2  1 
  51220.2621   14.303  0.004    2  1 
  51220.2906   14.119  0.003    2  1 
  51220.3077   14.053  0.004    2  1 
  51220.3257   14.056  0.004    2  1 
  51220.3432   14.099  0.004    2  1 
  51220.3602   14.137  0.004    2  1 
  51220.3776   14.181  0.004    2  1 
  51221.2835   14.486  0.004    2  1 
  51221.3009   14.513  0.004    2  1 
  51221.3188   14.532  0.004    2  1 
  51221.3358   14.553  0.004    2  1 
  51221.3538   14.577  0.005    2  1 
  51221.3722   14.601  0.004    2  1 
  51283.2451   14.778  0.004    2  1 
  51283.2493   14.788  0.004    2  1 
  51283.2714   14.811  0.005    2  1 
  51283.2748   14.821  0.004    2  1 
  51283.2939   14.837  0.004    2  1 
  51283.2972   14.841  0.004    2  1 
  51283.3202   14.819  0.004    2  1 
  51283.3234   14.812  0.004    2  1 
  51283.3487   14.639  0.004    2  1 
  51283.3518   14.608  0.004    2  1 
  51283.3707   14.335  0.003    2  1 
  51283.3738   14.324  0.003    2  1 
  51284.2195   14.155  0.003    2  1 
  51284.2229   14.156  0.003    2  1 
  51284.2413   14.201  0.003    2  1 
  51284.2443   14.211  0.003    2  1 
  51284.2617   14.247  0.003    2  1 
  51284.2648   14.239  0.003    2  1 
  51284.2942   14.313  0.004    2  1 
  51284.2973   14.314  0.004    2  1 
  51284.3168   14.355  0.004    2  1 
  51284.3211   14.365  0.004    2  1 
  51284.3428   14.398  0.004    2  1 
  51284.3464   14.405  0.004    2  1 
  51285.0513   14.360  0.003    2  1 
  51285.0543   14.364  0.003    2  1 
  51285.0739   14.398  0.004    2  1 
  51285.0778   14.403  0.003    2  1 
  51285.0975   14.432  0.004    2  1 
  51285.1006   14.440  0.004    2  1 
  51285.1324   14.483  0.004    2  1 
  51285.1360   14.486  0.004    2  1 
  51285.1558   14.509  0.004    2  1 
  51285.1588   14.523  0.004    2  1 
  51285.1796   14.538  0.004    2  1 
  51285.1830   14.533  0.004    2  1 
  51285.2125   14.573  0.004    2  1 
  51285.2157   14.574  0.004    2  1 
  51285.2362   14.615  0.004    2  1 
  51285.2426   14.611  0.004    2  1 
  51285.2630   14.639  0.004    2  1 
  51285.2666   14.647  0.004    2  1 
  51285.2998   14.672  0.004    2  1 
  51285.3033   14.672  0.004    2  1 
  51285.3308   14.677  0.004    2  1 
  51285.3348   14.679  0.004    2  1 
  51285.3382   14.681  0.004    2  1 
  51286.0461   14.676  0.004    2  1 
  51286.0493   14.683  0.004    2  1 
  51286.0716   14.686  0.004    2  1 
  51286.0753   14.687  0.004    2  1 
  51286.1026   14.688  0.004    2  1 
  51286.1061   14.680  0.004    2  1 
  51286.1365   14.719  0.004    2  1 
  51286.1398   14.731  0.004    2  1 
  51286.1608   14.749  0.004    2  1 
  51286.1639   14.766  0.004    2  1 
  51286.1669   14.761  0.004    2  1 
  51286.1875   14.796  0.004    2  1 
  51286.1908   14.805  0.004    2  1 
  51286.2255   14.844  0.004    2  1 
  51286.2285   14.845  0.004    2  1 
  51286.2476   14.843  0.004    2  1 
  51286.2508   14.833  0.004    2  1 
  51286.2697   14.763  0.004    2  1 
  51286.2727   14.747  0.004    2  1 
  51286.3022   14.381  0.004    2  1 
  51286.3055   14.344  0.004    2  1 
  51286.3218   14.272  0.003    2  1 
  51286.3250   14.264  0.003    2  1 
  51286.3450   14.124  0.003    2  1 
  51286.3481   14.104  0.003    2  1 
  51304.9873   14.527  0.004    2  1 
  51304.9926   14.535  0.004    2  1 
  51305.0328   14.590  0.004    2  1 
  51305.0362   14.592  0.004    2  1 
  51305.0559   14.602  0.004    2  1 
  51305.0599   14.615  0.005    2  1 
  51305.0890   14.652  0.004    2  1 
  51305.0922   14.665  0.004    2  1 
  51305.1235   14.677  0.005    2  1 
  51305.1269   14.666  0.005    2  1 
  51305.1509   14.676  0.005    2  1 
  51305.1547   14.678  0.005    2  1 
  51305.1853   14.698  0.005    2  1 
  51305.1885   14.701  0.005    2  1 
  51305.2098   14.707  0.004    2  1 
  51305.2128   14.726  0.004    2  1 
  51305.2431   14.757  0.004    2  1 
  51305.2461   14.764  0.004    2  1 
  51305.2704   14.782  0.005    2  1 
  51305.2734   14.800  0.005    2  1 
  51305.2966   14.821  0.005    2  1 
  51305.2995   14.821  0.005    2  1 
  51305.9857   14.773  0.004    2  1 
  51305.9885   14.766  0.004    2  1 
  51305.9912   14.774  0.004    2  1 
  51306.0256   14.834  0.004    2  1 
  51306.0285   14.826  0.004    2  1 
  51306.0465   14.845  0.004    2  1 
  51306.0498   14.848  0.004    2  1 
  51306.0896   14.736  0.004    2  1 
  51306.0930   14.707  0.004    2  1 
  51306.1123   14.493  0.003    2  1 
  51306.1151   14.444  0.003    2  1 
  51306.1375   14.297  0.003    2  1 
  51306.1405   14.277  0.003    2  1 
  51306.1636   14.114  0.003    2  1 
  51306.1673   14.089  0.003    2  1 
  51306.1937   14.064  0.003    2  1 
  51306.1966   14.061  0.003    2  1 
  51306.2146   14.093  0.003    2  1 
  51306.2178   14.104  0.003    2  1 
  51306.2343   14.134  0.003    2  1 
  51306.2380   14.151  0.003    2  1 
  51306.2574   14.205  0.003    2  1 
  51306.2602   14.206  0.003    2  1 
  51306.2805   14.249  0.003    2  1 
  51306.2835   14.239  0.003    2  1 
  51306.3009   14.283  0.003    2  1 
  51306.3038   14.297  0.003    2  1 
  51306.3135   14.311  0.004    2  1 
  51306.3184   14.321  0.004    2  1 
  51307.0456   14.312  0.004    2  1 
  51307.0501   14.344  0.004    2  1 
  51307.0593   14.351  0.003    2  1 
  51307.0645   14.373  0.003    2  1 
  51307.0699   14.384  0.006    2  1 
  51307.0747   14.383  0.004    2  1 
  51308.0084   14.635  0.003    2  1 
  51308.0112   14.640  0.003    2  1 
  51308.0334   14.669  0.003    2  1 
  51308.0362   14.665  0.003    2  1 
  51308.0394   14.666  0.003    2  1 
  51308.0633   14.679  0.003    2  1 
  51308.0663   14.681  0.003    2  1 
  51308.0995   14.691  0.003    2  1 
  51308.1031   14.685  0.004    2  1 
  51308.1280   14.704  0.004    2  1 
  51308.1309   14.704  0.004    2  1 
  51310.0850   14.489  0.003    2  1 
  51310.0874   14.488  0.002    2  1 
  51310.0897   14.487  0.002    2  1 
  51310.0922   14.489  0.003    2  1 
  51310.1430   14.555  0.003    2  1 
  51310.1458   14.554  0.003    2  1 
  51310.1486   14.557  0.004    2  1 
  51311.0244   14.653  0.005    2  1 
  51311.0302   14.672  0.005    2  1 
  51311.0334   14.678  0.005    2  1 
  51311.0506   14.688  0.003    2  1 
  51311.0539   14.689  0.003    2  1 
  51311.0637   14.694  0.004    2  1 
  51311.0669   14.696  0.005    2  1 
  51311.0702   14.690  0.003    2  1 
  51311.0907   14.726  0.005    2  1 
  51311.0946   14.726  0.004    2  1 
  51311.0980   14.730  0.004    2  1 
  51311.1015   14.737  0.004    2  1 
  51311.1071   14.742  0.004    2  1 
  51311.1298   14.769  0.005    2  1 
  51311.1327   14.772  0.005    2  1 
  51311.1357   14.769  0.005    2  1 
  51311.1398   14.788  0.004    2  1 
  51311.1447   14.779  0.004    2  1 
  51311.9726   14.637  0.004    2  1 
  51311.9755   14.615  0.004    2  1 
  51312.0020   14.320  0.004    2  1 
  51312.0049   14.314  0.004    2  1 
  51312.0255   14.176  0.003    2  1 
  51312.0284   14.154  0.003    2  1 
  51312.0314   14.138  0.003    2  1 
  51312.0584   14.049  0.003    2  1 
  51312.0611   14.056  0.003    2  1 
  51312.0638   14.048  0.003    2  1 
  51312.0903   14.094  0.003    2  1 
  51312.0929   14.105  0.003    2  1 
  51312.0955   14.120  0.003    2  1 
  51312.1146   14.154  0.003    2  1 
  51312.1173   14.170  0.003    2  1 
  51312.1200   14.176  0.003    2  1 
  51312.9860   14.430  0.003    2  1 
  51312.9887   14.428  0.003    2  1 
  51312.9913   14.448  0.003    2  1 
  51313.0096   14.464  0.003    2  1 
  51313.0123   14.467  0.003    2  1 
  51313.0149   14.474  0.003    2  1 
  51313.0333   14.498  0.003    2  1 
  51313.0360   14.498  0.003    2  1 
  51313.0386   14.490  0.003    2  1 
  51313.0413   14.507  0.004    2  1 
  51313.0595   14.519  0.003    2  1 
  51313.0622   14.527  0.003    2  1 
  51313.0648   14.535  0.003    2  1 
  51313.0911   14.567  0.004    2  1 
  51313.0937   14.568  0.003    2  1 
  51313.0964   14.575  0.003    2  1 
  51313.1146   14.599  0.004    2  1 
  51313.1172   14.608  0.004    2  1 
  51313.1199   14.607  0.004    2  1 
  51313.1226   14.611  0.004    2  1 
  51313.9843   14.700  0.004    2  1 
  51313.9872   14.687  0.004    2  1 
  51313.9901   14.695  0.004    2  1 
  51314.0178   14.712  0.004    2  1 
  51314.0207   14.723  0.004    2  1 
  51314.0236   14.721  0.004    2  1 
  51314.0432   14.744  0.004    2  1 
  51314.0461   14.748  0.004    2  1 
  51314.0490   14.750  0.004    2  1 
  51314.0772   14.790  0.004    2  1 
  51314.0802   14.796  0.004    2  1 
  51314.0831   14.807  0.004    2  1 
  51314.1030   14.823  0.005    2  1 
  51314.1059   14.818  0.005    2  1 
  51314.1088   14.816  0.005    2  1 
  51314.1289   14.834  0.005    2  1 
  51314.1333   14.823  0.005    2  1 
  51314.1363   14.819  0.005    2  1 
  51314.9827   14.053  0.003    2  1 
  51314.9856   14.056  0.003    2  1 
  51314.9885   14.049  0.003    2  1 
  51315.0015   14.051  0.003    2  1 
  51315.0043   14.053  0.003    2  1 
  51315.0069   14.060  0.003    2  1 
  51315.0251   14.096  0.003    2  1 
  51315.0277   14.105  0.003    2  1 
  51315.0304   14.108  0.003    2  1 
  51315.0489   14.162  0.003    2  1 
  51315.0516   14.166  0.003    2  1 
  51315.0542   14.171  0.003    2  1 
  51315.0780   14.228  0.003    2  1 
  51315.0807   14.234  0.003    2  1 
  51315.0833   14.240  0.003    2  1 
  51315.1015   14.274  0.003    2  1 
  51315.1041   14.285  0.003    2  1 
  51315.1068   14.291  0.003    2  1 
  51315.1290   14.336  0.004    2  1 
  51315.1319   14.343  0.004    2  1 
  51316.0194   14.553  0.003    2  1 
  51316.0221   14.561  0.003    2  1 
  51316.0247   14.558  0.003    2  1 
  51316.0431   14.583  0.003    2  1 
  51316.0458   14.586  0.004    2  1 
  51316.0485   14.582  0.004    2  1 
  51316.0667   14.615  0.004    2  1 
  51316.0693   14.619  0.004    2  1 
  51316.0720   14.622  0.004    2  1 
  51316.0905   14.645  0.004    2  1 
  51316.0934   14.650  0.004    2  1 
  51316.0963   14.651  0.004    2  1 
  51316.1148   14.666  0.004    2  1 
  51316.1175   14.668  0.004    2  1 
  51316.1201   14.668  0.004    2  1 
  51316.9647   14.727  0.004    2  1 
  51316.9676   14.727  0.004    2  1 
  51316.9705   14.725  0.004    2  1 
  51316.9896   14.762  0.004    2  1 
  51316.9923   14.767  0.004    2  1 
  51316.9949   14.765  0.004    2  1 
  51317.0088   14.777  0.004    2  1 
  51317.0117   14.795  0.004    2  1 
  51317.0321   14.816  0.005    2  1 
  51317.0351   14.814  0.005    2  1 
  51317.0391   14.820  0.005    2  1 
  51317.0602   14.829  0.005    2  1 
  51317.0631   14.843  0.004    2  1 
  51317.0660   14.839  0.004    2  1 
  51317.0858   14.809  0.004    2  1 
  51317.0887   14.786  0.005    2  1 
  51317.0916   14.784  0.004    2  1 
  51317.1111   14.629  0.004    2  1 
  51317.1140   14.600  0.004    2  1 
  51317.1169   14.558  0.004    2  1 
  51317.9628   14.110  0.003    2  1 
  51317.9657   14.132  0.003    2  1 
  51317.9685   14.136  0.003    2  1 
  51317.9883   14.177  0.003    2  1 
  51317.9912   14.180  0.003    2  1 
  51317.9941   14.177  0.003    2  1 
  51318.0135   14.225  0.004    2  1 
  51318.0164   14.238  0.004    2  1 
  51318.0194   14.249  0.004    2  1 
  51318.0413   14.290  0.004    2  1 
  51318.0445   14.296  0.004    2  1 
  51318.0477   14.296  0.004    2  1 
  51318.0697   14.346  0.004    2  1 
  51318.0730   14.352  0.004    2  1 
  51318.0762   14.361  0.004    2  1 
  51318.0981   14.402  0.004    2  1 
  51318.1014   14.409  0.004    2  1 
  51318.1046   14.414  0.004    2  1 
  51318.1265   14.438  0.004    2  1 
  51318.1298   14.443  0.004    2  1 
  51318.9642   14.569  0.003    2  1 
  51318.9680   14.564  0.004    2  1 
  51318.9708   14.571  0.004    2  1 
  51318.9737   14.579  0.004    2  1 
  51318.9929   14.599  0.004    2  1 
  51318.9956   14.604  0.004    2  1 
  51318.9983   14.606  0.004    2  1 
  51319.0180   14.629  0.004    2  1 
  51319.0209   14.639  0.004    2  1 
  51319.0238   14.647  0.004    2  1 
  51319.0443   14.666  0.004    2  1 
  51319.0474   14.667  0.004    2  1 
  51319.0505   14.665  0.005    2  1 
  51319.0793   14.677  0.004    2  1 
  51319.0820   14.683  0.004    2  1 
  51319.0847   14.690  0.004    2  1 
  51319.1030   14.697  0.004    2  1 
  51319.1084   14.691  0.004    2  1 
  51319.1110   14.690  0.004    2  1 
  51320.1030   14.151  0.002    2  1 
  51320.1053   14.134  0.002    2  1 
  51320.1076   14.110  0.002    2  1 
  51320.1238   14.047  0.002    2  1 
  51320.1261   14.058  0.002    2  1 
  51320.1284   14.056  0.002    2  1 
  51320.1450   14.070  0.003    2  1 
  51320.1477   14.070  0.003    2  1 
  51320.1503   14.082  0.003    2  1 
  51320.9635   14.259  0.003    2  1 
  51320.9664   14.251  0.003    2  1 
  51320.9693   14.267  0.003    2  1 
  51320.9887   14.312  0.003    2  1 
  51320.9911   14.315  0.003    2  1 
  51320.9936   14.325  0.003    2  1 
  51321.0102   14.356  0.003    2  1 
  51321.0126   14.355  0.003    2  1 
  51321.0150   14.368  0.003    2  1 
  51321.0318   14.386  0.003    2  1 
  51321.0344   14.396  0.003    2  1 
  51321.0369   14.399  0.003    2  1 
  51321.0543   14.423  0.003    2  1 
  51321.0568   14.430  0.003    2  1 
  51321.0594   14.437  0.003    2  1 
  51321.0847   14.463  0.003    2  1 
  51321.0873   14.471  0.003    2  1 
  51321.0898   14.460  0.003    2  1 
  51321.1133   14.499  0.003    2  1 
  51321.1159   14.506  0.003    2  1 
  51321.1186   14.509  0.003    2  1 
  51321.1339   14.527  0.003    2  1 
  51321.1365   14.528  0.003    2  1 
  51332.9696   14.643  0.006    2  1 
  51332.9739   14.638  0.006    2  1 
  51332.9891   14.671  0.005    2  1 
  51332.9928   14.665  0.005    2  1 
  51332.9965   14.664  0.005    2  1 
  51333.0083   14.676  0.005    2  1 
  51333.0120   14.676  0.005    2  1 
  51333.0226   14.673  0.005    2  1 
  51333.0264   14.680  0.005    2  1 
  51333.0514   14.680  0.005    2  1 
  51333.0552   14.677  0.006    2  1 
  51333.0742   14.693  0.005    2  1 
  51333.0779   14.691  0.005    2  1 
  51333.0907   14.708  0.005    2  1 
  51333.0945   14.710  0.005    2  1 
  51333.1178   14.735  0.005    2  1 
  51333.1221   14.738  0.005    2  1 
  51333.1335   14.740  0.006    2  1 
  51333.1369   14.748  0.006    2  1 
  51333.1529   14.779  0.005    2  1 
  51333.1565   14.771  0.006    2  1 
  51333.1716   14.804  0.006    2  1 
  51333.1752   14.815  0.006    2  1 
  51334.9841   14.404  0.004    2  1 
  51334.9871   14.404  0.003    2  1 
  51335.0175   14.448  0.004    2  1 
  51335.0204   14.457  0.004    2  1 
  51335.0301   14.468  0.004    2  1 
  51335.0334   14.474  0.004    2  1 
  51335.0517   14.493  0.004    2  1 
  51335.0552   14.494  0.004    2  1 
  51335.0692   14.516  0.004    2  1 
  51335.0727   14.520  0.004    2  1 
  51335.0833   14.530  0.005    2  1 
  51335.0867   14.533  0.005    2  1 
  51335.1133   14.564  0.005    2  1 
  51335.1167   14.574  0.005    2  1 
  51335.9535   14.671  0.005    2  1 
  51335.9726   14.685  0.005    2  1 
  51335.9768   14.680  0.005    2  1 
  51335.9997   14.692  0.004    2  1 
  51336.0027   14.689  0.004    2  1 
  51336.0203   14.694  0.004    2  1 
  51336.0236   14.701  0.004    2  1 
  51336.0357   14.720  0.005    2  1 
  51336.0388   14.711  0.005    2  1 
  51336.0593   14.733  0.005    2  1 
  51336.0629   14.739  0.005    2  1 
  51336.0769   14.767  0.005    2  1 
  51336.0803   14.760  0.005    2  1 
  51336.1025   14.802  0.005    2  1 
  51336.1059   14.806  0.005    2  1 
  51336.1206   14.815  0.005    2  1 
  51336.1240   14.828  0.005    2  1 
  51337.0101   14.076  0.003    2  1 
  51337.9904   14.496  0.005    2  1 
  51337.9940   14.502  0.005    2  1 
  51338.0162   14.526  0.005    2  1 
  51338.0196   14.527  0.005    2  1 
  51338.0339   14.545  0.005    2  1 
  51338.0376   14.550  0.005    2  1 
  51338.9901   14.743  0.004    2  1 
  51338.9938   14.742  0.004    2  1 
  51339.0226   14.760  0.005    2  1 
  51339.0269   14.785  0.005    2  1 
  51339.0867   14.794  0.005    2  1 
  51339.0905   14.820  0.006    2  1 
  51339.1139   14.761  0.005    2  1 
  51339.1177   14.733  0.005    2  1 
  51339.1448   14.407  0.004    2  1 
  51339.1482   14.367  0.004    2  1 
  51339.9766   14.096  0.003    2  1 
  51339.9795   14.094  0.003    2  1 
  51340.0044   14.157  0.003    2  1 
  51340.0078   14.170  0.003    2  1 
  51340.0274   14.222  0.003    2  1 
  51340.0306   14.222  0.003    2  1 
  51340.0540   14.281  0.004    2  1 
  51340.0572   14.282  0.004    2  1 
  51340.0857   14.343  0.004    2  1 
  51340.0892   14.350  0.004    2  1 
  51340.1152   14.387  0.004    2  1 
  51340.1197   14.400  0.004    2  1 
  51340.1229   14.401  0.004    2  1 
  51340.1263   14.409  0.004    2  1 
  51340.1404   14.424  0.004    2  1 
  51340.1437   14.437  0.004    2  1 
  51344.9924   14.723  0.004    2  1 
  51344.9958   14.693  0.003    2  1 
  51344.9988   14.662  0.004    2  1 
  51345.0216   14.350  0.004    2  1 
  51345.0255   14.323  0.004    2  1 
  51345.0302   14.309  0.004    2  1 
  51345.0553   14.161  0.003    2  1 
  51345.0603   14.125  0.003    2  1 
  51345.9856   14.393  0.005    2  1 
  51345.9896   14.395  0.004    2  1 
  51346.0219   14.440  0.005    2  1 
  51346.0264   14.449  0.004    2  1 
  51346.0486   14.483  0.004    2  1 
  51346.0523   14.484  0.004    2  1 
  51346.0791   14.516  0.004    2  1 
  51346.0826   14.518  0.004    2  1 
  51347.0416   14.710  0.005    2  1 
  51347.0453   14.714  0.004    2  1 
  51347.0743   14.751  0.004    2  1 
  51347.0777   14.741  0.004    2  1 
  51347.0990   14.786  0.004    2  1 
  51347.1022   14.801  0.003    2  1 
  51347.9769   14.265  0.004    2  1 
  51347.9802   14.241  0.004    2  1 
  51347.9834   14.223  0.004    2  1 
  51347.9983   14.117  0.003    2  1 
  51348.0028   14.094  0.003    2  1 
  51348.0063   14.080  0.003    2  1 
  51348.0242   14.057  0.003    2  1 
  51348.0274   14.058  0.003    2  1 
  51348.0943   14.209  0.004    2  1 
  51348.0983   14.223  0.004    2  1 
  51348.1018   14.226  0.004    2  1 
  51348.9650   14.459  0.004    2  1 
  51348.9682   14.457  0.004    2  1 
  51348.9853   14.481  0.004    2  1 
  51348.9883   14.483  0.004    2  1 
  51348.9912   14.487  0.004    2  1 
  51349.0316   14.541  0.004    2  1 
  51349.0346   14.534  0.004    2  1 
  51349.9815   14.712  0.004    2  1 
  51349.9851   14.721  0.004    2  1 
  51349.9973   14.732  0.004    2  1 
  51350.0033   14.737  0.005    2  1 
  51350.0066   14.744  0.004    2  1 
  51350.0164   14.755  0.004    2  1 
  51350.0197   14.765  0.004    2  1 
  51350.0296   14.769  0.005    2  1 
  51380.9973   14.302  0.003    2  1 
  51381.0004   14.286  0.003    2  1 
  51381.0031   14.267  0.003    2  1 
  51381.0187   14.160  0.003    2  1 
  51381.0214   14.136  0.003    2  1 
  51381.0242   14.115  0.003    2  1 
  51381.9830   14.438  0.004    2  1 
  51381.9859   14.452  0.004    2  1 
  51381.9888   14.450  0.004    2  1 
  51382.0000   14.464  0.004    2  1 
  51382.0029   14.464  0.004    2  1 
  51382.9793   14.689  0.005    2  1 
  51382.9826   14.694  0.004    2  1 
  51382.9857   14.688  0.004    2  1 
  51382.9965   14.691  0.005    2  1 
  51382.9995   14.698  0.005    2  1 
  51383.9746   14.053  0.003    2  1 
  51383.9773   14.048  0.003    2  1 
  51383.9799   14.048  0.003    2  1 
  51383.9899   14.039  0.003    2  1 
  51383.9926   14.051  0.003    2  1 
  51384.9751   14.510  0.003    2  1 
  51384.9777   14.511  0.003    2  1 
  51384.9802   14.520  0.003    2  1 
  51384.9896   14.518  0.003    2  1 
  51384.9921   14.527  0.003    2  1 
  51385.9711   14.751  0.004    2  1 
  51385.9737   14.756  0.004    2  1 
  51385.9763   14.759  0.004    2  1 
  51385.9857   14.768  0.004    2  1 
  51385.9884   14.763  0.004    2  1 
  51386.9965   14.191  0.003    2  1 
  51387.0003   14.200  0.003    2  1 
  51387.0041   14.208  0.003    2  1 
  51387.0216   14.253  0.003    2  1 
  51387.0254   14.265  0.003    2  1 
  51387.0293   14.272  0.003    2  1 
  51388.9801   14.820  0.005    2  1 
  51388.9834   14.838  0.005    2  1 
  51388.9866   14.826  0.005    2  1 
  51388.9984   14.802  0.005    2  1 
  51389.0017   14.773  0.005    2  1 
  51389.9783   14.300  0.003    2  1 
  51389.9809   14.311  0.003    2  1 
  51389.9836   14.305  0.003    2  1 
  51390.9729   14.663  0.003    2  1 
  51390.9756   14.665  0.003    2  1 
  51390.9783   14.660  0.003    2  1 
  51391.9728   14.642  0.003    2  1 
  51391.9754   14.613  0.003    2  1 
  51391.9779   14.598  0.003    2  1 
  51671.0871   14.312  0.004    2  1 
  51671.0917   14.325  0.004    2  1 
  51671.0952   14.328  0.004    2  1 
  51671.1189   14.372  0.004    2  1 
  51671.1232   14.378  0.004    2  1 
  51671.9996   14.577  0.004    2  1 
  51672.0039   14.578  0.004    2  1 
  51672.0350   14.623  0.004    2  1 
  51672.0382   14.621  0.004    2  1 
  51673.0232   14.842  0.004    2  1 
  51674.0574   14.381  0.005    2  1 
  51674.0620   14.389  0.005    2  1 
  51674.0938   14.437  0.005    2  1 
  51674.0985   14.447  0.005    2  1 
  51674.1159   14.468  0.005    2  1 
  51674.1223   14.477  0.004    2  1 
  51674.9763   14.620  0.005    2  1 
  51674.9824   14.631  0.005    2  1 
  51675.0212   14.675  0.006    2  1 
  51676.0163   14.623  0.004    2  1 
  51692.9816   14.058  0.003    2  1 
  51692.9854   14.053  0.003    2  1 
  51693.9780   14.520  0.004    2  1 
  51693.9814   14.523  0.004    2  1 
  51694.9914   14.773  0.004    2  1 
  51694.9946   14.780  0.004    2  1 
  51765.9974   14.637  0.004    2  1 
  51766.0012   14.643  0.004    2  1 
  51766.0048   14.650  0.004    2  1 
  51766.0266   14.654  0.005    2  1 
  51766.0301   14.663  0.005    2  1 
  51216.3144   15.321  0.004    3  1 
  51216.3408   15.328  0.005    3  1 
  51216.3634   15.330  0.005    3  1 
  51216.3905   15.352  0.005    3  1 
  51217.3019   15.068  0.004    3  1 
  51217.3494   14.484  0.003    3  1 
  51217.3710   14.345  0.003    3  1 
  51217.3906   14.358  0.003    3  1 
  51218.2854   14.890  0.004    3  1 
  51218.3156   14.971  0.004    3  1 
  51218.3347   15.001  0.004    3  1 
  51218.3653   15.066  0.004    3  1 
  51218.3848   15.101  0.004    3  1 
  51219.2918   15.314  0.004    3  1 
  51219.3100   15.328  0.005    3  1 
  51219.3296   15.339  0.004    3  1 
  51219.3536   15.380  0.004    3  1 
  51219.3723   15.407  0.005    3  1 
  51220.2720   14.625  0.003    3  1 
  51220.2946   14.418  0.003    3  1 
  51220.3117   14.345  0.003    3  1 
  51220.3299   14.360  0.003    3  1 
  51220.3473   14.417  0.003    3  1 
  51220.3643   14.480  0.003    3  1 
  51220.3816   14.547  0.003    3  1 
  51221.2763   15.025  0.003    3  1 
  51221.2964   15.055  0.004    3  1 
  51221.3145   15.086  0.004    3  1 
  51221.3318   15.126  0.004    3  1 
  51221.3496   15.159  0.004    3  1 
  51221.3673   15.188  0.004    3  1 
  51283.2546   15.464  0.004    3  1 
  51283.2783   15.513  0.004    3  1 
  51283.3008   15.517  0.004    3  1 
  51283.3322   15.416  0.004    3  1 
  51283.3553   15.121  0.003    3  1 
  51283.3773   14.748  0.003    3  1 
  51284.2134   14.463  0.003    3  1 
  51284.2375   14.543  0.003    3  1 
  51284.2581   14.627  0.003    3  1 
  51284.2875   14.729  0.003    3  1 
  51284.3124   14.810  0.003    3  1 
  51284.3383   14.890  0.003    3  1 
  51285.0451   14.805  0.003    3  1 
  51285.0691   14.870  0.003    3  1 
  51285.0932   14.925  0.003    3  1 
  51285.1257   15.002  0.003    3  1 
  51285.1514   15.047  0.003    3  1 
  51285.1754   15.094  0.003    3  1 
  51285.2060   15.158  0.004    3  1 
  51285.2321   15.216  0.004    3  1 
  51285.2586   15.282  0.004    3  1 
  51285.2928   15.312  0.004    3  1 
  51285.3257   15.328  0.004    3  1 
  51286.0393   15.323  0.003    3  1 
  51286.0670   15.305  0.004    3  1 
  51286.1302   15.337  0.004    3  1 
  51286.1833   15.439  0.004    3  1 
  51286.2193   15.508  0.004    3  1 
  51286.2434   15.504  0.004    3  1 
  51286.2655   15.427  0.004    3  1 
  51286.2958   14.983  0.003    3  1 
  51286.3291   14.617  0.003    3  1 
  51286.3521   14.415  0.002    3  1 
  51304.9838   15.101  0.003    3  1 
  51305.0251   15.164  0.004    3  1 
  51305.0718   15.256  0.004    3  1 
  51305.0961   15.301  0.004    3  1 
  51305.1465   15.333  0.005    3  1 
  51305.1755   15.342  0.005    3  1 
  51305.2054   15.370  0.006    3  1 
  51305.2345   15.423  0.005    3  1 
  51305.2666   15.463  0.005    3  1 
  51305.2880   15.502  0.005    3  1 
  51305.9773   15.418  0.004    3  1 
  51306.0428   15.528  0.005    3  1 
  51306.0809   15.435  0.004    3  1 
  51306.1087   15.088  0.003    3  1 
  51306.1330   14.706  0.003    3  1 
  51306.1578   14.487  0.003    3  1 
  51306.1875   14.358  0.002    3  1 
  51306.2101   14.396  0.002    3  1 
  51306.2308   14.483  0.002    3  1 
  51306.2771   14.651  0.002    3  1 
  51306.2972   14.727  0.003    3  1 
  51308.0025   15.248  0.003    3  1 
  51308.0294   15.288  0.003    3  1 
  51308.0600   15.304  0.003    3  1 
  51308.0919   15.297  0.003    3  1 
  51308.0958   15.304  0.003    3  1 
  51308.1244   15.321  0.004    3  1 
  51310.1057   15.063  0.002    3  1 
  51310.1100   15.079  0.002    3  1 
  51310.1132   15.072  0.003    3  1 
  51311.9792   15.127  0.005    3  1 
  51311.9983   14.755  0.003    3  1 
  51312.0087   14.695  0.003    3  1 
  51312.0350   14.448  0.003    3  1 
  51312.0550   14.355  0.002    3  1 
  51312.0672   14.367  0.002    3  1 
  51312.0870   14.403  0.002    3  1 
  51312.0988   14.448  0.003    3  1 
  51312.9828   14.935  0.003    3  1 
  51313.0063   14.982  0.003    3  1 
  51313.0300   15.035  0.003    3  1 
  51313.0562   15.084  0.003    3  1 
  51313.1113   15.185  0.003    3  1 
  51313.9807   15.331  0.004    3  1 
  51314.0143   15.345  0.004    3  1 
  51314.0397   15.395  0.004    3  1 
  51314.1124   15.529  0.005    3  1 
  51314.9752   14.401  0.002    3  1 
  51315.0102   14.368  0.002    3  1 
  51315.0336   14.442  0.002    3  1 
  51315.0747   14.593  0.003    3  1 
  51315.0982   14.680  0.003    3  1 
  51315.1216   14.761  0.003    3  1 
  51316.0399   15.166  0.003    3  1 
  51316.0634   15.237  0.004    3  1 
  51316.0869   15.268  0.004    3  1 
  51316.1115   15.298  0.004    3  1 
  51316.9740   15.389  0.004    3  1 
  51317.0052   15.500  0.005    3  1 
  51317.0566   15.525  0.005    3  1 
  51317.0822   15.478  0.005    3  1 
  51317.1075   15.260  0.004    3  1 
  51317.9847   14.483  0.003    3  1 
  51318.0099   14.573  0.003    3  1 
  51318.0374   14.663  0.004    3  1 
  51318.0942   14.860  0.008    3  1 
  51318.1226   14.952  0.005    3  1 
  51318.9772   15.190  0.004    3  1 
  51319.0019   15.239  0.004    3  1 
  51319.0274   15.283  0.004    3  1 
  51319.0757   15.312  0.004    3  1 
  51319.0997   15.310  0.004    3  1 
  51320.1000   14.519  0.002    3  1 
  51320.1208   14.374  0.002    3  1 
  51320.1417   14.353  0.002    3  1 
  51320.9728   14.687  0.003    3  1 
  51320.9965   14.785  0.002    3  1 
  51321.0180   14.841  0.002    3  1 
  51321.0400   14.891  0.003    3  1 
  51321.0624   14.955  0.003    3  1 
  51321.0930   15.017  0.003    3  1 
  51321.1217   15.066  0.003    3  1 
  51380.9937   14.730  0.003    3  1 
  51381.9793   14.949  0.003    3  1 
  51382.9755   15.389  0.006    3  1 
  51383.9715   14.372  0.002    3  1 
  51385.9679   15.388  0.004    3  1 
  51386.9917   14.557  0.003    3  1 
  51388.9755   15.558  0.006    3  1 
  51389.9750   14.719  0.003    3  1 
  51693.9923   15.100  0.003    3  1 
  51695.0052   15.447  0.004    3  1 
 56468.97641   13.112  0.020   -1  1 
 56469.04707   12.920  0.017   -1  1 
 56469.10896   13.210  0.018   -1  1 
 56469.17285   13.096  0.012   -1  1 
 56471.00364   13.017  0.013   -1  1 
 56471.06640   13.025  0.013   -1  1 
 56471.12490   13.014  0.009   -1  1 
 56471.18188   12.968  0.012   -1  1 
 56471.96759   12.915  0.021   -1  1 
 56472.03374   13.043  0.008   -1  1 
 56472.09484   12.921  0.010   -1  1 
 56472.15243   13.008  0.007   -1  1 
 56468.95296   12.797  0.018   -2  1 
 56469.02441   12.883  0.011   -2  1 
 56469.08813   12.910  0.009   -2  1 
 56469.15134   12.920  0.008   -2  1 
 56471.02588   13.013  0.012   -2  1 
 56471.08671   12.895  0.008   -2  1 
 56471.14302   12.809  0.006   -2  1 
 56471.94704   12.896  0.015   -2  1 
 56472.01085   13.015  0.019   -2  1 
 56472.07480   12.938  0.009   -2  1 
 56472.13240   12.935  0.008   -2  1 
 56472.19216   13.007  0.020   -2  1 
 56469.00041   13.304  0.011   -5  1 
 56469.06767   13.259  0.004   -5  1 
 56469.13003   13.345  0.014   -5  1 
 56469.19349   13.343  0.012   -5  1 
 56470.98130   13.251  0.005   -5  1 
 56471.04693   13.197  0.008   -5  1 
 56471.10523   13.194  0.004   -5  1 
 56471.16397   13.217  0.033   -5  1 
 56471.98857   13.254  0.007   -5  1 
 56472.05430   13.236  0.009   -5  1 
 56472.11383   13.322  0.005   -5  1 
 56472.17109   13.369  0.020   -5  1 
