 56468.97641   13.256  0.018   -1  1 
 56469.04707   13.485  0.017   -1  1 
 56469.10896   13.521  0.031   -1  1 
 56469.17285   13.254  0.007   -1  1 
 56471.00364   13.303  0.015   -1  1 
 56471.06640   13.237  0.008   -1  1 
 56471.12490   13.318  0.012   -1  1 
 56471.18188   13.447  0.020   -1  1 
 56471.96759   13.436  0.037   -1  1 
 56472.03374   13.528  0.017   -1  1 
 56472.09484   13.360  0.008   -1  1 
 56472.15243   13.379  0.013   -1  1 
 56468.95296   13.314  0.024   -2  1 
 56469.02441   13.333  0.012   -2  1 
 56469.08813   13.271  0.014   -2  1 
 56469.15134   13.268  0.011   -2  1 
 56471.02588   13.279  0.013   -2  1 
 56471.08671   13.245  0.016   -2  1 
 56471.14302   13.250  0.007   -2  1 
 56471.94704   13.256  0.010   -2  1 
 56472.01085   13.430  0.018   -2  1 
 56472.07480   13.568  0.023   -2  1 
 56472.13240   13.265  0.004   -2  1 
 56472.19216   13.244  0.005   -2  1 
 56469.00041   13.668  0.012   -5  1 
 56469.06767   13.527  0.009   -5  1 
 56469.13003   13.524  0.006   -5  1 
 56469.19349   13.484  0.006   -5  1 
 56470.98130   13.495  0.006   -5  1 
 56471.04693   13.461  0.004   -5  1 
 56471.10523   13.468  0.005   -5  1 
 56471.16397   13.510  0.008   -5  1 
 56471.98857   13.598  0.005   -5  1 
 56472.05430   13.627  0.008   -5  1 
 56472.11383   13.551  0.009   -5  1 
 56472.17109   13.510  0.004   -5  1 
