  51216.3218   14.794  0.005    2  1 
  51216.3464   14.411  0.004    2  1 
  51216.3689   14.192  0.004    2  1 
  51216.3980   13.957  0.004    2  1 
  51217.3101   14.520  0.005    2  1 
  51217.3328   14.559  0.004    2  1 
  51217.3552   14.599  0.004    2  1 
  51217.3759   14.618  0.004    2  1 
  51217.3953   14.638  0.005    2  1 
  51218.2773   14.801  0.005    2  1 
  51218.3093   14.850  0.005    2  1 
  51218.3298   14.886  0.005    2  1 
  51218.3573   14.902  0.005    2  1 
  51218.3794   14.816  0.005    2  1 
  51219.3336   14.461  0.004    2  1 
  51219.3596   14.510  0.004    2  1 
  51219.3768   14.534  0.004    2  1 
  51220.2621   14.744  0.005    2  1 
  51220.2906   14.736  0.004    2  1 
  51220.3077   14.750  0.005    2  1 
  51220.3257   14.771  0.005    2  1 
  51220.3432   14.800  0.005    2  1 
  51220.3602   14.833  0.005    2  1 
  51220.3776   14.865  0.005    2  1 
  51221.2835   14.188  0.004    2  1 
  51221.3009   14.236  0.004    2  1 
  51221.3188   14.286  0.004    2  1 
  51221.3358   14.327  0.004    2  1 
  51221.3538   14.372  0.004    2  1 
  51221.3722   14.415  0.004    2  1 
  51283.2451   14.510  0.004    2  1 
  51283.2493   14.518  0.004    2  1 
  51283.2714   14.545  0.004    2  1 
  51283.2748   14.557  0.004    2  1 
  51283.2939   14.580  0.004    2  1 
  51283.2972   14.584  0.004    2  1 
  51283.3202   14.616  0.004    2  1 
  51283.3234   14.614  0.004    2  1 
  51283.3487   14.645  0.004    2  1 
  51283.3518   14.646  0.004    2  1 
  51283.3707   14.668  0.004    2  1 
  51283.3738   14.680  0.004    2  1 
  51284.2195   14.787  0.004    2  1 
  51284.2229   14.789  0.004    2  1 
  51284.2413   14.827  0.004    2  1 
  51284.2443   14.836  0.004    2  1 
  51284.2617   14.860  0.004    2  1 
  51284.2648   14.863  0.004    2  1 
  51284.2942   14.907  0.005    2  1 
  51284.2973   14.903  0.005    2  1 
  51284.3168   14.885  0.005    2  1 
  51284.3211   14.865  0.005    2  1 
  51284.3428   14.665  0.005    2  1 
  51284.3464   14.601  0.004    2  1 
  51285.0513   14.324  0.003    2  1 
  51285.0543   14.298  0.003    2  1 
  51285.0739   14.092  0.003    2  1 
  51285.0778   14.056  0.003    2  1 
  51285.0975   13.977  0.003    2  1 
  51285.1006   13.959  0.003    2  1 
  51285.1324   14.063  0.003    2  1 
  51285.1360   14.086  0.003    2  1 
  51285.1558   14.166  0.003    2  1 
  51285.1588   14.161  0.003    2  1 
  51285.1796   14.215  0.003    2  1 
  51285.1830   14.240  0.003    2  1 
  51285.2125   14.307  0.003    2  1 
  51285.2157   14.313  0.003    2  1 
  51285.2362   14.360  0.004    2  1 
  51285.2426   14.377  0.004    2  1 
  51285.2630   14.417  0.004    2  1 
  51285.2666   14.438  0.004    2  1 
  51285.2998   14.499  0.004    2  1 
  51285.3033   14.509  0.004    2  1 
  51285.3308   14.549  0.004    2  1 
  51285.3348   14.556  0.004    2  1 
  51285.3382   14.562  0.004    2  1 
  51286.0461   14.585  0.004    2  1 
  51286.0493   14.590  0.003    2  1 
  51286.0716   14.620  0.004    2  1 
  51286.0753   14.623  0.004    2  1 
  51286.1026   14.653  0.004    2  1 
  51286.1061   14.660  0.004    2  1 
  51286.1365   14.692  0.004    2  1 
  51286.1398   14.697  0.004    2  1 
  51286.1608   14.720  0.004    2  1 
  51286.1639   14.724  0.004    2  1 
  51286.1669   14.731  0.004    2  1 
  51286.1875   14.742  0.004    2  1 
  51286.1908   14.746  0.004    2  1 
  51286.2255   14.743  0.004    2  1 
  51286.2285   14.741  0.004    2  1 
  51286.2476   14.748  0.004    2  1 
  51286.2508   14.744  0.004    2  1 
  51286.2697   14.768  0.004    2  1 
  51286.2727   14.775  0.004    2  1 
  51286.3022   14.820  0.004    2  1 
  51286.3055   14.833  0.004    2  1 
  51286.3218   14.854  0.004    2  1 
  51286.3250   14.864  0.004    2  1 
  51286.3450   14.899  0.004    2  1 
  51286.3481   14.901  0.005    2  1 
  51304.9873   14.175  0.003    2  1 
  51304.9926   14.130  0.003    2  1 
  51305.0328   14.006  0.003    2  1 
  51305.0362   14.018  0.003    2  1 
  51305.0559   14.087  0.003    2  1 
  51305.0599   14.093  0.004    2  1 
  51305.0890   14.182  0.003    2  1 
  51305.0922   14.187  0.003    2  1 
  51305.1235   14.271  0.004    2  1 
  51305.1269   14.263  0.004    2  1 
  51305.1509   14.333  0.004    2  1 
  51305.1547   14.344  0.004    2  1 
  51305.1853   14.419  0.004    2  1 
  51305.1885   14.426  0.004    2  1 
  51305.2098   14.462  0.004    2  1 
  51305.2128   14.479  0.004    2  1 
  51305.2431   14.530  0.004    2  1 
  51305.2461   14.536  0.004    2  1 
  51305.2704   14.568  0.004    2  1 
  51305.2734   14.571  0.004    2  1 
  51305.2966   14.604  0.004    2  1 
  51305.2995   14.615  0.004    2  1 
  51305.9857   14.606  0.003    2  1 
  51305.9885   14.608  0.003    2  1 
  51305.9912   14.615  0.003    2  1 
  51306.0256   14.646  0.003    2  1 
  51306.0285   14.653  0.003    2  1 
  51306.0465   14.675  0.004    2  1 
  51306.0498   14.673  0.004    2  1 
  51306.0896   14.734  0.004    2  1 
  51306.0930   14.738  0.004    2  1 
  51306.1123   14.745  0.004    2  1 
  51306.1151   14.746  0.004    2  1 
  51306.1375   14.744  0.004    2  1 
  51306.1405   14.747  0.004    2  1 
  51306.1636   14.745  0.004    2  1 
  51306.1673   14.744  0.004    2  1 
  51306.1937   14.773  0.004    2  1 
  51306.1966   14.786  0.004    2  1 
  51306.2146   14.810  0.004    2  1 
  51306.2178   14.810  0.004    2  1 
  51306.2343   14.841  0.004    2  1 
  51306.2380   14.850  0.004    2  1 
  51306.2574   14.879  0.003    2  1 
  51306.2602   14.885  0.003    2  1 
  51306.2805   14.899  0.003    2  1 
  51306.2835   14.907  0.003    2  1 
  51306.3009   14.865  0.004    2  1 
  51306.3038   14.866  0.004    2  1 
  51306.3135   14.798  0.004    2  1 
  51306.3184   14.750  0.005    2  1 
  51307.0456   14.207  0.004    2  1 
  51307.0501   14.134  0.004    2  1 
  51307.0593   14.045  0.003    2  1 
  51307.0645   13.944  0.003    2  1 
  51307.0747   13.906  0.004    2  1 
  51308.0084   14.559  0.003    2  1 
  51308.0112   14.568  0.003    2  1 
  51308.0334   14.584  0.003    2  1 
  51308.0362   14.595  0.003    2  1 
  51308.0394   14.598  0.003    2  1 
  51308.0633   14.623  0.003    2  1 
  51308.0663   14.628  0.003    2  1 
  51308.0995   14.674  0.003    2  1 
  51308.1031   14.676  0.003    2  1 
  51308.1280   14.703  0.004    2  1 
  51308.1309   14.711  0.004    2  1 
  51310.0850   14.586  0.003    2  1 
  51310.0874   14.584  0.002    2  1 
  51310.0897   14.585  0.002    2  1 
  51310.0922   14.586  0.003    2  1 
  51310.1430   14.650  0.003    2  1 
  51310.1458   14.651  0.003    2  1 
  51310.1486   14.654  0.004    2  1 
  51311.0244   14.848  0.007    2  1 
  51311.0302   14.840  0.006    2  1 
  51311.0334   14.844  0.006    2  1 
  51311.0506   14.867  0.003    2  1 
  51311.0539   14.885  0.003    2  1 
  51311.0637   14.893  0.004    2  1 
  51311.0669   14.897  0.005    2  1 
  51311.0702   14.905  0.004    2  1 
  51311.0907   14.910  0.005    2  1 
  51311.0946   14.914  0.005    2  1 
  51311.0980   14.902  0.004    2  1 
  51311.1015   14.901  0.005    2  1 
  51311.1071   14.884  0.005    2  1 
  51311.1298   14.723  0.005    2  1 
  51311.1327   14.687  0.004    2  1 
  51311.1357   14.643  0.005    2  1 
  51311.1398   14.568  0.004    2  1 
  51311.1447   14.444  0.004    2  1 
  51311.9726   14.205  0.004    2  1 
  51311.9755   14.212  0.004    2  1 
  51312.0020   14.299  0.003    2  1 
  51312.0049   14.298  0.004    2  1 
  51312.0255   14.359  0.003    2  1 
  51312.0284   14.369  0.003    2  1 
  51312.0314   14.377  0.003    2  1 
  51312.0584   14.433  0.003    2  1 
  51312.0611   14.439  0.003    2  1 
  51312.0638   14.446  0.003    2  1 
  51312.0903   14.499  0.003    2  1 
  51312.0929   14.508  0.003    2  1 
  51312.0955   14.506  0.003    2  1 
  51312.1146   14.534  0.003    2  1 
  51312.1173   14.540  0.003    2  1 
  51312.1200   14.546  0.003    2  1 
  51312.9860   14.743  0.003    2  1 
  51312.9887   14.747  0.003    2  1 
  51312.9913   14.746  0.003    2  1 
  51313.0096   14.739  0.004    2  1 
  51313.0123   14.735  0.004    2  1 
  51313.0149   14.735  0.003    2  1 
  51313.0333   14.741  0.004    2  1 
  51313.0360   14.747  0.004    2  1 
  51313.0386   14.747  0.004    2  1 
  51313.0413   14.750  0.004    2  1 
  51313.0595   14.772  0.003    2  1 
  51313.0622   14.770  0.004    2  1 
  51313.0648   14.770  0.004    2  1 
  51313.0911   14.815  0.004    2  1 
  51313.0937   14.827  0.004    2  1 
  51313.0964   14.826  0.004    2  1 
  51313.1146   14.860  0.004    2  1 
  51313.1172   14.864  0.004    2  1 
  51313.1199   14.865  0.004    2  1 
  51313.1226   14.873  0.004    2  1 
  51313.9843   14.070  0.003    2  1 
  51313.9872   14.078  0.003    2  1 
  51313.9901   14.084  0.003    2  1 
  51314.0178   14.159  0.003    2  1 
  51314.0207   14.179  0.003    2  1 
  51314.0236   14.192  0.003    2  1 
  51314.0432   14.240  0.003    2  1 
  51314.0461   14.252  0.003    2  1 
  51314.0490   14.259  0.003    2  1 
  51314.0772   14.333  0.003    2  1 
  51314.0802   14.340  0.003    2  1 
  51314.0831   14.355  0.003    2  1 
  51314.1030   14.392  0.004    2  1 
  51314.1059   14.391  0.004    2  1 
  51314.1088   14.405  0.004    2  1 
  51314.1289   14.453  0.004    2  1 
  51314.1333   14.464  0.004    2  1 
  51314.1363   14.467  0.004    2  1 
  51314.9827   14.677  0.004    2  1 
  51314.9856   14.691  0.004    2  1 
  51314.9885   14.688  0.004    2  1 
  51315.0015   14.709  0.004    2  1 
  51315.0043   14.711  0.004    2  1 
  51315.0069   14.721  0.004    2  1 
  51315.0251   14.735  0.004    2  1 
  51315.0277   14.737  0.004    2  1 
  51315.0304   14.738  0.003    2  1 
  51315.0489   14.742  0.004    2  1 
  51315.0516   14.741  0.004    2  1 
  51315.0542   14.744  0.003    2  1 
  51315.0780   14.739  0.004    2  1 
  51315.0807   14.738  0.004    2  1 
  51315.0833   14.738  0.004    2  1 
  51315.1015   14.750  0.004    2  1 
  51315.1041   14.756  0.004    2  1 
  51315.1068   14.756  0.004    2  1 
  51315.1290   14.785  0.005    2  1 
  51315.1319   14.792  0.005    2  1 
  51316.0194   14.001  0.003    2  1 
  51316.0221   14.008  0.003    2  1 
  51316.0247   14.025  0.002    2  1 
  51316.0431   14.069  0.003    2  1 
  51316.0458   14.078  0.003    2  1 
  51316.0485   14.079  0.003    2  1 
  51316.0667   14.124  0.003    2  1 
  51316.0693   14.139  0.003    2  1 
  51316.0720   14.160  0.003    2  1 
  51316.0905   14.208  0.003    2  1 
  51316.0934   14.221  0.003    2  1 
  51316.0963   14.232  0.003    2  1 
  51316.1148   14.281  0.003    2  1 
  51316.1175   14.291  0.003    2  1 
  51316.1201   14.293  0.003    2  1 
  51316.9647   14.591  0.004    2  1 
  51316.9676   14.597  0.004    2  1 
  51316.9705   14.604  0.004    2  1 
  51316.9896   14.623  0.004    2  1 
  51316.9923   14.626  0.004    2  1 
  51316.9949   14.627  0.003    2  1 
  51317.0088   14.644  0.004    2  1 
  51317.0117   14.643  0.004    2  1 
  51317.0321   14.671  0.005    2  1 
  51317.0351   14.674  0.004    2  1 
  51317.0391   14.672  0.004    2  1 
  51317.0602   14.709  0.004    2  1 
  51317.0631   14.711  0.004    2  1 
  51317.0660   14.714  0.004    2  1 
  51317.0858   14.741  0.004    2  1 
  51317.0887   14.742  0.005    2  1 
  51317.0916   14.739  0.004    2  1 
  51317.1111   14.747  0.004    2  1 
  51317.1140   14.756  0.005    2  1 
  51317.1169   14.750  0.005    2  1 
  51317.9628   14.916  0.005    2  1 
  51317.9657   14.943  0.006    2  1 
  51317.9685   14.923  0.006    2  1 
  51317.9883   14.839  0.005    2  1 
  51317.9912   14.810  0.005    2  1 
  51317.9941   14.772  0.004    2  1 
  51318.0135   14.467  0.004    2  1 
  51318.0164   14.394  0.004    2  1 
  51318.0194   14.348  0.004    2  1 
  51318.0413   14.146  0.004    2  1 
  51318.0445   14.094  0.004    2  1 
  51318.0477   14.084  0.004    2  1 
  51318.0697   13.968  0.003    2  1 
  51318.0730   13.935  0.004    2  1 
  51318.0762   13.947  0.004    2  1 
  51318.0981   13.987  0.004    2  1 
  51318.1014   14.027  0.004    2  1 
  51318.1046   13.998  0.004    2  1 
  51318.1265   14.085  0.004    2  1 
  51318.1298   14.097  0.004    2  1 
  51318.9642   14.507  0.003    2  1 
  51318.9680   14.512  0.004    2  1 
  51318.9708   14.523  0.004    2  1 
  51318.9737   14.517  0.004    2  1 
  51318.9929   14.550  0.004    2  1 
  51318.9956   14.552  0.004    2  1 
  51318.9983   14.560  0.004    2  1 
  51319.0180   14.578  0.004    2  1 
  51319.0209   14.590  0.004    2  1 
  51319.0238   14.592  0.004    2  1 
  51319.0443   14.615  0.004    2  1 
  51319.0474   14.616  0.004    2  1 
  51319.0505   14.624  0.004    2  1 
  51319.0793   14.652  0.004    2  1 
  51319.0820   14.663  0.003    2  1 
  51319.0847   14.663  0.003    2  1 
  51319.1030   14.687  0.004    2  1 
  51319.1084   14.698  0.004    2  1 
  51319.1110   14.698  0.004    2  1 
  51320.1030   14.165  0.002    2  1 
  51320.1053   14.143  0.002    2  1 
  51320.1076   14.116  0.002    2  1 
  51320.1238   14.003  0.002    2  1 
  51320.1261   13.996  0.002    2  1 
  51320.1284   14.001  0.002    2  1 
  51320.1450   14.004  0.003    2  1 
  51320.1477   14.017  0.003    2  1 
  51320.1503   14.018  0.003    2  1 
  51320.9635   14.379  0.003    2  1 
  51320.9664   14.384  0.004    2  1 
  51320.9693   14.395  0.003    2  1 
  51320.9887   14.438  0.003    2  1 
  51320.9911   14.437  0.003    2  1 
  51320.9936   14.449  0.003    2  1 
  51321.0102   14.475  0.003    2  1 
  51321.0126   14.488  0.003    2  1 
  51321.0150   14.487  0.003    2  1 
  51321.0318   14.523  0.003    2  1 
  51321.0344   14.521  0.003    2  1 
  51321.0369   14.523  0.003    2  1 
  51321.0543   14.551  0.003    2  1 
  51321.0568   14.555  0.003    2  1 
  51321.0594   14.561  0.003    2  1 
  51321.0847   14.591  0.003    2  1 
  51321.0873   14.601  0.003    2  1 
  51321.0898   14.602  0.003    2  1 
  51321.1133   14.626  0.003    2  1 
  51321.1159   14.629  0.003    2  1 
  51321.1186   14.634  0.003    2  1 
  51321.1339   14.652  0.003    2  1 
  51321.1365   14.654  0.004    2  1 
  51332.9696   14.762  0.006    2  1 
  51332.9739   14.758  0.006    2  1 
  51332.9891   14.772  0.005    2  1 
  51332.9928   14.790  0.006    2  1 
  51332.9965   14.796  0.006    2  1 
  51333.0083   14.803  0.005    2  1 
  51333.0120   14.814  0.005    2  1 
  51333.0226   14.839  0.005    2  1 
  51333.0264   14.840  0.005    2  1 
  51333.0514   14.883  0.006    2  1 
  51333.0552   14.895  0.007    2  1 
  51333.0742   14.898  0.006    2  1 
  51333.0779   14.903  0.006    2  1 
  51333.0907   14.865  0.005    2  1 
  51333.0945   14.853  0.005    2  1 
  51333.1178   14.645  0.005    2  1 
  51333.1221   14.573  0.005    2  1 
  51333.1335   14.336  0.005    2  1 
  51333.1369   14.308  0.005    2  1 
  51333.1529   14.173  0.004    2  1 
  51333.1565   14.126  0.004    2  1 
  51333.1716   14.009  0.004    2  1 
  51333.1752   13.988  0.004    2  1 
  51334.9841   14.739  0.004    2  1 
  51334.9871   14.745  0.004    2  1 
  51335.0175   14.748  0.004    2  1 
  51335.0204   14.744  0.004    2  1 
  51335.0301   14.748  0.004    2  1 
  51335.0334   14.752  0.004    2  1 
  51335.0517   14.780  0.005    2  1 
  51335.0552   14.783  0.005    2  1 
  51335.0692   14.807  0.005    2  1 
  51335.0727   14.810  0.005    2  1 
  51335.0833   14.840  0.005    2  1 
  51335.0867   14.840  0.005    2  1 
  51335.1133   14.894  0.005    2  1 
  51335.1167   14.891  0.005    2  1 
  51335.9535   14.014  0.004    2  1 
  51335.9726   14.079  0.004    2  1 
  51335.9768   14.099  0.003    2  1 
  51335.9997   14.175  0.003    2  1 
  51336.0027   14.180  0.003    2  1 
  51336.0203   14.233  0.003    2  1 
  51336.0236   14.237  0.003    2  1 
  51336.0357   14.272  0.004    2  1 
  51336.0388   14.281  0.004    2  1 
  51336.0593   14.331  0.004    2  1 
  51336.0629   14.338  0.004    2  1 
  51336.0769   14.379  0.004    2  1 
  51336.0803   14.379  0.004    2  1 
  51336.1025   14.436  0.004    2  1 
  51336.1059   14.441  0.004    2  1 
  51336.1206   14.463  0.005    2  1 
  51336.1240   14.476  0.004    2  1 
  51337.0101   14.759  0.005    2  1 
  51337.9904   13.968  0.004    2  1 
  51337.9940   13.967  0.004    2  1 
  51338.0162   14.018  0.004    2  1 
  51338.0196   14.025  0.004    2  1 
  51338.0339   14.072  0.004    2  1 
  51338.0376   14.078  0.004    2  1 
  51338.9901   14.640  0.004    2  1 
  51338.9938   14.646  0.004    2  1 
  51339.0226   14.683  0.005    2  1 
  51339.0269   14.685  0.005    2  1 
  51339.0867   14.771  0.007    2  1 
  51339.0905   14.760  0.006    2  1 
  51339.1139   14.745  0.005    2  1 
  51339.1177   14.746  0.005    2  1 
  51339.1448   14.745  0.005    2  1 
  51339.1482   14.751  0.005    2  1 
  51339.9766   14.778  0.004    2  1 
  51339.9795   14.744  0.004    2  1 
  51340.0044   14.347  0.003    2  1 
  51340.0078   14.320  0.003    2  1 
  51340.0274   14.121  0.003    2  1 
  51340.0306   14.094  0.003    2  1 
  51340.0540   13.985  0.003    2  1 
  51340.0572   13.988  0.003    2  1 
  51340.0857   14.051  0.004    2  1 
  51340.0892   14.068  0.004    2  1 
  51340.1152   14.149  0.004    2  1 
  51340.1197   14.166  0.004    2  1 
  51340.1229   14.173  0.004    2  1 
  51340.1263   14.184  0.004    2  1 
  51340.1404   14.222  0.004    2  1 
  51340.1437   14.230  0.004    2  1 
  51344.9924   14.342  0.003    2  1 
  51344.9958   14.352  0.003    2  1 
  51344.9988   14.356  0.003    2  1 
  51345.0216   14.402  0.004    2  1 
  51345.0255   14.411  0.004    2  1 
  51345.0302   14.428  0.004    2  1 
  51345.0553   14.469  0.004    2  1 
  51345.0603   14.484  0.004    2  1 
  51345.9856   14.745  0.005    2  1 
  51345.9896   14.742  0.005    2  1 
  51346.0219   14.756  0.005    2  1 
  51346.0264   14.757  0.005    2  1 
  51346.0486   14.792  0.005    2  1 
  51346.0523   14.791  0.005    2  1 
  51346.0791   14.840  0.005    2  1 
  51346.0826   14.845  0.004    2  1 
  51347.0416   14.304  0.004    2  1 
  51347.0453   14.325  0.003    2  1 
  51347.0743   14.390  0.003    2  1 
  51347.0777   14.401  0.003    2  1 
  51347.0990   14.443  0.003    2  1 
  51347.1022   14.453  0.003    2  1 
  51347.9769   14.711  0.004    2  1 
  51347.9802   14.711  0.004    2  1 
  51347.9834   14.717  0.004    2  1 
  51347.9983   14.735  0.004    2  1 
  51348.0028   14.742  0.004    2  1 
  51348.0063   14.741  0.004    2  1 
  51348.0242   14.751  0.004    2  1 
  51348.0274   14.757  0.005    2  1 
  51348.0943   14.773  0.006    2  1 
  51348.0983   14.787  0.006    2  1 
  51348.1018   14.783  0.006    2  1 
  51348.9650   14.062  0.003    2  1 
  51348.9682   14.051  0.003    2  1 
  51348.9853   13.992  0.003    2  1 
  51348.9883   13.989  0.003    2  1 
  51348.9912   13.995  0.003    2  1 
  51349.0316   14.105  0.003    2  1 
  51349.0346   14.115  0.003    2  1 
  51349.9815   14.642  0.004    2  1 
  51349.9851   14.641  0.004    2  1 
  51349.9973   14.661  0.004    2  1 
  51350.0033   14.669  0.005    2  1 
  51350.0066   14.671  0.004    2  1 
  51350.0164   14.681  0.004    2  1 
  51350.0197   14.688  0.004    2  1 
  51350.0296   14.712  0.004    2  1 
  51380.9973   14.747  0.004    2  1 
  51381.0004   14.749  0.004    2  1 
  51381.0031   14.747  0.004    2  1 
  51381.0187   14.743  0.004    2  1 
  51381.0214   14.745  0.004    2  1 
  51381.0242   14.747  0.004    2  1 
  51381.9830   14.030  0.003    2  1 
  51381.9859   14.036  0.003    2  1 
  51381.9888   14.042  0.003    2  1 
  51382.0000   14.101  0.003    2  1 
  51382.0029   14.109  0.003    2  1 
  51382.9793   14.676  0.005    2  1 
  51382.9826   14.675  0.004    2  1 
  51382.9857   14.688  0.004    2  1 
  51382.9965   14.692  0.004    2  1 
  51382.9995   14.694  0.005    2  1 
  51383.9746   14.312  0.003    2  1 
  51383.9773   14.292  0.003    2  1 
  51383.9799   14.266  0.003    2  1 
  51383.9899   14.153  0.003    2  1 
  51383.9926   14.138  0.003    2  1 
  51384.9751   14.605  0.003    2  1 
  51384.9777   14.603  0.003    2  1 
  51384.9802   14.607  0.003    2  1 
  51384.9896   14.617  0.003    2  1 
  51384.9921   14.615  0.003    2  1 
  51385.9711   14.897  0.004    2  1 
  51385.9737   14.898  0.004    2  1 
  51385.9763   14.892  0.004    2  1 
  51385.9857   14.877  0.004    2  1 
  51385.9884   14.866  0.004    2  1 
  51386.9965   14.547  0.004    2  1 
  51387.0003   14.547  0.004    2  1 
  51387.0041   14.541  0.004    2  1 
  51387.0216   14.576  0.004    2  1 
  51387.0254   14.579  0.004    2  1 
  51387.0293   14.576  0.004    2  1 
  51388.9801   14.390  0.004    2  1 
  51388.9834   14.393  0.004    2  1 
  51388.9866   14.403  0.004    2  1 
  51388.9984   14.425  0.005    2  1 
  51389.0017   14.444  0.005    2  1 
  51389.9783   14.754  0.004    2  1 
  51389.9809   14.753  0.004    2  1 
  51389.9836   14.752  0.004    2  1 
  51390.9729   14.233  0.003    2  1 
  51390.9756   14.246  0.003    2  1 
  51390.9783   14.258  0.003    2  1 
  51391.9728   14.740  0.003    2  1 
  51391.9754   14.746  0.003    2  1 
  51391.9779   14.745  0.003    2  1 
  51671.0871   14.813  0.005    2  1 
  51671.0917   14.772  0.005    2  1 
  51671.0952   14.742  0.004    2  1 
  51671.1189   14.343  0.004    2  1 
  51671.1232   14.312  0.004    2  1 
  51671.9996   14.376  0.003    2  1 
  51672.0039   14.390  0.003    2  1 
  51672.0350   14.448  0.003    2  1 
  51672.0382   14.459  0.003    2  1 
  51673.0232   14.758  0.003    2  1 
  51674.0574   14.356  0.005    2  1 
  51674.0620   14.364  0.005    2  1 
  51674.0938   14.446  0.005    2  1 
  51674.0985   14.456  0.005    2  1 
  51674.1159   14.487  0.005    2  1 
  51674.1223   14.500  0.004    2  1 
  51674.9763   14.721  0.005    2  1 
  51674.9824   14.731  0.005    2  1 
  51675.0212   14.738  0.005    2  1 
  51676.0163   14.076  0.003    2  1 
  51692.9816   14.814  0.004    2  1 
  51692.9854   14.825  0.004    2  1 
  51693.9780   14.363  0.003    2  1 
  51693.9814   14.371  0.003    2  1 
  51694.9914   14.747  0.004    2  1 
  51694.9946   14.747  0.004    2  1 
  51765.9974   14.044  0.003    2  1 
  51766.0012   14.044  0.003    2  1 
  51766.0048   14.059  0.003    2  1 
  51766.0266   14.128  0.004    2  1 
  51766.0301   14.130  0.004    2  1 
  51216.3144   15.451  0.004    3  1 
  51216.3408   15.032  0.004    3  1 
  51216.3634   14.605  0.003    3  1 
  51216.3905   14.262  0.003    3  1 
  51217.3019   15.026  0.004    3  1 
  51217.3494   15.122  0.004    3  1 
  51217.3710   15.168  0.004    3  1 
  51217.3906   15.199  0.004    3  1 
  51218.2854   15.433  0.005    3  1 
  51218.3156   15.508  0.005    3  1 
  51218.3347   15.555  0.005    3  1 
  51218.3653   15.521  0.005    3  1 
  51218.3848   15.346  0.004    3  1 
  51219.2918   14.801  0.003    3  1 
  51219.3100   14.860  0.003    3  1 
  51219.3296   14.926  0.003    3  1 
  51219.3536   15.002  0.004    3  1 
  51219.3723   15.050  0.004    3  1 
  51220.2720   15.346  0.004    3  1 
  51220.2946   15.340  0.004    3  1 
  51220.3117   15.363  0.004    3  1 
  51220.3299   15.385  0.004    3  1 
  51220.3473   15.425  0.004    3  1 
  51220.3643   15.468  0.005    3  1 
  51220.3816   15.508  0.005    3  1 
  51221.2763   14.482  0.003    3  1 
  51221.2964   14.570  0.003    3  1 
  51221.3145   14.641  0.003    3  1 
  51221.3318   14.712  0.003    3  1 
  51221.3496   14.778  0.003    3  1 
  51221.3673   14.853  0.003    3  1 
  51283.2546   15.031  0.003    3  1 
  51283.2783   15.096  0.003    3  1 
  51283.3008   15.141  0.003    3  1 
  51283.3322   15.209  0.003    3  1 
  51283.3553   15.251  0.003    3  1 
  51283.3773   15.296  0.003    3  1 
  51284.2134   15.381  0.004    3  1 
  51284.2375   15.432  0.004    3  1 
  51284.2581   15.475  0.004    3  1 
  51284.2875   15.537  0.004    3  1 
  51284.3124   15.513  0.004    3  1 
  51284.3383   15.278  0.004    3  1 
  51285.0451   14.760  0.003    3  1 
  51285.0691   14.451  0.002    3  1 
  51285.0932   14.231  0.002    3  1 
  51285.1257   14.304  0.002    3  1 
  51285.1514   14.420  0.002    3  1 
  51285.1754   14.530  0.002    3  1 
  51285.2060   14.663  0.003    3  1 
  51285.2321   14.773  0.003    3  1 
  51285.2586   14.872  0.003    3  1 
  51285.2928   14.979  0.003    3  1 
  51285.3257   15.067  0.003    3  1 
  51286.0393   15.110  0.003    3  1 
  51286.0670   15.170  0.003    3  1 
  51286.0977   15.233  0.003    3  1 
  51286.1302   15.255  0.003    3  1 
  51286.1560   15.279  0.003    3  1 
  51286.1833   15.358  0.003    3  1 
  51286.2193   15.340  0.004    3  1 
  51286.2434   15.338  0.004    3  1 
  51286.2655   15.374  0.004    3  1 
  51286.2958   15.423  0.004    3  1 
  51286.3291   15.517  0.004    3  1 
  51286.3521   15.561  0.004    3  1 
  51304.9838   14.554  0.002    3  1 
  51305.0251   14.232  0.003    3  1 
  51305.0718   14.421  0.003    3  1 
  51305.0961   14.524  0.003    3  1 
  51305.1465   14.734  0.004    3  1 
  51305.1755   14.845  0.003    3  1 
  51305.2054   14.940  0.004    3  1 
  51305.2345   15.037  0.004    3  1 
  51305.2666   15.123  0.004    3  1 
  51305.2880   15.167  0.004    3  1 
  51305.9773   15.149  0.003    3  1 
  51306.0428   15.249  0.004    3  1 
  51306.0809   15.322  0.004    3  1 
  51306.1330   15.349  0.004    3  1 
  51306.1875   15.357  0.004    3  1 
  51306.2101   15.409  0.004    3  1 
  51306.2308   15.466  0.004    3  1 
  51306.2771   15.558  0.004    3  1 
  51306.2972   15.541  0.004    3  1 
  51308.0025   15.071  0.003    3  1 
  51308.0600   15.180  0.003    3  1 
  51308.0919   15.188  0.003    3  1 
  51308.0958   15.229  0.003    3  1 
  51310.1057   15.173  0.002    3  1 
  51310.1100   15.169  0.002    3  1 
  51311.9792   14.617  0.003    3  1 
  51311.9983   14.671  0.003    3  1 
  51312.0087   14.714  0.003    3  1 
  51312.0350   14.813  0.003    3  1 
  51312.0550   14.870  0.003    3  1 
  51312.0672   14.914  0.003    3  1 
  51312.0870   14.979  0.003    3  1 
  51312.0988   15.011  0.003    3  1 
  51312.9828   15.357  0.003    3  1 
  51313.0063   15.346  0.003    3  1 
  51313.0300   15.331  0.003    3  1 
  51313.0562   15.349  0.003    3  1 
  51313.1113   15.483  0.004    3  1 
  51313.9807   14.321  0.002    3  1 
  51314.0143   14.473  0.002    3  1 
  51314.0397   14.592  0.003    3  1 
  51314.1124   14.873  0.003    3  1 
  51314.9752   15.260  0.004    3  1 
  51315.0102   15.329  0.004    3  1 
  51315.0336   15.354  0.004    3  1 
  51315.0747   15.342  0.004    3  1 
  51315.0982   15.332  0.004    3  1 
  51315.1216   15.370  0.004    3  1 
  51316.0399   14.298  0.002    3  1 
  51316.0634   14.422  0.002    3  1 
  51316.0869   14.529  0.002    3  1 
  51316.1115   14.636  0.002    3  1 
  51316.9740   15.170  0.003    3  1 
  51317.0052   15.215  0.004    3  1 
  51317.0282   15.241  0.004    3  1 
  51317.0566   15.294  0.004    3  1 
  51317.0822   15.347  0.004    3  1 
  51317.1075   15.359  0.004    3  1 
  51317.9847   15.448  0.004    3  1 
  51318.0099   15.050  0.004    3  1 
  51318.0374   14.552  0.003    3  1 
  51318.0942   14.405  0.003    3  1 
  51318.1226   14.441  0.003    3  1 
  51318.9772   15.050  0.003    3  1 
  51319.0019   15.099  0.003    3  1 
  51319.0274   15.143  0.003    3  1 
  51319.0757   15.230  0.004    3  1 
  51319.0997   15.266  0.003    3  1 
  51320.1208   14.275  0.002    3  1 
  51320.1417   14.238  0.002    3  1 
  51320.9728   14.843  0.003    3  1 
  51321.0180   14.979  0.003    3  1 
  51321.0400   15.044  0.003    3  1 
  51321.0930   15.150  0.003    3  1 
  51321.1217   15.205  0.003    3  1 
  51380.9937   15.359  0.004    3  1 
  51381.9793   14.297  0.002    3  1 
  51382.9755   15.250  0.004    3  1 
  51383.9715   14.703  0.002    3  1 
  51386.9917   15.046  0.003    3  1 
  51388.9755   14.828  0.003    3  1 
  51389.9750   15.347  0.003    3  1 
  51693.9923   14.829  0.003    3  1 
 56468.97641   12.996  0.026   -1  1 
 56469.04707   12.984  0.021   -1  1 
 56469.10896   12.811  0.028   -1  1 
 56469.17285   13.160  0.014   -1  1 
 56471.00364   12.915  0.015   -1  1 
 56471.06640   13.076  0.010   -1  1 
 56471.12490   12.928  0.011   -1  1 
 56471.18188   12.953  0.009   -1  1 
 56471.96759   12.906  0.020   -1  1 
 56472.03374   13.002  0.010   -1  1 
 56472.09484   13.161  0.011   -1  1 
 56472.15243   13.147  0.006   -1  1 
 56468.95296   12.897  0.021   -2  1 
 56469.02441   12.830  0.012   -2  1 
 56469.08813   12.842  0.013   -2  1 
 56469.15134   12.888  0.008   -2  1 
 56471.02588   12.893  0.011   -2  1 
 56471.08671   12.935  0.007   -2  1 
 56471.14302   12.916  0.007   -2  1 
 56471.94704   12.867  0.024   -2  1 
 56472.01085   12.996  0.021   -2  1 
 56472.07480   13.031  0.008   -2  1 
 56472.13240   13.113  0.012   -2  1 
 56472.19216   13.228  0.013   -2  1 
 56469.00041   13.163  0.011   -5  1 
 56469.06767   13.197  0.012   -5  1 
 56469.13003   13.321  0.011   -5  1 
 56469.19349   13.317  0.007   -5  1 
 56470.98130   13.213  0.021   -5  1 
 56471.04693   13.245  0.008   -5  1 
 56471.10523   13.239  0.013   -5  1 
 56471.16397   13.297  0.026   -5  1 
 56471.98857   13.316  0.035   -5  1 
 56472.05430   13.379  0.008   -5  1 
 56472.11383   13.450  0.009   -5  1 
 56472.17109   13.501  0.005   -5  1 
