  51216.3218   15.007  0.005    2  1 
  51216.3464   15.031  0.005    2  1 
  51216.3689   15.057  0.006    2  1 
  51216.3980   15.087  0.007    2  1 
  51217.3101   14.650  0.005    2  1 
  51217.3328   14.722  0.005    2  1 
  51217.3552   14.780  0.005    2  1 
  51217.3759   14.846  0.005    2  1 
  51217.3953   14.890  0.005    2  1 
  51218.2773   14.271  0.004    2  1 
  51218.3093   13.960  0.003    2  1 
  51218.3298   14.129  0.004    2  1 
  51218.3573   14.315  0.004    2  1 
  51218.3794   14.405  0.004    2  1 
  51219.3336   15.110  0.005    2  1 
  51219.3596   15.186  0.006    2  1 
  51219.3768   15.199  0.006    2  1 
  51220.2621   14.947  0.005    2  1 
  51220.2906   14.987  0.005    2  1 
  51220.3077   15.019  0.005    2  1 
  51220.3257   15.047  0.005    2  1 
  51220.3432   15.064  0.005    2  1 
  51220.3602   15.082  0.005    2  1 
  51220.3776   15.094  0.005    2  1 
  51221.2835   14.626  0.004    2  1 
  51221.3009   14.684  0.005    2  1 
  51221.3188   14.738  0.005    2  1 
  51221.3358   14.786  0.005    2  1 
  51221.3538   14.837  0.005    2  1 
  51221.3722   14.890  0.005    2  1 
  51283.2451   14.773  0.004    2  1 
  51283.2493   14.779  0.004    2  1 
  51283.2714   14.822  0.004    2  1 
  51283.2748   14.822  0.004    2  1 
  51283.2939   14.832  0.004    2  1 
  51283.2972   14.842  0.004    2  1 
  51283.3202   14.864  0.004    2  1 
  51283.3234   14.869  0.004    2  1 
  51283.3487   14.894  0.004    2  1 
  51283.3518   14.902  0.004    2  1 
  51283.3707   14.916  0.004    2  1 
  51283.3738   14.925  0.004    2  1 
  51284.2195   14.552  0.004    2  1 
  51284.2229   14.551  0.004    2  1 
  51284.2413   14.571  0.004    2  1 
  51284.2443   14.577  0.004    2  1 
  51284.2617   14.598  0.004    2  1 
  51284.2648   14.602  0.004    2  1 
  51284.2942   14.649  0.004    2  1 
  51284.2973   14.643  0.004    2  1 
  51284.3168   14.667  0.004    2  1 
  51284.3211   14.672  0.004    2  1 
  51284.3428   14.721  0.004    2  1 
  51284.3464   14.722  0.004    2  1 
  51285.0513   14.891  0.004    2  1 
  51285.0543   14.896  0.004    2  1 
  51285.0739   14.925  0.004    2  1 
  51285.0778   14.923  0.004    2  1 
  51285.0975   14.932  0.005    2  1 
  51285.1006   14.942  0.005    2  1 
  51285.1324   14.954  0.005    2  1 
  51285.1360   14.963  0.005    2  1 
  51285.1558   14.966  0.004    2  1 
  51285.1588   14.961  0.005    2  1 
  51285.1796   14.958  0.005    2  1 
  51285.1830   14.963  0.005    2  1 
  51285.2125   14.983  0.005    2  1 
  51285.2157   14.981  0.005    2  1 
  51285.2362   14.989  0.005    2  1 
  51285.2426   14.990  0.005    2  1 
  51285.2630   14.972  0.005    2  1 
  51285.2666   14.946  0.005    2  1 
  51285.2998   14.722  0.004    2  1 
  51285.3033   14.705  0.004    2  1 
  51285.3308   14.557  0.004    2  1 
  51285.3348   14.555  0.004    2  1 
  51285.3382   14.546  0.004    2  1 
  51286.0461   14.730  0.004    2  1 
  51286.0493   14.709  0.004    2  1 
  51286.0716   14.760  0.004    2  1 
  51286.0753   14.757  0.004    2  1 
  51286.1026   14.834  0.004    2  1 
  51286.1061   14.825  0.004    2  1 
  51286.1365   14.837  0.004    2  1 
  51286.1398   14.844  0.004    2  1 
  51286.1608   14.862  0.005    2  1 
  51286.1639   14.870  0.004    2  1 
  51286.1669   14.875  0.004    2  1 
  51286.1875   14.896  0.004    2  1 
  51286.1908   14.896  0.004    2  1 
  51286.2255   14.938  0.004    2  1 
  51286.2285   14.935  0.004    2  1 
  51286.2476   14.943  0.004    2  1 
  51286.2508   14.941  0.004    2  1 
  51286.2697   14.953  0.005    2  1 
  51286.2727   14.958  0.005    2  1 
  51286.3022   14.966  0.004    2  1 
  51286.3055   14.962  0.005    2  1 
  51286.3218   14.972  0.004    2  1 
  51286.3250   14.974  0.005    2  1 
  51286.3450   14.987  0.005    2  1 
  51286.3481   14.986  0.005    2  1 
  51304.9873   14.990  0.005    2  1 
  51304.9926   14.987  0.005    2  1 
  51305.0328   14.984  0.005    2  1 
  51305.0362   14.987  0.005    2  1 
  51305.0559   14.997  0.005    2  1 
  51305.0599   15.007  0.006    2  1 
  51305.0890   15.062  0.005    2  1 
  51305.0922   15.078  0.005    2  1 
  51305.1235   15.125  0.005    2  1 
  51305.1269   15.126  0.006    2  1 
  51305.1509   15.068  0.006    2  1 
  51305.1547   15.041  0.006    2  1 
  51305.1853   14.572  0.004    2  1 
  51305.1885   14.530  0.004    2  1 
  51305.2098   14.304  0.003    2  1 
  51305.2128   14.292  0.003    2  1 
  51305.2431   14.352  0.004    2  1 
  51305.2461   14.363  0.004    2  1 
  51305.2704   14.452  0.004    2  1 
  51305.2734   14.456  0.004    2  1 
  51305.2966   14.527  0.004    2  1 
  51305.2995   14.542  0.004    2  1 
  51305.9857   14.831  0.004    2  1 
  51305.9885   14.847  0.003    2  1 
  51305.9912   14.865  0.003    2  1 
  51306.0256   14.897  0.004    2  1 
  51306.0285   14.898  0.004    2  1 
  51306.0465   14.922  0.004    2  1 
  51306.0498   14.927  0.004    2  1 
  51306.0896   14.964  0.004    2  1 
  51306.0930   14.970  0.004    2  1 
  51306.1123   14.983  0.004    2  1 
  51306.1151   14.985  0.004    2  1 
  51306.1375   14.983  0.004    2  1 
  51306.1405   14.986  0.004    2  1 
  51306.1636   14.973  0.004    2  1 
  51306.1673   14.979  0.004    2  1 
  51306.1937   15.006  0.004    2  1 
  51306.1966   15.015  0.004    2  1 
  51306.2146   15.048  0.005    2  1 
  51306.2178   15.049  0.004    2  1 
  51306.2343   15.083  0.004    2  1 
  51306.2380   15.114  0.004    2  1 
  51306.2574   15.137  0.004    2  1 
  51306.2602   15.139  0.004    2  1 
  51306.2805   15.129  0.004    2  1 
  51306.2835   15.117  0.004    2  1 
  51306.3009   14.938  0.004    2  1 
  51306.3038   14.885  0.004    2  1 
  51306.3135   14.688  0.004    2  1 
  51306.3184   14.587  0.004    2  1 
  51307.0456   14.661  0.004    2  1 
  51307.0501   14.687  0.004    2  1 
  51307.0593   14.689  0.003    2  1 
  51307.0645   14.750  0.003    2  1 
  51307.0699   14.793  0.006    2  1 
  51307.0747   14.772  0.005    2  1 
  51308.0084   14.889  0.004    2  1 
  51308.0112   14.828  0.004    2  1 
  51308.0334   14.361  0.003    2  1 
  51308.0362   14.313  0.003    2  1 
  51308.0394   14.274  0.003    2  1 
  51308.0633   14.211  0.003    2  1 
  51308.0663   14.215  0.003    2  1 
  51308.0995   14.363  0.003    2  1 
  51308.1031   14.405  0.003    2  1 
  51308.1280   14.472  0.004    2  1 
  51308.1309   14.495  0.004    2  1 
  51310.0850   15.007  0.003    2  1 
  51310.0874   15.014  0.003    2  1 
  51310.0897   15.009  0.003    2  1 
  51310.0922   15.024  0.003    2  1 
  51310.1430   15.000  0.004    2  1 
  51310.1458   15.000  0.004    2  1 
  51310.1486   14.993  0.005    2  1 
  51311.0244   14.724  0.004    2  1 
  51311.0302   14.696  0.005    2  1 
  51311.0334   14.705  0.005    2  1 
  51311.0506   14.730  0.003    2  1 
  51311.0539   14.751  0.003    2  1 
  51311.0637   14.781  0.004    2  1 
  51311.0669   14.784  0.004    2  1 
  51311.0702   14.786  0.003    2  1 
  51311.0907   14.837  0.005    2  1 
  51311.0946   14.838  0.004    2  1 
  51311.0980   14.847  0.004    2  1 
  51311.1015   14.855  0.004    2  1 
  51311.1071   14.860  0.004    2  1 
  51311.1298   14.903  0.005    2  1 
  51311.1327   14.914  0.005    2  1 
  51311.1357   14.917  0.005    2  1 
  51311.1398   14.924  0.004    2  1 
  51311.1447   14.940  0.004    2  1 
  51311.9726   15.101  0.005    2  1 
  51311.9755   15.088  0.005    2  1 
  51312.0020   14.405  0.004    2  1 
  51312.0049   14.362  0.004    2  1 
  51312.0255   14.104  0.003    2  1 
  51312.0284   14.092  0.003    2  1 
  51312.0314   14.105  0.003    2  1 
  51312.0584   14.260  0.003    2  1 
  51312.0611   14.276  0.003    2  1 
  51312.0638   14.299  0.003    2  1 
  51312.0903   14.400  0.003    2  1 
  51312.0929   14.408  0.003    2  1 
  51312.0955   14.426  0.003    2  1 
  51312.1146   14.490  0.003    2  1 
  51312.1173   14.495  0.003    2  1 
  51312.1200   14.507  0.003    2  1 
  51312.9860   15.010  0.004    2  1 
  51312.9887   15.007  0.004    2  1 
  51312.9913   15.009  0.004    2  1 
  51313.0096   15.013  0.004    2  1 
  51313.0123   15.022  0.004    2  1 
  51313.0149   15.021  0.004    2  1 
  51313.0333   15.066  0.004    2  1 
  51313.0360   15.079  0.004    2  1 
  51313.0386   15.076  0.004    2  1 
  51313.0413   15.092  0.005    2  1 
  51313.0595   15.140  0.004    2  1 
  51313.0622   15.157  0.004    2  1 
  51313.0648   15.161  0.004    2  1 
  51313.0911   15.204  0.005    2  1 
  51313.0937   15.200  0.004    2  1 
  51313.0964   15.198  0.004    2  1 
  51313.1146   15.064  0.004    2  1 
  51313.1172   15.018  0.004    2  1 
  51313.1199   14.964  0.004    2  1 
  51313.1226   14.888  0.004    2  1 
  51313.9843   14.934  0.004    2  1 
  51313.9872   14.944  0.005    2  1 
  51313.9901   14.944  0.004    2  1 
  51314.0178   14.979  0.005    2  1 
  51314.0207   14.981  0.005    2  1 
  51314.0236   14.983  0.004    2  1 
  51314.0432   15.004  0.005    2  1 
  51314.0461   15.011  0.005    2  1 
  51314.0490   15.010  0.005    2  1 
  51314.0772   15.035  0.005    2  1 
  51314.0802   15.049  0.005    2  1 
  51314.0831   15.047  0.005    2  1 
  51314.1030   15.043  0.005    2  1 
  51314.1059   15.049  0.005    2  1 
  51314.1088   15.044  0.005    2  1 
  51314.1289   15.028  0.005    2  1 
  51314.1333   15.019  0.005    2  1 
  51314.1363   15.020  0.005    2  1 
  51314.9827   14.577  0.004    2  1 
  51314.9856   14.586  0.004    2  1 
  51314.9885   14.592  0.004    2  1 
  51315.0015   14.631  0.004    2  1 
  51315.0043   14.653  0.004    2  1 
  51315.0069   14.649  0.004    2  1 
  51315.0251   14.711  0.004    2  1 
  51315.0277   14.711  0.004    2  1 
  51315.0304   14.720  0.004    2  1 
  51315.0489   14.780  0.004    2  1 
  51315.0516   14.791  0.004    2  1 
  51315.0542   14.800  0.004    2  1 
  51315.0780   14.855  0.004    2  1 
  51315.0807   14.861  0.004    2  1 
  51315.0833   14.876  0.004    2  1 
  51315.1015   14.906  0.004    2  1 
  51315.1041   14.911  0.004    2  1 
  51315.1068   14.914  0.004    2  1 
  51315.1290   14.957  0.005    2  1 
  51315.1319   14.962  0.005    2  1 
  51316.0194   14.120  0.003    2  1 
  51316.0221   14.129  0.003    2  1 
  51316.0247   14.158  0.003    2  1 
  51316.0431   14.280  0.003    2  1 
  51316.0458   14.281  0.003    2  1 
  51316.0485   14.297  0.003    2  1 
  51316.0667   14.405  0.003    2  1 
  51316.0693   14.409  0.003    2  1 
  51316.0720   14.435  0.003    2  1 
  51316.0905   14.491  0.004    2  1 
  51316.0934   14.491  0.004    2  1 
  51316.0963   14.504  0.004    2  1 
  51316.1148   14.561  0.003    2  1 
  51316.1175   14.571  0.003    2  1 
  51316.1201   14.578  0.003    2  1 
  51316.9647   15.043  0.005    2  1 
  51316.9676   15.041  0.005    2  1 
  51316.9705   15.037  0.005    2  1 
  51316.9896   15.024  0.004    2  1 
  51316.9923   15.020  0.004    2  1 
  51316.9949   15.033  0.004    2  1 
  51317.0088   15.051  0.005    2  1 
  51317.0117   15.063  0.005    2  1 
  51317.0321   15.114  0.006    2  1 
  51317.0351   15.131  0.005    2  1 
  51317.0391   15.135  0.005    2  1 
  51317.0602   15.190  0.005    2  1 
  51317.0631   15.199  0.005    2  1 
  51317.0660   15.203  0.005    2  1 
  51317.0858   15.157  0.005    2  1 
  51317.0887   15.127  0.005    2  1 
  51317.0916   15.097  0.005    2  1 
  51317.1111   14.393  0.004    2  1 
  51317.1140   14.313  0.004    2  1 
  51317.1169   14.211  0.003    2  1 
  51317.9628   14.946  0.005    2  1 
  51317.9657   14.959  0.005    2  1 
  51317.9685   14.964  0.005    2  1 
  51317.9883   14.990  0.005    2  1 
  51317.9912   14.986  0.005    2  1 
  51317.9941   14.997  0.005    2  1 
  51318.0135   15.013  0.005    2  1 
  51318.0164   15.013  0.005    2  1 
  51318.0194   15.019  0.005    2  1 
  51318.0413   15.038  0.005    2  1 
  51318.0445   15.040  0.005    2  1 
  51318.0477   15.052  0.005    2  1 
  51318.0697   15.065  0.005    2  1 
  51318.0730   15.067  0.005    2  1 
  51318.0762   15.068  0.006    2  1 
  51318.0981   15.059  0.005    2  1 
  51318.1014   15.051  0.005    2  1 
  51318.1046   15.047  0.005    2  1 
  51318.1265   15.031  0.005    2  1 
  51318.1298   15.043  0.005    2  1 
  51318.9642   14.579  0.003    2  1 
  51318.9680   14.586  0.004    2  1 
  51318.9708   14.598  0.004    2  1 
  51318.9737   14.612  0.004    2  1 
  51318.9929   14.672  0.004    2  1 
  51318.9956   14.696  0.004    2  1 
  51318.9983   14.691  0.004    2  1 
  51319.0180   14.765  0.004    2  1 
  51319.0209   14.762  0.004    2  1 
  51319.0238   14.771  0.004    2  1 
  51319.0443   14.829  0.005    2  1 
  51319.0474   14.832  0.005    2  1 
  51319.0505   14.849  0.005    2  1 
  51319.0793   14.906  0.004    2  1 
  51319.0820   14.919  0.004    2  1 
  51319.0847   14.922  0.004    2  1 
  51319.1030   14.960  0.004    2  1 
  51319.1084   14.967  0.004    2  1 
  51319.1110   14.970  0.004    2  1 
  51320.1030   14.615  0.003    2  1 
  51320.1053   14.700  0.003    2  1 
  51320.1076   14.605  0.003    2  1 
  51320.1238   14.664  0.003    2  1 
  51320.1261   14.671  0.003    2  1 
  51320.1284   14.678  0.003    2  1 
  51320.1450   14.733  0.004    2  1 
  51320.1477   14.754  0.004    2  1 
  51320.1503   14.750  0.004    2  1 
  51320.9635   15.058  0.005    2  1 
  51320.9664   15.060  0.005    2  1 
  51320.9693   15.056  0.005    2  1 
  51320.9887   15.045  0.003    2  1 
  51320.9911   15.051  0.003    2  1 
  51320.9936   15.055  0.003    2  1 
  51321.0102   15.112  0.004    2  1 
  51321.0126   15.108  0.003    2  1 
  51321.0150   15.114  0.004    2  1 
  51321.0318   15.173  0.004    2  1 
  51321.0344   15.187  0.004    2  1 
  51321.0369   15.192  0.004    2  1 
  51321.0543   15.200  0.004    2  1 
  51321.0568   15.189  0.004    2  1 
  51321.0594   15.187  0.004    2  1 
  51321.0847   14.584  0.003    2  1 
  51321.0873   14.455  0.003    2  1 
  51321.0898   14.352  0.003    2  1 
  51321.1133   13.940  0.002    2  1 
  51321.1159   13.950  0.003    2  1 
  51321.1186   13.950  0.003    2  1 
  51321.1339   14.064  0.003    2  1 
  51321.1365   14.088  0.003    2  1 
  51332.9696   15.172  0.007    2  1 
  51332.9739   15.179  0.007    2  1 
  51332.9891   15.189  0.006    2  1 
  51332.9928   15.173  0.006    2  1 
  51332.9965   15.150  0.006    2  1 
  51333.0083   14.984  0.006    2  1 
  51333.0120   14.882  0.005    2  1 
  51333.0226   14.401  0.004    2  1 
  51333.0264   14.200  0.004    2  1 
  51333.0514   13.940  0.004    2  1 
  51333.0552   13.989  0.004    2  1 
  51333.0742   14.087  0.004    2  1 
  51333.0779   14.146  0.004    2  1 
  51333.0907   14.208  0.004    2  1 
  51333.0945   14.223  0.004    2  1 
  51333.1178   14.357  0.004    2  1 
  51333.1221   14.379  0.004    2  1 
  51333.1335   14.455  0.005    2  1 
  51333.1369   14.453  0.005    2  1 
  51333.1529   14.510  0.005    2  1 
  51333.1565   14.536  0.005    2  1 
  51333.1716   14.583  0.005    2  1 
  51333.1752   14.594  0.005    2  1 
  51334.9841   14.889  0.004    2  1 
  51334.9871   14.897  0.004    2  1 
  51335.0175   14.961  0.004    2  1 
  51335.0204   14.971  0.004    2  1 
  51335.0301   14.985  0.005    2  1 
  51335.0334   14.991  0.005    2  1 
  51335.0517   15.022  0.005    2  1 
  51335.0552   15.024  0.005    2  1 
  51335.0692   15.042  0.005    2  1 
  51335.0727   15.043  0.005    2  1 
  51335.0833   15.064  0.006    2  1 
  51335.0867   15.060  0.005    2  1 
  51335.1133   15.089  0.006    2  1 
  51335.1167   15.095  0.006    2  1 
  51335.9535   14.336  0.004    2  1 
  51335.9726   14.427  0.004    2  1 
  51335.9768   14.438  0.004    2  1 
  51335.9997   14.519  0.004    2  1 
  51336.0027   14.531  0.004    2  1 
  51336.0203   14.605  0.004    2  1 
  51336.0236   14.613  0.004    2  1 
  51336.0357   14.658  0.004    2  1 
  51336.0388   14.674  0.004    2  1 
  51336.0593   14.729  0.005    2  1 
  51336.0629   14.747  0.005    2  1 
  51336.0769   14.778  0.005    2  1 
  51336.0803   14.794  0.005    2  1 
  51336.1025   14.845  0.005    2  1 
  51336.1059   14.858  0.005    2  1 
  51336.1206   14.897  0.005    2  1 
  51336.1240   14.896  0.005    2  1 
  51337.0101   14.201  0.003    2  1 
  51337.9904   15.096  0.006    2  1 
  51337.9940   15.096  0.006    2  1 
  51338.0162   15.073  0.005    2  1 
  51338.0196   15.072  0.005    2  1 
  51338.0339   15.084  0.006    2  1 
  51338.0376   15.079  0.006    2  1 
  51338.9901   14.951  0.004    2  1 
  51338.9938   14.959  0.005    2  1 
  51339.0226   15.010  0.005    2  1 
  51339.0269   15.011  0.005    2  1 
  51339.0867   15.070  0.005    2  1 
  51339.0905   15.076  0.006    2  1 
  51339.1139   15.100  0.006    2  1 
  51339.1177   15.094  0.005    2  1 
  51339.1448   15.085  0.005    2  1 
  51339.1482   15.079  0.005    2  1 
  51339.9766   14.535  0.004    2  1 
  51339.9795   14.537  0.004    2  1 
  51340.0044   14.626  0.004    2  1 
  51340.0078   14.627  0.004    2  1 
  51340.0274   14.706  0.004    2  1 
  51340.0306   14.713  0.004    2  1 
  51340.0540   14.775  0.005    2  1 
  51340.0572   14.790  0.005    2  1 
  51340.0857   14.868  0.005    2  1 
  51340.0892   14.878  0.005    2  1 
  51340.1152   14.935  0.005    2  1 
  51340.1197   14.938  0.005    2  1 
  51340.1229   14.945  0.005    2  1 
  51340.1263   14.951  0.005    2  1 
  51340.1404   14.978  0.005    2  1 
  51340.1437   14.978  0.005    2  1 
  51344.9924   14.096  0.003    2  1 
  51344.9958   14.094  0.003    2  1 
  51344.9988   14.124  0.003    2  1 
  51345.0216   14.241  0.003    2  1 
  51345.0255   14.272  0.004    2  1 
  51345.0302   14.285  0.004    2  1 
  51345.0553   14.410  0.004    2  1 
  51345.0603   14.412  0.003    2  1 
  51345.9856   15.096  0.006    2  1 
  51345.9896   15.099  0.006    2  1 
  51346.0219   15.158  0.006    2  1 
  51346.0264   15.165  0.006    2  1 
  51346.0486   15.138  0.006    2  1 
  51346.0523   15.123  0.006    2  1 
  51346.0791   14.711  0.004    2  1 
  51346.0826   14.617  0.004    2  1 
  51347.0416   15.055  0.005    2  1 
  51347.0453   15.051  0.004    2  1 
  51347.0743   15.080  0.005    2  1 
  51347.0777   15.077  0.005    2  1 
  51347.0990   15.070  0.004    2  1 
  51347.1022   15.073  0.003    2  1 
  51347.9769   14.692  0.004    2  1 
  51347.9802   14.698  0.004    2  1 
  51347.9834   14.712  0.004    2  1 
  51347.9983   14.742  0.004    2  1 
  51348.0028   14.753  0.004    2  1 
  51348.0063   14.762  0.004    2  1 
  51348.0242   14.813  0.004    2  1 
  51348.0274   14.824  0.004    2  1 
  51348.0943   14.945  0.006    2  1 
  51348.0983   14.952  0.006    2  1 
  51348.1018   14.953  0.005    2  1 
  51348.9650   14.129  0.003    2  1 
  51348.9682   14.137  0.003    2  1 
  51348.9853   14.220  0.003    2  1 
  51348.9883   14.223  0.003    2  1 
  51348.9912   14.225  0.003    2  1 
  51349.0316   14.409  0.004    2  1 
  51349.0346   14.427  0.004    2  1 
  51349.9815   15.137  0.005    2  1 
  51349.9851   15.146  0.005    2  1 
  51349.9973   15.158  0.005    2  1 
  51350.0033   15.152  0.006    2  1 
  51350.0066   15.153  0.005    2  1 
  51350.0164   15.144  0.005    2  1 
  51350.0197   15.135  0.005    2  1 
  51350.0296   15.087  0.005    2  1 
  51380.9973   14.828  0.004    2  1 
  51381.0004   14.833  0.004    2  1 
  51381.0031   14.833  0.004    2  1 
  51381.0187   14.851  0.004    2  1 
  51381.0214   14.862  0.004    2  1 
  51381.0242   14.861  0.004    2  1 
  51381.9830   14.625  0.004    2  1 
  51381.9859   14.648  0.004    2  1 
  51381.9888   14.648  0.004    2  1 
  51382.0000   14.639  0.004    2  1 
  51382.0029   14.647  0.004    2  1 
  51382.9793   14.842  0.005    2  1 
  51382.9826   14.811  0.004    2  1 
  51382.9857   14.807  0.004    2  1 
  51382.9965   14.730  0.004    2  1 
  51382.9995   14.739  0.004    2  1 
  51383.9746   14.948  0.004    2  1 
  51383.9773   14.965  0.004    2  1 
  51383.9799   14.957  0.004    2  1 
  51383.9899   14.963  0.004    2  1 
  51383.9926   14.964  0.004    2  1 
  51384.9751   14.839  0.003    2  1 
  51384.9777   14.836  0.004    2  1 
  51384.9802   14.838  0.004    2  1 
  51384.9896   14.849  0.004    2  1 
  51384.9921   14.857  0.004    2  1 
  51385.9711   14.630  0.003    2  1 
  51385.9737   14.639  0.004    2  1 
  51385.9763   14.641  0.003    2  1 
  51385.9857   14.654  0.004    2  1 
  51385.9884   14.652  0.004    2  1 
  51386.9965   14.612  0.004    2  1 
  51387.0003   14.587  0.004    2  1 
  51387.0041   14.579  0.004    2  1 
  51387.0216   14.538  0.004    2  1 
  51387.0254   14.537  0.004    2  1 
  51387.0293   14.541  0.004    2  1 
  51388.9801   14.876  0.005    2  1 
  51388.9834   14.881  0.005    2  1 
  51388.9866   14.883  0.005    2  1 
  51388.9984   14.899  0.005    2  1 
  51389.0017   14.901  0.005    2  1 
  51389.9783   14.679  0.004    2  1 
  51389.9809   14.673  0.004    2  1 
  51389.9836   14.689  0.004    2  1 
  51390.9729   14.653  0.003    2  1 
  51390.9756   14.616  0.003    2  1 
  51390.9783   14.593  0.003    2  1 
  51391.9728   14.961  0.004    2  1 
  51391.9754   14.967  0.004    2  1 
  51391.9779   14.958  0.004    2  1 
  51671.0871   14.419  0.004    2  1 
  51671.0917   14.426  0.004    2  1 
  51671.0952   14.438  0.004    2  1 
  51671.1189   14.513  0.004    2  1 
  51671.1232   14.529  0.004    2  1 
  51671.9996   15.046  0.005    2  1 
  51672.0039   15.045  0.005    2  1 
  51672.0350   15.082  0.005    2  1 
  51672.0382   15.093  0.005    2  1 
  51673.0232   14.939  0.004    2  1 
  51674.0574   14.784  0.006    2  1 
  51674.0620   14.800  0.006    2  1 
  51674.0938   14.863  0.005    2  1 
  51674.0985   14.870  0.005    2  1 
  51674.1159   14.892  0.005    2  1 
  51674.1223   14.893  0.005    2  1 
  51674.9763   14.700  0.005    2  1 
  51674.9824   14.623  0.005    2  1 
  51675.0212   14.382  0.005    2  1 
  51676.0163   15.077  0.005    2  1 
  51692.9816   14.954  0.005    2  1 
  51692.9854   14.960  0.005    2  1 
  51693.9780   14.830  0.004    2  1 
  51693.9814   14.826  0.004    2  1 
  51694.9914   14.652  0.004    2  1 
  51694.9946   14.673  0.004    2  1 
  51765.9974   14.530  0.004    2  1 
  51766.0012   14.551  0.004    2  1 
  51766.0048   14.557  0.004    2  1 
  51766.0266   14.641  0.004    2  1 
  51766.0301   14.658  0.004    2  1 
  51216.3144   15.567  0.004    3  1 
  51216.3408   15.641  0.005    3  1 
  51216.3634   15.606  0.004    3  1 
  51216.3905   15.706  0.006    3  1 
  51217.3019   14.998  0.004    3  1 
  51217.3494   15.254  0.004    3  1 
  51217.3710   15.345  0.004    3  1 
  51217.3906   15.426  0.004    3  1 
  51218.2854   14.136  0.003    3  1 
  51218.3156   14.148  0.003    3  1 
  51218.3347   14.451  0.003    3  1 
  51218.3653   14.658  0.003    3  1 
  51218.3848   14.746  0.003    3  1 
  51219.2918   15.675  0.005    3  1 
  51219.3100   15.668  0.005    3  1 
  51219.3296   15.701  0.005    3  1 
  51219.3536   15.794  0.005    3  1 
  51219.3723   15.847  0.005    3  1 
  51220.2720   15.564  0.005    3  1 
  51220.2946   15.618  0.005    3  1 
  51220.3117   15.641  0.005    3  1 
  51220.3299   15.669  0.005    3  1 
  51220.3473   15.712  0.005    3  1 
  51220.3643   15.731  0.005    3  1 
  51220.3816   15.728  0.005    3  1 
  51221.2763   14.980  0.003    3  1 
  51221.2964   15.075  0.004    3  1 
  51221.3145   15.190  0.004    3  1 
  51221.3318   15.263  0.004    3  1 
  51221.3496   15.343  0.004    3  1 
  51221.3673   15.420  0.004    3  1 
  51283.2546   15.308  0.003    3  1 
  51283.2783   15.345  0.004    3  1 
  51283.3008   15.373  0.004    3  1 
  51283.3322   15.430  0.004    3  1 
  51283.3553   15.464  0.004    3  1 
  51283.3773   15.503  0.004    3  1 
  51284.2134   14.871  0.003    3  1 
  51284.2375   14.900  0.003    3  1 
  51284.2581   14.957  0.003    3  1 
  51284.2875   15.018  0.003    3  1 
  51284.3124   15.069  0.004    3  1 
  51284.3383   15.133  0.004    3  1 
  51285.0451   15.435  0.004    3  1 
  51285.0691   15.457  0.004    3  1 
  51285.0932   15.494  0.004    3  1 
  51285.1257   15.504  0.004    3  1 
  51285.1514   15.509  0.004    3  1 
  51285.1754   15.496  0.004    3  1 
  51285.2060   15.522  0.004    3  1 
  51285.2321   15.525  0.004    3  1 
  51285.2586   15.503  0.005    3  1 
  51285.2928   15.162  0.004    3  1 
  51285.3257   14.935  0.003    3  1 
  51286.0393   15.160  0.003    3  1 
  51286.0670   15.220  0.003    3  1 
  51286.0977   15.329  0.003    3  1 
  51286.1302   15.368  0.003    3  1 
  51286.1560   15.405  0.003    3  1 
  51286.1833   15.437  0.004    3  1 
  51286.2193   15.490  0.004    3  1 
  51286.2434   15.496  0.004    3  1 
  51286.2655   15.516  0.004    3  1 
  51286.2958   15.518  0.004    3  1 
  51286.3291   15.554  0.004    3  1 
  51286.3521   15.560  0.004    3  1 
  51304.9838   15.597  0.004    3  1 
  51305.0251   15.565  0.005    3  1 
  51305.0718   15.625  0.005    3  1 
  51305.0961   15.704  0.005    3  1 
  51305.1465   15.698  0.006    3  1 
  51305.1755   15.148  0.004    3  1 
  51305.2054   14.553  0.004    3  1 
  51305.2345   14.529  0.003    3  1 
  51305.2666   14.745  0.003    3  1 
  51305.2880   14.881  0.003    3  1 
  51305.9773   15.362  0.003    3  1 
  51306.0428   15.478  0.004    3  1 
  51306.0809   15.526  0.004    3  1 
  51306.1087   15.554  0.004    3  1 
  51306.1330   15.579  0.005    3  1 
  51306.1578   15.541  0.005    3  1 
  51306.1875   15.543  0.004    3  1 
  51306.2101   15.618  0.004    3  1 
  51306.2308   15.886  0.004    3  1 
  51306.2538   15.440  0.000    3  1 
  51306.2771   15.765  0.004    3  1 
  51306.2972   15.550  0.004    3  1 
  51308.0025   15.535  0.003    3  1 
  51308.0294   14.856  0.003    3  1 
  51308.0600   14.411  0.002    3  1 
  51308.0919   14.611  0.002    3  1 
  51308.0958   14.677  0.002    3  1 
  51308.1244   14.772  0.003    3  1 
  51310.1057   15.643  0.003    3  1 
  51310.1100   15.640  0.003    3  1 
  51310.1132   15.637  0.003    3  1 
  51311.9792   15.629  0.006    3  1 
  51311.9983   14.827  0.003    3  1 
  51312.0087   14.503  0.003    3  1 
  51312.0350   14.326  0.002    3  1 
  51312.0550   14.451  0.002    3  1 
  51312.0672   14.542  0.003    3  1 
  51312.0870   14.668  0.003    3  1 
  51312.0988   14.726  0.003    3  1 
  51312.9828   15.606  0.004    3  1 
  51313.0063   15.582  0.004    3  1 
  51313.0300   15.649  0.004    3  1 
  51313.0562   15.755  0.004    3  1 
  51313.0838   15.817  0.004    3  1 
  51313.1113   15.729  0.004    3  1 
  51313.9807   15.509  0.004    3  1 
  51314.0143   15.587  0.004    3  1 
  51314.0397   15.627  0.005    3  1 
  51314.1124   15.684  0.005    3  1 
  51314.9752   14.905  0.003    3  1 
  51315.0102   15.080  0.003    3  1 
  51315.0336   15.200  0.003    3  1 
  51315.0747   15.387  0.004    3  1 
  51315.0982   15.474  0.004    3  1 
  51315.1216   15.536  0.004    3  1 
  51316.0399   14.471  0.002    3  1 
  51316.0634   14.641  0.003    3  1 
  51316.0869   14.765  0.003    3  1 
  51316.1115   14.903  0.003    3  1 
  51316.9740   15.635  0.005    3  1 
  51317.0052   15.674  0.006    3  1 
  51317.0282   15.851  0.010    3  1 
  51317.0566   15.842  0.005    3  1 
  51317.0822   15.855  0.006    3  1 
  51317.1075   14.896  0.003    3  1 
  51317.9847   15.598  0.005    3  1 
  51318.0099   15.659  0.006    3  1 
  51318.0374   15.726  0.008    3  1 
  51318.0942   15.768  0.018    3  1 
  51318.1226   15.707  0.007    3  1 
  51318.9772   15.024  0.003    3  1 
  51319.0019   15.136  0.004    3  1 
  51319.0274   15.269  0.004    3  1 
  51319.0757   15.477  0.004    3  1 
  51319.0997   15.554  0.004    3  1 
  51320.1000   14.954  0.003    3  1 
  51320.1208   15.096  0.003    3  1 
  51320.1417   15.164  0.003    3  1 
  51320.9728   15.626  0.004    3  1 
  51320.9965   15.617  0.003    3  1 
  51321.0180   15.712  0.004    3  1 
  51321.0400   15.851  0.004    3  1 
  51321.0624   15.765  0.004    3  1 
  51321.0930   14.362  0.002    3  1 
  51321.1217   14.133  0.002    3  1 
  51380.9937   15.351  0.004    3  1 
  51381.9793   15.009  0.003    3  1 
  51382.9755   15.330  0.006    3  1 
  51383.9715   15.496  0.003    3  1 
  51385.9679   15.090  0.003    3  1 
  51386.9917   15.033  0.003    3  1 
  51388.9755   15.397  0.005    3  1 
  51389.9750   15.133  0.003    3  1 
  51390.9697   15.190  0.002    3  1 
  51391.9697   15.879  0.002    3  1 
  51693.9923   15.384  0.003    3  1 
  51695.0052   15.168  0.003    3  1 
 56468.97641   13.204  0.022   -1  1 
 56469.04707   13.359  0.018   -1  1 
 56469.10896   13.532  0.010   -1  1 
 56469.17285   13.590  0.008   -1  1 
 56471.00364   13.280  0.018   -1  1 
 56471.06640   13.184  0.009   -1  1 
 56471.12490   13.298  0.006   -1  1 
 56471.18188   13.258  0.005   -1  1 
 56471.96759   13.402  0.018   -1  1 
 56472.03374   13.928  0.053   -1  1 
 56472.09484   13.554  0.032   -1  1 
 56472.15243   13.256  0.005   -1  1 
 56468.95296   13.444  0.027   -2  1 
 56469.02441   13.336  0.020   -2  1 
 56469.08813   13.595  0.019   -2  1 
 56469.15134   13.540  0.015   -2  1 
 56471.02588   13.206  0.013   -2  1 
 56471.08671   13.232  0.010   -2  1 
 56471.14302   13.213  0.016   -2  1 
 56471.94704   13.470  0.009   -2  1 
 56472.01085   13.499  0.013   -2  1 
 56472.07480   13.310  0.031   -2  1 
 56472.13240   13.279  0.007   -2  1 
 56472.19216   13.207  0.007   -2  1 
 56469.00041   13.719  0.007   -5  1 
 56469.06767   13.822  0.008   -5  1 
 56469.13003   13.836  0.016   -5  1 
 56469.19349   13.897  0.009   -5  1 
 56470.98130   13.401  0.012   -5  1 
 56471.04693   13.532  0.008   -5  1 
 56471.10523   13.550  0.008   -5  1 
 56471.16397   13.608  0.006   -5  1 
 56471.98857   13.923  0.004   -5  1 
 56472.05430   13.625  0.015   -5  1 
 56472.11383   13.464  0.007   -5  1 
 56472.17109   13.494  0.005   -5  1 
