  51216.3218   14.590  0.005    2  1 
  51216.3464   14.636  0.005    2  1 
  51216.3689   14.670  0.005    2  1 
  51216.3980   14.698  0.006    2  1 
  51217.3101   14.433  0.004    2  1 
  51217.3328   14.420  0.004    2  1 
  51217.3552   14.385  0.004    2  1 
  51217.3759   14.346  0.004    2  1 
  51217.3953   14.308  0.004    2  1 
  51218.2773   14.365  0.004    2  1 
  51218.3093   14.457  0.004    2  1 
  51218.3298   14.515  0.004    2  1 
  51218.3573   14.585  0.005    2  1 
  51218.3794   14.627  0.004    2  1 
  51219.2978   14.628  0.004    2  1 
  51219.3149   14.627  0.004    2  1 
  51219.3336   14.483  0.004    2  1 
  51219.3596   14.420  0.004    2  1 
  51219.3768   14.411  0.004    2  1 
  51220.2621   14.296  0.004    2  1 
  51220.2906   14.326  0.004    2  1 
  51220.3077   14.360  0.004    2  1 
  51220.3257   14.404  0.004    2  1 
  51220.3432   14.451  0.004    2  1 
  51220.3602   14.497  0.004    2  1 
  51220.3776   14.541  0.004    2  1 
  51221.2835   14.690  0.004    2  1 
  51221.3009   14.698  0.005    2  1 
  51221.3188   14.672  0.004    2  1 
  51221.3358   14.636  0.004    2  1 
  51221.3538   14.568  0.004    2  1 
  51221.3722   14.479  0.004    2  1 
  51283.2451   14.642  0.004    2  1 
  51283.2493   14.630  0.004    2  1 
  51283.2714   14.542  0.004    2  1 
  51283.2748   14.526  0.004    2  1 
  51283.2939   14.442  0.004    2  1 
  51283.2972   14.435  0.004    2  1 
  51283.3202   14.396  0.004    2  1 
  51283.3234   14.390  0.004    2  1 
  51283.3487   14.340  0.003    2  1 
  51283.3518   14.332  0.003    2  1 
  51283.3707   14.324  0.003    2  1 
  51283.3738   14.319  0.003    2  1 
  51284.2195   14.322  0.004    2  1 
  51284.2229   14.316  0.004    2  1 
  51284.2413   14.338  0.004    2  1 
  51284.2443   14.340  0.004    2  1 
  51284.2617   14.385  0.004    2  1 
  51284.2648   14.386  0.004    2  1 
  51284.2942   14.467  0.004    2  1 
  51284.2973   14.479  0.004    2  1 
  51284.3168   14.534  0.004    2  1 
  51284.3211   14.545  0.004    2  1 
  51284.3428   14.598  0.004    2  1 
  51284.3464   14.615  0.004    2  1 
  51285.0513   14.333  0.003    2  1 
  51285.0543   14.340  0.003    2  1 
  51285.0739   14.377  0.003    2  1 
  51285.0778   14.389  0.003    2  1 
  51285.0975   14.441  0.004    2  1 
  51285.1006   14.449  0.004    2  1 
  51285.1324   14.541  0.004    2  1 
  51285.1360   14.545  0.004    2  1 
  51285.1558   14.597  0.004    2  1 
  51285.1588   14.605  0.004    2  1 
  51285.1796   14.648  0.004    2  1 
  51285.1830   14.652  0.004    2  1 
  51285.2125   14.696  0.004    2  1 
  51285.2157   14.698  0.004    2  1 
  51285.2362   14.706  0.004    2  1 
  51285.2426   14.707  0.004    2  1 
  51285.2630   14.689  0.005    2  1 
  51285.2666   14.675  0.004    2  1 
  51285.2998   14.574  0.004    2  1 
  51285.3033   14.555  0.004    2  1 
  51285.3308   14.445  0.004    2  1 
  51285.3348   14.441  0.004    2  1 
  51285.3382   14.432  0.004    2  1 
  51286.0461   14.688  0.004    2  1 
  51286.0493   14.691  0.004    2  1 
  51286.0716   14.678  0.004    2  1 
  51286.0753   14.670  0.004    2  1 
  51286.1026   14.606  0.004    2  1 
  51286.1061   14.588  0.004    2  1 
  51286.1365   14.451  0.004    2  1 
  51286.1398   14.444  0.004    2  1 
  51286.1608   14.400  0.004    2  1 
  51286.1639   14.396  0.003    2  1 
  51286.1669   14.387  0.003    2  1 
  51286.1875   14.364  0.003    2  1 
  51286.1908   14.362  0.003    2  1 
  51286.2255   14.332  0.003    2  1 
  51286.2285   14.334  0.003    2  1 
  51286.2476   14.329  0.003    2  1 
  51286.2508   14.329  0.003    2  1 
  51286.2697   14.344  0.003    2  1 
  51286.2727   14.343  0.003    2  1 
  51286.3022   14.396  0.004    2  1 
  51286.3055   14.407  0.004    2  1 
  51286.3218   14.452  0.004    2  1 
  51286.3250   14.455  0.004    2  1 
  51286.3450   14.513  0.004    2  1 
  51286.3481   14.520  0.004    2  1 
  51304.9873   14.309  0.003    2  1 
  51304.9926   14.316  0.003    2  1 
  51305.0328   14.380  0.004    2  1 
  51305.0362   14.386  0.003    2  1 
  51305.0559   14.437  0.004    2  1 
  51305.0599   14.444  0.004    2  1 
  51305.0890   14.531  0.004    2  1 
  51305.0922   14.540  0.004    2  1 
  51305.1235   14.617  0.004    2  1 
  51305.1269   14.622  0.005    2  1 
  51305.1509   14.664  0.005    2  1 
  51305.1547   14.668  0.005    2  1 
  51305.1853   14.700  0.004    2  1 
  51305.1885   14.695  0.005    2  1 
  51305.2098   14.691  0.004    2  1 
  51305.2128   14.690  0.004    2  1 
  51305.2431   14.629  0.004    2  1 
  51305.2461   14.616  0.004    2  1 
  51305.2704   14.494  0.004    2  1 
  51305.2734   14.487  0.004    2  1 
  51305.2966   14.417  0.004    2  1 
  51305.2995   14.416  0.004    2  1 
  51305.9857   14.691  0.003    2  1 
  51305.9885   14.698  0.003    2  1 
  51305.9912   14.696  0.003    2  1 
  51306.0256   14.699  0.003    2  1 
  51306.0285   14.697  0.003    2  1 
  51306.0465   14.668  0.004    2  1 
  51306.0498   14.658  0.004    2  1 
  51306.0896   14.470  0.004    2  1 
  51306.0930   14.457  0.003    2  1 
  51306.1123   14.409  0.003    2  1 
  51306.1151   14.411  0.003    2  1 
  51306.1375   14.379  0.003    2  1 
  51306.1405   14.378  0.003    2  1 
  51306.1636   14.322  0.003    2  1 
  51306.1673   14.322  0.003    2  1 
  51306.1937   14.293  0.003    2  1 
  51306.1966   14.291  0.003    2  1 
  51306.2146   14.305  0.004    2  1 
  51306.2178   14.314  0.003    2  1 
  51306.2343   14.341  0.003    2  1 
  51306.2380   14.351  0.003    2  1 
  51306.2574   14.395  0.003    2  1 
  51306.2602   14.402  0.003    2  1 
  51306.2805   14.457  0.003    2  1 
  51306.2835   14.463  0.003    2  1 
  51306.3009   14.516  0.003    2  1 
  51306.3038   14.524  0.004    2  1 
  51306.3135   14.548  0.004    2  1 
  51306.3184   14.559  0.004    2  1 
  51307.0456   14.344  0.004    2  1 
  51307.0501   14.344  0.004    2  1 
  51307.0593   14.366  0.003    2  1 
  51307.0645   14.378  0.003    2  1 
  51307.0699   14.384  0.007    2  1 
  51307.0747   14.399  0.005    2  1 
  51308.0084   14.675  0.003    2  1 
  51308.0112   14.678  0.003    2  1 
  51308.0334   14.696  0.003    2  1 
  51308.0362   14.694  0.003    2  1 
  51308.0394   14.705  0.003    2  1 
  51308.0633   14.696  0.003    2  1 
  51308.0663   14.697  0.003    2  1 
  51308.0995   14.611  0.003    2  1 
  51308.1031   14.583  0.003    2  1 
  51308.1280   14.459  0.004    2  1 
  51308.1309   14.446  0.004    2  1 
  51310.0850   14.693  0.003    2  1 
  51310.0874   14.697  0.003    2  1 
  51310.0897   14.701  0.003    2  1 
  51310.0922   14.699  0.003    2  1 
  51310.1430   14.564  0.003    2  1 
  51310.1458   14.551  0.003    2  1 
  51310.1486   14.536  0.004    2  1 
  51311.0244   14.375  0.005    2  1 
  51311.0302   14.363  0.005    2  1 
  51311.0334   14.357  0.005    2  1 
  51311.0506   14.332  0.002    2  1 
  51311.0539   14.320  0.003    2  1 
  51311.0637   14.307  0.003    2  1 
  51311.0669   14.304  0.004    2  1 
  51311.0702   14.298  0.003    2  1 
  51311.0907   14.300  0.004    2  1 
  51311.0946   14.300  0.004    2  1 
  51311.0980   14.304  0.003    2  1 
  51311.1015   14.311  0.003    2  1 
  51311.1071   14.316  0.003    2  1 
  51311.1298   14.352  0.004    2  1 
  51311.1327   14.364  0.004    2  1 
  51311.1357   14.368  0.004    2  1 
  51311.1398   14.369  0.004    2  1 
  51311.1447   14.389  0.004    2  1 
  51311.9726   14.366  0.005    2  1 
  51311.9755   14.439  0.004    2  1 
  51312.0020   14.502  0.004    2  1 
  51312.0049   14.513  0.004    2  1 
  51312.0255   14.555  0.004    2  1 
  51312.0284   14.572  0.004    2  1 
  51312.0314   14.571  0.004    2  1 
  51312.0584   14.631  0.004    2  1 
  51312.0611   14.634  0.004    2  1 
  51312.0638   14.644  0.004    2  1 
  51312.0903   14.679  0.003    2  1 
  51312.0929   14.684  0.003    2  1 
  51312.0955   14.681  0.003    2  1 
  51312.1146   14.691  0.004    2  1 
  51312.1173   14.691  0.004    2  1 
  51312.1200   14.690  0.004    2  1 
  51312.9860   14.590  0.003    2  1 
  51312.9887   14.576  0.003    2  1 
  51312.9913   14.568  0.003    2  1 
  51313.0096   14.490  0.003    2  1 
  51313.0123   14.474  0.003    2  1 
  51313.0149   14.459  0.003    2  1 
  51313.0333   14.420  0.003    2  1 
  51313.0360   14.421  0.003    2  1 
  51313.0386   14.416  0.003    2  1 
  51313.0413   14.417  0.004    2  1 
  51313.0595   14.386  0.003    2  1 
  51313.0622   14.378  0.003    2  1 
  51313.0648   14.374  0.003    2  1 
  51313.0911   14.337  0.003    2  1 
  51313.0937   14.329  0.003    2  1 
  51313.0964   14.330  0.003    2  1 
  51313.1146   14.307  0.003    2  1 
  51313.1172   14.311  0.003    2  1 
  51313.1199   14.307  0.003    2  1 
  51313.1226   14.306  0.003    2  1 
  51313.9843   14.366  0.003    2  1 
  51313.9872   14.372  0.004    2  1 
  51313.9901   14.375  0.004    2  1 
  51314.0178   14.449  0.004    2  1 
  51314.0207   14.454  0.004    2  1 
  51314.0236   14.466  0.004    2  1 
  51314.0432   14.518  0.004    2  1 
  51314.0461   14.522  0.004    2  1 
  51314.0490   14.530  0.004    2  1 
  51314.0772   14.602  0.004    2  1 
  51314.0802   14.608  0.004    2  1 
  51314.0831   14.619  0.004    2  1 
  51314.1030   14.660  0.004    2  1 
  51314.1059   14.666  0.005    2  1 
  51314.1088   14.664  0.004    2  1 
  51314.1289   14.698  0.004    2  1 
  51314.1333   14.689  0.005    2  1 
  51314.1363   14.694  0.005    2  1 
  51314.9827   14.683  0.004    2  1 
  51314.9856   14.689  0.004    2  1 
  51314.9885   14.680  0.004    2  1 
  51315.0015   14.657  0.004    2  1 
  51315.0043   14.654  0.004    2  1 
  51315.0069   14.642  0.004    2  1 
  51315.0251   14.582  0.003    2  1 
  51315.0277   14.569  0.003    2  1 
  51315.0304   14.556  0.003    2  1 
  51315.0489   14.470  0.003    2  1 
  51315.0516   14.461  0.003    2  1 
  51315.0542   14.445  0.003    2  1 
  51315.0780   14.399  0.003    2  1 
  51315.0807   14.398  0.003    2  1 
  51315.0833   14.400  0.003    2  1 
  51315.1015   14.368  0.003    2  1 
  51315.1041   14.366  0.003    2  1 
  51315.1068   14.363  0.003    2  1 
  51315.1290   14.331  0.004    2  1 
  51315.1319   14.322  0.004    2  1 
  51316.0194   14.367  0.003    2  1 
  51316.0221   14.370  0.003    2  1 
  51316.0247   14.375  0.003    2  1 
  51316.0431   14.416  0.003    2  1 
  51316.0458   14.427  0.003    2  1 
  51316.0485   14.435  0.003    2  1 
  51316.0667   14.480  0.004    2  1 
  51316.0693   14.492  0.004    2  1 
  51316.0720   14.501  0.003    2  1 
  51316.0905   14.545  0.004    2  1 
  51316.0934   14.552  0.004    2  1 
  51316.0963   14.559  0.004    2  1 
  51316.1148   14.604  0.003    2  1 
  51316.1175   14.614  0.004    2  1 
  51316.1201   14.617  0.004    2  1 
  51316.9647   14.668  0.004    2  1 
  51316.9676   14.680  0.004    2  1 
  51316.9705   14.682  0.004    2  1 
  51316.9896   14.689  0.004    2  1 
  51316.9923   14.694  0.004    2  1 
  51316.9949   14.696  0.004    2  1 
  51317.0088   14.694  0.004    2  1 
  51317.0117   14.689  0.004    2  1 
  51317.0321   14.673  0.005    2  1 
  51317.0351   14.668  0.004    2  1 
  51317.0391   14.651  0.004    2  1 
  51317.0602   14.590  0.004    2  1 
  51317.0631   14.578  0.004    2  1 
  51317.0660   14.564  0.004    2  1 
  51317.0858   14.465  0.004    2  1 
  51317.0887   14.454  0.004    2  1 
  51317.0916   14.448  0.004    2  1 
  51317.1111   14.415  0.004    2  1 
  51317.1140   14.403  0.005    2  1 
  51317.1169   14.409  0.004    2  1 
  51317.9628   14.361  0.004    2  1 
  51317.9657   14.353  0.004    2  1 
  51317.9685   14.350  0.004    2  1 
  51317.9883   14.320  0.004    2  1 
  51317.9912   14.319  0.004    2  1 
  51317.9941   14.321  0.003    2  1 
  51318.0135   14.312  0.004    2  1 
  51318.0164   14.315  0.004    2  1 
  51318.0194   14.311  0.004    2  1 
  51318.0413   14.335  0.004    2  1 
  51318.0445   14.334  0.004    2  1 
  51318.0477   14.347  0.004    2  1 
  51318.0697   14.391  0.004    2  1 
  51318.0730   14.401  0.005    2  1 
  51318.0762   14.407  0.005    2  1 
  51318.0981   14.467  0.005    2  1 
  51318.1014   14.480  0.005    2  1 
  51318.1046   14.491  0.005    2  1 
  51318.1265   14.550  0.005    2  1 
  51318.1298   14.562  0.005    2  1 
  51318.9642   14.610  0.003    2  1 
  51318.9680   14.606  0.004    2  1 
  51318.9708   14.625  0.004    2  1 
  51318.9737   14.627  0.004    2  1 
  51318.9929   14.660  0.004    2  1 
  51318.9956   14.667  0.004    2  1 
  51318.9983   14.665  0.004    2  1 
  51319.0180   14.691  0.005    2  1 
  51319.0209   14.695  0.004    2  1 
  51319.0238   14.690  0.004    2  1 
  51319.0443   14.696  0.004    2  1 
  51319.0474   14.697  0.004    2  1 
  51319.0505   14.694  0.005    2  1 
  51319.0793   14.658  0.004    2  1 
  51319.0820   14.652  0.004    2  1 
  51319.0847   14.642  0.003    2  1 
  51319.1030   14.569  0.004    2  1 
  51319.1084   14.543  0.003    2  1 
  51319.1110   14.529  0.003    2  1 
  51320.1030   14.387  0.003    2  1 
  51320.1053   14.388  0.003    2  1 
  51320.1076   14.395  0.003    2  1 
  51320.1238   14.442  0.003    2  1 
  51320.1261   14.447  0.003    2  1 
  51320.1284   14.453  0.003    2  1 
  51320.1450   14.502  0.003    2  1 
  51320.1477   14.507  0.003    2  1 
  51320.1503   14.517  0.003    2  1 
  51320.9635   14.516  0.004    2  1 
  51320.9664   14.516  0.004    2  1 
  51320.9693   14.525  0.004    2  1 
  51320.9887   14.579  0.003    2  1 
  51320.9911   14.578  0.003    2  1 
  51320.9936   14.590  0.003    2  1 
  51321.0102   14.618  0.003    2  1 
  51321.0126   14.630  0.003    2  1 
  51321.0150   14.631  0.003    2  1 
  51321.0318   14.658  0.003    2  1 
  51321.0344   14.663  0.003    2  1 
  51321.0369   14.669  0.003    2  1 
  51321.0543   14.683  0.003    2  1 
  51321.0568   14.684  0.003    2  1 
  51321.0594   14.688  0.003    2  1 
  51321.0847   14.698  0.004    2  1 
  51321.0873   14.694  0.004    2  1 
  51321.0898   14.696  0.004    2  1 
  51321.1133   14.666  0.004    2  1 
  51321.1159   14.660  0.004    2  1 
  51321.1186   14.658  0.004    2  1 
  51321.1339   14.602  0.004    2  1 
  51321.1365   14.588  0.004    2  1 
  51332.9696   14.462  0.005    2  1 
  51332.9739   14.447  0.005    2  1 
  51332.9891   14.419  0.004    2  1 
  51332.9928   14.415  0.005    2  1 
  51332.9965   14.412  0.005    2  1 
  51333.0083   14.389  0.004    2  1 
  51333.0120   14.381  0.004    2  1 
  51333.0226   14.361  0.004    2  1 
  51333.0264   14.356  0.004    2  1 
  51333.0514   14.326  0.004    2  1 
  51333.0552   14.326  0.005    2  1 
  51333.0742   14.313  0.004    2  1 
  51333.0779   14.312  0.005    2  1 
  51333.0907   14.312  0.004    2  1 
  51333.0945   14.313  0.004    2  1 
  51333.1178   14.337  0.004    2  1 
  51333.1221   14.346  0.004    2  1 
  51333.1335   14.373  0.005    2  1 
  51333.1369   14.382  0.005    2  1 
  51333.1529   14.428  0.005    2  1 
  51333.1565   14.437  0.005    2  1 
  51333.1716   14.482  0.005    2  1 
  51333.1752   14.498  0.005    2  1 
  51334.9841   14.575  0.004    2  1 
  51334.9871   14.559  0.004    2  1 
  51335.0175   14.423  0.004    2  1 
  51335.0204   14.424  0.003    2  1 
  51335.0301   14.411  0.004    2  1 
  51335.0334   14.402  0.004    2  1 
  51335.0517   14.364  0.004    2  1 
  51335.0552   14.357  0.004    2  1 
  51335.0692   14.334  0.004    2  1 
  51335.0727   14.329  0.004    2  1 
  51335.0833   14.321  0.004    2  1 
  51335.0867   14.319  0.004    2  1 
  51335.1133   14.308  0.004    2  1 
  51335.1167   14.304  0.004    2  1 
  51335.9535   14.320  0.004    2  1 
  51335.9726   14.346  0.004    2  1 
  51335.9768   14.356  0.004    2  1 
  51335.9997   14.416  0.004    2  1 
  51336.0027   14.421  0.004    2  1 
  51336.0203   14.475  0.004    2  1 
  51336.0236   14.480  0.004    2  1 
  51336.0357   14.517  0.004    2  1 
  51336.0388   14.531  0.004    2  1 
  51336.0593   14.582  0.004    2  1 
  51336.0629   14.592  0.005    2  1 
  51336.0769   14.617  0.005    2  1 
  51336.0803   14.631  0.005    2  1 
  51336.1025   14.666  0.005    2  1 
  51336.1059   14.667  0.005    2  1 
  51336.1206   14.688  0.005    2  1 
  51336.1240   14.687  0.005    2  1 
  51337.0101   14.615  0.005    2  1 
  51337.9904   14.317  0.004    2  1 
  51337.9940   14.327  0.005    2  1 
  51338.0162   14.363  0.004    2  1 
  51338.0196   14.372  0.004    2  1 
  51338.0339   14.408  0.005    2  1 
  51338.0376   14.412  0.005    2  1 
  51338.9901   14.701  0.004    2  1 
  51338.9938   14.696  0.004    2  1 
  51339.0226   14.674  0.005    2  1 
  51339.0269   14.664  0.005    2  1 
  51339.0867   14.446  0.005    2  1 
  51339.0905   14.433  0.005    2  1 
  51339.1139   14.394  0.004    2  1 
  51339.1177   14.386  0.004    2  1 
  51339.1448   14.346  0.004    2  1 
  51339.1482   14.340  0.004    2  1 
  51339.9766   14.333  0.003    2  1 
  51339.9795   14.326  0.003    2  1 
  51340.0044   14.311  0.003    2  1 
  51340.0078   14.316  0.003    2  1 
  51340.0274   14.327  0.004    2  1 
  51340.0306   14.332  0.004    2  1 
  51340.0540   14.381  0.004    2  1 
  51340.0572   14.389  0.004    2  1 
  51340.0857   14.458  0.004    2  1 
  51340.0892   14.471  0.004    2  1 
  51340.1152   14.545  0.004    2  1 
  51340.1197   14.558  0.004    2  1 
  51340.1229   14.561  0.004    2  1 
  51340.1263   14.574  0.004    2  1 
  51340.1404   14.609  0.005    2  1 
  51340.1437   14.622  0.005    2  1 
  51344.9924   14.508  0.004    2  1 
  51344.9958   14.519  0.003    2  1 
  51344.9988   14.523  0.003    2  1 
  51345.0216   14.586  0.004    2  1 
  51345.0255   14.594  0.005    2  1 
  51345.0302   14.610  0.004    2  1 
  51345.0553   14.661  0.004    2  1 
  51345.0603   14.669  0.004    2  1 
  51345.9856   14.543  0.005    2  1 
  51345.9896   14.524  0.005    2  1 
  51346.0219   14.419  0.005    2  1 
  51346.0264   14.413  0.004    2  1 
  51346.0486   14.376  0.004    2  1 
  51346.0523   14.369  0.004    2  1 
  51346.0791   14.321  0.004    2  1 
  51346.0826   14.322  0.003    2  1 
  51347.0416   14.547  0.004    2  1 
  51347.0453   14.554  0.003    2  1 
  51347.0743   14.623  0.004    2  1 
  51347.0777   14.626  0.004    2  1 
  51347.0990   14.667  0.004    2  1 
  51347.1022   14.666  0.003    2  1 
  51347.9769   14.678  0.004    2  1 
  51347.9802   14.678  0.004    2  1 
  51347.9834   14.669  0.004    2  1 
  51347.9983   14.637  0.004    2  1 
  51348.0028   14.621  0.004    2  1 
  51348.0063   14.612  0.004    2  1 
  51348.0242   14.527  0.004    2  1 
  51348.0274   14.506  0.004    2  1 
  51348.0943   14.352  0.005    2  1 
  51348.0983   14.348  0.005    2  1 
  51348.1018   14.340  0.005    2  1 
  51348.9650   14.305  0.004    2  1 
  51348.9682   14.311  0.004    2  1 
  51348.9853   14.327  0.003    2  1 
  51348.9883   14.332  0.003    2  1 
  51348.9912   14.335  0.003    2  1 
  51349.0316   14.428  0.004    2  1 
  51349.0346   14.435  0.004    2  1 
  51349.9815   14.688  0.004    2  1 
  51349.9851   14.686  0.004    2  1 
  51349.9973   14.690  0.004    2  1 
  51350.0033   14.684  0.005    2  1 
  51350.0066   14.686  0.004    2  1 
  51350.0164   14.675  0.004    2  1 
  51350.0197   14.675  0.004    2  1 
  51350.0296   14.646  0.004    2  1 
  51380.9973   14.595  0.004    2  1 
  51381.0004   14.574  0.003    2  1 
  51381.0031   14.566  0.003    2  1 
  51381.0187   14.487  0.003    2  1 
  51381.0214   14.476  0.003    2  1 
  51381.0242   14.467  0.003    2  1 
  51381.9830   14.331  0.004    2  1 
  51381.9859   14.329  0.004    2  1 
  51381.9888   14.343  0.004    2  1 
  51382.0000   14.367  0.004    2  1 
  51382.0029   14.371  0.004    2  1 
  51382.9793   14.697  0.005    2  1 
  51382.9826   14.699  0.004    2  1 
  51382.9857   14.696  0.004    2  1 
  51382.9965   14.692  0.004    2  1 
  51382.9995   14.697  0.005    2  1 
  51383.9746   14.295  0.003    2  1 
  51383.9773   14.300  0.003    2  1 
  51383.9799   14.301  0.003    2  1 
  51383.9899   14.299  0.003    2  1 
  51383.9926   14.306  0.003    2  1 
  51384.9751   14.664  0.003    2  1 
  51384.9777   14.664  0.003    2  1 
  51384.9802   14.665  0.003    2  1 
  51384.9896   14.674  0.003    2  1 
  51384.9921   14.679  0.003    2  1 
  51385.9711   14.360  0.003    2  1 
  51385.9737   14.355  0.003    2  1 
  51385.9763   14.359  0.003    2  1 
  51385.9857   14.334  0.003    2  1 
  51385.9884   14.337  0.003    2  1 
  51386.9965   14.644  0.004    2  1 
  51387.0003   14.649  0.004    2  1 
  51387.0041   14.657  0.004    2  1 
  51387.0216   14.674  0.005    2  1 
  51387.0254   14.679  0.004    2  1 
  51387.0293   14.674  0.004    2  1 
  51388.9801   14.527  0.004    2  1 
  51388.9834   14.529  0.004    2  1 
  51388.9866   14.533  0.004    2  1 
  51388.9984   14.569  0.005    2  1 
  51389.0017   14.577  0.005    2  1 
  51389.9783   14.506  0.003    2  1 
  51389.9809   14.505  0.003    2  1 
  51389.9836   14.483  0.003    2  1 
  51390.9729   14.400  0.003    2  1 
  51390.9756   14.405  0.003    2  1 
  51390.9783   14.409  0.003    2  1 
  51391.9728   14.653  0.003    2  1 
  51391.9754   14.654  0.003    2  1 
  51391.9779   14.646  0.003    2  1 
  51671.0871   14.703  0.005    2  1 
  51671.0917   14.699  0.005    2  1 
  51671.0952   14.700  0.004    2  1 
  51671.1189   14.679  0.004    2  1 
  51671.1232   14.664  0.004    2  1 
  51671.9996   14.424  0.004    2  1 
  51672.0039   14.417  0.003    2  1 
  51672.0350   14.365  0.003    2  1 
  51672.0382   14.361  0.003    2  1 
  51673.0232   14.538  0.003    2  1 
  51674.0574   14.402  0.005    2  1 
  51674.0620   14.332  0.006    2  1 
  51674.0938   14.338  0.005    2  1 
  51674.0985   14.331  0.004    2  1 
  51674.1159   14.304  0.004    2  1 
  51674.1223   14.302  0.004    2  1 
  51674.9763   14.324  0.004    2  1 
  51674.9824   14.340  0.005    2  1 
  51675.0212   14.425  0.005    2  1 
  51676.0163   14.674  0.004    2  1 
  51692.9816   14.487  0.004    2  1 
  51692.9854   14.502  0.004    2  1 
  51693.9780   14.571  0.004    2  1 
  51693.9814   14.560  0.004    2  1 
  51694.9914   14.409  0.003    2  1 
  51694.9946   14.421  0.003    2  1 
  51765.9974   14.622  0.004    2  1 
  51766.0012   14.628  0.004    2  1 
  51766.0048   14.642  0.004    2  1 
  51766.0266   14.679  0.005    2  1 
  51766.0301   14.671  0.005    2  1 
  51216.3408   15.071  0.004    3  1 
  51216.3905   15.147  0.004    3  1 
  51217.3019   14.812  0.003    3  1 
  51217.3710   14.619  0.003    3  1 
  51217.3906   14.618  0.003    3  1 
  51218.2854   14.728  0.003    3  1 
  51218.3156   14.844  0.004    3  1 
  51218.3347   14.921  0.003    3  1 
  51218.3848   15.080  0.004    3  1 
  51219.2918   15.103  0.004    3  1 
  51219.3100   15.010  0.004    3  1 
  51219.3296   14.869  0.003    3  1 
  51219.3536   14.765  0.003    3  1 
  51219.3723   14.760  0.003    3  1 
  51220.2720   14.605  0.003    3  1 
  51220.2946   14.657  0.003    3  1 
  51220.3299   14.768  0.003    3  1 
  51220.3473   14.831  0.003    3  1 
  51220.3643   14.901  0.003    3  1 
  51220.3816   14.961  0.003    3  1 
  51221.2763   15.158  0.004    3  1 
  51221.2964   15.160  0.004    3  1 
  51221.3318   15.088  0.004    3  1 
  51221.3496   14.988  0.003    3  1 
  51283.2546   15.032  0.003    3  1 
  51283.2783   14.872  0.003    3  1 
  51283.3008   14.771  0.003    3  1 
  51283.3322   14.696  0.003    3  1 
  51283.3553   14.645  0.002    3  1 
  51283.3773   14.611  0.003    3  1 
  51284.2134   14.625  0.003    3  1 
  51284.2375   14.652  0.003    3  1 
  51284.2581   14.696  0.003    3  1 
  51284.2875   14.804  0.003    3  1 
  51284.3124   14.913  0.003    3  1 
  51284.3383   15.012  0.003    3  1 
  51285.0451   14.664  0.002    3  1 
  51285.0691   14.710  0.003    3  1 
  51285.0932   14.787  0.003    3  1 
  51285.1257   14.911  0.003    3  1 
  51285.1514   15.007  0.003    3  1 
  51285.1754   15.085  0.003    3  1 
  51285.2060   15.148  0.003    3  1 
  51285.2321   15.157  0.003    3  1 
  51285.2586   15.138  0.003    3  1 
  51285.2928   15.004  0.003    3  1 
  51285.3257   14.819  0.003    3  1 
  51286.0670   15.153  0.003    3  1 
  51286.1302   14.855  0.003    3  1 
  51286.1833   14.684  0.003    3  1 
  51286.2193   14.649  0.003    3  1 
  51286.2434   14.629  0.003    3  1 
  51286.2655   14.642  0.003    3  1 
  51286.3291   14.834  0.003    3  1 
  51286.3521   14.935  0.003    3  1 
  51304.9838   14.620  0.002    3  1 
  51305.0251   14.690  0.003    3  1 
  51305.0718   14.858  0.003    3  1 
  51305.1465   15.099  0.004    3  1 
  51305.1755   15.147  0.004    3  1 
  51305.2054   15.151  0.005    3  1 
  51305.2345   15.089  0.004    3  1 
  51305.2666   14.901  0.003    3  1 
  51305.2880   14.781  0.003    3  1 
  51306.0428   15.136  0.004    3  1 
  51306.0809   14.905  0.003    3  1 
  51306.1330   14.722  0.003    3  1 
  51306.2771   14.814  0.003    3  1 
  51306.2972   14.902  0.003    3  1 
  51308.0600   15.163  0.003    3  1 
  51308.0958   14.923  0.003    3  1 
  51308.1244   14.832  0.003    3  1 
  51310.1132   15.138  0.003    3  1 
  51311.9792   14.823  0.004    3  1 
  51311.9983   14.877  0.003    3  1 
  51312.0087   14.925  0.004    3  1 
  51312.0350   15.013  0.003    3  1 
  51312.0550   15.061  0.003    3  1 
  51312.0672   15.104  0.003    3  1 
  51312.0870   15.126  0.003    3  1 
  51312.0988   15.145  0.004    3  1 
  51312.9828   15.039  0.003    3  1 
  51313.0063   14.874  0.003    3  1 
  51313.0300   14.774  0.003    3  1 
  51313.0562   14.736  0.003    3  1 
  51313.1113   14.602  0.002    3  1 
  51313.9807   14.687  0.003    3  1 
  51314.0143   14.808  0.003    3  1 
  51314.0397   14.900  0.003    3  1 
  51314.1124   15.124  0.004    3  1 
  51314.9752   15.159  0.003    3  1 
  51315.0102   15.077  0.003    3  1 
  51315.0336   14.921  0.003    3  1 
  51315.0747   14.740  0.003    3  1 
  51315.0982   14.699  0.003    3  1 
  51315.1216   14.646  0.003    3  1 
  51316.0399   14.767  0.003    3  1 
  51316.0634   14.847  0.003    3  1 
  51316.0869   14.938  0.003    3  1 
  51316.1115   15.026  0.003    3  1 
  51316.9740   15.149  0.003    3  1 
  51317.0052   15.152  0.004    3  1 
  51317.0282   15.129  0.004    3  1 
  51317.0566   15.019  0.003    3  1 
  51317.0822   14.845  0.003    3  1 
  51317.1075   14.752  0.003    3  1 
  51317.9847   14.642  0.003    3  1 
  51318.0099   14.626  0.003    3  1 
  51318.0374   14.646  0.004    3  1 
  51318.1226   14.938  0.004    3  1 
  51318.9772   15.086  0.003    3  1 
  51319.0274   15.114  0.004    3  1 
  51319.0997   14.987  0.003    3  1 
  51320.1417   14.878  0.003    3  1 
  51320.9728   14.950  0.003    3  1 
  51321.0400   15.126  0.003    3  1 
  51321.0624   15.141  0.003    3  1 
  51321.0930   15.115  0.003    3  1 
  51321.1217   15.083  0.003    3  1 
  51380.9937   15.028  0.003    3  1 
  51381.9793   14.646  0.003    3  1 
  51382.9755   15.155  0.004    3  1 
  51384.9721   15.056  0.002    3  1 
  51385.9679   14.588  0.002    3  1 
  51386.9917   15.066  0.003    3  1 
  51388.9755   14.899  0.003    3  1 
  51389.9750   14.907  0.003    3  1 
  51391.9697   15.134  0.002    3  1 
  51693.9923   14.886  0.003    3  1 
 56468.97641   13.211  0.029   -1  1 
 56469.04707   13.421  0.031   -1  1 
 56469.10896   13.234  0.030   -1  1 
 56469.17285   13.306  0.008   -1  1 
 56471.00364   13.224  0.019   -1  1 
 56471.06640   13.244  0.006   -1  1 
 56471.12490   13.439  0.018   -1  1 
 56471.18188   13.466  0.023   -1  1 
 56471.96759   13.608  0.029   -1  1 
 56472.03374   13.479  0.021   -1  1 
 56472.09484   13.351  0.007   -1  1 
 56472.15243   13.399  0.018   -1  1 
 56468.95296   13.372  0.034   -2  1 
 56469.02441   13.185  0.019   -2  1 
 56469.08813   13.335  0.018   -2  1 
 56469.15134   13.233  0.009   -2  1 
 56471.02588   13.258  0.018   -2  1 
 56471.08671   13.225  0.019   -2  1 
 56471.14302   13.237  0.007   -2  1 
 56471.94704   13.237  0.021   -2  1 
 56472.01085   13.126  0.028   -2  1 
 56472.07480   13.434  0.027   -2  1 
 56472.13240   13.282  0.005   -2  1 
 56472.19216   13.279  0.005   -2  1 
 56469.00041   13.485  0.015   -5  1 
 56469.06767   13.460  0.011   -5  1 
 56469.13003   13.527  0.007   -5  1 
 56469.19349   13.604  0.012   -5  1 
 56470.98130   13.565  0.009   -5  1 
 56471.04693   13.445  0.010   -5  1 
 56471.10523   13.503  0.013   -5  1 
 56471.16397   13.549  0.005   -5  1 
 56471.98857   13.549  0.012   -5  1 
 56472.05430   13.632  0.008   -5  1 
 56472.11383   13.637  0.011   -5  1 
 56472.17109   13.572  0.009   -5  1 
