 56468.97641   13.389  0.016   -1  1 
 56469.04707   13.454  0.032   -1  1 
 56469.10896   13.603  0.021   -1  1 
 56469.17285   13.272  0.006   -1  1 
 56471.00364   13.352  0.013   -1  1 
 56471.06640   13.301  0.005   -1  1 
 56471.12490   13.209  0.010   -1  1 
 56471.18188   13.378  0.015   -1  1 
 56471.96759   13.223  0.030   -1  1 
 56472.03374   13.223  0.007   -1  1 
 56472.09484   13.321  0.009   -1  1 
 56472.15243   13.401  0.006   -1  1 
 56468.95296   13.252  0.023   -2  1 
 56469.02441   13.337  0.017   -2  1 
 56469.08813   13.387  0.020   -2  1 
 56469.15134   13.291  0.008   -2  1 
 56471.02588   13.346  0.019   -2  1 
 56471.08671   13.303  0.006   -2  1 
 56471.14302   13.265  0.006   -2  1 
 56471.94704   13.173  0.007   -2  1 
 56472.01085   13.326  0.010   -2  1 
 56472.07480   13.493  0.024   -2  1 
 56472.13240   13.297  0.005   -2  1 
 56472.19216   13.298  0.005   -2  1 
 56469.00041   13.631  0.008   -5  1 
 56469.06767   13.623  0.010   -5  1 
 56469.13003   13.547  0.007   -5  1 
 56469.19349   13.503  0.005   -5  1 
 56470.98130   13.632  0.009   -5  1 
 56471.04693   13.540  0.015   -5  1 
 56471.10523   13.490  0.015   -5  1 
 56471.16397   13.428  0.007   -5  1 
 56471.98857   13.479  0.009   -5  1 
 56472.05430   13.576  0.014   -5  1 
 56472.11383   13.629  0.006   -5  1 
 56472.17109   13.595  0.004   -5  1 
