 56468.97641   12.852  0.016   -1  1 
 56469.04707   13.033  0.016   -1  1 
 56469.10896   12.989  0.021   -1  1 
 56469.17285   12.811  0.009   -1  1 
 56471.00364   12.618  0.018   -1  1 
 56471.06640   13.126  0.019   -1  1 
 56471.12490   12.592  0.011   -1  1 
 56471.18188   12.701  0.010   -1  1 
 56471.96759   12.907  0.013   -1  1 
 56472.03374   12.823  0.006   -1  1 
 56472.09484   13.099  0.035   -1  1 
 56472.15243   12.626  0.014   -1  1 
 56468.95296   12.766  0.021   -2  1 
 56469.02441   13.027  0.025   -2  1 
 56469.08813   12.961  0.015   -2  1 
 56469.15134   12.851  0.011   -2  1 
 56471.02588   12.795  0.016   -2  1 
 56471.08671   12.698  0.009   -2  1 
 56471.14302   12.580  0.009   -2  1 
 56471.94704   12.762  0.020   -2  1 
 56472.01085   12.931  0.016   -2  1 
 56472.07480   12.784  0.008   -2  1 
 56472.13240   12.679  0.011   -2  1 
 56472.19216   12.630  0.017   -2  1 
