  51216.2987   14.227  0.003    2  1 
  51216.3275   14.309  0.004    2  1 
  51216.3519   14.366  0.004    2  1 
  51216.3771   14.413  0.004    2  1 
  51217.2851   14.729  0.004    2  1 
  51217.3152   14.771  0.005    2  1 
  51217.3378   14.759  0.004    2  1 
  51217.3598   14.761  0.004    2  1 
  51217.3804   14.753  0.004    2  1 
  51218.3013   14.024  0.003    2  1 
  51218.3254   14.058  0.003    2  1 
  51218.3504   14.150  0.003    2  1 
  51218.3753   14.214  0.003    2  1 
  51219.2775   14.627  0.004    2  1 
  51219.3014   14.658  0.004    2  1 
  51219.3186   14.675  0.004    2  1 
  51219.3397   14.703  0.004    2  1 
  51219.3635   14.733  0.004    2  1 
  51219.3810   14.756  0.004    2  1 
  51220.2867   14.866  0.004    2  1 
  51220.3036   14.733  0.004    2  1 
  51220.3219   14.414  0.004    2  1 
  51220.3564   14.090  0.003    2  1 
  51220.3729   14.025  0.003    2  1 
  51220.3920   14.042  0.003    2  1 
  51221.2619   14.504  0.004    2  1 
  51221.2873   14.544  0.004    2  1 
  51221.3052   14.573  0.004    2  1 
  51221.3230   14.596  0.004    2  1 
  51221.3396   14.620  0.004    2  1 
  51221.3577   14.636  0.004    2  1 
  51221.3762   14.657  0.004    2  1 
  51283.2102   14.911  0.004    2  1 
  51283.2288   14.905  0.004    2  1 
  51283.2338   14.919  0.004    2  1 
  51283.2391   14.912  0.004    2  1 
  51283.2642   14.758  0.004    2  1 
  51283.2680   14.708  0.004    2  1 
  51283.2868   14.367  0.003    2  1 
  51283.2902   14.344  0.003    2  1 
  51283.3138   14.121  0.003    2  1 
  51283.3170   14.091  0.003    2  1 
  51283.3408   14.006  0.003    2  1 
  51283.3447   14.012  0.003    2  1 
  51283.3642   14.059  0.003    2  1 
  51283.3673   14.067  0.003    2  1 
  51284.1955   14.448  0.003    2  1 
  51284.1993   14.455  0.003    2  1 
  51284.2266   14.509  0.003    2  1 
  51284.2298   14.518  0.003    2  1 
  51284.2475   14.537  0.004    2  1 
  51284.2506   14.547  0.003    2  1 
  51284.2679   14.571  0.003    2  1 
  51284.2711   14.575  0.003    2  1 
  51284.3004   14.615  0.004    2  1 
  51284.3036   14.627  0.004    2  1 
  51284.3257   14.642  0.004    2  1 
  51284.3289   14.647  0.004    2  1 
  51285.0269   14.651  0.003    2  1 
  51285.0299   14.657  0.003    2  1 
  51285.0607   14.692  0.003    2  1 
  51285.0814   14.719  0.003    2  1 
  51285.0847   14.720  0.004    2  1 
  51285.1052   14.747  0.004    2  1 
  51285.1084   14.754  0.004    2  1 
  51285.1396   14.766  0.004    2  1 
  51285.1427   14.770  0.004    2  1 
  51285.1624   14.758  0.004    2  1 
  51285.1654   14.759  0.004    2  1 
  51285.1891   14.776  0.004    2  1 
  51285.1924   14.775  0.004    2  1 
  51285.2195   14.804  0.004    2  1 
  51285.2227   14.812  0.004    2  1 
  51285.2468   14.856  0.004    2  1 
  51285.2498   14.857  0.004    2  1 
  51285.2738   14.895  0.004    2  1 
  51285.2775   14.902  0.004    2  1 
  51285.3077   14.921  0.004    2  1 
  51285.3112   14.921  0.005    2  1 
  51285.3425   14.715  0.004    2  1 
  51285.3456   14.670  0.004    2  1 
  51286.0177   14.864  0.004    2  1 
  51286.0241   14.822  0.004    2  1 
  51286.0542   14.373  0.003    2  1 
  51286.0574   14.349  0.003    2  1 
  51286.0794   14.152  0.003    2  1 
  51286.0832   14.116  0.003    2  1 
  51286.1105   14.037  0.003    2  1 
  51286.1136   14.035  0.003    2  1 
  51286.1441   14.118  0.003    2  1 
  51286.1472   14.129  0.003    2  1 
  51286.1708   14.209  0.003    2  1 
  51286.1740   14.203  0.003    2  1 
  51286.1969   14.253  0.003    2  1 
  51286.2002   14.272  0.003    2  1 
  51286.2322   14.356  0.003    2  1 
  51286.2352   14.366  0.003    2  1 
  51286.2544   14.406  0.003    2  1 
  51286.2573   14.409  0.003    2  1 
  51286.2785   14.457  0.003    2  1 
  51286.2816   14.466  0.003    2  1 
  51286.3149   14.527  0.003    2  1 
  51286.3179   14.526  0.003    2  1 
  51286.3375   14.565  0.003    2  1 
  51286.3409   14.571  0.004    2  1 
  51286.3604   14.595  0.004    2  1 
  51286.3635   14.598  0.004    2  1 
  51286.3665   14.601  0.004    2  1 
  51304.9667   14.475  0.003    2  1 
  51304.9697   14.481  0.003    2  1 
  51304.9956   14.537  0.003    2  1 
  51304.9985   14.540  0.003    2  1 
  51305.0393   14.596  0.003    2  1 
  51305.0423   14.597  0.003    2  1 
  51305.0812   14.649  0.004    2  1 
  51305.0852   14.651  0.004    2  1 
  51305.1040   14.672  0.004    2  1 
  51305.1077   14.678  0.004    2  1 
  51305.1328   14.709  0.004    2  1 
  51305.1357   14.715  0.004    2  1 
  51305.1582   14.736  0.004    2  1 
  51305.1616   14.736  0.004    2  1 
  51305.1919   14.771  0.005    2  1 
  51305.1953   14.773  0.004    2  1 
  51305.2170   14.762  0.004    2  1 
  51305.2202   14.769  0.004    2  1 
  51305.2493   14.770  0.004    2  1 
  51305.2523   14.774  0.004    2  1 
  51305.2764   14.795  0.004    2  1 
  51305.2796   14.794  0.004    2  1 
  51305.3025   14.844  0.004    2  1 
  51305.3054   14.841  0.004    2  1 
  51305.9643   14.785  0.004    2  1 
  51305.9672   14.789  0.004    2  1 
  51306.0313   14.895  0.003    2  1 
  51306.0340   14.905  0.004    2  1 
  51306.0638   14.917  0.004    2  1 
  51306.0674   14.913  0.004    2  1 
  51306.0960   14.726  0.003    2  1 
  51306.0990   14.673  0.003    2  1 
  51306.1183   14.348  0.003    2  1 
  51306.1209   14.355  0.003    2  1 
  51306.1434   14.164  0.003    2  1 
  51306.1474   14.122  0.003    2  1 
  51306.1743   14.023  0.002    2  1 
  51306.1770   14.036  0.002    2  1 
  51306.1996   14.084  0.002    2  1 
  51306.2025   14.104  0.002    2  1 
  51306.2207   14.122  0.002    2  1 
  51306.2235   14.164  0.002    2  1 
  51306.2407   14.202  0.002    2  1 
  51306.2432   14.220  0.002    2  1 
  51306.2458   14.218  0.002    2  1 
  51306.2665   14.279  0.002    2  1 
  51306.2691   14.287  0.002    2  1 
  51306.2862   14.319  0.003    2  1 
  51306.2895   14.334  0.003    2  1 
  51306.3068   14.375  0.003    2  1 
  51306.3101   14.378  0.003    2  1 
  51306.9828   14.364  0.004    2  1 
  51306.9870   14.380  0.003    2  1 
  51307.0161   14.450  0.003    2  1 
  51307.0270   14.466  0.003    2  1 
  51307.0388   14.485  0.003    2  1 
  51307.0824   14.580  0.004    2  1 
  51307.9862   14.773  0.003    2  1 
  51307.9901   14.764  0.003    2  1 
  51308.0178   14.768  0.003    2  1 
  51308.0212   14.772  0.003    2  1 
  51308.0443   14.792  0.003    2  1 
  51308.1072   14.897  0.004    2  1 
  51308.1114   14.903  0.004    2  1 
  51310.1342   14.818  0.003    2  1 
  51310.1371   14.820  0.003    2  1 
  51310.1402   14.831  0.003    2  1 
  51314.9621   14.787  0.004    2  1 
  51314.9650   14.798  0.004    2  1 
  51314.9679   14.801  0.004    2  1 
  51314.9914   14.839  0.004    2  1 
  51314.9943   14.849  0.004    2  1 
  51314.9972   14.856  0.004    2  1 
  51315.0171   14.893  0.004    2  1 
  51315.0197   14.897  0.004    2  1 
  51315.0224   14.898  0.004    2  1 
  51315.0409   14.914  0.004    2  1 
  51315.0436   14.919  0.004    2  1 
  51315.0462   14.924  0.004    2  1 
  51315.0650   14.907  0.004    2  1 
  51315.0677   14.899  0.004    2  1 
  51315.0860   14.792  0.003    2  1 
  51315.0887   14.775  0.003    2  1 
  51315.0913   14.750  0.003    2  1 
  51315.1094   14.434  0.003    2  1 
  51315.1121   14.393  0.003    2  1 
  51315.1148   14.366  0.003    2  1 
  51316.0303   14.471  0.003    2  1 
  51316.0330   14.473  0.003    2  1 
  51316.0511   14.506  0.003    2  1 
  51316.0538   14.509  0.003    2  1 
  51316.0565   14.517  0.003    2  1 
  51316.0746   14.551  0.003    2  1 
  51316.0773   14.554  0.003    2  1 
  51316.0800   14.557  0.003    2  1 
  51316.0992   14.581  0.003    2  1 
  51316.1020   14.588  0.003    2  1 
  51316.1046   14.589  0.003    2  1 
  51316.1228   14.611  0.003    2  1 
  51316.1255   14.621  0.003    2  1 
  51316.1281   14.616  0.003    2  1 
  51316.9815   14.763  0.004    2  1 
  51316.9843   14.771  0.004    2  1 
  51316.9869   14.764  0.003    2  1 
  51316.9978   14.768  0.004    2  1 
  51317.0147   14.778  0.004    2  1 
  51317.0176   14.776  0.004    2  1 
  51317.0205   14.773  0.004    2  1 
  51317.0420   14.804  0.004    2  1 
  51317.0450   14.806  0.005    2  1 
  51317.0483   14.816  0.004    2  1 
  51317.0689   14.851  0.004    2  1 
  51317.0718   14.852  0.004    2  1 
  51317.0747   14.854  0.004    2  1 
  51317.0946   14.890  0.004    2  1 
  51317.0974   14.896  0.004    2  1 
  51317.1000   14.904  0.004    2  1 
  51317.1199   14.922  0.004    2  1 
  51317.1228   14.916  0.004    2  1 
  51317.1257   14.922  0.004    2  1 
  51317.9715   14.151  0.003    2  1 
  51317.9744   14.116  0.003    2  1 
  51317.9772   14.127  0.003    2  1 
  51317.9970   14.200  0.003    2  1 
  51317.9998   14.209  0.002    2  1 
  51318.0025   14.223  0.003    2  1 
  51318.0227   14.277  0.004    2  1 
  51318.0260   14.305  0.004    2  1 
  51318.0292   14.355  0.004    2  1 
  51318.0510   14.343  0.004    2  1 
  51318.0542   14.360  0.004    2  1 
  51318.0575   14.377  0.004    2  1 
  51318.0795   14.413  0.004    2  1 
  51318.0827   14.435  0.004    2  1 
  51318.0859   14.428  0.004    2  1 
  51318.1079   14.517  0.004    2  1 
  51318.1111   14.513  0.004    2  1 
  51318.1144   14.546  0.004    2  1 
  51318.9846   14.727  0.004    2  1 
  51318.9874   14.732  0.004    2  1 
  51318.9902   14.729  0.003    2  1 
  51319.0093   14.758  0.004    2  1 
  51319.0122   14.762  0.004    2  1 
  51319.0151   14.761  0.004    2  1 
  51319.0351   14.768  0.004    2  1 
  51319.0380   14.769  0.004    2  1 
  51319.0411   14.768  0.004    2  1 
  51319.0623   14.766  0.004    2  1 
  51319.0928   14.771  0.003    2  1 
  51319.1137   14.791  0.003    2  1 
  51319.1164   14.797  0.003    2  1 
  51319.1190   14.804  0.003    2  1 
  51320.0869   14.196  0.002    2  1 
  51320.0909   14.230  0.002    2  1 
  51320.1531   14.408  0.003    2  1 
  51320.1557   14.406  0.003    2  1 
  51320.1584   14.417  0.003    2  1 
  51320.9810   14.634  0.003    2  1 
  51321.0292   14.682  0.003    2  1 
  51321.0466   14.706  0.003    2  1 
  51321.0491   14.709  0.003    2  1 
  51321.0517   14.687  0.003    2  1 
  51321.0689   14.734  0.003    2  1 
  51321.0740   14.741  0.003    2  1 
  51321.0997   14.770  0.003    2  1 
  51321.1023   14.767  0.003    2  1 
  51321.1049   14.767  0.003    2  1 
  51321.1074   14.768  0.003    2  1 
  51321.1100   14.768  0.003    2  1 
  51321.1285   14.767  0.003    2  1 
  51321.1311   14.765  0.003    2  1 
  51332.9607   14.806  0.005    2  1 
  51332.9651   14.810  0.006    2  1 
  51332.9797   14.847  0.005    2  1 
  51332.9834   14.849  0.005    2  1 
  51333.0005   14.881  0.005    2  1 
  51333.0039   14.880  0.005    2  1 
  51333.0156   14.908  0.005    2  1 
  51333.0192   14.903  0.005    2  1 
  51333.0445   14.924  0.005    2  1 
  51333.0479   14.922  0.005    2  1 
  51333.0636   14.880  0.006    2  1 
  51333.0681   14.856  0.006    2  1 
  51333.0834   14.711  0.004    2  1 
  51333.0869   14.661  0.004    2  1 
  51333.0981   14.447  0.004    2  1 
  51333.1018   14.385  0.004    2  1 
  51333.1258   14.185  0.003    2  1 
  51333.1294   14.157  0.004    2  1 
  51333.1410   14.049  0.004    2  1 
  51333.1452   14.020  0.004    2  1 
  51333.1492   14.008  0.004    2  1 
  51333.1642   14.023  0.003    2  1 
  51333.1679   14.030  0.003    2  1 
  51334.9778   14.763  0.003    2  1 
  51334.9806   14.763  0.003    2  1 
  51335.0115   14.773  0.004    2  1 
  51335.0145   14.780  0.004    2  1 
  51335.0237   14.794  0.004    2  1 
  51335.0269   14.795  0.004    2  1 
  51335.0365   14.809  0.004    2  1 
  51335.0396   14.815  0.004    2  1 
  51335.0624   14.858  0.005    2  1 
  51335.0658   14.857  0.005    2  1 
  51335.0766   14.879  0.005    2  1 
  51335.0800   14.885  0.005    2  1 
  51335.1009   14.913  0.004    2  1 
  51335.1041   14.922  0.005    2  1 
  51335.9585   14.104  0.003    2  1 
  51335.9619   14.114  0.003    2  1 
  51335.9661   14.126  0.003    2  1 
  51335.9693   14.136  0.003    2  1 
  51335.9855   14.178  0.003    2  1 
  51335.9915   14.202  0.003    2  1 
  51335.9966   14.222  0.003    2  1 
  51336.0139   14.269  0.003    2  1 
  51336.0172   14.274  0.003    2  1 
  51336.0275   14.306  0.003    2  1 
  51336.0306   14.314  0.003    2  1 
  51336.0439   14.345  0.003    2  1 
  51336.0470   14.352  0.003    2  1 
  51336.0662   14.399  0.004    2  1 
  51336.0696   14.408  0.004    2  1 
  51336.0728   14.412  0.004    2  1 
  51336.0954   14.456  0.004    2  1 
  51336.0989   14.470  0.004    2  1 
  51336.1119   14.499  0.004    2  1 
  51336.1153   14.499  0.004    2  1 
  51336.1297   14.528  0.004    2  1 
  51336.1557   14.613  0.005    2  1 
  51336.1600   14.585  0.005    2  1 
  51336.1647   14.611  0.005    2  1 
  51336.9567   14.700  0.002    2  1 
  51337.0022   14.756  0.004    2  1 
  51337.9827   14.082  0.004    2  1 
  51337.9868   14.080  0.003    2  1 
  51337.9997   14.039  0.003    2  1 
  51338.0033   14.040  0.003    2  1 
  51338.0231   14.097  0.003    2  1 
  51338.0265   14.110  0.003    2  1 
  51338.0304   14.124  0.003    2  1 
  51338.9791   14.640  0.004    2  1 
  51338.9849   14.646  0.004    2  1 
  51339.0116   14.682  0.004    2  1 
  51339.0151   14.683  0.004    2  1 
  51339.0441   14.714  0.004    2  1 
  51339.0477   14.720  0.004    2  1 
  51339.0513   14.727  0.004    2  1 
  51339.0774   14.763  0.004    2  1 
  51339.0807   14.761  0.004    2  1 
  51339.1053   14.768  0.004    2  1 
  51339.1093   14.768  0.004    2  1 
  51339.1327   14.763  0.004    2  1 
  51339.1363   14.764  0.004    2  1 
  51339.9588   14.929  0.004    2  1 
  51339.9627   14.929  0.004    2  1 
  51339.9835   14.882  0.004    2  1 
  51339.9874   14.856  0.004    2  1 
  51340.0115   14.565  0.003    2  1 
  51340.0146   14.493  0.003    2  1 
  51340.0349   14.281  0.003    2  1 
  51340.0380   14.253  0.003    2  1 
  51340.0659   14.031  0.003    2  1 
  51340.0696   14.029  0.003    2  1 
  51340.0938   14.101  0.003    2  1 
  51340.0983   14.116  0.003    2  1 
  51340.1334   14.187  0.003    2  1 
  51340.1366   14.193  0.003    2  1 
  51344.9654   14.124  0.002    2  1 
  51344.9786   14.186  0.003    2  1 
  51344.9829   14.192  0.003    2  1 
  51345.0052   14.264  0.003    2  1 
  51345.0092   14.296  0.003    2  1 
  51345.0132   14.283  0.003    2  1 
  51345.0170   14.292  0.003    2  1 
  51345.0353   14.330  0.003    2  1 
  51345.0390   14.343  0.003    2  1 
  51345.0645   14.402  0.003    2  1 
  51345.0690   14.415  0.003    2  1 
  51345.9658   14.726  0.005    2  1 
  51345.9696   14.729  0.005    2  1 
  51345.9999   14.765  0.005    2  1 
  51346.0043   14.769  0.005    2  1 
  51346.0310   14.765  0.004    2  1 
  51346.0343   14.769  0.004    2  1 
  51346.0571   14.757  0.004    2  1 
  51346.0604   14.763  0.004    2  1 
  51347.0221   14.077  0.003    2  1 
  51347.0274   14.092  0.002    2  1 
  51347.0562   14.183  0.003    2  1 
  51347.0597   14.192  0.003    2  1 
  51347.0815   14.255  0.003    2  1 
  51347.0850   14.261  0.003    2  1 
  51347.9550   14.629  0.003    2  1 
  51347.9581   14.620  0.004    2  1 
  51347.9877   14.651  0.004    2  1 
  51347.9914   14.656  0.004    2  1 
  51347.9948   14.662  0.004    2  1 
  51348.0181   14.696  0.004    2  1 
  51348.0211   14.695  0.004    2  1 
  51348.0849   14.766  0.005    2  1 
  51348.0897   14.769  0.005    2  1 
  51348.1054   14.765  0.005    2  1 
  51348.1088   14.764  0.004    2  1 
  51348.1122   14.764  0.004    2  1 
  51348.9528   14.923  0.004    2  1 
  51348.9557   14.926  0.004    2  1 
  51348.9795   14.872  0.004    2  1 
  51348.9824   14.861  0.004    2  1 
  51348.9941   14.753  0.004    2  1 
  51349.0152   14.388  0.003    2  1 
  51349.0189   14.346  0.003    2  1 
  51349.9596   14.508  0.003    2  1 
  51349.9627   14.517  0.003    2  1 
  51349.9911   14.570  0.003    2  1 
  51349.9944   14.575  0.003    2  1 
  51350.0097   14.596  0.004    2  1 
  51350.0128   14.602  0.004    2  1 
  51350.0228   14.616  0.004    2  1 
  51364.9643   14.058  0.003    2  1 
  51364.9677   14.056  0.003    2  1 
  51380.9714   14.235  0.002    2  1 
  51380.9769   14.247  0.003    2  1 
  51380.9801   14.249  0.003    2  1 
  51380.9845   14.269  0.003    2  1 
  51381.0066   14.319  0.003    2  1 
  51381.0096   14.330  0.003    2  1 
  51381.0136   14.345  0.003    2  1 
  51381.9638   14.751  0.003    2  1 
  51381.9679   14.754  0.004    2  1 
  51381.9716   14.754  0.004    2  1 
  51381.9917   14.772  0.004    2  1 
  51381.9946   14.778  0.004    2  1 
  51382.9605   14.031  0.003    2  1 
  51382.9652   14.028  0.003    2  1 
  51382.9682   14.079  0.003    2  1 
  51382.9887   14.050  0.003    2  1 
  51382.9916   14.066  0.003    2  1 
  51383.9595   14.648  0.003    2  1 
  51383.9648   14.651  0.003    2  1 
  51383.9826   14.678  0.003    2  1 
  51383.9853   14.691  0.003    2  1 
  51384.9631   14.747  0.003    2  1 
  51384.9657   14.663  0.003    2  1 
  51384.9827   14.580  0.003    2  1 
  51384.9853   14.525  0.003    2  1 
  51385.9557   14.540  0.003    2  1 
  51385.9615   14.557  0.003    2  1 
  51385.9788   14.580  0.003    2  1 
  51385.9814   14.590  0.003    2  1 
  51386.9731   14.890  0.005    2  1 
  51386.9769   14.895  0.005    2  1 
  51386.9807   14.893  0.004    2  1 
  51387.0101   14.927  0.005    2  1 
  51387.0139   14.927  0.005    2  1 
  51387.0177   14.936  0.005    2  1 
  51388.9571   14.765  0.004    2  1 
  51388.9622   14.762  0.004    2  1 
  51388.9659   14.774  0.004    2  1 
  51388.9899   14.790  0.004    2  1 
  51388.9932   14.804  0.005    2  1 
  51389.9629   14.214  0.003    2  1 
  51389.9656   14.225  0.003    2  1 
  51389.9683   14.231  0.003    2  1 
  51390.9578   14.716  0.003    2  1 
  51390.9604   14.743  0.003    2  1 
  51390.9631   14.750  0.004    2  1 
  51391.9583   14.022  0.002    2  1 
  51646.1374   14.599  0.004    2  1 
  51646.1447   14.621  0.004    2  1 
  51646.1486   14.607  0.004    2  1 
  51646.1532   14.614  0.004    2  1 
  51646.1570   14.647  0.004    2  1 
  51646.1609   14.642  0.004    2  1 
  51646.1649   14.639  0.004    2  1 
  51646.1687   14.641  0.004    2  1 
  51646.1727   14.637  0.004    2  1 
  51646.1764   14.640  0.004    2  1 
  51646.1801   14.641  0.004    2  1 
  51646.1837   14.648  0.004    2  1 
  51646.1871   14.656  0.004    2  1 
  51646.1907   14.662  0.004    2  1 
  51646.1944   14.664  0.004    2  1 
  51646.1983   14.661  0.004    2  1 
  51646.2025   14.672  0.004    2  1 
  51646.2065   14.677  0.004    2  1 
  51646.2100   14.674  0.004    2  1 
  51646.2138   14.680  0.004    2  1 
  51646.2172   14.683  0.004    2  1 
  51646.2206   14.689  0.004    2  1 
  51646.2245   14.692  0.004    2  1 
  51646.2283   14.695  0.004    2  1 
  51646.2320   14.699  0.004    2  1 
  51646.2362   14.703  0.004    2  1 
  51646.2394   14.712  0.003    2  1 
  51646.2426   14.713  0.003    2  1 
  51646.2457   14.722  0.003    2  1 
  51646.2489   14.717  0.003    2  1 
  51646.2523   14.733  0.004    2  1 
  51646.2557   14.728  0.004    2  1 
  51646.2591   14.732  0.004    2  1 
  51646.2626   14.741  0.004    2  1 
  51646.2660   14.748  0.004    2  1 
  51646.2694   14.750  0.004    2  1 
  51646.2730   14.751  0.004    2  1 
  51646.2769   14.755  0.004    2  1 
  51646.2811   14.752  0.004    2  1 
  51646.2852   14.763  0.005    2  1 
  51646.2895   14.766  0.005    2  1 
  51646.2939   14.763  0.004    2  1 
  51646.2986   14.764  0.004    2  1 
  51646.3027   14.762  0.005    2  1 
  51646.3070   14.768  0.005    2  1 
  51646.3111   14.776  0.005    2  1 
  51646.3151   14.768  0.005    2  1 
  51646.3189   14.758  0.004    2  1 
  51646.3225   14.762  0.004    2  1 
  51646.3260   14.763  0.004    2  1 
  51646.3296   14.763  0.004    2  1 
  51646.3330   14.763  0.004    2  1 
  51646.3377   14.764  0.004    2  1 
  51646.3414   14.761  0.004    2  1 
  51646.3451   14.768  0.004    2  1 
  51646.3496   14.766  0.004    2  1 
  51646.3530   14.771  0.004    2  1 
  51646.3568   14.772  0.004    2  1 
  51646.3602   14.768  0.004    2  1 
  51646.3637   14.768  0.004    2  1 
  51646.3679   14.779  0.004    2  1 
  51646.3713   14.788  0.004    2  1 
  51646.3746   14.772  0.004    2  1 
  51671.0353   14.571  0.003    2  1 
  51671.0475   14.592  0.004    2  1 
  51671.0585   14.589  0.003    2  1 
  51671.0649   14.604  0.004    2  1 
  51671.0721   14.626  0.004    2  1 
  51671.0771   14.641  0.004    2  1 
  51671.1013   14.655  0.004    2  1 
  51671.1053   14.660  0.004    2  1 
  51671.1107   14.667  0.004    2  1 
  51671.1151   14.663  0.004    2  1 
  51671.1292   14.686  0.004    2  1 
  51671.9878   14.808  0.003    2  1 
  51671.9920   14.816  0.003    2  1 
  51672.0277   14.876  0.004    2  1 
  51672.0316   14.881  0.004    2  1 
  51672.0822   14.912  0.004    2  1 
  51674.0685   14.817  0.005    2  1 
  51674.0726   14.824  0.005    2  1 
  51674.1052   14.884  0.005    2  1 
  51674.1117   14.894  0.005    2  1 
  51674.1260   14.916  0.005    2  1 
  51674.1296   14.921  0.005    2  1 
  51674.1332   14.927  0.005    2  1 
  51674.1368   14.935  0.005    2  1 
  51674.1405   14.928  0.005    2  1 
  51674.1444   14.932  0.004    2  1 
  51674.9689   14.056  0.003    2  1 
  51674.9724   14.063  0.003    2  1 
  51674.9867   14.101  0.003    2  1 
  51674.9911   14.126  0.004    2  1 
  51675.0041   14.177  0.004    2  1 
  51675.0121   14.212  0.004    2  1 
  51675.0159   14.241  0.004    2  1 
  51675.0253   14.218  0.003    2  1 
  51675.0289   14.233  0.003    2  1 
  51675.0351   14.251  0.003    2  1 
  51675.0465   14.294  0.003    2  1 
  51675.0521   14.323  0.004    2  1 
  51675.0558   14.299  0.003    2  1 
  51675.0622   14.322  0.004    2  1 
  51675.0661   14.332  0.004    2  1 
  51675.0719   14.348  0.004    2  1 
  51675.0756   14.361  0.004    2  1 
  51675.0814   14.374  0.004    2  1 
  51675.0858   14.383  0.004    2  1 
  51675.0927   14.397  0.004    2  1 
  51675.0970   14.401  0.003    2  1 
  51675.9751   14.692  0.003    2  1 
  51675.9802   14.699  0.004    2  1 
  51675.9906   14.705  0.004    2  1 
  51675.9939   14.710  0.004    2  1 
  51675.9971   14.720  0.004    2  1 
  51676.0005   14.726  0.004    2  1 
  51676.0036   14.727  0.004    2  1 
  51676.0067   14.734  0.004    2  1 
  51676.0112   14.742  0.004    2  1 
  51676.0240   14.757  0.005    2  1 
  51676.0301   14.760  0.004    2  1 
  51676.9616   14.599  0.005    2  1 
  51676.9713   14.405  0.004    2  1 
  51676.9757   14.370  0.004    2  1 
  51676.9867   14.306  0.004    2  1 
  51676.9919   14.322  0.004    2  1 
  51676.9969   14.234  0.004    2  1 
  51677.0090   14.113  0.004    2  1 
  51677.0126   14.044  0.003    2  1 
  51677.0180   14.054  0.004    2  1 
  51677.0226   14.028  0.004    2  1 
  51677.0271   14.060  0.004    2  1 
  51677.0318   14.051  0.004    2  1 
  51677.0362   14.049  0.004    2  1 
  51677.0410   14.082  0.004    2  1 
  51677.0453   14.095  0.004    2  1 
  51677.0499   14.103  0.004    2  1 
  51677.0580   14.141  0.004    2  1 
  51677.0628   14.147  0.004    2  1 
  51677.0672   14.148  0.004    2  1 
  51677.0713   14.168  0.004    2  1 
  51677.0751   14.191  0.004    2  1 
  51677.0793   14.195  0.004    2  1 
  51677.0835   14.191  0.004    2  1 
  51677.0877   14.207  0.004    2  1 
  51677.0918   14.214  0.004    2  1 
  51677.0956   14.242  0.004    2  1 
  51677.1044   14.287  0.004    2  1 
  51677.1082   14.347  0.004    2  1 
  51677.1121   14.304  0.004    2  1 
  51677.1160   14.316  0.004    2  1 
  51677.1199   14.338  0.004    2  1 
  51677.1238   14.312  0.004    2  1 
  51677.1276   14.346  0.004    2  1 
  51677.1315   14.357  0.004    2  1 
  51677.1353   14.357  0.004    2  1 
  51677.1396   14.368  0.004    2  1 
  51677.1434   14.370  0.004    2  1 
  51677.1476   14.370  0.004    2  1 
  51677.1520   14.385  0.004    2  1 
  51677.1564   14.404  0.004    2  1 
  51677.1603   14.396  0.004    2  1 
  51677.1642   14.405  0.004    2  1 
  51677.1680   14.418  0.004    2  1 
  51677.1719   14.423  0.004    2  1 
  51677.1759   14.431  0.004    2  1 
  51677.1797   14.440  0.004    2  1 
  51677.1836   14.476  0.004    2  1 
  51677.1883   14.470  0.004    2  1 
  51677.1922   14.457  0.004    2  1 
  51677.1960   14.472  0.004    2  1 
  51677.1999   14.487  0.004    2  1 
  51677.2038   14.483  0.004    2  1 
  51677.2083   14.501  0.004    2  1 
  51677.2133   14.514  0.004    2  1 
  51677.2176   14.566  0.004    2  1 
  51677.2233   14.560  0.004    2  1 
  51677.2285   14.599  0.005    2  1 
  51677.2335   14.569  0.005    2  1 
  51677.2391   14.589  0.005    2  1 
  51677.2465   14.608  0.005    2  1 
  51677.2524   14.582  0.005    2  1 
  51677.2571   14.585  0.005    2  1 
  51677.2620   14.585  0.005    2  1 
  51677.2664   14.591  0.005    2  1 
  51677.2708   14.592  0.005    2  1 
  51691.0375   14.469  0.002    2  1 
  51691.0409   14.477  0.003    2  1 
  51691.0444   14.484  0.003    2  1 
  51691.0509   14.496  0.003    2  1 
  51691.0543   14.503  0.003    2  1 
  51691.0579   14.512  0.003    2  1 
  51691.0633   14.516  0.002    2  1 
  51691.0670   14.533  0.002    2  1 
  51691.0711   14.530  0.003    2  1 
  51691.0770   14.545  0.003    2  1 
  51691.0805   14.546  0.003    2  1 
  51691.0840   14.552  0.003    2  1 
  51691.0896   14.560  0.003    2  1 
  51691.0931   14.568  0.003    2  1 
  51691.0971   14.573  0.003    2  1 
  51691.1040   14.579  0.003    2  1 
  51691.1083   14.587  0.003    2  1 
  51691.1122   14.596  0.003    2  1 
  51691.1180   14.600  0.003    2  1 
  51691.1214   14.603  0.003    2  1 
  51691.1249   14.607  0.003    2  1 
  51691.1323   14.613  0.003    2  1 
  51691.1357   14.620  0.003    2  1 
  51691.1392   14.621  0.003    2  1 
  51691.1448   14.633  0.003    2  1 
  51691.1522   14.638  0.002    2  1 
  51691.1561   14.630  0.002    2  1 
  51693.0130   14.218  0.003    2  1 
  51693.0248   14.259  0.003    2  1 
  51693.0305   14.264  0.003    2  1 
  51693.0340   14.277  0.003    2  1 
  51693.0378   14.291  0.003    2  1 
  51694.0082   14.745  0.004    2  1 
  51694.0114   14.753  0.004    2  1 
  51694.0202   14.756  0.004    2  1 
  51694.0234   14.756  0.004    2  1 
  51694.0267   14.756  0.004    2  1 
  51694.0319   14.759  0.004    2  1 
  51694.0351   14.763  0.004    2  1 
  51694.0384   14.767  0.004    2  1 
  51694.0472   14.762  0.004    2  1 
  51694.0505   14.769  0.004    2  1 
  51694.0537   14.760  0.004    2  1 
  51694.0590   14.764  0.004    2  1 
  51694.0623   14.747  0.004    2  1 
  51694.0714   14.759  0.004    2  1 
  51694.0748   14.754  0.004    2  1 
  51694.0781   14.761  0.004    2  1 
  51694.0836   14.750  0.004    2  1 
  51694.0901   14.748  0.004    2  1 
  51694.0957   14.765  0.004    2  1 
  51694.0989   14.761  0.003    2  1 
  51694.1021   14.764  0.004    2  1 
  51694.1075   14.779  0.003    2  1 
  51694.1190   14.796  0.004    2  1 
  51694.1221   14.800  0.004    2  1 
  51694.1252   14.805  0.004    2  1 
  51694.1286   14.807  0.004    2  1 
  51695.0280   14.042  0.003    2  1 
  51695.0317   14.016  0.002    2  1 
  51697.9712   14.496  0.004    2  1 
  51697.9818   14.518  0.004    2  1 
  51765.9746   14.759  0.004    2  1 
  51765.9783   14.764  0.004    2  1 
  51765.9820   14.765  0.004    2  1 
  51766.0194   14.768  0.004    2  1 
  51766.0229   14.767  0.004    2  1 
  51216.3063   14.562  0.003    3  1 
  51216.3342   14.669  0.003    3  1 
  51216.3572   14.753  0.003    3  1 
  51216.3847   14.843  0.004    3  1 
  51217.2936   15.309  0.004    3  1 
  51217.3214   15.339  0.004    3  1 
  51217.3852   15.298  0.004    3  1 
  51218.2935   14.262  0.003    3  1 
  51218.3212   14.303  0.003    3  1 
  51218.3442   14.399  0.003    3  1 
  51218.3704   14.502  0.003    3  1 
  51219.2811   15.170  0.002    3  1 
  51219.2844   15.162  0.004    3  1 
  51219.3053   15.200  0.004    3  1 
  51219.3228   15.213  0.004    3  1 
  51219.3465   15.250  0.004    3  1 
  51219.3676   15.285  0.004    3  1 
  51219.3851   15.312  0.004    3  1 
  51220.2805   15.460  0.004    3  1 
  51220.2995   15.299  0.004    3  1 
  51220.3171   14.941  0.003    3  1 
  51220.3349   14.640  0.003    3  1 
  51220.3523   14.390  0.003    3  1 
  51220.3689   14.252  0.002    3  1 
  51220.3877   14.261  0.003    3  1 
  51221.2691   14.985  0.003    3  1 
  51221.2915   15.028  0.003    3  1 
  51221.3097   15.068  0.003    3  1 
  51221.3270   15.104  0.004    3  1 
  51221.3437   15.128  0.004    3  1 
  51221.3619   15.165  0.004    3  1 
  51221.3854   15.190  0.004    3  1 
  51283.2237   15.506  0.004    3  1 
  51283.2601   15.307  0.004    3  1 
  51283.2830   14.813  0.003    3  1 
  51283.3050   14.513  0.002    3  1 
  51283.3367   14.228  0.002    3  1 
  51283.3600   14.285  0.002    3  1 
  51284.2056   14.889  0.003    3  1 
  51284.2337   14.968  0.003    3  1 
  51284.2542   15.008  0.003    3  1 
  51284.2806   15.075  0.003    3  1 
  51284.3075   15.118  0.004    3  1 
  51284.3333   15.177  0.004    3  1 
  51285.0371   15.224  0.003    3  1 
  51285.0646   15.258  0.003    3  1 
  51285.0885   15.285  0.004    3  1 
  51285.1182   15.323  0.004    3  1 
  51285.1470   15.311  0.004    3  1 
  51285.1698   15.301  0.004    3  1 
  51285.1988   15.325  0.004    3  1 
  51285.2270   15.364  0.004    3  1 
  51285.2539   15.428  0.004    3  1 
  51285.3202   15.448  0.004    3  1 
  51285.3496   15.067  0.003    3  1 
  51286.0308   15.296  0.003    3  1 
  51286.0619   14.687  0.002    3  1 
  51286.0871   14.353  0.002    3  1 
  51286.0921   14.303  0.002    3  1 
  51286.1226   14.292  0.002    3  1 
  51286.1512   14.400  0.002    3  1 
  51286.1789   14.526  0.002    3  1 
  51286.2076   14.627  0.003    3  1 
  51286.2389   14.741  0.003    3  1 
  51286.2613   14.830  0.003    3  1 
  51286.2889   14.910  0.003    3  1 
  51286.3108   14.980  0.003    3  1 
  51286.3335   15.036  0.003    3  1 
  51286.3566   15.084  0.003    3  1 
  51304.9734   14.963  0.003    3  1 
  51305.0076   15.048  0.004    3  1 
  51305.0510   15.108  0.004    3  1 
  51305.0770   15.160  0.004    3  1 
  51305.1004   15.194  0.004    3  1 
  51305.1407   15.257  0.005    3  1 
  51305.1707   15.310  0.004    3  1 
  51305.1996   15.332  0.004    3  1 
  51305.2299   15.318  0.004    3  1 
  51305.2561   15.328  0.004    3  1 
  51305.2836   15.355  0.005    3  1 
  51305.3139   15.436  0.005    3  1 
  51305.9733   15.381  0.003    3  1 
  51306.0117   15.438  0.003    3  1 
  51306.0157   15.454  0.004    3  1 
  51306.0375   15.490  0.004    3  1 
  51306.0735   15.467  0.004    3  1 
  51306.1285   14.627  0.003    3  1 
  51306.1517   14.315  0.003    3  1 
  51306.1807   14.244  0.002    3  1 
  51306.2059   14.350  0.002    3  1 
  51306.2269   14.443  0.002    3  1 
  51306.2491   14.542  0.002    3  1 
  51306.2725   14.630  0.003    3  1 
  51306.2932   14.718  0.003    3  1 
  51307.9986   15.290  0.003    3  1 
  51308.0249   15.335  0.003    3  1 
  51308.0524   15.379  0.004    3  1 
  51308.0811   15.424  0.003    3  1 
  51308.0851   15.435  0.003    3  1 
  51308.1202   15.496  0.004    3  1 
  51310.1272   15.347  0.003    3  1 
  51310.1308   15.366  0.004    3  1 
  51314.9714   15.381  0.004    3  1 
  51315.0138   15.468  0.004    3  1 
  51315.0372   15.502  0.004    3  1 
  51315.0710   15.447  0.004    3  1 
  51315.0946   15.187  0.004    3  1 
  51315.1180   14.678  0.003    3  1 
  51316.0597   14.986  0.003    3  1 
  51316.0832   15.038  0.003    3  1 
  51316.1079   15.084  0.003    3  1 
  51316.9780   15.322  0.004    3  1 
  51317.0013   15.346  0.004    3  1 
  51317.0241   15.353  0.005    3  1 
  51317.0523   15.381  0.005    3  1 
  51317.0782   15.446  0.005    3  1 
  51317.1035   15.496  0.004    3  1 
  51317.9808   14.447  0.002    3  1 
  51318.0060   14.554  0.003    3  1 
  51318.0331   14.655  0.004    3  1 
  51318.0898   14.850  0.004    3  1 
  51318.1183   14.957  0.005    3  1 
  51318.9811   15.277  0.004    3  1 
  51319.0058   15.321  0.004    3  1 
  51319.0315   15.342  0.004    3  1 
  51319.0717   15.309  0.004    3  1 
  51319.0961   15.329  0.004    3  1 
  51320.1175   14.670  0.002    3  1 
  51320.9998   15.126  0.003    3  1 
  51321.0212   15.214  0.003    3  1 
  51321.0434   15.255  0.003    3  1 
  51321.0965   15.327  0.004    3  1 
  51321.1252   15.319  0.004    3  1 
  51333.0403   15.513  0.005    3  1 
  51333.1062   14.700  0.003    3  1 
  51334.9989   15.309  0.003    3  1 
  51335.0432   15.374  0.004    3  1 
  51335.0972   15.484  0.004    3  1 
  51335.1083   15.509  0.005    3  1 
  51336.0103   14.591  0.003    3  1 
  51336.0508   14.736  0.003    3  1 
  51336.0891   14.870  0.003    3  1 
  51338.0075   14.259  0.003    3  1 
  51338.9740   15.159  0.003    3  1 
  51339.0046   15.191  0.004    3  1 
  51339.0385   15.240  0.004    3  1 
  51339.0685   15.304  0.004    3  1 
  51339.1006   15.332  0.004    3  1 
  51339.1280   15.315  0.004    3  1 
  51339.9665   15.493  0.004    3  1 
  51339.9935   15.342  0.004    3  1 
  51340.0189   14.797  0.003    3  1 
  51340.0441   14.453  0.003    3  1 
  51340.0753   14.237  0.002    3  1 
  51340.1041   14.325  0.003    3  1 
  51345.0430   14.719  0.003    3  1 
  51345.0736   14.826  0.003    3  1 
  51345.9747   15.265  0.005    3  1 
  51346.0101   15.332  0.004    3  1 
  51346.0388   15.317  0.004    3  1 
  51346.0670   15.294  0.004    3  1 
  51347.0317   14.356  0.002    3  1 
  51347.0645   14.495  0.003    3  1 
  51347.0896   14.612  0.002    3  1 
  51347.9638   15.144  0.003    3  1 
  51348.0146   15.212  0.004    3  1 
  51348.9591   15.518  0.005    3  1 
  51349.0243   14.636  0.003    3  1 
  51349.9679   14.992  0.003    3  1 
  51364.9721   14.251  0.002    3  1 
  51380.9890   14.602  0.003    3  1 
  51381.9751   15.322  0.004    3  1 
  51382.9716   14.231  0.002    3  1 
  51383.9680   15.178  0.003    3  1 
  51384.9688   15.301  0.003    3  1 
  51385.9645   15.037  0.003    3  1 
  51386.9859   15.490  0.005    3  1 
  51388.9699   15.326  0.004    3  1 
  51389.9715   14.542  0.002    3  1 
  51390.9663   15.291  0.003    3  1 
  51672.0213   15.453  0.004    3  1 
  51674.0796   15.404  0.005    3  1 
  51674.9989   14.433  0.003    3  1 
  51675.0396   14.592  0.003    3  1 
  51693.0053   14.493  0.003    3  1 
  51694.0012   15.290  0.004    3  1 
  51765.9863   15.335  0.004    3  1 
  51766.0153   15.329  0.005    3  1 
 56468.97641   13.283  0.034   -1  1 
 56469.04707   13.079  0.062   -1  1 
 56469.10896   13.212  0.033   -1  1 
 56469.17285   13.038  0.014   -1  1 
 56471.00364   13.266  0.022   -1  1 
 56471.06640   13.209  0.011   -1  1 
 56471.12490   13.060  0.017   -1  1 
 56471.18188   13.018  0.012   -1  1 
 56471.96759   13.218  0.044   -1  1 
 56472.03374   13.223  0.021   -1  1 
 56472.09484   13.069  0.017   -1  1 
 56472.15243   13.089  0.010   -1  1 
 56468.95296   13.249  0.031   -2  1 
 56469.02441   13.009  0.022   -2  1 
 56469.08813   13.083  0.035   -2  1 
 56469.15134   12.977  0.018   -2  1 
 56471.02588   13.139  0.025   -2  1 
 56471.08671   13.045  0.015   -2  1 
 56471.14302   12.999  0.018   -2  1 
 56471.94704   12.870  0.021   -2  1 
 56472.01085   12.931  0.020   -2  1 
 56472.07480   13.204  0.028   -2  1 
 56472.13240   12.972  0.010   -2  1 
 56472.19216   12.995  0.007   -2  1 
 56469.00041   13.283  0.018   -5  1 
 56469.06767   13.225  0.011   -5  1 
 56469.13003   13.169  0.011   -5  1 
 56469.19349   13.246  0.006   -5  1 
 56470.98130   13.535  0.008   -5  1 
 56471.04693   13.549  0.009   -5  1 
 56471.10523   13.236  0.007   -5  1 
 56471.16397   13.204  0.005   -5  1 
 56471.98857   13.243  0.008   -5  1 
 56472.05430   13.331  0.011   -5  1 
 56472.11383   13.335  0.013   -5  1 
 56472.17109   13.345  0.012   -5  1 
