  51216.2987   14.593  0.004    2  1 
  51216.3275   14.633  0.005    2  1 
  51216.3519   14.662  0.004    2  1 
  51216.3771   14.676  0.004    2  1 
  51217.2851   13.718  0.003    2  1 
  51217.3152   13.635  0.003    2  1 
  51217.3598   13.819  0.003    2  1 
  51217.3804   13.889  0.003    2  1 
  51218.3013   14.224  0.003    2  1 
  51218.3254   14.246  0.003    2  1 
  51218.3504   14.286  0.003    2  1 
  51218.3753   14.321  0.004    2  1 
  51219.2775   14.523  0.004    2  1 
  51219.3014   14.528  0.004    2  1 
  51219.3186   14.542  0.004    2  1 
  51219.3397   14.556  0.004    2  1 
  51219.3635   14.590  0.004    2  1 
  51219.3810   14.605  0.004    2  1 
  51220.2867   14.560  0.004    2  1 
  51220.3036   14.374  0.004    2  1 
  51220.3219   14.082  0.003    2  1 
  51220.3564   13.699  0.003    2  1 
  51220.3729   13.630  0.003    2  1 
  51220.3920   13.664  0.003    2  1 
  51221.2619   14.009  0.003    2  1 
  51221.2873   14.082  0.003    2  1 
  51221.3230   14.163  0.003    2  1 
  51221.3396   14.189  0.003    2  1 
  51221.3577   14.216  0.003    2  1 
  51221.3762   14.232  0.003    2  1 
  51283.2102   13.639  0.002    2  1 
  51283.2288   13.681  0.002    2  1 
  51283.2338   13.717  0.002    2  1 
  51283.2391   13.743  0.002    2  1 
  51283.2642   13.818  0.003    2  1 
  51283.2680   13.826  0.003    2  1 
  51283.2868   13.899  0.003    2  1 
  51283.2902   13.909  0.002    2  1 
  51283.3138   13.982  0.003    2  1 
  51283.3170   13.993  0.003    2  1 
  51283.3408   14.065  0.003    2  1 
  51283.3447   14.072  0.003    2  1 
  51283.3642   14.120  0.003    2  1 
  51283.3673   14.132  0.003    2  1 
  51284.1955   14.219  0.003    2  1 
  51284.1993   14.230  0.003    2  1 
  51284.2266   14.270  0.003    2  1 
  51284.2298   14.270  0.003    2  1 
  51284.2475   14.290  0.003    2  1 
  51284.2506   14.304  0.003    2  1 
  51284.2679   14.332  0.003    2  1 
  51284.2711   14.336  0.003    2  1 
  51284.3004   14.393  0.004    2  1 
  51284.3036   14.402  0.003    2  1 
  51284.3257   14.452  0.004    2  1 
  51284.3289   14.476  0.004    2  1 
  51285.0269   14.331  0.003    2  1 
  51285.0299   14.330  0.003    2  1 
  51285.0607   14.381  0.003    2  1 
  51285.0814   14.422  0.003    2  1 
  51285.0847   14.428  0.003    2  1 
  51285.1052   14.482  0.003    2  1 
  51285.1084   14.488  0.003    2  1 
  51285.1396   14.547  0.004    2  1 
  51285.1427   14.542  0.003    2  1 
  51285.1624   14.535  0.003    2  1 
  51285.1654   14.534  0.004    2  1 
  51285.1891   14.538  0.004    2  1 
  51285.1924   14.549  0.003    2  1 
  51285.2195   14.551  0.004    2  1 
  51285.2227   14.568  0.004    2  1 
  51285.2468   14.572  0.004    2  1 
  51285.2498   14.588  0.004    2  1 
  51285.2738   14.630  0.004    2  1 
  51285.2775   14.628  0.004    2  1 
  51285.3077   14.668  0.004    2  1 
  51285.3112   14.674  0.004    2  1 
  51285.3425   14.691  0.004    2  1 
  51285.3456   14.704  0.004    2  1 
  51286.0177   14.583  0.003    2  1 
  51286.0241   14.592  0.003    2  1 
  51286.0574   14.632  0.003    2  1 
  51286.0794   14.662  0.003    2  1 
  51286.0832   14.650  0.003    2  1 
  51286.1105   14.681  0.003    2  1 
  51286.1136   14.691  0.004    2  1 
  51286.1441   14.676  0.003    2  1 
  51286.1472   14.665  0.003    2  1 
  51286.1708   14.595  0.003    2  1 
  51286.1740   14.586  0.003    2  1 
  51286.1969   14.346  0.003    2  1 
  51286.2002   14.289  0.003    2  1 
  51286.2322   13.838  0.002    2  1 
  51286.2352   13.803  0.002    2  1 
  51286.2544   13.648  0.002    2  1 
  51286.2573   13.631  0.002    2  1 
  51286.2785   13.657  0.002    2  1 
  51286.2816   13.660  0.002    2  1 
  51286.3149   13.772  0.002    2  1 
  51286.3179   13.785  0.002    2  1 
  51286.3375   13.849  0.003    2  1 
  51286.3409   13.849  0.003    2  1 
  51286.3604   13.908  0.003    2  1 
  51286.3635   13.928  0.003    2  1 
  51286.3665   13.933  0.003    2  1 
  51304.9667   14.347  0.002    2  1 
  51304.9697   14.362  0.003    2  1 
  51304.9985   14.417  0.003    2  1 
  51305.0393   14.512  0.003    2  1 
  51305.0423   14.518  0.003    2  1 
  51305.0812   14.532  0.004    2  1 
  51305.0852   14.529  0.004    2  1 
  51305.1040   14.531  0.004    2  1 
  51305.1077   14.541  0.004    2  1 
  51305.1328   14.570  0.005    2  1 
  51305.1357   14.556  0.004    2  1 
  51305.1582   14.580  0.004    2  1 
  51305.1616   14.594  0.005    2  1 
  51305.1919   14.628  0.005    2  1 
  51305.1953   14.623  0.004    2  1 
  51305.2170   14.659  0.004    2  1 
  51305.2202   14.661  0.004    2  1 
  51305.2493   14.696  0.004    2  1 
  51305.2523   14.691  0.004    2  1 
  51305.2764   14.730  0.004    2  1 
  51305.2796   14.741  0.005    2  1 
  51305.3025   14.706  0.004    2  1 
  51305.3054   14.703  0.004    2  1 
  51305.9643   14.617  0.003    2  1 
  51305.9672   14.621  0.003    2  1 
  51305.9997   14.623  0.003    2  1 
  51306.0313   14.691  0.003    2  1 
  51306.0340   14.694  0.003    2  1 
  51306.0638   14.698  0.003    2  1 
  51306.0674   14.697  0.004    2  1 
  51306.0960   14.558  0.003    2  1 
  51306.0990   14.522  0.003    2  1 
  51306.1183   14.350  0.003    2  1 
  51306.1209   14.291  0.003    2  1 
  51306.1434   13.942  0.003    2  1 
  51306.1474   13.900  0.003    2  1 
  51306.1743   13.647  0.002    2  1 
  51306.1770   13.647  0.002    2  1 
  51306.1996   13.661  0.002    2  1 
  51306.2025   13.688  0.002    2  1 
  51306.2207   13.734  0.002    2  1 
  51306.2235   13.754  0.002    2  1 
  51306.2407   13.809  0.002    2  1 
  51306.2432   13.817  0.002    2  1 
  51306.2458   13.817  0.002    2  1 
  51306.2665   13.883  0.002    2  1 
  51306.2691   13.894  0.002    2  1 
  51306.2862   13.943  0.002    2  1 
  51306.2895   13.956  0.002    2  1 
  51306.3068   13.999  0.002    2  1 
  51306.3101   14.018  0.003    2  1 
  51306.9828   13.700  0.003    2  1 
  51306.9870   13.712  0.002    2  1 
  51307.0161   13.794  0.002    2  1 
  51307.0270   13.827  0.003    2  1 
  51307.0388   13.878  0.003    2  1 
  51307.0824   13.996  0.004    2  1 
  51307.9862   14.287  0.003    2  1 
  51307.9901   14.280  0.003    2  1 
  51308.0178   14.335  0.002    2  1 
  51308.0212   14.350  0.002    2  1 
  51308.0443   14.371  0.003    2  1 
  51308.0749   14.552  0.003    2  1 
  51308.1072   14.518  0.003    2  1 
  51308.1114   14.524  0.003    2  1 
  51310.1342   14.004  0.002    2  1 
  51310.1371   14.007  0.002    2  1 
  51310.1402   14.019  0.002    2  1 
  51314.9621   14.433  0.004    2  1 
  51314.9650   14.439  0.003    2  1 
  51314.9679   14.433  0.004    2  1 
  51314.9914   14.488  0.003    2  1 
  51314.9943   14.499  0.003    2  1 
  51314.9972   14.505  0.003    2  1 
  51315.0171   14.529  0.003    2  1 
  51315.0197   14.532  0.003    2  1 
  51315.0224   14.539  0.003    2  1 
  51315.0409   14.543  0.003    2  1 
  51315.0436   14.528  0.003    2  1 
  51315.0462   14.529  0.003    2  1 
  51315.0650   14.542  0.003    2  1 
  51315.0677   14.538  0.003    2  1 
  51315.0860   14.541  0.003    2  1 
  51315.0887   14.547  0.003    2  1 
  51315.0913   14.554  0.003    2  1 
  51315.1094   14.568  0.003    2  1 
  51315.1121   14.564  0.003    2  1 
  51315.1148   14.573  0.003    2  1 
  51316.0277   14.696  0.004    2  1 
  51316.0511   14.618  0.003    2  1 
  51316.0538   14.603  0.003    2  1 
  51316.0565   14.586  0.003    2  1 
  51316.0746   14.402  0.003    2  1 
  51316.0773   14.364  0.003    2  1 
  51316.0800   14.324  0.003    2  1 
  51316.1020   13.996  0.002    2  1 
  51316.1046   13.957  0.002    2  1 
  51316.1228   13.729  0.002    2  1 
  51316.1255   13.682  0.002    2  1 
  51316.1281   13.672  0.002    2  1 
  51316.9815   13.856  0.002    2  1 
  51316.9843   13.846  0.002    2  1 
  51316.9869   13.871  0.002    2  1 
  51316.9978   13.878  0.003    2  1 
  51317.0147   13.948  0.003    2  1 
  51317.0176   13.945  0.003    2  1 
  51317.0205   13.958  0.003    2  1 
  51317.0420   14.010  0.003    2  1 
  51317.0450   14.029  0.004    2  1 
  51317.0483   14.044  0.003    2  1 
  51317.0689   14.104  0.003    2  1 
  51317.0718   14.101  0.003    2  1 
  51317.0747   14.106  0.003    2  1 
  51317.0946   14.166  0.003    2  1 
  51317.0974   14.168  0.003    2  1 
  51317.1000   14.177  0.003    2  1 
  51317.1199   14.202  0.003    2  1 
  51317.1228   14.207  0.003    2  1 
  51317.1257   14.206  0.003    2  1 
  51317.9715   14.313  0.004    2  1 
  51317.9744   14.329  0.003    2  1 
  51317.9772   14.330  0.003    2  1 
  51317.9970   14.363  0.003    2  1 
  51317.9998   14.394  0.003    2  1 
  51318.0025   14.371  0.003    2  1 
  51318.0227   14.427  0.004    2  1 
  51318.0260   14.425  0.005    2  1 
  51318.0292   14.457  0.006    2  1 
  51318.0510   14.486  0.004    2  1 
  51318.0542   14.505  0.004    2  1 
  51318.0575   14.511  0.005    2  1 
  51318.0795   14.547  0.004    2  1 
  51318.0827   14.554  0.005    2  1 
  51318.0859   14.547  0.004    2  1 
  51318.1079   14.568  0.006    2  1 
  51318.1111   14.553  0.005    2  1 
  51318.1144   14.591  0.007    2  1 
  51318.9846   14.614  0.003    2  1 
  51318.9874   14.618  0.004    2  1 
  51318.9902   14.628  0.003    2  1 
  51319.0093   14.642  0.004    2  1 
  51319.0122   14.661  0.004    2  1 
  51319.0151   14.682  0.005    2  1 
  51319.0351   14.701  0.004    2  1 
  51319.0380   14.708  0.005    2  1 
  51319.0411   14.691  0.004    2  1 
  51319.0623   14.705  0.004    2  1 
  51319.0928   14.678  0.003    2  1 
  51319.1164   14.610  0.003    2  1 
  51319.1190   14.594  0.003    2  1 
  51320.1531   14.154  0.003    2  1 
  51320.1557   14.165  0.003    2  1 
  51320.9810   14.233  0.003    2  1 
  51321.0689   14.378  0.003    2  1 
  51321.0714   14.385  0.003    2  1 
  51321.0740   14.383  0.003    2  1 
  51321.0997   14.441  0.003    2  1 
  51321.1023   14.450  0.003    2  1 
  51321.1049   14.460  0.003    2  1 
  51321.1074   14.468  0.003    2  1 
  51321.1100   14.473  0.003    2  1 
  51321.1285   14.516  0.003    2  1 
  51321.1311   14.524  0.003    2  1 
  51332.9607   13.914  0.004    2  1 
  51332.9651   13.854  0.004    2  1 
  51332.9797   13.693  0.003    2  1 
  51332.9834   13.671  0.003    2  1 
  51333.0005   13.625  0.003    2  1 
  51333.0039   13.613  0.003    2  1 
  51333.0156   13.652  0.003    2  1 
  51333.0192   13.640  0.003    2  1 
  51333.0445   13.742  0.003    2  1 
  51333.0479   13.755  0.003    2  1 
  51333.0636   13.803  0.004    2  1 
  51333.0681   13.812  0.004    2  1 
  51333.0834   13.880  0.003    2  1 
  51333.0869   13.892  0.003    2  1 
  51333.0981   13.923  0.003    2  1 
  51333.1018   13.939  0.003    2  1 
  51333.1258   14.001  0.003    2  1 
  51333.1294   14.013  0.004    2  1 
  51333.1410   14.046  0.004    2  1 
  51333.1452   14.068  0.004    2  1 
  51333.1492   14.077  0.004    2  1 
  51333.1642   14.113  0.004    2  1 
  51333.1679   14.131  0.004    2  1 
  51334.9778   14.529  0.003    2  1 
  51334.9806   14.530  0.003    2  1 
  51335.0115   14.540  0.003    2  1 
  51335.0145   14.541  0.003    2  1 
  51335.0237   14.560  0.004    2  1 
  51335.0269   14.552  0.004    2  1 
  51335.0365   14.570  0.004    2  1 
  51335.0396   14.581  0.004    2  1 
  51335.0624   14.616  0.005    2  1 
  51335.0658   14.611  0.004    2  1 
  51335.0766   14.627  0.004    2  1 
  51335.0800   14.638  0.004    2  1 
  51335.1009   14.658  0.004    2  1 
  51335.1041   14.665  0.005    2  1 
  51335.9585   14.671  0.004    2  1 
  51335.9619   14.658  0.004    2  1 
  51335.9661   14.648  0.004    2  1 
  51335.9693   14.625  0.004    2  1 
  51335.9855   14.509  0.004    2  1 
  51335.9915   14.439  0.003    2  1 
  51335.9966   14.371  0.003    2  1 
  51336.0139   14.097  0.003    2  1 
  51336.0172   14.048  0.003    2  1 
  51336.0275   13.906  0.003    2  1 
  51336.0306   13.869  0.003    2  1 
  51336.0439   13.710  0.003    2  1 
  51336.0470   13.686  0.003    2  1 
  51336.0662   13.627  0.003    2  1 
  51336.0696   13.637  0.003    2  1 
  51336.0728   13.641  0.003    2  1 
  51336.0954   13.702  0.003    2  1 
  51336.0989   13.710  0.003    2  1 
  51336.1119   13.750  0.003    2  1 
  51336.1153   13.775  0.003    2  1 
  51336.1297   13.805  0.003    2  1 
  51336.1557   13.807  0.006    2  1 
  51336.1600   13.888  0.005    2  1 
  51336.1647   13.872  0.005    2  1 
  51336.9567   13.985  0.002    2  1 
  51337.0022   14.107  0.003    2  1 
  51337.9827   14.521  0.005    2  1 
  51337.9868   14.534  0.005    2  1 
  51337.9997   14.544  0.005    2  1 
  51338.0033   14.547  0.004    2  1 
  51338.0231   14.552  0.005    2  1 
  51338.0265   14.548  0.005    2  1 
  51338.0304   14.543  0.005    2  1 
  51338.9791   14.697  0.004    2  1 
  51338.9849   14.695  0.004    2  1 
  51339.0116   14.713  0.005    2  1 
  51339.0151   14.711  0.005    2  1 
  51339.0441   14.567  0.004    2  1 
  51339.0477   14.531  0.004    2  1 
  51339.0513   14.507  0.004    2  1 
  51339.0774   14.113  0.003    2  1 
  51339.0807   14.062  0.003    2  1 
  51339.1053   13.705  0.003    2  1 
  51339.1093   13.703  0.003    2  1 
  51339.1327   13.631  0.003    2  1 
  51339.1363   13.632  0.003    2  1 
  51339.9588   13.816  0.002    2  1 
  51339.9627   13.824  0.002    2  1 
  51339.9835   13.889  0.003    2  1 
  51339.9874   13.900  0.003    2  1 
  51340.0115   13.977  0.003    2  1 
  51340.0146   13.989  0.003    2  1 
  51340.0349   14.046  0.003    2  1 
  51340.0380   14.051  0.003    2  1 
  51340.0659   14.129  0.003    2  1 
  51340.0696   14.138  0.003    2  1 
  51340.0938   14.179  0.004    2  1 
  51340.0983   14.180  0.004    2  1 
  51340.1334   14.233  0.004    2  1 
  51340.1366   14.237  0.003    2  1 
  51344.9654   14.542  0.003    2  1 
  51344.9786   14.544  0.003    2  1 
  51344.9829   14.551  0.004    2  1 
  51345.0052   14.579  0.004    2  1 
  51345.0092   14.607  0.004    2  1 
  51345.0132   14.595  0.003    2  1 
  51345.0170   14.601  0.004    2  1 
  51345.0353   14.620  0.004    2  1 
  51345.0390   14.629  0.003    2  1 
  51345.0645   14.659  0.004    2  1 
  51345.0690   14.659  0.004    2  1 
  51345.9658   14.236  0.005    2  1 
  51345.9696   14.166  0.004    2  1 
  51345.9999   13.758  0.003    2  1 
  51346.0043   13.713  0.003    2  1 
  51346.0310   13.645  0.003    2  1 
  51346.0343   13.640  0.003    2  1 
  51346.0571   13.706  0.003    2  1 
  51346.0604   13.705  0.003    2  1 
  51347.0221   14.230  0.003    2  1 
  51347.0274   14.239  0.002    2  1 
  51347.0562   14.262  0.003    2  1 
  51347.0597   14.276  0.003    2  1 
  51347.0815   14.316  0.003    2  1 
  51347.0850   14.319  0.003    2  1 
  51347.9550   14.500  0.003    2  1 
  51347.9581   14.534  0.003    2  1 
  51347.9877   14.534  0.004    2  1 
  51347.9914   14.532  0.004    2  1 
  51347.9948   14.530  0.004    2  1 
  51348.0181   14.544  0.004    2  1 
  51348.0211   14.547  0.004    2  1 
  51348.0849   14.617  0.006    2  1 
  51348.0897   14.624  0.005    2  1 
  51348.1054   14.660  0.005    2  1 
  51348.1088   14.654  0.005    2  1 
  51348.1122   14.673  0.005    2  1 
  51348.9528   14.693  0.003    2  1 
  51348.9557   14.710  0.004    2  1 
  51348.9795   14.660  0.003    2  1 
  51348.9824   14.666  0.004    2  1 
  51348.9941   14.630  0.004    2  1 
  51349.0152   14.457  0.004    2  1 
  51349.0189   14.407  0.003    2  1 
  51349.9596   13.960  0.002    2  1 
  51349.9627   13.962  0.003    2  1 
  51349.9911   14.045  0.003    2  1 
  51349.9944   14.058  0.003    2  1 
  51350.0097   14.092  0.003    2  1 
  51350.0128   14.095  0.003    2  1 
  51350.0228   14.123  0.003    2  1 
  51364.9643   14.637  0.004    2  1 
  51364.9677   14.626  0.003    2  1 
  51380.9714   14.532  0.003    2  1 
  51380.9769   14.541  0.003    2  1 
  51380.9801   14.544  0.003    2  1 
  51380.9845   14.550  0.003    2  1 
  51381.0066   14.562  0.003    2  1 
  51381.0096   14.570  0.003    2  1 
  51381.0136   14.568  0.003    2  1 
  51381.9638   14.424  0.003    2  1 
  51381.9679   14.368  0.003    2  1 
  51381.9716   14.311  0.004    2  1 
  51381.9917   13.978  0.003    2  1 
  51381.9946   13.933  0.003    2  1 
  51382.9605   14.104  0.003    2  1 
  51382.9652   14.118  0.003    2  1 
  51382.9682   14.104  0.004    2  1 
  51382.9887   14.163  0.003    2  1 
  51382.9916   14.170  0.003    2  1 
  51383.9595   14.516  0.003    2  1 
  51383.9648   14.530  0.003    2  1 
  51383.9826   14.540  0.003    2  1 
  51383.9853   14.547  0.004    2  1 
  51384.9827   14.644  0.003    2  1 
  51384.9853   14.661  0.003    2  1 
  51385.9615   13.927  0.002    2  1 
  51385.9788   13.974  0.002    2  1 
  51385.9814   13.985  0.002    2  1 
  51386.9731   14.406  0.004    2  1 
  51386.9769   14.417  0.003    2  1 
  51386.9807   14.417  0.003    2  1 
  51387.0101   14.493  0.003    2  1 
  51387.0139   14.504  0.004    2  1 
  51387.0177   14.508  0.004    2  1 
  51388.9571   13.608  0.003    2  1 
  51388.9622   13.644  0.003    2  1 
  51388.9659   13.660  0.003    2  1 
  51388.9899   13.767  0.003    2  1 
  51388.9932   13.780  0.003    2  1 
  51389.9629   14.275  0.003    2  1 
  51389.9656   14.278  0.003    2  1 
  51389.9683   14.278  0.003    2  1 
  51390.9578   14.534  0.003    2  1 
  51390.9604   14.556  0.003    2  1 
  51390.9631   14.562  0.004    2  1 
  51391.9609   13.877  0.002    2  1 
  51391.9634   13.827  0.002    2  1 
  51646.1374   14.625  0.004    2  1 
  51646.1447   14.660  0.006    2  1 
  51646.1486   14.641  0.005    2  1 
  51646.1532   14.644  0.005    2  1 
  51646.1570   14.699  0.007    2  1 
  51646.1609   14.690  0.007    2  1 
  51646.1649   14.681  0.006    2  1 
  51646.1687   14.676  0.005    2  1 
  51646.1727   14.668  0.005    2  1 
  51646.1764   14.666  0.005    2  1 
  51646.1801   14.676  0.005    2  1 
  51646.1837   14.674  0.004    2  1 
  51646.1871   14.707  0.005    2  1 
  51646.1907   14.703  0.006    2  1 
  51646.1944   14.707  0.005    2  1 
  51646.1983   14.688  0.005    2  1 
  51646.2025   14.699  0.005    2  1 
  51646.2065   14.707  0.005    2  1 
  51646.2100   14.702  0.004    2  1 
  51646.2138   14.701  0.004    2  1 
  51646.2172   14.711  0.004    2  1 
  51646.2206   14.709  0.004    2  1 
  51646.2245   14.716  0.004    2  1 
  51646.2283   14.707  0.004    2  1 
  51646.2320   14.711  0.004    2  1 
  51646.2362   14.692  0.004    2  1 
  51646.2394   14.685  0.003    2  1 
  51646.2426   14.693  0.003    2  1 
  51646.2457   14.693  0.003    2  1 
  51646.2489   14.699  0.004    2  1 
  51646.2523   14.723  0.004    2  1 
  51646.2557   14.686  0.004    2  1 
  51646.2591   14.679  0.004    2  1 
  51646.2626   14.706  0.005    2  1 
  51646.2660   14.662  0.004    2  1 
  51646.2694   14.703  0.006    2  1 
  51646.2730   14.680  0.007    2  1 
  51646.2769   14.697  0.009    2  1 
  51646.2811   14.689  0.011    2  1 
  51646.2852   14.584  0.007    2  1 
  51646.2895   14.518  0.005    2  1 
  51646.2939   14.491  0.006    2  1 
  51646.2986   14.413  0.006    2  1 
  51646.3027   14.339  0.007    2  1 
  51646.3070   14.273  0.005    2  1 
  51646.3111   14.198  0.004    2  1 
  51646.3151   14.133  0.004    2  1 
  51646.3189   14.079  0.003    2  1 
  51646.3225   14.030  0.003    2  1 
  51646.3260   13.972  0.003    2  1 
  51646.3296   13.928  0.003    2  1 
  51646.3330   13.881  0.003    2  1 
  51646.3377   13.818  0.003    2  1 
  51646.3414   13.758  0.003    2  1 
  51646.3451   13.724  0.003    2  1 
  51646.3496   13.681  0.003    2  1 
  51646.3530   13.645  0.003    2  1 
  51646.3568   13.637  0.003    2  1 
  51646.3637   13.567  0.003    2  1 
  51646.3679   13.588  0.003    2  1 
  51646.3713   13.600  0.003    2  1 
  51671.0353   14.084  0.003    2  1 
  51671.0475   14.108  0.003    2  1 
  51671.0585   14.155  0.003    2  1 
  51671.0649   14.155  0.003    2  1 
  51671.0721   14.162  0.003    2  1 
  51671.0771   14.168  0.004    2  1 
  51671.1013   14.208  0.003    2  1 
  51671.1053   14.213  0.003    2  1 
  51671.1107   14.222  0.003    2  1 
  51671.1151   14.226  0.003    2  1 
  51671.1292   14.243  0.003    2  1 
  51671.9878   14.390  0.003    2  1 
  51671.9920   14.394  0.003    2  1 
  51672.0277   14.491  0.004    2  1 
  51672.0316   14.493  0.003    2  1 
  51672.0822   14.544  0.003    2  1 
  51674.0685   13.972  0.004    2  1 
  51674.0726   13.974  0.004    2  1 
  51674.1052   14.094  0.004    2  1 
  51674.1117   14.106  0.004    2  1 
  51674.1260   14.140  0.003    2  1 
  51674.1296   14.149  0.003    2  1 
  51674.1332   14.156  0.003    2  1 
  51674.1368   14.165  0.003    2  1 
  51674.1405   14.169  0.003    2  1 
  51674.1444   14.177  0.003    2  1 
  51674.9689   14.253  0.003    2  1 
  51674.9724   14.257  0.004    2  1 
  51674.9867   14.275  0.004    2  1 
  51674.9911   14.280  0.004    2  1 
  51675.0041   14.299  0.004    2  1 
  51675.0121   14.312  0.005    2  1 
  51675.0159   14.315  0.005    2  1 
  51675.0253   14.339  0.003    2  1 
  51675.0289   14.342  0.003    2  1 
  51675.0351   14.357  0.003    2  1 
  51675.0465   14.371  0.004    2  1 
  51675.0521   14.393  0.004    2  1 
  51675.0558   14.396  0.004    2  1 
  51675.0622   14.409  0.004    2  1 
  51675.0661   14.424  0.004    2  1 
  51675.0719   14.440  0.004    2  1 
  51675.0756   14.453  0.004    2  1 
  51675.0814   14.470  0.004    2  1 
  51675.0858   14.467  0.004    2  1 
  51675.0927   14.490  0.004    2  1 
  51675.0970   14.501  0.004    2  1 
  51675.9751   14.566  0.003    2  1 
  51675.9802   14.569  0.004    2  1 
  51675.9906   14.569  0.004    2  1 
  51675.9939   14.573  0.003    2  1 
  51675.9971   14.581  0.004    2  1 
  51676.0005   14.584  0.003    2  1 
  51676.0036   14.584  0.003    2  1 
  51676.0067   14.599  0.004    2  1 
  51676.0112   14.611  0.004    2  1 
  51676.0240   14.634  0.005    2  1 
  51676.0301   14.622  0.004    2  1 
  51676.9616   14.153  0.004    2  1 
  51676.9713   14.002  0.004    2  1 
  51676.9757   13.947  0.004    2  1 
  51676.9867   13.776  0.004    2  1 
  51676.9919   13.665  0.005    2  1 
  51676.9969   13.651  0.004    2  1 
  51677.0090   13.584  0.003    2  1 
  51677.0126   13.616  0.003    2  1 
  51677.0180   13.603  0.004    2  1 
  51677.0226   13.621  0.003    2  1 
  51677.0271   13.613  0.004    2  1 
  51677.0318   13.632  0.003    2  1 
  51677.0362   13.648  0.003    2  1 
  51677.0410   13.649  0.004    2  1 
  51677.0453   13.659  0.004    2  1 
  51677.0499   13.682  0.004    2  1 
  51677.0580   13.708  0.004    2  1 
  51677.0628   13.725  0.004    2  1 
  51677.0672   13.745  0.004    2  1 
  51677.0713   13.761  0.003    2  1 
  51677.0751   13.767  0.004    2  1 
  51677.0793   13.786  0.003    2  1 
  51677.0835   13.808  0.003    2  1 
  51677.0877   13.823  0.003    2  1 
  51677.0918   13.845  0.003    2  1 
  51677.0956   13.844  0.004    2  1 
  51677.0996   13.821  0.004    2  1 
  51677.1044   13.850  0.004    2  1 
  51677.1082   13.832  0.005    2  1 
  51677.1121   13.882  0.004    2  1 
  51677.1160   13.891  0.004    2  1 
  51677.1199   13.903  0.004    2  1 
  51677.1238   13.932  0.004    2  1 
  51677.1276   13.940  0.004    2  1 
  51677.1315   13.948  0.004    2  1 
  51677.1353   13.962  0.004    2  1 
  51677.1396   13.973  0.004    2  1 
  51677.1434   13.991  0.004    2  1 
  51677.1476   14.004  0.004    2  1 
  51677.1520   14.023  0.004    2  1 
  51677.1564   14.034  0.004    2  1 
  51677.1603   14.053  0.004    2  1 
  51677.1642   14.063  0.004    2  1 
  51677.1680   14.074  0.004    2  1 
  51677.1719   14.089  0.004    2  1 
  51677.1759   14.095  0.004    2  1 
  51677.1797   14.101  0.004    2  1 
  51677.1836   14.107  0.004    2  1 
  51677.1883   14.117  0.004    2  1 
  51677.1922   14.136  0.004    2  1 
  51677.1960   14.146  0.004    2  1 
  51677.1999   14.148  0.004    2  1 
  51677.2038   14.164  0.004    2  1 
  51677.2083   14.170  0.004    2  1 
  51677.2133   14.173  0.004    2  1 
  51677.2176   14.158  0.006    2  1 
  51677.2233   14.175  0.005    2  1 
  51677.2285   14.154  0.009    2  1 
  51677.2335   14.194  0.006    2  1 
  51677.2391   14.197  0.007    2  1 
  51677.2465   14.194  0.007    2  1 
  51677.2524   14.226  0.005    2  1 
  51677.2571   14.235  0.005    2  1 
  51677.2620   14.237  0.005    2  1 
  51677.2664   14.243  0.005    2  1 
  51677.2708   14.255  0.005    2  1 
  51691.0409   14.230  0.003    2  1 
  51691.0444   14.242  0.003    2  1 
  51691.0509   14.244  0.002    2  1 
  51691.0543   14.247  0.003    2  1 
  51691.0579   14.257  0.003    2  1 
  51691.0633   14.262  0.002    2  1 
  51691.0670   14.267  0.002    2  1 
  51691.0711   14.275  0.002    2  1 
  51691.0770   14.281  0.002    2  1 
  51691.0805   14.285  0.003    2  1 
  51691.0840   14.287  0.003    2  1 
  51691.0896   14.296  0.003    2  1 
  51691.0931   14.304  0.003    2  1 
  51691.0971   14.310  0.003    2  1 
  51691.1040   14.315  0.003    2  1 
  51691.1083   14.325  0.003    2  1 
  51691.1122   14.337  0.003    2  1 
  51691.1214   14.360  0.003    2  1 
  51691.1249   14.352  0.003    2  1 
  51691.1323   14.374  0.003    2  1 
  51691.1357   14.377  0.002    2  1 
  51691.1392   14.383  0.003    2  1 
  51691.1448   14.399  0.003    2  1 
  51691.1522   14.419  0.002    2  1 
  51691.1561   14.424  0.002    2  1 
  51693.0130   14.619  0.004    2  1 
  51693.0248   14.533  0.004    2  1 
  51693.0305   14.466  0.003    2  1 
  51693.0340   14.422  0.003    2  1 
  51693.0378   14.383  0.003    2  1 
  51694.0082   14.053  0.003    2  1 
  51694.0114   14.055  0.003    2  1 
  51694.0148   14.100  0.003    2  1 
  51694.0202   14.085  0.003    2  1 
  51694.0234   14.096  0.003    2  1 
  51694.0267   14.102  0.003    2  1 
  51694.0319   14.119  0.003    2  1 
  51694.0351   14.120  0.003    2  1 
  51694.0384   14.129  0.003    2  1 
  51694.0418   14.137  0.003    2  1 
  51694.0472   14.147  0.003    2  1 
  51694.0505   14.153  0.003    2  1 
  51694.0537   14.159  0.003    2  1 
  51694.0590   14.179  0.003    2  1 
  51694.0623   14.174  0.003    2  1 
  51694.0714   14.191  0.003    2  1 
  51694.0748   14.198  0.003    2  1 
  51694.0781   14.196  0.003    2  1 
  51694.0836   14.189  0.003    2  1 
  51694.0868   14.204  0.003    2  1 
  51694.0901   14.196  0.003    2  1 
  51694.0957   14.224  0.003    2  1 
  51694.0989   14.218  0.003    2  1 
  51694.1021   14.235  0.003    2  1 
  51694.1075   14.229  0.003    2  1 
  51694.1106   14.192  0.002    2  1 
  51694.1190   14.250  0.003    2  1 
  51694.1221   14.250  0.003    2  1 
  51694.1252   14.258  0.003    2  1 
  51694.1286   14.263  0.003    2  1 
  51695.0280   14.514  0.003    2  1 
  51695.0317   14.460  0.003    2  1 
  51697.9712   14.275  0.004    2  1 
  51697.9818   14.296  0.003    2  1 
  51765.9746   13.858  0.003    2  1 
  51765.9783   13.864  0.003    2  1 
  51765.9820   13.890  0.003    2  1 
  51766.0194   13.985  0.003    2  1 
  51766.0229   14.003  0.003    2  1 
  51216.3063   15.207  0.004    3  1 
  51216.3342   15.291  0.004    3  1 
  51216.3572   15.370  0.005    3  1 
  51216.3847   15.375  0.005    3  1 
  51217.2936   13.894  0.002    3  1 
  51217.3214   13.878  0.002    3  1 
  51217.3852   14.173  0.002    3  1 
  51218.2935   14.678  0.003    3  1 
  51218.3212   14.741  0.003    3  1 
  51218.3442   14.790  0.003    3  1 
  51218.3704   14.872  0.003    3  1 
  51219.2811   15.164  0.002    3  1 
  51219.2844   15.133  0.004    3  1 
  51219.3053   15.177  0.004    3  1 
  51219.3228   15.175  0.004    3  1 
  51219.3465   15.199  0.004    3  1 
  51219.3676   15.229  0.004    3  1 
  51219.3851   15.288  0.004    3  1 
  51220.2805   15.186  0.004    3  1 
  51220.2995   14.975  0.004    3  1 
  51220.3171   14.584  0.003    3  1 
  51220.3349   14.319  0.003    3  1 
  51220.3523   13.953  0.002    3  1 
  51220.3689   13.869  0.002    3  1 
  51220.3877   13.833  0.002    3  1 
  51221.2691   14.437  0.002    3  1 
  51221.2915   14.499  0.003    3  1 
  51221.3097   14.577  0.003    3  1 
  51221.3270   14.634  0.003    3  1 
  51221.3437   14.667  0.003    3  1 
  51221.3619   14.718  0.003    3  1 
  51221.3854   14.753  0.003    3  1 
  51283.2237   14.016  0.002    3  1 
  51283.2601   14.055  0.002    3  1 
  51283.2830   14.235  0.002    3  1 
  51283.3050   14.319  0.002    3  1 
  51283.3367   14.462  0.002    3  1 
  51283.3600   14.578  0.002    3  1 
  51284.2056   14.718  0.003    3  1 
  51284.2337   14.783  0.003    3  1 
  51284.2542   14.830  0.003    3  1 
  51284.2806   14.910  0.003    3  1 
  51284.3075   15.013  0.004    3  1 
  51284.3333   15.121  0.004    3  1 
  51285.0371   14.868  0.002    3  1 
  51285.0646   14.923  0.002    3  1 
  51285.0885   15.049  0.004    3  1 
  51285.1182   15.123  0.004    3  1 
  51285.1698   15.129  0.003    3  1 
  51285.1988   15.167  0.003    3  1 
  51285.2270   15.222  0.004    3  1 
  51285.2539   15.249  0.004    3  1 
  51285.2851   15.310  0.004    3  1 
  51285.3202   15.378  0.004    3  1 
  51285.3496   15.400  0.004    3  1 
  51286.0308   15.167  0.003    3  1 
  51286.0619   15.283  0.004    3  1 
  51286.0871   15.335  0.004    3  1 
  51286.0921   15.241  0.003    3  1 
  51286.1226   15.327  0.004    3  1 
  51286.1512   15.128  0.002    3  1 
  51286.1789   15.137  0.003    3  1 
  51286.2076   14.626  0.002    3  1 
  51286.2389   14.142  0.002    3  1 
  51286.2613   13.947  0.002    3  1 
  51286.2889   13.962  0.002    3  1 
  51286.3108   14.081  0.002    3  1 
  51286.3335   14.198  0.002    3  1 
  51286.3566   14.287  0.002    3  1 
  51304.9734   14.920  0.003    3  1 
  51305.0076   14.995  0.004    3  1 
  51305.0510   15.131  0.004    3  1 
  51305.0770   15.163  0.004    3  1 
  51305.1004   15.142  0.004    3  1 
  51305.1407   15.171  0.005    3  1 
  51305.1707   15.199  0.004    3  1 
  51305.1996   15.279  0.005    3  1 
  51305.2299   15.374  0.005    3  1 
  51305.2561   15.330  0.004    3  1 
  51305.2836   15.404  0.005    3  1 
  51305.3139   15.333  0.005    3  1 
  51305.9733   15.234  0.003    3  1 
  51306.0117   15.242  0.003    3  1 
  51306.0157   15.344  0.003    3  1 
  51306.0375   15.327  0.004    3  1 
  51306.0735   15.370  0.004    3  1 
  51306.1026   15.051  0.003    3  1 
  51306.1285   14.633  0.002    3  1 
  51306.1517   14.108  0.003    3  1 
  51306.1807   13.873  0.002    3  1 
  51306.2269   14.041  0.002    3  1 
  51306.2491   14.232  0.002    3  1 
  51306.2725   14.307  0.002    3  1 
  51306.2932   14.427  0.002    3  1 
  51307.9986   14.803  0.002    3  1 
  51308.0249   14.899  0.003    3  1 
  51308.0524   14.950  0.003    3  1 
  51308.0811   15.023  0.002    3  1 
  51308.0851   15.057  0.003    3  1 
  51308.1202   15.182  0.004    3  1 
  51310.1272   14.313  0.002    3  1 
  51310.1308   14.384  0.002    3  1 
  51314.9714   15.040  0.004    3  1 
  51315.0138   15.163  0.003    3  1 
  51315.0372   15.132  0.003    3  1 
  51315.0710   15.128  0.003    3  1 
  51315.0946   15.198  0.004    3  1 
  51315.1180   15.208  0.004    3  1 
  51316.0597   15.130  0.003    3  1 
  51316.0832   14.696  0.003    3  1 
  51316.1079   14.234  0.002    3  1 
  51316.9780   14.159  0.002    3  1 
  51317.0013   14.197  0.002    3  1 
  51317.0241   14.259  0.003    3  1 
  51317.0523   14.446  0.003    3  1 
  51317.0782   14.517  0.003    3  1 
  51317.1035   14.614  0.003    3  1 
  51317.9808   14.873  0.003    3  1 
  51318.0060   14.946  0.004    3  1 
  51318.0331   15.067  0.006    3  1 
  51318.0898   15.236  0.006    3  1 
  51318.9811   15.189  0.003    3  1 
  51319.0058   15.278  0.004    3  1 
  51319.0315   15.361  0.005    3  1 
  51319.0717   15.388  0.005    3  1 
  51319.0961   15.309  0.003    3  1 
  51320.0968   14.326  0.002    3  1 
  51320.1175   14.498  0.002    3  1 
  51321.0212   14.816  0.002    3  1 
  51321.0434   14.869  0.002    3  1 
  51321.0658   14.892  0.002    3  1 
  51321.0965   14.999  0.003    3  1 
  51321.1252   15.101  0.003    3  1 
  51333.0403   13.988  0.002    3  1 
  51333.1062   14.293  0.003    3  1 
  51334.9989   15.092  0.003    3  1 
  51335.0432   15.207  0.004    3  1 
  51335.0972   15.325  0.005    3  1 
  51335.1083   15.354  0.005    3  1 
  51336.0103   14.556  0.003    3  1 
  51336.0508   13.866  0.002    3  1 
  51336.0891   13.881  0.002    3  1 
  51338.0075   15.188  0.005    3  1 
  51338.9740   15.278  0.003    3  1 
  51339.0046   15.378  0.005    3  1 
  51339.0385   15.199  0.004    3  1 
  51339.0685   14.715  0.003    3  1 
  51339.1006   14.083  0.002    3  1 
  51339.1280   13.836  0.002    3  1 
  51339.9665   14.153  0.002    3  1 
  51339.9935   14.306  0.002    3  1 
  51340.0189   14.373  0.002    3  1 
  51340.0441   14.444  0.003    3  1 
  51340.0753   14.606  0.003    3  1 
  51340.1041   14.667  0.004    3  1 
  51345.0430   15.290  0.004    3  1 
  51345.0736   15.343  0.004    3  1 
  51345.9747   14.470  0.003    3  1 
  51346.0101   13.894  0.002    3  1 
  51346.0388   13.880  0.002    3  1 
  51346.0670   14.016  0.002    3  1 
  51347.0317   14.731  0.003    3  1 
  51347.0645   14.802  0.003    3  1 
  51347.0896   14.873  0.002    3  1 
  51347.9638   15.153  0.003    3  1 
  51348.0146   15.194  0.004    3  1 
  51348.9591   15.398  0.005    3  1 
  51349.0243   14.790  0.003    3  1 
  51349.9679   14.344  0.002    3  1 
  51364.9721   15.321  0.004    3  1 
  51380.9890   15.183  0.004    3  1 
  51381.9751   14.722  0.003    3  1 
  51382.9716   14.550  0.003    3  1 
  51383.9680   15.125  0.003    3  1 
  51384.9688   15.257  0.003    3  1 
  51385.9645   14.308  0.002    3  1 
  51386.9859   15.015  0.003    3  1 
  51388.9699   13.910  0.002    3  1 
  51389.9715   14.802  0.003    3  1 
  51390.9663   15.179  0.003    3  1 
  51391.9664   14.311  0.002    3  1 
  51672.0213   15.083  0.003    3  1 
  51674.0796   14.342  0.003    3  1 
  51674.9989   14.818  0.004    3  1 
  51675.0396   14.905  0.003    3  1 
  51693.0053   15.240  0.004    3  1 
  51694.0012   14.405  0.002    3  1 
  51695.0214   15.063  0.003    3  1 
  51765.9863   14.231  0.003    3  1 
  51766.0153   14.322  0.003    3  1 
 56468.97641   12.403  0.119   -1  1 
 56469.04707   12.438  0.068   -1  1 
 56469.10896   12.394  0.084   -1  1 
 56469.17285   12.793  0.028   -1  1 
 56471.00364   12.846  0.056   -1  1 
 56471.06640   12.691  0.025   -1  1 
 56471.12490   12.761  0.032   -1  1 
 56471.18188   12.714  0.033   -1  1 
 56471.96759   12.266  0.042   -1  1 
 56472.03374   12.556  0.030   -1  1 
 56472.09484   12.586  0.029   -1  1 
 56472.15243   12.725  0.028   -1  1 
 56468.95296   12.469  0.079   -2  1 
 56469.02441   12.579  0.058   -2  1 
 56469.08813   12.480  0.058   -2  1 
 56469.15134   12.739  0.042   -2  1 
 56471.02588   12.739  0.063   -2  1 
 56471.08671   12.704  0.031   -2  1 
 56471.14302   12.730  0.023   -2  1 
 56471.94704   12.618  0.027   -2  1 
 56472.01085   12.766  0.058   -2  1 
 56472.07480   12.561  0.046   -2  1 
 56472.13240   12.749  0.017   -2  1 
 56472.19216   12.723  0.020   -2  1 
 56469.00041   12.935  0.037   -5  1 
 56469.06767   13.043  0.024   -5  1 
 56469.13003   13.079  0.022   -5  1 
 56469.19349   13.206  0.017   -5  1 
 56470.98130   13.376  0.018   -5  1 
 56471.04693   13.014  0.024   -5  1 
 56471.10523   12.917  0.016   -5  1 
 56471.16397   12.997  0.012   -5  1 
 56471.98857   12.974  0.025   -5  1 
 56472.05430   13.106  0.021   -5  1 
 56472.11383   13.031  0.018   -5  1 
 56472.17109   13.042  0.018   -5  1 
