  51216.2987   14.999  0.005    2  1 
  51216.3275   14.948  0.005    2  1 
  51216.3519   14.796  0.005    2  1 
  51216.3771   14.629  0.004    2  1 
  51217.2851   15.001  0.005    2  1 
  51217.3152   15.000  0.005    2  1 
  51217.3378   14.932  0.005    2  1 
  51217.3598   14.789  0.004    2  1 
  51217.3804   14.646  0.004    2  1 
  51218.3013   14.993  0.005    2  1 
  51218.3254   14.992  0.005    2  1 
  51218.3504   14.903  0.005    2  1 
  51218.3753   14.719  0.004    2  1 
  51219.2775   14.939  0.005    2  1 
  51219.3014   14.989  0.005    2  1 
  51219.3186   14.990  0.005    2  1 
  51219.3397   14.962  0.005    2  1 
  51219.3635   14.855  0.005    2  1 
  51219.3810   14.720  0.004    2  1 
  51220.2867   14.948  0.005    2  1 
  51220.3036   14.970  0.005    2  1 
  51220.3219   14.987  0.005    2  1 
  51220.3391   14.968  0.005    2  1 
  51220.3564   14.919  0.005    2  1 
  51220.3729   14.825  0.005    2  1 
  51220.3920   14.687  0.004    2  1 
  51221.2619   14.902  0.005    2  1 
  51221.2873   14.952  0.005    2  1 
  51221.3052   14.972  0.005    2  1 
  51221.3230   14.983  0.005    2  1 
  51221.3396   14.972  0.005    2  1 
  51221.3577   14.932  0.005    2  1 
  51221.3762   14.828  0.005    2  1 
  51283.2102   14.555  0.004    2  1 
  51283.2288   14.625  0.004    2  1 
  51283.2338   14.650  0.004    2  1 
  51283.2391   14.671  0.004    2  1 
  51283.2642   14.780  0.004    2  1 
  51283.2680   14.797  0.004    2  1 
  51283.2868   14.870  0.004    2  1 
  51283.2902   14.881  0.004    2  1 
  51283.3138   14.947  0.004    2  1 
  51283.3170   14.953  0.004    2  1 
  51283.3408   14.999  0.004    2  1 
  51283.3447   15.002  0.004    2  1 
  51283.3642   15.006  0.004    2  1 
  51283.3673   15.004  0.004    2  1 
  51284.1955   14.545  0.004    2  1 
  51284.1993   14.540  0.004    2  1 
  51284.2266   14.597  0.004    2  1 
  51284.2298   14.600  0.004    2  1 
  51284.2475   14.667  0.004    2  1 
  51284.2506   14.688  0.004    2  1 
  51284.2679   14.755  0.004    2  1 
  51284.2711   14.770  0.004    2  1 
  51284.3004   14.890  0.004    2  1 
  51284.3036   14.893  0.004    2  1 
  51284.3257   14.961  0.005    2  1 
  51284.3289   14.965  0.005    2  1 
  51285.0299   15.003  0.004    2  1 
  51285.0577   14.972  0.004    2  1 
  51285.0607   14.974  0.004    2  1 
  51285.0814   14.885  0.004    2  1 
  51285.0847   14.854  0.004    2  1 
  51285.1052   14.701  0.004    2  1 
  51285.1084   14.674  0.004    2  1 
  51285.1396   14.583  0.004    2  1 
  51285.1427   14.578  0.003    2  1 
  51285.1624   14.561  0.003    2  1 
  51285.1654   14.562  0.004    2  1 
  51285.1891   14.569  0.003    2  1 
  51285.1924   14.564  0.003    2  1 
  51285.2195   14.581  0.004    2  1 
  51285.2227   14.585  0.004    2  1 
  51285.2468   14.647  0.004    2  1 
  51285.2498   14.667  0.004    2  1 
  51285.2738   14.757  0.004    2  1 
  51285.2775   14.772  0.004    2  1 
  51285.3077   14.884  0.004    2  1 
  51285.3112   14.893  0.004    2  1 
  51285.3425   14.970  0.004    2  1 
  51285.3456   14.976  0.004    2  1 
  51286.0177   14.982  0.004    2  1 
  51286.0241   14.991  0.004    2  1 
  51286.0542   14.988  0.004    2  1 
  51286.0574   14.996  0.004    2  1 
  51286.0794   14.930  0.004    2  1 
  51286.0832   14.918  0.004    2  1 
  51286.1105   14.694  0.004    2  1 
  51286.1136   14.674  0.004    2  1 
  51286.1441   14.587  0.003    2  1 
  51286.1472   14.579  0.003    2  1 
  51286.1708   14.555  0.003    2  1 
  51286.1740   14.552  0.003    2  1 
  51286.1969   14.546  0.003    2  1 
  51286.2002   14.546  0.003    2  1 
  51286.2322   14.603  0.004    2  1 
  51286.2352   14.617  0.003    2  1 
  51286.2544   14.680  0.004    2  1 
  51286.2573   14.682  0.004    2  1 
  51286.2785   14.767  0.004    2  1 
  51286.2816   14.777  0.004    2  1 
  51286.3149   14.884  0.004    2  1 
  51286.3179   14.893  0.004    2  1 
  51286.3375   14.932  0.004    2  1 
  51286.3409   14.947  0.004    2  1 
  51286.3604   14.977  0.005    2  1 
  51286.3635   14.975  0.004    2  1 
  51286.3665   14.983  0.004    2  1 
  51304.9667   14.545  0.003    2  1 
  51304.9697   14.550  0.003    2  1 
  51304.9956   14.549  0.003    2  1 
  51305.0393   14.673  0.004    2  1 
  51305.0423   14.692  0.004    2  1 
  51305.0812   14.852  0.005    2  1 
  51305.0852   14.863  0.005    2  1 
  51305.1040   14.922  0.004    2  1 
  51305.1077   14.936  0.004    2  1 
  51305.1328   15.003  0.006    2  1 
  51305.1357   14.992  0.005    2  1 
  51305.1582   15.013  0.005    2  1 
  51305.1616   15.011  0.006    2  1 
  51305.1919   14.953  0.005    2  1 
  51305.1953   14.926  0.005    2  1 
  51305.2170   14.773  0.005    2  1 
  51305.2202   14.751  0.004    2  1 
  51305.2493   14.598  0.004    2  1 
  51305.2523   14.603  0.004    2  1 
  51305.2764   14.543  0.004    2  1 
  51305.2796   14.534  0.004    2  1 
  51305.3025   14.519  0.004    2  1 
  51305.3054   14.517  0.004    2  1 
  51305.9643   14.564  0.003    2  1 
  51305.9672   14.559  0.003    2  1 
  51306.0313   14.633  0.003    2  1 
  51306.0340   14.639  0.003    2  1 
  51306.0638   14.759  0.004    2  1 
  51306.0674   14.775  0.004    2  1 
  51306.1183   14.939  0.004    2  1 
  51306.1209   14.949  0.004    2  1 
  51306.1434   14.999  0.005    2  1 
  51306.1474   14.997  0.005    2  1 
  51306.1743   15.001  0.004    2  1 
  51306.1770   14.994  0.004    2  1 
  51306.1996   14.931  0.004    2  1 
  51306.2025   14.917  0.003    2  1 
  51306.2235   14.771  0.003    2  1 
  51306.2458   14.648  0.003    2  1 
  51306.2665   14.601  0.003    2  1 
  51306.2691   14.587  0.003    2  1 
  51306.2862   14.525  0.003    2  1 
  51306.2895   14.515  0.003    2  1 
  51306.3068   14.504  0.003    2  1 
  51306.3101   14.500  0.003    2  1 
  51306.9828   14.540  0.004    2  1 
  51306.9870   14.547  0.003    2  1 
  51307.0161   14.579  0.003    2  1 
  51307.0270   14.613  0.004    2  1 
  51307.0388   14.650  0.004    2  1 
  51307.0824   14.810  0.006    2  1 
  51307.9862   14.526  0.003    2  1 
  51308.0178   14.587  0.003    2  1 
  51308.0443   14.656  0.003    2  1 
  51308.1072   14.875  0.004    2  1 
  51308.1114   14.887  0.004    2  1 
  51310.1342   14.932  0.004    2  1 
  51310.1371   14.933  0.004    2  1 
  51310.1402   14.947  0.004    2  1 
  51314.9621   14.623  0.004    2  1 
  51314.9650   14.609  0.004    2  1 
  51314.9679   14.609  0.004    2  1 
  51314.9914   14.598  0.003    2  1 
  51314.9943   14.586  0.003    2  1 
  51314.9972   14.582  0.003    2  1 
  51315.0171   14.563  0.003    2  1 
  51315.0197   14.556  0.003    2  1 
  51315.0224   14.557  0.003    2  1 
  51315.0409   14.553  0.003    2  1 
  51315.0436   14.548  0.003    2  1 
  51315.0462   14.545  0.003    2  1 
  51315.0650   14.565  0.003    2  1 
  51315.0677   14.571  0.003    2  1 
  51315.0860   14.630  0.003    2  1 
  51315.0887   14.640  0.003    2  1 
  51315.0913   14.652  0.003    2  1 
  51315.1094   14.727  0.004    2  1 
  51315.1121   14.733  0.003    2  1 
  51315.1148   14.750  0.003    2  1 
  51316.0303   14.534  0.003    2  1 
  51316.0330   14.535  0.003    2  1 
  51316.0511   14.548  0.003    2  1 
  51316.0538   14.554  0.003    2  1 
  51316.0565   14.562  0.003    2  1 
  51316.0746   14.594  0.003    2  1 
  51316.0773   14.600  0.003    2  1 
  51316.0800   14.611  0.003    2  1 
  51316.0992   14.660  0.004    2  1 
  51316.1020   14.667  0.003    2  1 
  51316.1046   14.681  0.003    2  1 
  51316.1228   14.755  0.003    2  1 
  51316.1255   14.768  0.004    2  1 
  51316.1281   14.775  0.004    2  1 
  51316.9815   14.607  0.003    2  1 
  51316.9843   14.599  0.003    2  1 
  51316.9869   14.593  0.003    2  1 
  51316.9978   14.568  0.004    2  1 
  51317.0147   14.531  0.004    2  1 
  51317.0176   14.525  0.004    2  1 
  51317.0205   14.520  0.004    2  1 
  51317.0420   14.525  0.004    2  1 
  51317.0450   14.527  0.005    2  1 
  51317.0483   14.534  0.004    2  1 
  51317.0689   14.569  0.004    2  1 
  51317.0718   14.569  0.004    2  1 
  51317.0747   14.576  0.004    2  1 
  51317.0946   14.639  0.004    2  1 
  51317.0974   14.651  0.003    2  1 
  51317.1000   14.654  0.004    2  1 
  51317.1199   14.730  0.004    2  1 
  51317.1228   14.746  0.004    2  1 
  51317.1257   14.754  0.004    2  1 
  51317.9715   14.690  0.004    2  1 
  51317.9744   14.671  0.004    2  1 
  51317.9772   14.649  0.004    2  1 
  51317.9970   14.608  0.003    2  1 
  51317.9998   14.610  0.003    2  1 
  51318.0025   14.591  0.004    2  1 
  51318.0227   14.532  0.004    2  1 
  51318.0260   14.531  0.005    2  1 
  51318.0292   14.491  0.006    2  1 
  51318.0510   14.510  0.004    2  1 
  51318.0542   14.513  0.004    2  1 
  51318.0575   14.509  0.005    2  1 
  51318.0795   14.552  0.004    2  1 
  51318.0827   14.568  0.005    2  1 
  51318.0859   14.576  0.004    2  1 
  51318.1079   14.651  0.006    2  1 
  51318.1111   14.670  0.005    2  1 
  51318.1144   14.682  0.007    2  1 
  51318.9846   14.657  0.004    2  1 
  51318.9874   14.641  0.004    2  1 
  51318.9902   14.639  0.003    2  1 
  51319.0093   14.607  0.004    2  1 
  51319.0122   14.601  0.004    2  1 
  51319.0151   14.580  0.004    2  1 
  51319.0351   14.505  0.004    2  1 
  51319.0380   14.500  0.004    2  1 
  51319.0411   14.502  0.004    2  1 
  51319.0623   14.507  0.004    2  1 
  51319.0653   14.503  0.004    2  1 
  51319.0682   14.516  0.003    2  1 
  51319.0874   14.567  0.003    2  1 
  51319.0902   14.576  0.003    2  1 
  51319.0928   14.589  0.003    2  1 
  51319.1137   14.669  0.003    2  1 
  51319.1164   14.677  0.003    2  1 
  51319.1190   14.683  0.003    2  1 
  51320.1531   14.807  0.004    2  1 
  51320.1557   14.812  0.004    2  1 
  51320.1584   14.819  0.003    2  1 
  51320.9810   14.750  0.004    2  1 
  51321.0292   14.598  0.003    2  1 
  51321.0466   14.553  0.003    2  1 
  51321.0491   14.546  0.003    2  1 
  51321.0517   14.551  0.003    2  1 
  51321.0689   14.521  0.003    2  1 
  51321.0714   14.511  0.003    2  1 
  51321.0740   14.515  0.003    2  1 
  51321.0997   14.530  0.003    2  1 
  51321.1023   14.536  0.003    2  1 
  51321.1049   14.550  0.003    2  1 
  51321.1074   14.558  0.003    2  1 
  51321.1100   14.573  0.003    2  1 
  51321.1285   14.657  0.003    2  1 
  51321.1311   14.668  0.003    2  1 
  51332.9607   15.000  0.007    2  1 
  51332.9651   15.011  0.008    2  1 
  51332.9797   15.014  0.006    2  1 
  51332.9834   15.013  0.006    2  1 
  51333.0005   15.006  0.005    2  1 
  51333.0039   15.008  0.006    2  1 
  51333.0156   14.971  0.005    2  1 
  51333.0192   14.972  0.006    2  1 
  51333.0445   14.801  0.005    2  1 
  51333.0479   14.770  0.005    2  1 
  51333.0636   14.648  0.006    2  1 
  51333.0681   14.630  0.006    2  1 
  51333.0834   14.606  0.004    2  1 
  51333.0869   14.596  0.004    2  1 
  51333.0981   14.580  0.004    2  1 
  51333.1018   14.574  0.004    2  1 
  51333.1258   14.552  0.004    2  1 
  51333.1294   14.533  0.005    2  1 
  51333.1410   14.529  0.005    2  1 
  51333.1452   14.541  0.005    2  1 
  51333.1492   14.540  0.005    2  1 
  51333.1642   14.557  0.005    2  1 
  51333.1679   14.558  0.004    2  1 
  51334.9778   14.981  0.004    2  1 
  51334.9806   14.994  0.004    2  1 
  51335.0115   15.007  0.004    2  1 
  51335.0145   15.003  0.004    2  1 
  51335.0237   14.994  0.005    2  1 
  51335.0269   14.982  0.005    2  1 
  51335.0365   14.941  0.004    2  1 
  51335.0396   14.935  0.005    2  1 
  51335.0624   14.773  0.005    2  1 
  51335.0658   14.744  0.005    2  1 
  51335.0766   14.667  0.004    2  1 
  51335.0800   14.647  0.004    2  1 
  51335.1009   14.598  0.004    2  1 
  51335.1041   14.588  0.004    2  1 
  51335.9585   14.941  0.005    2  1 
  51335.9619   14.942  0.005    2  1 
  51335.9661   14.960  0.005    2  1 
  51335.9693   14.960  0.005    2  1 
  51335.9855   14.985  0.004    2  1 
  51335.9915   14.997  0.004    2  1 
  51335.9966   15.002  0.004    2  1 
  51336.0139   15.010  0.005    2  1 
  51336.0172   15.016  0.005    2  1 
  51336.0275   14.999  0.005    2  1 
  51336.0306   15.001  0.005    2  1 
  51336.0439   14.950  0.005    2  1 
  51336.0470   14.931  0.005    2  1 
  51336.0662   14.790  0.005    2  1 
  51336.0696   14.756  0.004    2  1 
  51336.0728   14.724  0.004    2  1 
  51336.0954   14.619  0.004    2  1 
  51336.0989   14.607  0.004    2  1 
  51336.1119   14.593  0.004    2  1 
  51336.1153   14.584  0.004    2  1 
  51336.1297   14.530  0.005    2  1 
  51336.1600   14.505  0.006    2  1 
  51336.1647   14.503  0.007    2  1 
  51336.9567   14.917  0.003    2  1 
  51337.0022   15.033  0.005    2  1 
  51337.9827   14.970  0.006    2  1 
  51337.9868   14.985  0.006    2  1 
  51337.9997   14.988  0.006    2  1 
  51338.0033   14.992  0.005    2  1 
  51338.0231   15.001  0.006    2  1 
  51338.0265   15.013  0.006    2  1 
  51338.0304   15.004  0.006    2  1 
  51338.9791   14.942  0.004    2  1 
  51338.9849   14.957  0.004    2  1 
  51339.0116   14.999  0.005    2  1 
  51339.0151   14.992  0.006    2  1 
  51339.0441   14.980  0.005    2  1 
  51339.0477   14.966  0.005    2  1 
  51339.0513   14.960  0.005    2  1 
  51339.0774   14.838  0.005    2  1 
  51339.0807   14.812  0.005    2  1 
  51339.1053   14.656  0.004    2  1 
  51339.1093   14.640  0.004    2  1 
  51339.1327   14.590  0.004    2  1 
  51339.1363   14.584  0.004    2  1 
  51339.9588   14.878  0.004    2  1 
  51339.9627   14.895  0.004    2  1 
  51339.9835   14.948  0.004    2  1 
  51339.9874   14.960  0.004    2  1 
  51340.0115   14.987  0.004    2  1 
  51340.0146   14.993  0.004    2  1 
  51340.0349   15.007  0.005    2  1 
  51340.0380   15.010  0.005    2  1 
  51340.0659   14.940  0.005    2  1 
  51340.0696   14.925  0.005    2  1 
  51340.0938   14.751  0.005    2  1 
  51340.0983   14.716  0.005    2  1 
  51340.1334   14.601  0.004    2  1 
  51340.1366   14.593  0.004    2  1 
  51344.9654   14.779  0.003    2  1 
  51344.9786   14.833  0.004    2  1 
  51344.9829   14.846  0.004    2  1 
  51345.0052   14.924  0.004    2  1 
  51345.0092   14.947  0.005    2  1 
  51345.0132   14.950  0.004    2  1 
  51345.0170   14.957  0.005    2  1 
  51345.0353   14.985  0.004    2  1 
  51345.0390   14.995  0.004    2  1 
  51345.0645   15.020  0.005    2  1 
  51345.0690   15.009  0.004    2  1 
  51345.9658   14.770  0.006    2  1 
  51345.9696   14.783  0.006    2  1 
  51345.9999   14.889  0.005    2  1 
  51346.0043   14.897  0.005    2  1 
  51346.0310   14.966  0.005    2  1 
  51346.0343   14.983  0.005    2  1 
  51346.0571   15.003  0.005    2  1 
  51346.0604   15.009  0.005    2  1 
  51347.0221   14.919  0.005    2  1 
  51347.0274   14.935  0.003    2  1 
  51347.0562   14.982  0.004    2  1 
  51347.0597   14.978  0.005    2  1 
  51347.0815   14.995  0.004    2  1 
  51347.0850   14.987  0.004    2  1 
  51347.9550   14.715  0.004    2  1 
  51347.9581   14.692  0.004    2  1 
  51347.9877   14.810  0.004    2  1 
  51347.9914   14.824  0.004    2  1 
  51347.9948   14.836  0.004    2  1 
  51348.0181   14.909  0.004    2  1 
  51348.0211   14.915  0.005    2  1 
  51348.0849   15.024  0.007    2  1 
  51348.0897   15.016  0.006    2  1 
  51348.1054   14.993  0.006    2  1 
  51348.1088   14.972  0.006    2  1 
  51348.1122   14.967  0.006    2  1 
  51348.9528   14.650  0.003    2  1 
  51348.9557   14.663  0.004    2  1 
  51348.9795   14.757  0.004    2  1 
  51348.9824   14.764  0.004    2  1 
  51348.9941   14.811  0.004    2  1 
  51349.0152   14.892  0.004    2  1 
  51349.0189   14.901  0.004    2  1 
  51349.9596   14.641  0.003    2  1 
  51349.9627   14.658  0.003    2  1 
  51349.9911   14.785  0.004    2  1 
  51349.9944   14.796  0.004    2  1 
  51350.0097   14.857  0.004    2  1 
  51350.0128   14.866  0.004    2  1 
  51350.0228   14.903  0.004    2  1 
  51364.9643   14.536  0.003    2  1 
  51380.9714   14.950  0.004    2  1 
  51380.9769   14.934  0.004    2  1 
  51380.9801   14.917  0.004    2  1 
  51380.9845   14.891  0.004    2  1 
  51381.0066   14.729  0.003    2  1 
  51381.0096   14.712  0.003    2  1 
  51381.0136   14.683  0.003    2  1 
  51381.9638   15.000  0.004    2  1 
  51381.9679   14.997  0.004    2  1 
  51381.9716   14.991  0.005    2  1 
  51381.9917   14.897  0.005    2  1 
  51381.9946   14.874  0.005    2  1 
  51382.9605   15.022  0.004    2  1 
  51382.9652   15.012  0.004    2  1 
  51382.9682   15.031  0.006    2  1 
  51382.9887   14.947  0.004    2  1 
  51382.9916   14.940  0.005    2  1 
  51383.9595   15.011  0.004    2  1 
  51383.9648   15.005  0.004    2  1 
  51383.9826   14.985  0.004    2  1 
  51383.9853   14.986  0.005    2  1 
  51384.9657   15.003  0.004    2  1 
  51385.9615   14.995  0.004    2  1 
  51385.9788   15.001  0.004    2  1 
  51385.9814   14.991  0.004    2  1 
  51386.9731   14.995  0.005    2  1 
  51386.9769   14.985  0.005    2  1 
  51386.9807   15.000  0.004    2  1 
  51387.0101   14.936  0.005    2  1 
  51387.0139   14.927  0.005    2  1 
  51387.0177   14.918  0.005    2  1 
  51388.9571   14.989  0.007    2  1 
  51388.9622   14.986  0.006    2  1 
  51388.9659   15.004  0.006    2  1 
  51388.9899   15.006  0.006    2  1 
  51388.9932   14.999  0.006    2  1 
  51389.9629   14.974  0.004    2  1 
  51389.9656   14.984  0.004    2  1 
  51389.9683   14.988  0.004    2  1 
  51390.9631   14.965  0.005    2  1 
  51646.1374   14.945  0.005    2  1 
  51646.1447   14.981  0.007    2  1 
  51646.1486   14.967  0.006    2  1 
  51646.1532   14.988  0.006    2  1 
  51646.1570   15.025  0.008    2  1 
  51646.1609   15.024  0.007    2  1 
  51646.1649   15.015  0.007    2  1 
  51646.1687   15.010  0.006    2  1 
  51646.1727   15.005  0.006    2  1 
  51646.1764   15.006  0.005    2  1 
  51646.1801   15.016  0.006    2  1 
  51646.1837   15.013  0.005    2  1 
  51646.1871   15.037  0.006    2  1 
  51646.1907   15.027  0.006    2  1 
  51646.1944   15.026  0.006    2  1 
  51646.1983   15.007  0.005    2  1 
  51646.2025   15.006  0.005    2  1 
  51646.2065   15.002  0.005    2  1 
  51646.2100   14.993  0.005    2  1 
  51646.2138   14.978  0.005    2  1 
  51646.2172   14.963  0.005    2  1 
  51646.2206   14.946  0.005    2  1 
  51646.2245   14.929  0.005    2  1 
  51646.2283   14.902  0.004    2  1 
  51646.2320   14.885  0.005    2  1 
  51646.2362   14.848  0.004    2  1 
  51646.2394   14.829  0.003    2  1 
  51646.2426   14.806  0.004    2  1 
  51646.2457   14.779  0.004    2  1 
  51646.2489   14.755  0.004    2  1 
  51646.2523   14.735  0.004    2  1 
  51646.2557   14.706  0.004    2  1 
  51646.2591   14.685  0.004    2  1 
  51646.2626   14.661  0.005    2  1 
  51646.2660   14.663  0.004    2  1 
  51646.2694   14.646  0.006    2  1 
  51646.2730   14.628  0.006    2  1 
  51646.2769   14.600  0.008    2  1 
  51646.2811   14.564  0.009    2  1 
  51646.2852   14.577  0.006    2  1 
  51646.2895   14.573  0.005    2  1 
  51646.2939   14.541  0.006    2  1 
  51646.2986   14.522  0.006    2  1 
  51646.3027   14.508  0.007    2  1 
  51646.3070   14.518  0.005    2  1 
  51646.3111   14.521  0.005    2  1 
  51646.3151   14.527  0.004    2  1 
  51646.3189   14.532  0.004    2  1 
  51646.3225   14.537  0.004    2  1 
  51646.3260   14.524  0.004    2  1 
  51646.3296   14.527  0.004    2  1 
  51646.3330   14.529  0.004    2  1 
  51646.3377   14.528  0.004    2  1 
  51646.3414   14.528  0.004    2  1 
  51646.3451   14.535  0.004    2  1 
  51646.3496   14.544  0.004    2  1 
  51646.3530   14.545  0.004    2  1 
  51646.3568   14.554  0.004    2  1 
  51646.3602   14.529  0.006    2  1 
  51646.3637   14.561  0.005    2  1 
  51646.3679   14.572  0.004    2  1 
  51646.3713   14.590  0.004    2  1 
  51646.3746   14.569  0.006    2  1 
  51671.0353   14.946  0.004    2  1 
  51671.0475   14.910  0.003    2  1 
  51671.0585   14.767  0.003    2  1 
  51671.0649   14.726  0.004    2  1 
  51671.0721   14.661  0.004    2  1 
  51671.0771   14.642  0.005    2  1 
  51671.1013   14.605  0.004    2  1 
  51671.1053   14.599  0.004    2  1 
  51671.1107   14.582  0.004    2  1 
  51671.1151   14.575  0.004    2  1 
  51671.1292   14.555  0.004    2  1 
  51671.9878   14.994  0.004    2  1 
  51671.9920   14.999  0.004    2  1 
  51672.0277   14.970  0.004    2  1 
  51672.0316   14.954  0.004    2  1 
  51672.0822   14.632  0.004    2  1 
  51674.0685   14.858  0.006    2  1 
  51674.0726   14.821  0.006    2  1 
  51674.1052   14.602  0.005    2  1 
  51674.1117   14.597  0.005    2  1 
  51674.1260   14.574  0.004    2  1 
  51674.1296   14.565  0.004    2  1 
  51674.1332   14.561  0.004    2  1 
  51674.1368   14.564  0.004    2  1 
  51674.1405   14.556  0.004    2  1 
  51674.1444   14.556  0.004    2  1 
  51674.9689   14.934  0.005    2  1 
  51674.9724   14.942  0.005    2  1 
  51674.9867   14.970  0.005    2  1 
  51674.9911   14.987  0.006    2  1 
  51675.0041   15.011  0.006    2  1 
  51675.0121   15.022  0.006    2  1 
  51675.0159   15.028  0.007    2  1 
  51675.0253   15.008  0.005    2  1 
  51675.0289   15.009  0.004    2  1 
  51675.0351   15.006  0.005    2  1 
  51675.0465   14.993  0.005    2  1 
  51675.0521   14.983  0.006    2  1 
  51675.0558   14.955  0.005    2  1 
  51675.0622   14.932  0.005    2  1 
  51675.0661   14.906  0.005    2  1 
  51675.0719   14.872  0.005    2  1 
  51675.0756   14.840  0.005    2  1 
  51675.0814   14.796  0.005    2  1 
  51675.0858   14.755  0.005    2  1 
  51675.0927   14.696  0.004    2  1 
  51675.0970   14.663  0.004    2  1 
  51675.9751   14.928  0.004    2  1 
  51675.9802   14.938  0.005    2  1 
  51675.9906   14.958  0.004    2  1 
  51675.9939   14.962  0.004    2  1 
  51675.9971   14.967  0.004    2  1 
  51676.0005   14.978  0.004    2  1 
  51676.0036   14.990  0.004    2  1 
  51676.0067   14.996  0.005    2  1 
  51676.0112   14.997  0.005    2  1 
  51676.0240   15.021  0.006    2  1 
  51676.0301   15.014  0.005    2  1 
  51676.9616   14.869  0.006    2  1 
  51676.9713   14.900  0.006    2  1 
  51676.9757   14.914  0.006    2  1 
  51676.9867   14.953  0.007    2  1 
  51676.9919   14.991  0.009    2  1 
  51676.9969   14.975  0.008    2  1 
  51677.0090   15.011  0.007    2  1 
  51677.0126   14.987  0.006    2  1 
  51677.0180   15.001  0.007    2  1 
  51677.0226   15.000  0.007    2  1 
  51677.0271   15.020  0.007    2  1 
  51677.0318   15.020  0.007    2  1 
  51677.0362   15.013  0.007    2  1 
  51677.0410   15.023  0.007    2  1 
  51677.0453   15.017  0.007    2  1 
  51677.0499   15.012  0.007    2  1 
  51677.0580   15.001  0.007    2  1 
  51677.0628   14.986  0.007    2  1 
  51677.0672   14.964  0.007    2  1 
  51677.0713   14.953  0.006    2  1 
  51677.0751   14.928  0.006    2  1 
  51677.0793   14.901  0.006    2  1 
  51677.0835   14.877  0.006    2  1 
  51677.0877   14.844  0.006    2  1 
  51677.0918   14.807  0.005    2  1 
  51677.0956   14.787  0.006    2  1 
  51677.0996   14.754  0.007    2  1 
  51677.1044   14.715  0.006    2  1 
  51677.1082   14.688  0.007    2  1 
  51677.1121   14.674  0.006    2  1 
  51677.1160   14.654  0.006    2  1 
  51677.1199   14.643  0.006    2  1 
  51677.1238   14.636  0.005    2  1 
  51677.1276   14.631  0.006    2  1 
  51677.1315   14.614  0.006    2  1 
  51677.1353   14.601  0.006    2  1 
  51677.1396   14.580  0.006    2  1 
  51677.1434   14.572  0.005    2  1 
  51677.1476   14.556  0.005    2  1 
  51677.1520   14.544  0.005    2  1 
  51677.1564   14.524  0.005    2  1 
  51677.1603   14.521  0.005    2  1 
  51677.1642   14.515  0.005    2  1 
  51677.1680   14.509  0.005    2  1 
  51677.1719   14.508  0.005    2  1 
  51677.1759   14.515  0.005    2  1 
  51677.1797   14.502  0.005    2  1 
  51677.1836   14.494  0.005    2  1 
  51677.1883   14.506  0.005    2  1 
  51677.1922   14.521  0.005    2  1 
  51677.1960   14.524  0.005    2  1 
  51677.1999   14.528  0.005    2  1 
  51677.2038   14.540  0.005    2  1 
  51677.2083   14.547  0.005    2  1 
  51677.2133   14.561  0.005    2  1 
  51677.2176   14.545  0.007    2  1 
  51677.2233   14.575  0.007    2  1 
  51677.2285   14.570  0.010    2  1 
  51677.2335   14.625  0.008    2  1 
  51677.2391   14.642  0.008    2  1 
  51677.2465   14.666  0.009    2  1 
  51677.2524   14.708  0.006    2  1 
  51677.2571   14.730  0.006    2  1 
  51677.2620   14.747  0.006    2  1 
  51677.2664   14.766  0.006    2  1 
  51677.2708   14.784  0.006    2  1 
  51691.0409   14.867  0.004    2  1 
  51691.0509   14.898  0.003    2  1 
  51691.0543   14.910  0.004    2  1 
  51691.0579   14.927  0.004    2  1 
  51691.0633   14.944  0.003    2  1 
  51691.0670   14.957  0.003    2  1 
  51691.0711   14.954  0.003    2  1 
  51691.0770   14.969  0.003    2  1 
  51691.0805   14.978  0.004    2  1 
  51691.0840   14.987  0.004    2  1 
  51691.0896   14.989  0.004    2  1 
  51691.0931   14.992  0.004    2  1 
  51691.0971   15.006  0.004    2  1 
  51691.1040   15.010  0.004    2  1 
  51691.1083   15.011  0.004    2  1 
  51691.1122   15.012  0.004    2  1 
  51691.1180   15.007  0.004    2  1 
  51691.1214   15.008  0.004    2  1 
  51691.1249   15.009  0.004    2  1 
  51691.1323   15.002  0.004    2  1 
  51691.1357   14.994  0.003    2  1 
  51691.1392   14.987  0.004    2  1 
  51691.1448   14.973  0.004    2  1 
  51691.1522   14.942  0.003    2  1 
  51691.1561   14.928  0.002    2  1 
  51693.0130   14.681  0.004    2  1 
  51693.0165   14.701  0.004    2  1 
  51693.0248   14.734  0.004    2  1 
  51693.0305   14.761  0.004    2  1 
  51693.0340   14.778  0.004    2  1 
  51693.0378   14.790  0.004    2  1 
  51694.0082   14.643  0.003    2  1 
  51694.0114   14.660  0.004    2  1 
  51694.0202   14.691  0.004    2  1 
  51694.0319   14.741  0.004    2  1 
  51694.0351   14.756  0.004    2  1 
  51694.0384   14.767  0.004    2  1 
  51694.0418   14.781  0.004    2  1 
  51694.0472   14.804  0.004    2  1 
  51694.0505   14.816  0.004    2  1 
  51694.0537   14.831  0.004    2  1 
  51694.0590   14.842  0.004    2  1 
  51694.0623   14.860  0.004    2  1 
  51694.0656   14.869  0.004    2  1 
  51694.0714   14.881  0.004    2  1 
  51694.0781   14.908  0.004    2  1 
  51694.0836   14.922  0.004    2  1 
  51694.0868   14.934  0.004    2  1 
  51694.0957   14.948  0.004    2  1 
  51694.0989   14.948  0.004    2  1 
  51694.1021   14.967  0.004    2  1 
  51694.1075   14.976  0.004    2  1 
  51694.1138   15.033  0.004    2  1 
  51694.1190   14.994  0.004    2  1 
  51694.1221   15.003  0.004    2  1 
  51694.1252   14.997  0.004    2  1 
  51694.1286   15.005  0.004    2  1 
  51695.0280   14.697  0.003    2  1 
  51695.0317   14.716  0.003    2  1 
  51697.9712   14.507  0.004    2  1 
  51697.9818   14.526  0.004    2  1 
  51765.9746   14.660  0.004    2  1 
  51765.9783   14.650  0.004    2  1 
  51765.9820   14.640  0.004    2  1 
  51766.0194   14.530  0.004    2  1 
  51766.0229   14.531  0.004    2  1 
  51216.3063   15.369  0.004    3  1 
  51216.3342   15.279  0.003    3  1 
  51216.3572   15.125  0.004    3  1 
  51216.3847   14.929  0.004    3  1 
  51217.2936   15.491  0.005    3  1 
  51217.3214   15.441  0.004    3  1 
  51217.3852   14.963  0.003    3  1 
  51218.2935   15.471  0.005    3  1 
  51218.3212   15.492  0.005    3  1 
  51218.3442   15.398  0.005    3  1 
  51218.3704   15.114  0.004    3  1 
  51219.2811   15.429  0.002    3  1 
  51219.2844   15.440  0.005    3  1 
  51219.3053   15.477  0.005    3  1 
  51219.3228   15.461  0.005    3  1 
  51219.3465   15.342  0.004    3  1 
  51219.3676   15.209  0.004    3  1 
  51219.3851   15.039  0.004    3  1 
  51220.2805   15.349  0.004    3  1 
  51220.2995   15.414  0.004    3  1 
  51220.3171   15.433  0.004    3  1 
  51220.3349   15.463  0.005    3  1 
  51220.3523   15.373  0.004    3  1 
  51220.3689   15.245  0.004    3  1 
  51220.3877   15.045  0.003    3  1 
  51221.2691   15.305  0.003    3  1 
  51221.2915   15.368  0.004    3  1 
  51221.3097   15.291  0.003    3  1 
  51221.3270   15.351  0.003    3  1 
  51221.3437   15.388  0.004    3  1 
  51221.3619   15.349  0.004    3  1 
  51221.3854   15.144  0.004    3  1 
  51283.2237   14.941  0.003    3  1 
  51283.2601   15.147  0.003    3  1 
  51283.2830   15.240  0.003    3  1 
  51283.3050   15.404  0.004    3  1 
  51283.3367   15.489  0.004    3  1 
  51283.3600   15.532  0.004    3  1 
  51284.2056   14.852  0.003    3  1 
  51284.2337   14.957  0.003    3  1 
  51284.2542   15.077  0.003    3  1 
  51284.2806   15.232  0.004    3  1 
  51284.3075   15.369  0.004    3  1 
  51284.3333   15.426  0.004    3  1 
  51285.0371   15.385  0.003    3  1 
  51285.0646   15.286  0.003    3  1 
  51285.0885   15.238  0.004    3  1 
  51285.1182   14.958  0.003    3  1 
  51285.1470   14.885  0.003    3  1 
  51285.1988   14.874  0.003    3  1 
  51285.2270   14.924  0.003    3  1 
  51285.2539   15.025  0.003    3  1 
  51285.2851   15.228  0.004    3  1 
  51285.3202   15.402  0.004    3  1 
  51285.3496   15.500  0.004    3  1 
  51286.0308   15.393  0.003    3  1 
  51286.0619   15.483  0.004    3  1 
  51286.0871   15.306  0.003    3  1 
  51286.0921   15.297  0.004    3  1 
  51286.1226   14.975  0.002    3  1 
  51286.1512   14.969  0.002    3  1 
  51286.1789   14.907  0.002    3  1 
  51286.2076   14.926  0.002    3  1 
  51286.2389   14.964  0.003    3  1 
  51286.2613   15.061  0.003    3  1 
  51286.2889   15.208  0.003    3  1 
  51286.3108   15.270  0.003    3  1 
  51286.3335   15.339  0.003    3  1 
  51286.3566   15.417  0.004    3  1 
  51304.9734   14.858  0.003    3  1 
  51305.0076   14.890  0.003    3  1 
  51305.0510   15.097  0.004    3  1 
  51305.0770   15.238  0.004    3  1 
  51305.1004   15.359  0.004    3  1 
  51305.1407   15.407  0.005    3  1 
  51305.1707   15.432  0.004    3  1 
  51305.1996   15.344  0.005    3  1 
  51305.2299   15.020  0.004    3  1 
  51305.2561   14.937  0.004    3  1 
  51305.2836   14.841  0.004    3  1 
  51305.3139   14.857  0.004    3  1 
  51305.9733   14.866  0.003    3  1 
  51306.0117   14.925  0.002    3  1 
  51306.0157   14.925  0.002    3  1 
  51306.0375   14.999  0.003    3  1 
  51306.0735   15.160  0.003    3  1 
  51306.1026   15.337  0.004    3  1 
  51306.1285   15.402  0.004    3  1 
  51306.1517   15.429  0.005    3  1 
  51306.1807   15.326  0.003    3  1 
  51306.2059   15.320  0.003    3  1 
  51306.2269   15.124  0.003    3  1 
  51306.2491   14.979  0.003    3  1 
  51306.2725   14.914  0.003    3  1 
  51306.2932   14.827  0.003    3  1 
  51307.9986   14.846  0.003    3  1 
  51308.0249   14.928  0.003    3  1 
  51308.0524   15.040  0.003    3  1 
  51308.0811   15.186  0.003    3  1 
  51308.0851   15.168  0.003    3  1 
  51308.1202   15.361  0.004    3  1 
  51310.1272   15.321  0.003    3  1 
  51310.1308   15.298  0.003    3  1 
  51314.9714   14.940  0.003    3  1 
  51315.0138   14.873  0.003    3  1 
  51315.0372   14.852  0.003    3  1 
  51315.0710   14.901  0.003    3  1 
  51315.0946   15.017  0.003    3  1 
  51315.1180   15.149  0.003    3  1 
  51316.0363   14.819  0.003    3  1 
  51316.0597   14.878  0.003    3  1 
  51316.0832   14.946  0.003    3  1 
  51316.1079   15.050  0.003    3  1 
  51316.9780   14.944  0.003    3  1 
  51317.0013   14.879  0.003    3  1 
  51317.0241   14.851  0.003    3  1 
  51317.0523   14.845  0.003    3  1 
  51317.0782   14.907  0.003    3  1 
  51317.1035   15.031  0.004    3  1 
  51317.9808   14.972  0.003    3  1 
  51318.0060   14.915  0.003    3  1 
  51318.0331   14.847  0.004    3  1 
  51318.0898   14.936  0.004    3  1 
  51318.1183   15.063  0.004    3  1 
  51318.9811   15.000  0.003    3  1 
  51319.0058   14.944  0.003    3  1 
  51319.0315   14.824  0.003    3  1 
  51319.0717   14.815  0.003    3  1 
  51320.1175   15.009  0.002    3  1 
  51321.0212   14.941  0.003    3  1 
  51321.0434   14.869  0.003    3  1 
  51321.0658   14.878  0.002    3  1 
  51321.0965   14.861  0.002    3  1 
  51321.1252   14.995  0.003    3  1 
  51333.0403   15.224  0.004    3  1 
  51333.1062   14.876  0.003    3  1 
  51334.9989   15.490  0.004    3  1 
  51335.0432   15.313  0.004    3  1 
  51335.0972   14.942  0.003    3  1 
  51335.1083   14.888  0.003    3  1 
  51336.0103   15.495  0.004    3  1 
  51336.0508   15.322  0.004    3  1 
  51336.0891   14.950  0.004    3  1 
  51338.0075   15.426  0.004    3  1 
  51338.9740   15.271  0.003    3  1 
  51339.0046   15.462  0.004    3  1 
  51339.0385   15.443  0.004    3  1 
  51339.0685   15.298  0.004    3  1 
  51339.1006   15.022  0.004    3  1 
  51339.1280   14.930  0.004    3  1 
  51339.9665   15.301  0.003    3  1 
  51339.9935   15.364  0.003    3  1 
  51340.0189   15.441  0.004    3  1 
  51340.0441   15.434  0.004    3  1 
  51340.0753   15.282  0.004    3  1 
  51340.1041   15.023  0.004    3  1 
  51345.0430   15.486  0.004    3  1 
  51345.0736   15.493  0.004    3  1 
  51345.9747   15.195  0.004    3  1 
  51346.0101   15.362  0.004    3  1 
  51346.0388   15.442  0.004    3  1 
  51346.0670   15.487  0.005    3  1 
  51347.0317   15.389  0.004    3  1 
  51347.0645   15.456  0.004    3  1 
  51347.0896   15.460  0.003    3  1 
  51347.9638   15.078  0.003    3  1 
  51348.0146   15.331  0.004    3  1 
  51348.9591   15.022  0.004    3  1 
  51349.0243   15.348  0.004    3  1 
  51349.9679   15.026  0.003    3  1 
  51364.9721   14.836  0.003    3  1 
  51380.9890   15.277  0.004    3  1 
  51381.9751   15.438  0.004    3  1 
  51382.9716   15.465  0.004    3  1 
  51383.9680   15.421  0.003    3  1 
  51385.9645   15.498  0.004    3  1 
  51386.9859   15.506  0.005    3  1 
  51388.9699   15.438  0.004    3  1 
  51389.9715   15.476  0.004    3  1 
  51672.0213   15.474  0.004    3  1 
  51674.0796   15.127  0.004    3  1 
  51674.9989   15.474  0.005    3  1 
  51675.0396   15.452  0.004    3  1 
  51693.0053   14.988  0.003    3  1 
  51694.0012   14.954  0.003    3  1 
  51695.0214   15.021  0.002    3  1 
  51765.9863   14.984  0.004    3  1 
  51766.0153   14.901  0.004    3  1 
 56468.97641   13.745  0.036   -1  1 
 56469.04707   13.543  0.021   -1  1 
 56469.10896   13.597  0.018   -1  1 
 56469.17285   13.611  0.008   -1  1 
 56471.00364   13.590  0.016   -1  1 
 56471.06640   13.755  0.033   -1  1 
 56471.12490   13.534  0.008   -1  1 
 56471.18188   13.530  0.011   -1  1 
 56471.96759   13.660  0.015   -1  1 
 56472.03374   13.616  0.006   -1  1 
 56472.09484   13.692  0.029   -1  1 
 56472.15243   13.541  0.009   -1  1 
 56468.95296   13.538  0.017   -2  1 
 56469.02441   13.544  0.014   -2  1 
 56469.08813   13.503  0.011   -2  1 
 56469.15134   13.516  0.011   -2  1 
 56471.02588   13.652  0.018   -2  1 
 56471.08671   13.600  0.035   -2  1 
 56471.14302   13.454  0.008   -2  1 
 56471.94704   13.553  0.017   -2  1 
 56472.01085   13.569  0.019   -2  1 
 56472.07480   13.585  0.016   -2  1 
 56472.13240   13.409  0.024   -2  1 
 56472.19216   13.495  0.007   -2  1 
 56469.00041   13.832  0.011   -5  1 
 56469.06767   13.707  0.009   -5  1 
 56469.13003   13.728  0.005   -5  1 
 56469.19349   13.817  0.015   -5  1 
 56470.98130   13.950  0.038   -5  1 
 56471.04693   13.758  0.007   -5  1 
 56471.10523   13.702  0.012   -5  1 
 56471.16397   13.696  0.008   -5  1 
 56471.98857   13.862  0.004   -5  1 
 56472.05430   13.744  0.008   -5  1 
 56472.11383   13.691  0.011   -5  1 
 56472.17109   13.756  0.010   -5  1 
