  51216.2987   14.616  0.004    2  1 
  51216.3275   14.688  0.005    2  1 
  51216.3519   14.755  0.005    2  1 
  51216.3771   14.799  0.005    2  1 
  51217.2851   13.997  0.003    2  1 
  51217.3152   14.160  0.004    2  1 
  51217.3378   14.254  0.003    2  1 
  51217.3598   14.355  0.004    2  1 
  51217.3804   14.423  0.004    2  1 
  51218.3013   14.928  0.005    2  1 
  51218.3254   14.880  0.005    2  1 
  51218.3504   14.232  0.003    2  1 
  51218.3753   13.761  0.003    2  1 
  51219.2775   14.838  0.005    2  1 
  51219.3014   14.857  0.005    2  1 
  51219.3186   14.870  0.005    2  1 
  51219.3397   14.886  0.005    2  1 
  51219.3635   14.860  0.005    2  1 
  51219.3810   14.838  0.005    2  1 
  51220.3036   14.642  0.004    2  1 
  51220.3219   14.697  0.004    2  1 
  51220.3564   14.774  0.005    2  1 
  51220.3729   14.825  0.005    2  1 
  51220.3920   14.845  0.005    2  1 
  51221.2619   13.947  0.003    2  1 
  51221.2873   14.086  0.003    2  1 
  51221.3230   14.254  0.003    2  1 
  51221.3396   14.319  0.004    2  1 
  51221.3577   14.389  0.004    2  1 
  51221.3762   14.446  0.004    2  1 
  51283.2102   14.856  0.004    2  1 
  51283.2288   14.881  0.005    2  1 
  51283.2338   14.883  0.004    2  1 
  51283.2391   14.887  0.004    2  1 
  51283.2642   14.935  0.004    2  1 
  51283.2680   14.938  0.004    2  1 
  51283.2868   14.910  0.004    2  1 
  51283.2902   14.874  0.004    2  1 
  51283.3138   14.426  0.003    2  1 
  51283.3170   14.317  0.003    2  1 
  51283.3408   13.770  0.002    2  1 
  51283.3447   13.762  0.002    2  1 
  51283.3642   13.833  0.002    2  1 
  51283.3673   13.858  0.002    2  1 
  51284.1955   14.801  0.004    2  1 
  51284.1993   14.801  0.004    2  1 
  51284.2266   14.829  0.004    2  1 
  51284.2298   14.852  0.004    2  1 
  51284.2475   14.862  0.005    2  1 
  51284.2506   14.856  0.004    2  1 
  51284.2679   14.862  0.004    2  1 
  51284.2711   14.867  0.004    2  1 
  51284.3004   14.909  0.005    2  1 
  51284.3036   14.903  0.005    2  1 
  51284.3257   14.910  0.005    2  1 
  51284.3289   14.920  0.005    2  1 
  51285.0269   14.306  0.003    2  1 
  51285.0299   14.202  0.003    2  1 
  51285.0607   13.769  0.002    2  1 
  51285.0814   13.878  0.002    2  1 
  51285.1052   14.011  0.003    2  1 
  51285.1084   14.026  0.003    2  1 
  51285.1396   14.188  0.003    2  1 
  51285.1427   14.211  0.003    2  1 
  51285.1624   14.284  0.003    2  1 
  51285.1654   14.301  0.003    2  1 
  51285.1891   14.391  0.003    2  1 
  51285.1924   14.406  0.003    2  1 
  51285.2195   14.490  0.004    2  1 
  51285.2227   14.508  0.004    2  1 
  51285.2468   14.555  0.004    2  1 
  51285.2498   14.579  0.004    2  1 
  51285.2738   14.667  0.005    2  1 
  51285.2775   14.671  0.004    2  1 
  51285.3077   14.738  0.004    2  1 
  51285.3112   14.762  0.005    2  1 
  51285.3425   14.809  0.004    2  1 
  51285.3456   14.824  0.004    2  1 
  51286.0177   14.887  0.004    2  1 
  51286.0241   14.878  0.004    2  1 
  51286.0574   14.839  0.004    2  1 
  51286.0794   14.854  0.004    2  1 
  51286.0832   14.821  0.004    2  1 
  51286.1136   14.930  0.004    2  1 
  51286.1740   14.045  0.003    2  1 
  51286.1969   13.736  0.002    2  1 
  51286.2002   13.746  0.002    2  1 
  51286.2322   13.936  0.003    2  1 
  51286.2352   13.971  0.003    2  1 
  51286.2544   14.065  0.003    2  1 
  51286.2573   14.086  0.003    2  1 
  51286.2785   14.186  0.003    2  1 
  51286.2816   14.196  0.003    2  1 
  51286.3149   14.339  0.003    2  1 
  51286.3179   14.350  0.003    2  1 
  51286.3375   14.424  0.003    2  1 
  51286.3409   14.437  0.004    2  1 
  51286.3604   14.511  0.004    2  1 
  51286.3635   14.504  0.004    2  1 
  51286.3665   14.515  0.004    2  1 
  51304.9667   14.451  0.003    2  1 
  51304.9697   14.414  0.003    2  1 
  51304.9985   13.995  0.002    2  1 
  51305.0393   14.040  0.003    2  1 
  51305.0423   14.052  0.003    2  1 
  51305.0812   14.210  0.003    2  1 
  51305.0852   14.218  0.004    2  1 
  51305.1040   14.289  0.003    2  1 
  51305.1077   14.307  0.003    2  1 
  51305.1328   14.401  0.004    2  1 
  51305.1357   14.403  0.004    2  1 
  51305.1582   14.469  0.004    2  1 
  51305.1616   14.482  0.004    2  1 
  51305.1919   14.562  0.005    2  1 
  51305.1953   14.563  0.004    2  1 
  51305.2170   14.627  0.004    2  1 
  51305.2202   14.629  0.004    2  1 
  51305.2493   14.701  0.004    2  1 
  51305.2523   14.703  0.004    2  1 
  51305.2764   14.780  0.005    2  1 
  51305.2796   14.807  0.006    2  1 
  51305.3025   14.794  0.004    2  1 
  51305.3054   14.793  0.004    2  1 
  51305.9643   14.803  0.004    2  1 
  51305.9672   14.798  0.004    2  1 
  51306.0313   14.858  0.003    2  1 
  51306.0340   14.863  0.004    2  1 
  51306.0638   14.884  0.004    2  1 
  51306.0674   14.890  0.004    2  1 
  51306.1209   14.230  0.003    2  1 
  51306.1434   13.924  0.003    2  1 
  51306.1474   13.932  0.003    2  1 
  51306.1743   14.014  0.002    2  1 
  51306.1770   14.024  0.002    2  1 
  51306.1996   14.118  0.003    2  1 
  51306.2025   14.149  0.002    2  1 
  51306.2235   14.224  0.002    2  1 
  51306.2407   14.282  0.002    2  1 
  51306.2432   14.288  0.002    2  1 
  51306.2458   14.299  0.003    2  1 
  51306.2665   14.375  0.003    2  1 
  51306.2691   14.377  0.003    2  1 
  51306.2862   14.429  0.003    2  1 
  51306.2895   14.442  0.003    2  1 
  51306.3068   14.489  0.003    2  1 
  51306.3101   14.510  0.003    2  1 
  51306.9828   14.747  0.005    2  1 
  51306.9870   14.793  0.004    2  1 
  51307.0161   14.842  0.004    2  1 
  51307.0270   14.824  0.005    2  1 
  51307.0388   14.809  0.005    2  1 
  51307.0824   14.851  0.007    2  1 
  51307.9862   14.412  0.003    2  1 
  51308.0212   14.500  0.003    2  1 
  51308.0713   14.729  0.002    2  1 
  51308.0749   14.694  0.004    2  1 
  51308.1072   14.716  0.004    2  1 
  51308.1114   14.724  0.004    2  1 
  51310.1342   13.948  0.002    2  1 
  51310.1371   13.941  0.002    2  1 
  51314.9621   14.816  0.005    2  1 
  51314.9650   14.772  0.004    2  1 
  51314.9679   14.788  0.005    2  1 
  51314.9914   14.774  0.004    2  1 
  51314.9943   14.781  0.004    2  1 
  51315.0171   14.792  0.003    2  1 
  51315.0197   14.790  0.003    2  1 
  51315.0224   14.802  0.004    2  1 
  51315.0409   14.805  0.003    2  1 
  51315.0436   14.783  0.003    2  1 
  51315.0462   14.800  0.004    2  1 
  51315.0650   14.810  0.004    2  1 
  51315.0860   14.848  0.004    2  1 
  51315.0887   14.858  0.004    2  1 
  51315.0913   14.869  0.004    2  1 
  51315.1094   14.858  0.004    2  1 
  51315.1121   14.844  0.004    2  1 
  51315.1148   14.838  0.004    2  1 
  51316.0538   14.643  0.003    2  1 
  51316.0746   14.702  0.004    2  1 
  51316.0773   14.717  0.004    2  1 
  51316.0800   14.724  0.004    2  1 
  51316.1228   14.790  0.004    2  1 
  51316.1255   14.803  0.004    2  1 
  51316.1281   14.810  0.004    2  1 
  51316.9815   13.863  0.002    2  1 
  51316.9843   13.848  0.003    2  1 
  51316.9869   13.879  0.002    2  1 
  51316.9978   13.898  0.003    2  1 
  51317.0147   14.006  0.003    2  1 
  51317.0176   14.015  0.003    2  1 
  51317.0205   14.029  0.003    2  1 
  51317.0420   14.132  0.004    2  1 
  51317.0450   14.152  0.004    2  1 
  51317.0483   14.174  0.004    2  1 
  51317.0689   14.270  0.003    2  1 
  51317.0718   14.277  0.004    2  1 
  51317.0747   14.287  0.004    2  1 
  51317.0946   14.365  0.003    2  1 
  51317.0974   14.373  0.003    2  1 
  51317.1000   14.386  0.003    2  1 
  51317.1199   14.455  0.004    2  1 
  51317.1228   14.461  0.004    2  1 
  51317.1257   14.470  0.004    2  1 
  51317.9715   14.914  0.006    2  1 
  51317.9744   14.859  0.004    2  1 
  51317.9772   14.854  0.004    2  1 
  51318.0025   14.940  0.005    2  1 
  51318.0227   14.977  0.006    2  1 
  51318.0510   14.918  0.006    2  1 
  51318.0542   14.917  0.006    2  1 
  51318.0575   14.906  0.006    2  1 
  51318.0795   14.368  0.004    2  1 
  51318.0827   14.291  0.004    2  1 
  51318.0859   14.191  0.004    2  1 
  51318.1079   13.726  0.004    2  1 
  51318.1111   13.748  0.003    2  1 
  51318.9846   14.810  0.004    2  1 
  51318.9874   14.826  0.004    2  1 
  51318.9902   14.830  0.004    2  1 
  51319.0093   14.835  0.004    2  1 
  51319.0122   14.857  0.005    2  1 
  51319.0151   14.919  0.006    2  1 
  51319.0351   14.891  0.005    2  1 
  51319.0380   14.901  0.005    2  1 
  51319.0411   14.872  0.005    2  1 
  51319.0623   14.869  0.005    2  1 
  51319.0928   14.862  0.004    2  1 
  51319.1137   14.851  0.004    2  1 
  51320.1531   14.847  0.004    2  1 
  51320.1557   14.851  0.004    2  1 
  51320.9810   13.858  0.002    2  1 
  51320.9838   13.864  0.002    2  1 
  51321.0491   14.230  0.003    2  1 
  51321.0714   14.325  0.003    2  1 
  51321.0740   14.327  0.003    2  1 
  51321.0997   14.414  0.003    2  1 
  51321.1023   14.418  0.003    2  1 
  51321.1049   14.439  0.003    2  1 
  51321.1074   14.442  0.003    2  1 
  51321.1100   14.462  0.003    2  1 
  51321.1285   14.511  0.003    2  1 
  51321.1311   14.522  0.003    2  1 
  51332.9607   13.919  0.004    2  1 
  51332.9651   13.950  0.005    2  1 
  51332.9797   14.040  0.004    2  1 
  51332.9834   14.066  0.004    2  1 
  51333.0005   14.154  0.004    2  1 
  51333.0039   14.164  0.004    2  1 
  51333.0156   14.221  0.004    2  1 
  51333.0192   14.233  0.004    2  1 
  51333.0445   14.343  0.004    2  1 
  51333.0479   14.347  0.004    2  1 
  51333.0636   14.411  0.005    2  1 
  51333.0681   14.420  0.005    2  1 
  51333.0834   14.470  0.004    2  1 
  51333.0869   14.484  0.004    2  1 
  51333.0981   14.512  0.004    2  1 
  51333.1018   14.524  0.004    2  1 
  51333.1258   14.601  0.005    2  1 
  51333.1294   14.627  0.006    2  1 
  51333.1410   14.653  0.006    2  1 
  51333.1452   14.657  0.006    2  1 
  51333.1492   14.662  0.005    2  1 
  51333.1642   14.707  0.005    2  1 
  51333.1679   14.707  0.005    2  1 
  51334.9778   14.799  0.003    2  1 
  51334.9806   14.798  0.003    2  1 
  51335.0115   14.810  0.004    2  1 
  51335.0145   14.824  0.004    2  1 
  51335.0237   14.841  0.005    2  1 
  51335.0269   14.831  0.004    2  1 
  51335.0365   14.839  0.004    2  1 
  51335.0396   14.868  0.005    2  1 
  51335.0624   14.852  0.005    2  1 
  51335.0658   14.836  0.005    2  1 
  51335.0766   14.841  0.005    2  1 
  51335.0800   14.842  0.005    2  1 
  51335.1009   14.893  0.005    2  1 
  51335.1041   14.912  0.005    2  1 
  51335.9585   14.548  0.004    2  1 
  51335.9619   14.554  0.004    2  1 
  51335.9661   14.561  0.004    2  1 
  51335.9693   14.565  0.004    2  1 
  51335.9855   14.609  0.004    2  1 
  51335.9915   14.619  0.004    2  1 
  51335.9966   14.639  0.004    2  1 
  51336.0139   14.689  0.004    2  1 
  51336.0172   14.703  0.004    2  1 
  51336.0275   14.727  0.004    2  1 
  51336.0306   14.743  0.004    2  1 
  51336.0439   14.770  0.004    2  1 
  51336.0470   14.775  0.004    2  1 
  51336.0662   14.805  0.005    2  1 
  51336.0696   14.801  0.005    2  1 
  51336.0728   14.800  0.005    2  1 
  51336.0954   14.812  0.005    2  1 
  51336.0989   14.824  0.005    2  1 
  51336.1119   14.839  0.005    2  1 
  51336.1153   14.807  0.005    2  1 
  51336.1297   14.846  0.006    2  1 
  51336.1600   14.916  0.009    2  1 
  51336.1647   14.998  0.012    2  1 
  51336.9567   13.998  0.002    2  1 
  51337.0022   14.203  0.004    2  1 
  51337.9827   14.961  0.007    2  1 
  51337.9868   14.987  0.007    2  1 
  51337.9997   14.864  0.006    2  1 
  51338.0033   14.838  0.005    2  1 
  51338.0231   14.448  0.004    2  1 
  51338.0265   14.370  0.004    2  1 
  51338.0304   14.266  0.004    2  1 
  51338.9791   14.781  0.004    2  1 
  51338.9849   14.780  0.004    2  1 
  51339.0116   14.834  0.005    2  1 
  51339.0151   14.853  0.006    2  1 
  51339.0441   14.829  0.005    2  1 
  51339.0477   14.817  0.005    2  1 
  51339.0513   14.832  0.005    2  1 
  51339.0774   14.869  0.005    2  1 
  51339.0807   14.882  0.005    2  1 
  51339.1053   14.913  0.006    2  1 
  51339.1093   14.933  0.005    2  1 
  51339.1327   14.882  0.005    2  1 
  51339.1363   14.861  0.005    2  1 
  51339.9588   14.557  0.003    2  1 
  51339.9627   14.573  0.004    2  1 
  51339.9835   14.628  0.004    2  1 
  51339.9874   14.640  0.004    2  1 
  51340.0115   14.703  0.004    2  1 
  51340.0146   14.691  0.004    2  1 
  51340.0349   14.764  0.004    2  1 
  51340.0380   14.766  0.004    2  1 
  51340.0659   14.798  0.005    2  1 
  51340.0696   14.808  0.005    2  1 
  51340.0938   14.815  0.005    2  1 
  51340.0983   14.822  0.006    2  1 
  51340.1334   14.791  0.005    2  1 
  51340.1366   14.795  0.005    2  1 
  51344.9654   14.173  0.003    2  1 
  51344.9786   14.223  0.003    2  1 
  51344.9829   14.238  0.003    2  1 
  51345.0052   14.317  0.003    2  1 
  51345.0092   14.334  0.004    2  1 
  51345.0132   14.348  0.003    2  1 
  51345.0170   14.371  0.004    2  1 
  51345.0353   14.415  0.003    2  1 
  51345.0390   14.438  0.003    2  1 
  51345.0645   14.502  0.004    2  1 
  51345.0690   14.514  0.003    2  1 
  51345.9658   14.927  0.007    2  1 
  51345.9696   14.903  0.007    2  1 
  51345.9999   14.436  0.004    2  1 
  51346.0043   14.386  0.004    2  1 
  51346.0310   13.972  0.003    2  1 
  51346.0343   13.944  0.003    2  1 
  51346.0571   13.964  0.003    2  1 
  51346.0604   13.973  0.003    2  1 
  51347.0221   14.802  0.005    2  1 
  51347.0274   14.821  0.003    2  1 
  51347.0562   14.867  0.004    2  1 
  51347.0597   14.866  0.004    2  1 
  51347.0815   14.924  0.004    2  1 
  51347.0850   14.896  0.004    2  1 
  51347.9550   14.587  0.004    2  1 
  51347.9581   14.620  0.004    2  1 
  51347.9877   14.678  0.004    2  1 
  51347.9914   14.690  0.004    2  1 
  51347.9948   14.693  0.004    2  1 
  51348.0181   14.767  0.004    2  1 
  51348.0211   14.772  0.004    2  1 
  51348.0849   14.824  0.007    2  1 
  51348.0897   14.809  0.006    2  1 
  51348.1054   14.828  0.006    2  1 
  51348.1088   14.819  0.006    2  1 
  51348.1122   14.842  0.006    2  1 
  51348.9557   14.151  0.003    2  1 
  51348.9795   14.258  0.003    2  1 
  51348.9824   14.270  0.003    2  1 
  51348.9941   14.325  0.003    2  1 
  51349.0152   14.390  0.003    2  1 
  51349.0189   14.404  0.004    2  1 
  51349.9596   14.827  0.004    2  1 
  51349.9627   14.819  0.004    2  1 
  51349.9911   14.409  0.003    2  1 
  51350.0097   14.063  0.003    2  1 
  51350.0128   14.005  0.003    2  1 
  51350.0228   13.905  0.003    2  1 
  51364.9643   14.357  0.003    2  1 
  51364.9677   14.364  0.003    2  1 
  51380.9714   14.501  0.003    2  1 
  51380.9769   14.515  0.003    2  1 
  51380.9801   14.527  0.003    2  1 
  51380.9845   14.536  0.003    2  1 
  51381.0066   14.581  0.003    2  1 
  51381.0096   14.601  0.003    2  1 
  51381.0136   14.594  0.003    2  1 
  51381.9638   13.979  0.002    2  1 
  51381.9679   13.978  0.003    2  1 
  51381.9716   13.984  0.003    2  1 
  51381.9917   14.072  0.003    2  1 
  51381.9946   14.070  0.003    2  1 
  51382.9605   14.879  0.004    2  1 
  51382.9652   14.878  0.004    2  1 
  51382.9682   14.980  0.006    2  1 
  51382.9887   14.923  0.005    2  1 
  51382.9916   14.944  0.005    2  1 
  51383.9621   14.716  0.003    2  1 
  51383.9648   14.773  0.004    2  1 
  51383.9826   14.779  0.004    2  1 
  51383.9853   14.793  0.004    2  1 
  51385.9788   14.065  0.002    2  1 
  51385.9814   14.071  0.002    2  1 
  51386.9731   14.932  0.005    2  1 
  51386.9769   14.916  0.005    2  1 
  51386.9807   14.919  0.004    2  1 
  51387.0101   14.830  0.004    2  1 
  51387.0139   14.812  0.005    2  1 
  51387.0177   14.763  0.004    2  1 
  51388.9571   14.567  0.006    2  1 
  51388.9622   14.566  0.006    2  1 
  51388.9659   14.591  0.006    2  1 
  51388.9899   14.645  0.005    2  1 
  51388.9932   14.656  0.005    2  1 
  51389.9629   14.012  0.002    2  1 
  51389.9656   14.032  0.002    2  1 
  51389.9683   14.037  0.002    2  1 
  51390.9578   14.875  0.004    2  1 
  51390.9604   14.883  0.004    2  1 
  51390.9631   14.889  0.005    2  1 
  51391.9609   14.866  0.003    2  1 
  51391.9634   14.851  0.003    2  1 
  51646.1374   14.874  0.005    2  1 
  51646.1447   14.939  0.008    2  1 
  51646.1486   14.868  0.006    2  1 
  51646.1532   14.867  0.006    2  1 
  51646.1570   14.993  0.010    2  1 
  51646.1609   14.964  0.009    2  1 
  51646.1649   14.931  0.008    2  1 
  51646.1687   14.909  0.007    2  1 
  51646.1727   14.865  0.005    2  1 
  51646.1764   14.863  0.005    2  1 
  51646.1801   14.868  0.006    2  1 
  51646.1837   14.873  0.005    2  1 
  51646.1871   14.939  0.007    2  1 
  51646.1907   14.928  0.007    2  1 
  51646.1944   14.926  0.007    2  1 
  51646.1983   14.880  0.005    2  1 
  51646.2025   14.902  0.006    2  1 
  51646.2065   14.907  0.005    2  1 
  51646.2100   14.894  0.005    2  1 
  51646.2138   14.886  0.005    2  1 
  51646.2172   14.883  0.005    2  1 
  51646.2206   14.873  0.005    2  1 
  51646.2245   14.873  0.005    2  1 
  51646.2283   14.860  0.004    2  1 
  51646.2320   14.867  0.005    2  1 
  51646.2362   14.837  0.004    2  1 
  51646.2394   14.829  0.003    2  1 
  51646.2426   14.839  0.004    2  1 
  51646.2457   14.850  0.004    2  1 
  51646.2489   14.868  0.004    2  1 
  51646.2523   14.928  0.005    2  1 
  51646.2557   14.875  0.005    2  1 
  51646.2591   14.883  0.005    2  1 
  51646.2626   14.980  0.007    2  1 
  51646.2660   14.912  0.005    2  1 
  51646.2694   15.085  0.009    2  1 
  51646.2895   15.013  0.007    2  1 
  51646.3111   14.984  0.007    2  1 
  51646.3151   14.902  0.006    2  1 
  51646.3189   14.855  0.005    2  1 
  51646.3225   14.828  0.004    2  1 
  51646.3260   14.805  0.005    2  1 
  51646.3296   14.751  0.005    2  1 
  51646.3330   14.652  0.004    2  1 
  51646.3377   14.515  0.004    2  1 
  51646.3414   14.411  0.004    2  1 
  51646.3451   14.298  0.004    2  1 
  51646.3496   14.176  0.003    2  1 
  51646.3530   14.072  0.004    2  1 
  51646.3568   13.988  0.003    2  1 
  51646.3602   13.820  0.005    2  1 
  51646.3637   13.804  0.004    2  1 
  51646.3679   13.782  0.003    2  1 
  51646.3713   13.777  0.003    2  1 
  51671.0353   14.461  0.003    2  1 
  51671.0475   14.500  0.004    2  1 
  51671.0585   14.527  0.003    2  1 
  51671.0649   14.543  0.004    2  1 
  51671.0721   14.566  0.004    2  1 
  51671.0771   14.608  0.006    2  1 
  51671.1013   14.637  0.004    2  1 
  51671.1053   14.646  0.004    2  1 
  51671.1107   14.668  0.004    2  1 
  51671.1151   14.676  0.004    2  1 
  51671.1292   14.703  0.004    2  1 
  51671.9878   14.393  0.003    2  1 
  51671.9920   14.342  0.003    2  1 
  51672.0277   13.952  0.003    2  1 
  51672.0316   13.962  0.003    2  1 
  51672.0822   14.145  0.003    2  1 
  51674.0685   14.807  0.006    2  1 
  51674.0726   14.840  0.007    2  1 
  51674.1052   14.801  0.005    2  1 
  51674.1117   14.823  0.006    2  1 
  51674.1260   14.849  0.005    2  1 
  51674.1296   14.857  0.005    2  1 
  51674.1332   14.851  0.005    2  1 
  51674.1368   14.850  0.005    2  1 
  51674.1405   14.851  0.005    2  1 
  51674.1444   14.834  0.005    2  1 
  51674.9689   14.282  0.004    2  1 
  51674.9724   14.306  0.004    2  1 
  51674.9867   14.349  0.004    2  1 
  51674.9911   14.367  0.004    2  1 
  51675.0041   14.408  0.005    2  1 
  51675.0121   14.438  0.005    2  1 
  51675.0159   14.451  0.006    2  1 
  51675.0253   14.472  0.004    2  1 
  51675.0289   14.474  0.003    2  1 
  51675.0351   14.492  0.004    2  1 
  51675.0465   14.527  0.004    2  1 
  51675.0521   14.555  0.005    2  1 
  51675.0558   14.548  0.004    2  1 
  51675.0622   14.572  0.005    2  1 
  51675.0661   14.577  0.004    2  1 
  51675.0719   14.611  0.005    2  1 
  51675.0756   14.613  0.005    2  1 
  51675.0814   14.633  0.005    2  1 
  51675.0858   14.633  0.005    2  1 
  51675.0927   14.652  0.004    2  1 
  51675.0970   14.652  0.004    2  1 
  51675.9751   14.422  0.003    2  1 
  51675.9802   14.352  0.004    2  1 
  51675.9906   14.176  0.003    2  1 
  51675.9939   14.117  0.003    2  1 
  51675.9971   14.059  0.003    2  1 
  51676.0005   14.021  0.003    2  1 
  51676.0036   13.972  0.003    2  1 
  51676.0067   13.941  0.003    2  1 
  51676.0112   13.923  0.003    2  1 
  51676.0240   13.918  0.003    2  1 
  51676.0301   13.951  0.003    2  1 
  51676.9616   14.868  0.007    2  1 
  51676.9713   14.887  0.007    2  1 
  51676.9757   14.895  0.007    2  1 
  51676.9867   14.925  0.008    2  1 
  51676.9919   15.037  0.012    2  1 
  51676.9969   14.937  0.009    2  1 
  51677.0090   14.938  0.008    2  1 
  51677.0126   14.881  0.006    2  1 
  51677.0180   14.903  0.008    2  1 
  51677.0226   14.887  0.007    2  1 
  51677.0271   14.937  0.008    2  1 
  51677.0318   14.932  0.007    2  1 
  51677.0362   14.930  0.007    2  1 
  51677.0410   14.965  0.008    2  1 
  51677.0453   14.981  0.008    2  1 
  51677.0499   14.973  0.008    2  1 
  51677.0580   15.000  0.008    2  1 
  51677.0628   14.979  0.008    2  1 
  51677.0672   14.955  0.007    2  1 
  51677.0713   14.959  0.007    2  1 
  51677.0751   14.962  0.007    2  1 
  51677.0793   14.929  0.007    2  1 
  51677.0835   14.894  0.006    2  1 
  51677.0877   14.866  0.006    2  1 
  51677.0918   14.826  0.006    2  1 
  51677.0956   14.809  0.006    2  1 
  51677.0996   14.832  0.009    2  1 
  51677.1044   14.691  0.007    2  1 
  51677.1082   14.607  0.008    2  1 
  51677.1121   14.478  0.006    2  1 
  51677.1160   14.400  0.006    2  1 
  51677.1199   14.334  0.006    2  1 
  51677.1238   14.284  0.005    2  1 
  51677.1276   14.195  0.005    2  1 
  51677.1315   14.106  0.005    2  1 
  51677.1353   14.029  0.004    2  1 
  51677.1396   13.956  0.004    2  1 
  51677.1434   13.913  0.004    2  1 
  51677.1476   13.890  0.004    2  1 
  51677.1520   13.889  0.004    2  1 
  51677.1564   13.872  0.004    2  1 
  51677.1603   13.892  0.004    2  1 
  51677.1642   13.902  0.004    2  1 
  51677.1680   13.910  0.004    2  1 
  51677.1719   13.940  0.004    2  1 
  51677.1759   13.950  0.004    2  1 
  51677.1797   13.957  0.004    2  1 
  51677.1836   13.957  0.004    2  1 
  51677.1883   13.989  0.004    2  1 
  51677.1922   14.021  0.004    2  1 
  51677.1960   14.037  0.004    2  1 
  51677.1999   14.053  0.004    2  1 
  51677.2038   14.078  0.004    2  1 
  51677.2083   14.093  0.004    2  1 
  51677.2133   14.109  0.004    2  1 
  51677.2176   14.094  0.006    2  1 
  51677.2233   14.137  0.006    2  1 
  51677.2285   14.108  0.010    2  1 
  51677.2335   14.192  0.007    2  1 
  51677.2391   14.218  0.007    2  1 
  51677.2465   14.234  0.009    2  1 
  51677.2524   14.286  0.006    2  1 
  51677.2571   14.307  0.006    2  1 
  51677.2620   14.326  0.005    2  1 
  51677.2664   14.347  0.005    2  1 
  51677.2708   14.360  0.005    2  1 
  51691.0409   14.639  0.003    2  1 
  51691.0444   14.641  0.003    2  1 
  51691.0509   14.678  0.003    2  1 
  51691.0543   14.687  0.004    2  1 
  51691.0579   14.702  0.004    2  1 
  51691.0633   14.710  0.003    2  1 
  51691.0670   14.732  0.003    2  1 
  51691.0711   14.722  0.003    2  1 
  51691.0770   14.745  0.003    2  1 
  51691.0805   14.748  0.004    2  1 
  51691.0840   14.753  0.004    2  1 
  51691.0896   14.759  0.004    2  1 
  51691.0931   14.780  0.003    2  1 
  51691.0971   14.791  0.003    2  1 
  51691.1040   14.797  0.004    2  1 
  51691.1083   14.804  0.004    2  1 
  51691.1122   14.803  0.004    2  1 
  51691.1180   14.800  0.004    2  1 
  51691.1214   14.831  0.004    2  1 
  51691.1249   14.821  0.004    2  1 
  51691.1323   14.845  0.004    2  1 
  51691.1357   14.852  0.003    2  1 
  51691.1392   14.841  0.004    2  1 
  51691.1448   14.858  0.004    2  1 
  51691.1522   14.869  0.003    2  1 
  51691.1561   14.888  0.002    2  1 
  51693.0130   14.919  0.005    2  1 
  51693.0248   14.940  0.005    2  1 
  51693.0305   14.932  0.004    2  1 
  51693.0340   14.971  0.005    2  1 
  51693.0378   14.945  0.004    2  1 
  51694.0082   14.853  0.004    2  1 
  51694.0114   14.855  0.004    2  1 
  51694.0148   14.866  0.004    2  1 
  51694.0202   14.846  0.004    2  1 
  51694.0234   14.852  0.004    2  1 
  51694.0267   14.842  0.004    2  1 
  51694.0351   14.878  0.004    2  1 
  51694.0384   14.880  0.004    2  1 
  51694.0418   14.859  0.004    2  1 
  51694.0472   14.873  0.004    2  1 
  51694.0505   14.884  0.004    2  1 
  51694.0537   14.870  0.004    2  1 
  51694.0623   14.861  0.004    2  1 
  51694.0656   14.873  0.004    2  1 
  51694.0714   14.866  0.004    2  1 
  51694.0781   14.880  0.004    2  1 
  51694.0836   14.835  0.004    2  1 
  51694.0868   14.845  0.004    2  1 
  51694.0901   14.850  0.004    2  1 
  51694.0957   14.831  0.004    2  1 
  51694.1075   14.827  0.004    2  1 
  51694.1190   14.844  0.004    2  1 
  51694.1221   14.834  0.004    2  1 
  51694.1252   14.837  0.004    2  1 
  51694.1286   14.858  0.004    2  1 
  51695.0280   14.629  0.003    2  1 
  51697.9712   14.850  0.005    2  1 
  51697.9818   14.840  0.005    2  1 
  51765.9746   14.970  0.005    2  1 
  51765.9783   14.996  0.006    2  1 
  51765.9820   14.974  0.005    2  1 
  51766.0194   14.534  0.005    2  1 
  51766.0229   14.375  0.004    2  1 
  51216.3063   15.068  0.003    3  1 
  51216.3342   15.200  0.004    3  1 
  51216.3572   15.316  0.005    3  1 
  51216.3847   15.351  0.005    3  1 
  51217.2936   14.342  0.003    3  1 
  51217.3214   14.493  0.003    3  1 
  51217.3852   14.846  0.003    3  1 
  51218.2935   15.519  0.006    3  1 
  51218.3212   15.491  0.005    3  1 
  51218.3442   14.882  0.003    3  1 
  51218.3704   13.944  0.002    3  1 
  51219.2811   15.445  0.002    3  1 
  51219.2844   15.387  0.005    3  1 
  51219.3053   15.484  0.005    3  1 
  51219.3228   15.433  0.005    3  1 
  51219.3465   15.379  0.004    3  1 
  51219.3676   15.410  0.005    3  1 
  51219.3851   15.378  0.004    3  1 
  51220.2805   15.037  0.003    3  1 
  51220.2995   15.126  0.004    3  1 
  51220.3171   15.211  0.004    3  1 
  51220.3349   15.370  0.004    3  1 
  51220.3523   15.319  0.004    3  1 
  51220.3689   15.319  0.004    3  1 
  51220.3877   15.418  0.006    3  1 
  51221.2691   14.372  0.002    3  1 
  51221.2915   14.426  0.003    3  1 
  51221.3097   14.583  0.003    3  1 
  51221.3270   14.670  0.003    3  1 
  51221.3437   14.703  0.003    3  1 
  51221.3619   14.797  0.003    3  1 
  51221.3854   14.901  0.003    3  1 
  51283.2237   15.221  0.003    3  1 
  51283.2601   15.443  0.004    3  1 
  51283.2830   15.345  0.003    3  1 
  51283.3050   15.146  0.003    3  1 
  51283.3367   14.034  0.002    3  1 
  51283.3600   14.096  0.002    3  1 
  51284.2056   15.343  0.004    3  1 
  51284.2337   15.392  0.004    3  1 
  51284.2542   15.383  0.004    3  1 
  51284.2806   15.427  0.004    3  1 
  51284.3075   15.500  0.005    3  1 
  51284.3333   15.498  0.005    3  1 
  51285.0371   14.570  0.002    3  1 
  51285.0646   14.454  0.002    3  1 
  51285.0885   14.142  0.002    3  1 
  51285.1182   14.367  0.002    3  1 
  51285.1470   14.571  0.002    3  1 
  51285.1698   14.757  0.002    3  1 
  51285.1988   14.826  0.003    3  1 
  51285.2270   14.965  0.004    3  1 
  51285.2539   15.059  0.003    3  1 
  51285.2851   15.197  0.004    3  1 
  51285.3202   15.323  0.004    3  1 
  51285.3496   15.375  0.004    3  1 
  51286.0308   15.264  0.002    3  1 
  51286.0619   15.384  0.004    3  1 
  51286.0871   15.417  0.004    3  1 
  51286.0921   15.229  0.002    3  1 
  51286.1226   15.356  0.003    3  1 
  51286.1512   15.044  0.002    3  1 
  51286.1789   14.322  0.002    3  1 
  51286.2076   14.246  0.002    3  1 
  51286.2389   14.483  0.002    3  1 
  51286.2613   14.473  0.002    3  1 
  51286.2889   14.577  0.002    3  1 
  51286.3108   14.712  0.003    3  1 
  51286.3335   14.821  0.003    3  1 
  51286.3566   14.919  0.003    3  1 
  51304.9734   14.765  0.002    3  1 
  51305.0076   14.219  0.002    3  1 
  51305.0510   14.413  0.002    3  1 
  51305.0770   14.559  0.003    3  1 
  51305.1004   14.623  0.003    3  1 
  51305.1407   14.825  0.004    3  1 
  51305.1707   14.935  0.003    3  1 
  51305.1996   15.034  0.004    3  1 
  51305.2299   15.181  0.004    3  1 
  51305.2561   15.167  0.004    3  1 
  51305.2836   15.300  0.005    3  1 
  51305.3139   15.323  0.005    3  1 
  51305.9733   15.260  0.003    3  1 
  51306.0117   15.523  0.003    3  1 
  51306.0157   15.292  0.003    3  1 
  51306.0375   15.337  0.004    3  1 
  51306.0735   15.406  0.004    3  1 
  51306.1026   14.939  0.003    3  1 
  51306.1285   14.528  0.002    3  1 
  51306.1517   14.100  0.003    3  1 
  51306.1807   14.349  0.002    3  1 
  51306.2269   14.610  0.002    3  1 
  51306.2491   14.794  0.002    3  1 
  51306.2725   14.829  0.002    3  1 
  51306.2932   14.906  0.002    3  1 
  51307.9986   14.869  0.002    3  1 
  51308.0249   14.977  0.002    3  1 
  51308.0524   15.043  0.003    3  1 
  51308.0811   15.097  0.002    3  1 
  51308.1202   15.246  0.003    3  1 
  51310.1272   14.244  0.002    3  1 
  51310.1308   14.344  0.002    3  1 
  51314.9714   15.333  0.004    3  1 
  51315.0138   15.333  0.004    3  1 
  51315.0372   15.260  0.003    3  1 
  51315.0710   15.286  0.003    3  1 
  51315.0946   15.460  0.005    3  1 
  51315.1180   15.368  0.004    3  1 
  51316.0597   15.152  0.003    3  1 
  51316.0832   15.242  0.004    3  1 
  51316.1079   15.253  0.003    3  1 
  51316.9780   14.209  0.002    3  1 
  51317.0013   14.144  0.002    3  1 
  51317.0241   14.193  0.003    3  1 
  51317.0523   14.511  0.003    3  1 
  51317.0782   14.613  0.003    3  1 
  51317.1035   14.758  0.003    3  1 
  51317.9808   15.382  0.004    3  1 
  51318.0060   15.550  0.006    3  1 
  51318.0331   15.754  0.012    3  1 
  51318.0898   14.228  0.004    3  1 
  51318.9811   15.204  0.003    3  1 
  51319.0058   15.346  0.004    3  1 
  51319.0315   15.434  0.005    3  1 
  51319.0717   15.463  0.005    3  1 
  51319.0961   15.324  0.003    3  1 
  51320.0968   15.174  0.003    3  1 
  51320.1175   15.275  0.003    3  1 
  51320.9771   14.142  0.002    3  1 
  51321.0212   14.497  0.002    3  1 
  51321.0658   14.791  0.002    3  1 
  51321.0965   14.812  0.003    3  1 
  51321.1252   14.927  0.003    3  1 
  51333.0403   14.696  0.003    3  1 
  51333.1062   14.974  0.003    3  1 
  51334.9989   15.198  0.002    3  1 
  51335.0432   15.394  0.004    3  1 
  51335.0972   15.429  0.005    3  1 
  51335.1083   15.486  0.006    3  1 
  51336.0103   15.184  0.004    3  1 
  51336.0508   15.290  0.004    3  1 
  51336.0891   15.379  0.005    3  1 
  51338.0075   15.281  0.005    3  1 
  51338.9740   15.182  0.002    3  1 
  51339.0046   15.336  0.004    3  1 
  51339.0385   15.332  0.004    3  1 
  51339.0685   15.342  0.004    3  1 
  51339.1006   15.459  0.005    3  1 
  51339.1280   15.444  0.005    3  1 
  51339.9665   15.020  0.003    3  1 
  51339.9935   15.090  0.003    3  1 
  51340.0189   15.208  0.003    3  1 
  51340.0441   15.362  0.006    3  1 
  51340.0753   15.270  0.004    3  1 
  51340.1041   15.399  0.007    3  1 
  51345.0430   14.860  0.003    3  1 
  51345.0736   14.972  0.003    3  1 
  51345.9747   15.320  0.005    3  1 
  51346.0101   14.635  0.003    3  1 
  51346.0388   14.185  0.002    3  1 
  51346.0670   14.321  0.002    3  1 
  51347.0317   15.282  0.003    3  1 
  51347.0645   15.408  0.004    3  1 
  51347.0896   15.267  0.002    3  1 
  51347.9638   15.109  0.003    3  1 
  51348.0146   15.318  0.005    3  1 
  51348.9591   14.426  0.003    3  1 
  51349.0243   14.810  0.003    3  1 
  51349.9679   15.264  0.003    3  1 
  51364.9721   14.745  0.003    3  1 
  51380.9890   15.009  0.003    3  1 
  51381.9751   14.301  0.002    3  1 
  51382.9716   15.516  0.006    3  1 
  51383.9680   15.176  0.003    3  1 
  51384.9688   14.972  0.002    3  1 
  51385.9645   14.370  0.002    3  1 
  51386.9859   15.400  0.004    3  1 
  51388.9699   15.052  0.005    3  1 
  51389.9715   14.422  0.002    3  1 
  51390.9663   15.256  0.002    3  1 
  51391.9664   15.181  0.002    3  1 
  51672.0213   14.244  0.002    3  1 
  51674.0796   15.388  0.007    3  1 
  51674.9989   14.792  0.004    3  1 
  51675.0396   14.949  0.002    3  1 
  51693.0053   15.343  0.003    3  1 
  51694.0012   15.395  0.004    3  1 
  51765.9863   15.519  0.005    3  1 
  51766.0153   15.181  0.006    3  1 
 56468.97641   13.073  0.188   -1  1 
 56469.04707   12.985  0.111   -1  1 
 56469.10896   13.189  0.103   -1  1 
 56469.17285   13.304  0.040   -1  1 
 56471.00364   13.340  0.084   -1  1 
 56471.06640   13.480  0.024   -1  1 
 56471.12490   13.458  0.042   -1  1 
 56471.18188   13.196  0.031   -1  1 
 56471.96759   13.105  0.079   -1  1 
 56472.03374   13.259  0.048   -1  1 
 56472.09484   13.319  0.038   -1  1 
 56472.15243   13.380  0.032   -1  1 
 56468.95296   13.199  0.076   -2  1 
 56469.02441   13.130  0.090   -2  1 
 56469.08813   13.037  0.043   -2  1 
 56469.15134   13.162  0.053   -2  1 
 56471.02588   13.230  0.065   -2  1 
 56471.08671   13.403  0.030   -2  1 
 56471.14302   13.112  0.025   -2  1 
 56471.94704   13.163  0.030   -2  1 
 56472.01085   13.262  0.070   -2  1 
 56472.07480   13.235  0.036   -2  1 
 56472.13240   13.332  0.019   -2  1 
 56472.19216   13.346  0.024   -2  1 
 56469.00041   13.339  0.053   -5  1 
 56469.06767   13.434  0.026   -5  1 
 56469.13003   13.496  0.033   -5  1 
 56469.19349   13.587  0.026   -5  1 
 56470.98130   13.727  0.029   -5  1 
 56471.04693   13.713  0.032   -5  1 
 56471.10523   13.722  0.025   -5  1 
 56471.16397   13.250  0.011   -5  1 
 56471.98857   13.554  0.030   -5  1 
 56472.05430   13.702  0.027   -5  1 
 56472.11383   13.547  0.019   -5  1 
 56472.17109   13.534  0.019   -5  1 
