  51216.3218   14.710  0.005    2  1 
  51216.3464   14.680  0.005    2  1 
  51216.3689   14.616  0.005    2  1 
  51216.3980   14.458  0.006    2  1 
  51217.3101   14.305  0.004    2  1 
  51217.3328   14.303  0.004    2  1 
  51217.3552   14.293  0.004    2  1 
  51217.3759   14.299  0.004    2  1 
  51217.3953   14.318  0.004    2  1 
  51218.2773   14.405  0.005    2  1 
  51218.3093   14.517  0.004    2  1 
  51218.3298   14.583  0.004    2  1 
  51218.3573   14.644  0.005    2  1 
  51218.3794   14.674  0.005    2  1 
  51219.2978   14.675  0.005    2  1 
  51219.3149   14.675  0.005    2  1 
  51219.3336   14.545  0.004    2  1 
  51219.3596   14.404  0.004    2  1 
  51219.3768   14.393  0.004    2  1 
  51220.2621   14.328  0.004    2  1 
  51220.2906   14.315  0.004    2  1 
  51220.3077   14.296  0.004    2  1 
  51220.3257   14.302  0.004    2  1 
  51220.3432   14.314  0.004    2  1 
  51220.3602   14.354  0.004    2  1 
  51220.3776   14.398  0.004    2  1 
  51221.2835   14.577  0.004    2  1 
  51221.3009   14.616  0.004    2  1 
  51221.3188   14.651  0.004    2  1 
  51221.3358   14.680  0.005    2  1 
  51221.3538   14.703  0.005    2  1 
  51221.3722   14.711  0.005    2  1 
  51283.2451   14.551  0.004    2  1 
  51283.2493   14.568  0.004    2  1 
  51283.2714   14.632  0.005    2  1 
  51283.2748   14.626  0.004    2  1 
  51283.2939   14.662  0.004    2  1 
  51283.2972   14.663  0.004    2  1 
  51283.3202   14.690  0.004    2  1 
  51283.3234   14.701  0.004    2  1 
  51283.3487   14.696  0.004    2  1 
  51283.3518   14.696  0.004    2  1 
  51283.3707   14.678  0.004    2  1 
  51283.3738   14.684  0.004    2  1 
  51284.2195   14.689  0.005    2  1 
  51284.2229   14.685  0.004    2  1 
  51284.2413   14.625  0.004    2  1 
  51284.2443   14.606  0.004    2  1 
  51284.2617   14.510  0.004    2  1 
  51284.2648   14.657  0.000    2  1 
  51284.2942   14.399  0.004    2  1 
  51284.2973   14.399  0.004    2  1 
  51284.3168   14.365  0.004    2  1 
  51284.3211   14.341  0.004    2  1 
  51284.3464   14.287  0.004    2  1 
  51285.0513   14.679  0.004    2  1 
  51285.0543   14.667  0.004    2  1 
  51285.0739   14.648  0.004    2  1 
  51285.0778   14.633  0.004    2  1 
  51285.0975   14.544  0.004    2  1 
  51285.1006   14.532  0.005    2  1 
  51285.1324   14.382  0.004    2  1 
  51285.1360   14.388  0.004    2  1 
  51285.1558   14.374  0.003    2  1 
  51285.1588   14.356  0.004    2  1 
  51285.1796   14.306  0.003    2  1 
  51285.1830   14.313  0.003    2  1 
  51285.2125   14.282  0.003    2  1 
  51285.2157   14.273  0.004    2  1 
  51285.2426   14.293  0.004    2  1 
  51285.2630   14.308  0.004    2  1 
  51285.2998   14.400  0.004    2  1 
  51285.3348   14.505  0.004    2  1 
  51286.0461   14.298  0.003    2  1 
  51286.0493   14.317  0.003    2  1 
  51286.0716   14.270  0.003    2  1 
  51286.0753   14.281  0.003    2  1 
  51286.1026   14.294  0.003    2  1 
  51286.1061   14.313  0.003    2  1 
  51286.1365   14.357  0.003    2  1 
  51286.1398   14.367  0.003    2  1 
  51286.1608   14.427  0.005    2  1 
  51286.1639   14.437  0.003    2  1 
  51286.1669   14.449  0.003    2  1 
  51286.1875   14.509  0.004    2  1 
  51286.1908   14.528  0.004    2  1 
  51286.2255   14.615  0.004    2  1 
  51286.2285   14.625  0.004    2  1 
  51286.2476   14.646  0.005    2  1 
  51286.2508   14.661  0.004    2  1 
  51286.2697   14.687  0.004    2  1 
  51286.2727   14.694  0.004    2  1 
  51286.3022   14.715  0.004    2  1 
  51286.3055   14.706  0.004    2  1 
  51286.3218   14.694  0.004    2  1 
  51286.3250   14.698  0.004    2  1 
  51286.3450   14.647  0.004    2  1 
  51286.3481   14.634  0.004    2  1 
  51304.9873   14.334  0.004    2  1 
  51304.9926   14.326  0.003    2  1 
  51305.0328   14.262  0.003    2  1 
  51305.0362   14.257  0.004    2  1 
  51305.0559   14.275  0.004    2  1 
  51305.0599   14.275  0.004    2  1 
  51305.0890   14.333  0.004    2  1 
  51305.0922   14.335  0.004    2  1 
  51305.1269   14.437  0.005    2  1 
  51305.1509   14.512  0.005    2  1 
  51305.1853   14.608  0.004    2  1 
  51305.1885   14.612  0.005    2  1 
  51305.2098   14.664  0.004    2  1 
  51305.2128   14.671  0.004    2  1 
  51305.2431   14.722  0.005    2  1 
  51305.2461   14.719  0.005    2  1 
  51305.2704   14.734  0.005    2  1 
  51305.2734   14.706  0.005    2  1 
  51305.2995   14.695  0.005    2  1 
  51305.9857   14.467  0.003    2  1 
  51305.9885   14.478  0.003    2  1 
  51305.9912   14.487  0.003    2  1 
  51306.0256   14.578  0.003    2  1 
  51306.0285   14.585  0.003    2  1 
  51306.0465   14.623  0.004    2  1 
  51306.0498   14.636  0.004    2  1 
  51306.0896   14.685  0.004    2  1 
  51306.0930   14.683  0.004    2  1 
  51306.1123   14.682  0.004    2  1 
  51306.1151   14.690  0.004    2  1 
  51306.1375   14.684  0.004    2  1 
  51306.1405   14.680  0.004    2  1 
  51306.1636   14.610  0.004    2  1 
  51306.1673   14.585  0.004    2  1 
  51306.1937   14.458  0.003    2  1 
  51306.1966   14.430  0.003    2  1 
  51306.2146   14.397  0.004    2  1 
  51306.2343   14.401  0.003    2  1 
  51306.2380   14.382  0.003    2  1 
  51306.2574   14.344  0.003    2  1 
  51306.2602   14.341  0.003    2  1 
  51306.2805   14.321  0.003    2  1 
  51306.2835   14.312  0.003    2  1 
  51306.3038   14.282  0.003    2  1 
  51306.3135   14.289  0.003    2  1 
  51306.3184   14.287  0.004    2  1 
  51307.0456   14.412  0.005    2  1 
  51307.0501   14.391  0.005    2  1 
  51307.0593   14.391  0.004    2  1 
  51307.0645   14.366  0.004    2  1 
  51307.0699   14.354  0.011    2  1 
  51307.0747   14.355  0.006    2  1 
  51308.0084   14.287  0.003    2  1 
  51308.0112   14.288  0.003    2  1 
  51308.0334   14.326  0.003    2  1 
  51308.0362   14.328  0.003    2  1 
  51308.0394   14.325  0.003    2  1 
  51308.0633   14.392  0.003    2  1 
  51308.0663   14.394  0.003    2  1 
  51308.0995   14.492  0.003    2  1 
  51308.1280   14.573  0.004    2  1 
  51308.1309   14.578  0.004    2  1 
  51310.0850   14.300  0.002    2  1 
  51310.0874   14.286  0.002    2  1 
  51310.0897   14.291  0.002    2  1 
  51310.1430   14.316  0.003    2  1 
  51310.1458   14.329  0.003    2  1 
  51310.1486   14.328  0.003    2  1 
  51311.0244   14.387  0.006    2  1 
  51311.0302   14.410  0.005    2  1 
  51311.0334   14.426  0.005    2  1 
  51311.0506   14.495  0.003    2  1 
  51311.0539   14.504  0.003    2  1 
  51311.0637   14.533  0.004    2  1 
  51311.0669   14.546  0.005    2  1 
  51311.0702   14.538  0.001    2  1 
  51311.0907   14.614  0.005    2  1 
  51311.0946   14.627  0.005    2  1 
  51311.0980   14.623  0.000    2  1 
  51311.1015   14.631  0.004    2  1 
  51311.1071   14.639  0.004    2  1 
  51311.1298   14.688  0.005    2  1 
  51311.1327   14.694  0.005    2  1 
  51311.1357   14.698  0.005    2  1 
  51311.1398   14.702  0.005    2  1 
  51311.1447   14.717  0.005    2  1 
  51311.9726   14.730  0.006    2  1 
  51311.9755   14.705  0.005    2  1 
  51312.0020   14.707  0.004    2  1 
  51312.0049   14.707  0.005    2  1 
  51312.0255   14.705  0.004    2  1 
  51312.0284   14.693  0.004    2  1 
  51312.0314   14.683  0.004    2  1 
  51312.0584   14.648  0.004    2  1 
  51312.0611   14.639  0.004    2  1 
  51312.0638   14.629  0.004    2  1 
  51312.0903   14.490  0.003    2  1 
  51312.0955   14.468  0.003    2  1 
  51312.1146   14.403  0.003    2  1 
  51312.1173   14.400  0.003    2  1 
  51312.1200   14.399  0.003    2  1 
  51312.9860   14.358  0.003    2  1 
  51312.9887   14.351  0.003    2  1 
  51312.9913   14.349  0.003    2  1 
  51313.0096   14.318  0.003    2  1 
  51313.0123   14.313  0.003    2  1 
  51313.0149   14.322  0.003    2  1 
  51313.0333   14.296  0.003    2  1 
  51313.0360   14.291  0.003    2  1 
  51313.0386   14.284  0.003    2  1 
  51313.0413   14.299  0.003    2  1 
  51313.0595   14.298  0.003    2  1 
  51313.0622   14.289  0.003    2  1 
  51313.0648   14.285  0.003    2  1 
  51313.0911   14.316  0.003    2  1 
  51313.0937   14.317  0.003    2  1 
  51313.0964   14.319  0.003    2  1 
  51313.1146   14.359  0.003    2  1 
  51313.1172   14.367  0.003    2  1 
  51313.1199   14.377  0.003    2  1 
  51313.1226   14.385  0.003    2  1 
  51313.9843   14.431  0.004    2  1 
  51313.9872   14.436  0.004    2  1 
  51313.9901   14.455  0.004    2  1 
  51314.0178   14.540  0.004    2  1 
  51314.0207   14.544  0.004    2  1 
  51314.0236   14.556  0.004    2  1 
  51314.0432   14.602  0.004    2  1 
  51314.0461   14.613  0.004    2  1 
  51314.0490   14.614  0.004    2  1 
  51314.0772   14.672  0.004    2  1 
  51314.0802   14.675  0.004    2  1 
  51314.0831   14.680  0.004    2  1 
  51314.1030   14.708  0.005    2  1 
  51314.1059   14.729  0.005    2  1 
  51314.1088   14.717  0.005    2  1 
  51314.1289   14.714  0.005    2  1 
  51314.1333   14.721  0.005    2  1 
  51314.1363   14.716  0.005    2  1 
  51314.9827   14.703  0.004    2  1 
  51314.9856   14.695  0.004    2  1 
  51314.9885   14.684  0.004    2  1 
  51315.0015   14.672  0.004    2  1 
  51315.0043   14.666  0.004    2  1 
  51315.0069   14.663  0.004    2  1 
  51315.0251   14.577  0.003    2  1 
  51315.0277   14.566  0.003    2  1 
  51315.0304   14.557  0.003    2  1 
  51315.0516   14.423  0.003    2  1 
  51315.0542   14.416  0.003    2  1 
  51315.0780   14.387  0.003    2  1 
  51315.0807   14.387  0.003    2  1 
  51315.0833   14.387  0.003    2  1 
  51315.1015   14.341  0.003    2  1 
  51315.1041   14.333  0.003    2  1 
  51315.1068   14.318  0.003    2  1 
  51315.1290   14.303  0.004    2  1 
  51315.1319   14.295  0.004    2  1 
  51316.0194   14.292  0.003    2  1 
  51316.0221   14.293  0.003    2  1 
  51316.0247   14.287  0.003    2  1 
  51316.0431   14.300  0.003    2  1 
  51316.0458   14.318  0.003    2  1 
  51316.0485   14.313  0.003    2  1 
  51316.0667   14.349  0.004    2  1 
  51316.0693   14.362  0.004    2  1 
  51316.0720   14.373  0.003    2  1 
  51316.0905   14.425  0.004    2  1 
  51316.0934   14.438  0.004    2  1 
  51316.0963   14.448  0.004    2  1 
  51316.1148   14.504  0.003    2  1 
  51316.1175   14.513  0.003    2  1 
  51316.1201   14.524  0.003    2  1 
  51316.9647   14.523  0.004    2  1 
  51316.9676   14.538  0.004    2  1 
  51316.9705   14.553  0.005    2  1 
  51316.9896   14.594  0.004    2  1 
  51316.9923   14.609  0.004    2  1 
  51316.9949   14.608  0.003    2  1 
  51317.0088   14.646  0.004    2  1 
  51317.0117   14.626  0.005    2  1 
  51317.0321   14.688  0.005    2  1 
  51317.0351   14.691  0.005    2  1 
  51317.0391   14.694  0.005    2  1 
  51317.0602   14.718  0.005    2  1 
  51317.0631   14.701  0.004    2  1 
  51317.0660   14.684  0.004    2  1 
  51317.0858   14.707  0.004    2  1 
  51317.0887   14.714  0.005    2  1 
  51317.0916   14.697  0.004    2  1 
  51317.1111   14.673  0.004    2  1 
  51317.1140   14.671  0.005    2  1 
  51317.1169   14.660  0.005    2  1 
  51317.9628   14.578  0.000    2  1 
  51317.9657   14.642  0.005    2  1 
  51317.9685   14.629  0.005    2  1 
  51317.9883   14.516  0.005    2  1 
  51317.9912   14.491  0.004    2  1 
  51317.9941   14.469  0.004    2  1 
  51318.0135   14.411  0.004    2  1 
  51318.0164   14.398  0.005    2  1 
  51318.0194   14.412  0.005    2  1 
  51318.0413   14.386  0.004    2  1 
  51318.0445   14.371  0.005    2  1 
  51318.0477   14.369  0.004    2  1 
  51318.0697   14.323  0.004    2  1 
  51318.0730   14.303  0.005    2  1 
  51318.0762   14.300  0.005    2  1 
  51318.0981   14.249  0.006    2  1 
  51318.1014   14.262  0.005    2  1 
  51318.1046   14.230  0.006    2  1 
  51318.1265   14.237  0.005    2  1 
  51318.1298   14.245  0.005    2  1 
  51318.9642   14.286  0.003    2  1 
  51318.9680   14.286  0.004    2  1 
  51318.9708   14.287  0.003    2  1 
  51318.9737   14.283  0.003    2  1 
  51318.9929   14.327  0.004    2  1 
  51318.9956   14.306  0.003    2  1 
  51318.9983   14.318  0.004    2  1 
  51319.0180   14.358  0.004    2  1 
  51319.0209   14.372  0.004    2  1 
  51319.0238   14.379  0.004    2  1 
  51319.0443   14.434  0.004    2  1 
  51319.0474   14.444  0.004    2  1 
  51319.0505   14.456  0.004    2  1 
  51319.0793   14.545  0.004    2  1 
  51319.0820   14.554  0.004    2  1 
  51319.0847   14.555  0.003    2  1 
  51319.1030   14.604  0.004    2  1 
  51319.1084   14.619  0.004    2  1 
  51319.1110   14.628  0.004    2  1 
  51320.1030   14.476  0.003    2  1 
  51320.1053   14.460  0.003    2  1 
  51320.1076   14.453  0.003    2  1 
  51320.1238   14.406  0.003    2  1 
  51320.1261   14.412  0.003    2  1 
  51320.1284   14.431  0.003    2  1 
  51320.1450   14.398  0.003    2  1 
  51320.1477   14.396  0.003    2  1 
  51320.1503   14.388  0.003    2  1 
  51320.9635   14.413  0.004    2  1 
  51320.9664   14.404  0.004    2  1 
  51320.9693   14.400  0.004    2  1 
  51320.9887   14.386  0.003    2  1 
  51320.9911   14.374  0.003    2  1 
  51320.9936   14.370  0.003    2  1 
  51321.0102   14.340  0.002    2  1 
  51321.0126   14.330  0.003    2  1 
  51321.0150   14.335  0.003    2  1 
  51321.0318   14.312  0.003    2  1 
  51321.0344   14.307  0.003    2  1 
  51321.0369   14.302  0.003    2  1 
  51321.0543   14.284  0.003    2  1 
  51321.0568   14.292  0.003    2  1 
  51321.0594   14.286  0.003    2  1 
  51321.0847   14.299  0.003    2  1 
  51321.0873   14.294  0.003    2  1 
  51321.0898   14.300  0.003    2  1 
  51321.1133   14.343  0.003    2  1 
  51321.1159   14.350  0.003    2  1 
  51321.1186   14.352  0.003    2  1 
  51321.1339   14.387  0.003    2  1 
  51321.1365   14.390  0.003    2  1 
  51332.9696   14.463  0.006    2  1 
  51332.9739   14.482  0.006    2  1 
  51332.9891   14.530  0.005    2  1 
  51332.9928   14.539  0.006    2  1 
  51332.9965   14.554  0.006    2  1 
  51333.0083   14.582  0.005    2  1 
  51333.0120   14.594  0.005    2  1 
  51333.0226   14.622  0.005    2  1 
  51333.0264   14.626  0.005    2  1 
  51333.0514   14.673  0.006    2  1 
  51333.0552   14.686  0.007    2  1 
  51333.0742   14.693  0.006    2  1 
  51333.0779   14.707  0.006    2  1 
  51333.0907   14.699  0.005    2  1 
  51333.0945   14.701  0.005    2  1 
  51333.1178   14.692  0.005    2  1 
  51333.1221   14.694  0.005    2  1 
  51333.1335   14.679  0.006    2  1 
  51333.1529   14.601  0.005    2  1 
  51333.1565   14.584  0.006    2  1 
  51333.1716   14.487  0.005    2  1 
  51333.1752   14.469  0.005    2  1 
  51334.9871   14.288  0.003    2  1 
  51335.0175   14.302  0.004    2  1 
  51335.0204   14.319  0.003    2  1 
  51335.0301   14.330  0.004    2  1 
  51335.0334   14.340  0.004    2  1 
  51335.0517   14.392  0.004    2  1 
  51335.0552   14.399  0.004    2  1 
  51335.0692   14.447  0.005    2  1 
  51335.0727   14.457  0.004    2  1 
  51335.0833   14.488  0.005    2  1 
  51335.0867   14.507  0.005    2  1 
  51335.1133   14.585  0.005    2  1 
  51335.1167   14.588  0.005    2  1 
  51335.9535   14.570  0.005    2  1 
  51335.9726   14.616  0.005    2  1 
  51335.9768   14.623  0.005    2  1 
  51335.9997   14.660  0.004    2  1 
  51336.0027   14.665  0.004    2  1 
  51336.0203   14.681  0.004    2  1 
  51336.0357   14.698  0.005    2  1 
  51336.0388   14.703  0.005    2  1 
  51336.0593   14.691  0.005    2  1 
  51336.0629   14.694  0.005    2  1 
  51336.0769   14.676  0.005    2  1 
  51336.0803   14.677  0.006    2  1 
  51336.1025   14.598  0.005    2  1 
  51336.1059   14.583  0.005    2  1 
  51336.1206   14.498  0.005    2  1 
  51336.1240   14.474  0.005    2  1 
  51337.0101   14.357  0.005    2  1 
  51337.9904   14.355  0.005    2  1 
  51337.9940   14.366  0.005    2  1 
  51338.0162   14.429  0.005    2  1 
  51338.0196   14.443  0.005    2  1 
  51338.0339   14.491  0.006    2  1 
  51338.0376   14.506  0.006    2  1 
  51338.9901   14.684  0.004    2  1 
  51338.9938   14.688  0.004    2  1 
  51339.0226   14.694  0.006    2  1 
  51339.0269   14.677  0.005    2  1 
  51339.0867   14.411  0.007    2  1 
  51339.0905   14.394  0.005    2  1 
  51339.1139   14.382  0.005    2  1 
  51339.1177   14.376  0.005    2  1 
  51339.1448   14.313  0.004    2  1 
  51339.1482   14.318  0.004    2  1 
  51339.9766   14.329  0.004    2  1 
  51339.9795   14.321  0.004    2  1 
  51340.0044   14.293  0.003    2  1 
  51340.0078   14.283  0.003    2  1 
  51340.0274   14.265  0.004    2  1 
  51340.0306   14.273  0.004    2  1 
  51340.0540   14.284  0.004    2  1 
  51340.0572   14.289  0.004    2  1 
  51340.0857   14.330  0.004    2  1 
  51340.0892   14.344  0.004    2  1 
  51340.1152   14.406  0.004    2  1 
  51340.1197   14.426  0.004    2  1 
  51340.1229   14.428  0.004    2  1 
  51340.1263   14.438  0.004    2  1 
  51340.1404   14.483  0.005    2  1 
  51340.1437   14.502  0.005    2  1 
  51344.9924   14.423  0.004    2  1 
  51344.9958   14.415  0.003    2  1 
  51344.9988   14.412  0.003    2  1 
  51345.0216   14.399  0.004    2  1 
  51345.0255   14.381  0.005    2  1 
  51345.0302   14.371  0.004    2  1 
  51345.0553   14.317  0.004    2  1 
  51345.0603   14.317  0.004    2  1 
  51345.9856   14.326  0.005    2  1 
  51345.9896   14.339  0.004    2  1 
  51346.0219   14.426  0.005    2  1 
  51346.0264   14.438  0.004    2  1 
  51346.0486   14.508  0.004    2  1 
  51346.0523   14.510  0.005    2  1 
  51346.0791   14.587  0.004    2  1 
  51346.0826   14.595  0.004    2  1 
  51347.0416   14.671  0.005    2  1 
  51347.0453   14.665  0.003    2  1 
  51347.0743   14.555  0.004    2  1 
  51347.0777   14.543  0.004    2  1 
  51347.0990   14.438  0.003    2  1 
  51347.1022   14.423  0.003    2  1 
  51347.9769   14.369  0.004    2  1 
  51347.9802   14.362  0.004    2  1 
  51347.9834   14.351  0.004    2  1 
  51347.9983   14.318  0.004    2  1 
  51348.0028   14.313  0.004    2  1 
  51348.0063   14.315  0.004    2  1 
  51348.0242   14.291  0.004    2  1 
  51348.0274   14.283  0.004    2  1 
  51348.0943   14.324  0.005    2  1 
  51348.0983   14.319  0.006    2  1 
  51348.1018   14.341  0.005    2  1 
  51348.9650   14.389  0.004    2  1 
  51348.9853   14.448  0.004    2  1 
  51348.9883   14.455  0.004    2  1 
  51348.9912   14.467  0.004    2  1 
  51349.0316   14.587  0.004    2  1 
  51349.0346   14.601  0.004    2  1 
  51349.9815   14.687  0.004    2  1 
  51349.9851   14.676  0.004    2  1 
  51349.9973   14.666  0.004    2  1 
  51350.0033   14.643  0.005    2  1 
  51350.0066   14.637  0.004    2  1 
  51350.0164   14.603  0.004    2  1 
  51350.0197   14.586  0.004    2  1 
  51350.0296   14.534  0.004    2  1 
  51380.9973   14.371  0.003    2  1 
  51381.0004   14.374  0.003    2  1 
  51381.0031   14.383  0.003    2  1 
  51381.0187   14.428  0.003    2  1 
  51381.0214   14.441  0.003    2  1 
  51381.0242   14.448  0.003    2  1 
  51381.9830   14.705  0.005    2  1 
  51381.9859   14.713  0.005    2  1 
  51381.9888   14.720  0.005    2  1 
  51382.0000   14.706  0.004    2  1 
  51382.0029   14.708  0.004    2  1 
  51382.9793   14.361  0.004    2  1 
  51382.9826   14.347  0.004    2  1 
  51382.9857   14.340  0.004    2  1 
  51382.9965   14.325  0.004    2  1 
  51382.9995   14.319  0.005    2  1 
  51383.9746   14.440  0.003    2  1 
  51383.9773   14.445  0.003    2  1 
  51383.9799   14.455  0.003    2  1 
  51383.9899   14.484  0.004    2  1 
  51383.9926   14.485  0.004    2  1 
  51384.9777   14.680  0.003    2  1 
  51384.9802   14.682  0.003    2  1 
  51384.9896   14.667  0.003    2  1 
  51384.9921   14.651  0.003    2  1 
  51385.9711   14.270  0.003    2  1 
  51385.9763   14.266  0.003    2  1 
  51385.9857   14.264  0.003    2  1 
  51385.9884   14.265  0.003    2  1 
  51386.9965   14.623  0.004    2  1 
  51387.0003   14.637  0.004    2  1 
  51387.0041   14.645  0.004    2  1 
  51387.0216   14.670  0.005    2  1 
  51387.0254   14.667  0.004    2  1 
  51387.0293   14.687  0.005    2  1 
  51388.9801   14.302  0.004    2  1 
  51388.9834   14.311  0.004    2  1 
  51388.9866   14.314  0.004    2  1 
  51388.9984   14.339  0.005    2  1 
  51389.0017   14.339  0.005    2  1 
  51389.9783   14.686  0.004    2  1 
  51389.9809   14.690  0.004    2  1 
  51389.9836   14.690  0.004    2  1 
  51390.9729   14.395  0.003    2  1 
  51390.9756   14.391  0.003    2  1 
  51390.9783   14.388  0.003    2  1 
  51391.9728   14.406  0.003    2  1 
  51391.9754   14.413  0.003    2  1 
  51391.9779   14.421  0.003    2  1 
  51671.0871   14.343  0.004    2  1 
  51671.0917   14.354  0.004    2  1 
  51671.0952   14.365  0.004    2  1 
  51671.1189   14.424  0.004    2  1 
  51671.1232   14.439  0.004    2  1 
  51671.9996   14.537  0.004    2  1 
  51672.0039   14.553  0.004    2  1 
  51672.0350   14.625  0.004    2  1 
  51672.0382   14.627  0.004    2  1 
  51673.0232   14.477  0.003    2  1 
  51674.0574   14.390  0.005    2  1 
  51674.0620   14.402  0.006    2  1 
  51674.0938   14.503  0.006    2  1 
  51674.0985   14.531  0.005    2  1 
  51674.1159   14.575  0.005    2  1 
  51674.1223   14.589  0.005    2  1 
  51674.9763   14.620  0.005    2  1 
  51674.9824   14.623  0.005    2  1 
  51675.0212   14.685  0.006    2  1 
  51676.0163   14.379  0.004    2  1 
  51692.9816   14.294  0.004    2  1 
  51692.9854   14.301  0.004    2  1 
  51693.9780   14.659  0.004    2  1 
  51693.9814   14.654  0.004    2  1 
  51694.9914   14.388  0.003    2  1 
  51765.9974   14.491  0.004    2  1 
  51766.0012   14.502  0.005    2  1 
  51766.0048   14.522  0.004    2  1 
  51766.0266   14.589  0.005    2  1 
  51766.0301   14.589  0.005    2  1 
  51216.3144   15.221  0.004    3  1 
  51216.3408   15.187  0.004    3  1 
  51216.3634   15.122  0.004    3  1 
  51216.3905   14.924  0.003    3  1 
  51217.3019   14.660  0.003    3  1 
  51217.3494   14.616  0.003    3  1 
  51217.3906   14.668  0.003    3  1 
  51218.2854   14.838  0.003    3  1 
  51218.3156   14.978  0.004    3  1 
  51218.3347   15.064  0.004    3  1 
  51218.3848   15.188  0.004    3  1 
  51219.2918   15.210  0.004    3  1 
  51219.3100   15.150  0.004    3  1 
  51219.3296   15.018  0.004    3  1 
  51219.3536   14.802  0.003    3  1 
  51219.3723   14.754  0.003    3  1 
  51220.2720   14.654  0.003    3  1 
  51220.2946   14.636  0.003    3  1 
  51220.3117   14.630  0.003    3  1 
  51220.3473   14.673  0.003    3  1 
  51220.3643   14.731  0.003    3  1 
  51220.3816   14.791  0.003    3  1 
  51221.2763   15.022  0.003    3  1 
  51221.2964   15.105  0.004    3  1 
  51221.3145   15.145  0.003    3  1 
  51221.3318   15.186  0.004    3  1 
  51221.3496   15.214  0.004    3  1 
  51221.3673   15.226  0.004    3  1 
  51283.2546   15.050  0.003    3  1 
  51283.2783   15.125  0.003    3  1 
  51283.3008   15.180  0.003    3  1 
  51283.3322   15.223  0.003    3  1 
  51283.3553   15.230  0.003    3  1 
  51283.3773   15.220  0.003    3  1 
  51284.2134   15.182  0.003    3  1 
  51284.2375   15.105  0.003    3  1 
  51284.2581   14.960  0.003    3  1 
  51284.2875   14.784  0.003    3  1 
  51284.3124   14.768  0.003    3  1 
  51284.3383   14.683  0.003    3  1 
  51285.0451   15.213  0.003    3  1 
  51285.0691   15.158  0.003    3  1 
  51285.0932   15.021  0.003    3  1 
  51285.1257   14.771  0.003    3  1 
  51285.1514   14.765  0.003    3  1 
  51285.1754   14.666  0.003    3  1 
  51285.2060   14.636  0.002    3  1 
  51285.2321   14.639  0.002    3  1 
  51285.2586   14.675  0.003    3  1 
  51285.2928   14.762  0.003    3  1 
  51285.3257   14.913  0.003    3  1 
  51286.0393   14.669  0.002    3  1 
  51286.0670   14.612  0.002    3  1 
  51286.1302   14.729  0.002    3  1 
  51286.1560   14.815  0.003    3  1 
  51286.1833   14.938  0.003    3  1 
  51286.2193   15.089  0.003    3  1 
  51286.2434   15.151  0.003    3  1 
  51286.2655   15.204  0.003    3  1 
  51286.2958   15.240  0.003    3  1 
  51286.3291   15.198  0.003    3  1 
  51286.3521   15.096  0.003    3  1 
  51304.9838   14.713  0.002    3  1 
  51305.0251   14.607  0.003    3  1 
  51305.0718   14.627  0.003    3  1 
  51305.0961   14.707  0.003    3  1 
  51305.1465   14.916  0.004    3  1 
  51305.1755   15.043  0.004    3  1 
  51305.2054   15.130  0.004    3  1 
  51305.2345   15.205  0.004    3  1 
  51305.2666   15.234  0.004    3  1 
  51305.2880   15.224  0.004    3  1 
  51305.9773   14.859  0.003    3  1 
  51306.0428   15.104  0.004    3  1 
  51306.0809   15.185  0.004    3  1 
  51306.1330   15.171  0.004    3  1 
  51306.1578   15.110  0.004    3  1 
  51306.2771   14.678  0.002    3  1 
  51306.2972   14.651  0.003    3  1 
  51308.0025   14.618  0.002    3  1 
  51308.0294   14.658  0.002    3  1 
  51308.0958   14.903  0.002    3  1 
  51310.1057   14.608  0.002    3  1 
  51310.1100   14.611  0.002    3  1 
  51310.1132   14.611  0.002    3  1 
  51311.9792   15.176  0.004    3  1 
  51311.9983   15.202  0.004    3  1 
  51312.0087   15.206  0.004    3  1 
  51312.0350   15.182  0.004    3  1 
  51312.0550   15.129  0.003    3  1 
  51312.0672   15.068  0.003    3  1 
  51312.0870   14.935  0.003    3  1 
  51312.0988   14.842  0.003    3  1 
  51312.9828   14.750  0.002    3  1 
  51313.0063   14.659  0.002    3  1 
  51313.0300   14.631  0.002    3  1 
  51313.0562   14.618  0.002    3  1 
  51313.1113   14.711  0.003    3  1 
  51313.9807   14.819  0.003    3  1 
  51314.0143   14.973  0.003    3  1 
  51314.0397   15.067  0.003    3  1 
  51314.1124   15.202  0.004    3  1 
  51314.9752   15.225  0.004    3  1 
  51315.0102   15.128  0.003    3  1 
  51315.0336   14.962  0.003    3  1 
  51315.0747   14.763  0.003    3  1 
  51315.0982   14.706  0.003    3  1 
  51315.1216   14.663  0.003    3  1 
  51316.0399   14.633  0.002    3  1 
  51316.0634   14.707  0.003    3  1 
  51316.0869   14.807  0.003    3  1 
  51316.1115   14.920  0.003    3  1 
  51316.9740   15.016  0.003    3  1 
  51317.0052   15.102  0.003    3  1 
  51317.0282   15.131  0.004    3  1 
  51317.0566   15.204  0.004    3  1 
  51317.0822   15.200  0.004    3  1 
  51317.1075   15.159  0.004    3  1 
  51317.9847   14.954  0.003    3  1 
  51318.0099   14.802  0.003    3  1 
  51318.0374   14.805  0.003    3  1 
  51318.1226   14.654  0.003    3  1 
  51318.9772   14.629  0.003    3  1 
  51319.0019   14.692  0.003    3  1 
  51319.0274   14.775  0.003    3  1 
  51319.0757   14.974  0.003    3  1 
  51319.0997   15.065  0.003    3  1 
  51320.1208   14.782  0.002    3  1 
  51320.1417   14.790  0.003    3  1 
  51320.9728   14.789  0.003    3  1 
  51320.9965   14.667  0.002    3  1 
  51321.0180   14.666  0.002    3  1 
  51321.0400   14.624  0.002    3  1 
  51321.0624   14.617  0.002    3  1 
  51321.0930   14.653  0.003    3  1 
  51321.1217   14.721  0.003    3  1 
  51380.9937   14.731  0.003    3  1 
  51381.9793   15.197  0.004    3  1 
  51382.9755   14.778  0.003    3  1 
  51384.9721   15.123  0.003    3  1 
  51385.9679   14.598  0.002    3  1 
  51386.9917   15.094  0.004    3  1 
  51388.9755   14.671  0.003    3  1 
  51389.9750   15.180  0.003    3  1 
  51391.9697   14.814  0.002    3  1 
  51693.9923   15.193  0.003    3  1 
 56468.97641   13.412  0.077   -1  1 
 56469.04707   13.206  0.074   -1  1 
 56469.10896   13.198  0.067   -1  1 
 56469.17285   13.224  0.021   -1  1 
 56471.00364   13.236  0.027   -1  1 
 56471.06640   13.346  0.021   -1  1 
 56471.12490   13.315  0.030   -1  1 
 56471.18188   13.226  0.018   -1  1 
 56471.96759   13.207  0.037   -1  1 
 56472.03374   13.310  0.025   -1  1 
 56472.09484   13.358  0.026   -1  1 
 56472.15243   13.271  0.018   -1  1 
 56468.95296   13.210  0.055   -2  1 
 56469.02441   13.110  0.043   -2  1 
 56469.08813   13.168  0.038   -2  1 
 56469.15134   13.177  0.026   -2  1 
 56471.02588   13.257  0.036   -2  1 
 56471.08671   13.186  0.017   -2  1 
 56471.14302   13.178  0.015   -2  1 
 56471.94704   13.302  0.018   -2  1 
 56472.01085   13.217  0.037   -2  1 
 56472.07480   13.124  0.024   -2  1 
 56472.13240   13.250  0.010   -2  1 
 56472.19216   13.262  0.015   -2  1 
 56469.00041   13.407  0.032   -5  1 
 56469.06767   13.427  0.018   -5  1 
 56469.13003   13.545  0.031   -5  1 
 56469.19349   13.537  0.013   -5  1 
 56470.98130   13.580  0.010   -5  1 
 56471.04693   13.504  0.023   -5  1 
 56471.10523   13.449  0.012   -5  1 
 56471.16397   13.390  0.022   -5  1 
 56471.98857   13.448  0.021   -5  1 
 56472.05430   13.427  0.017   -5  1 
 56472.11383   13.523  0.012   -5  1 
 56472.17109   13.541  0.010   -5  1 
