 56468.97641   13.161  0.032   -1  1 
 56469.04707   13.196  0.044   -1  1 
 56469.10896   13.610  0.046   -1  1 
 56469.17285   12.995  0.013   -1  1 
 56471.00364   12.997  0.021   -1  1 
 56471.06640   13.172  0.015   -1  1 
 56471.12490   13.172  0.017   -1  1 
 56471.18188   13.431  0.041   -1  1 
 56471.96759   12.756  0.076   -1  1 
 56472.03374   12.677  0.021   -1  1 
 56472.09484   12.929  0.011   -1  1 
 56472.15243   12.968  0.011   -1  1 
 56468.95296   12.896  0.038   -2  1 
 56469.02441   13.094  0.025   -2  1 
 56469.08813   13.175  0.041   -2  1 
 56469.15134   13.079  0.020   -2  1 
 56471.02588   13.018  0.031   -2  1 
 56471.08671   13.141  0.009   -2  1 
 56471.14302   13.212  0.015   -2  1 
 56471.94704   12.889  0.017   -2  1 
 56472.01085   13.048  0.021   -2  1 
 56472.07480   13.045  0.024   -2  1 
 56472.13240   12.866  0.011   -2  1 
 56472.19216   12.897  0.010   -2  1 
 56469.00041   13.435  0.012   -5  1 
 56469.06767   13.557  0.013   -5  1 
 56469.13003   13.457  0.016   -5  1 
 56469.19349   13.184  0.018   -5  1 
 56470.98130   13.407  0.010   -5  1 
 56471.04693   13.489  0.017   -5  1 
 56471.10523   13.552  0.014   -5  1 
 56471.16397   13.484  0.013   -5  1 
 56471.98857   13.153  0.010   -5  1 
 56472.05430   13.144  0.030   -5  1 
 56472.11383   13.232  0.009   -5  1 
 56472.17109   13.274  0.007   -5  1 
