  51216.3218   14.731  0.005    2  1 
  51216.3464   14.062  0.004    2  1 
  51216.3689   13.928  0.004    2  1 
  51216.3980   14.099  0.004    2  1 
  51217.3101   14.944  0.006    2  1 
  51217.3328   14.462  0.005    2  1 
  51217.3552   13.967  0.004    2  1 
  51217.3759   13.955  0.004    2  1 
  51217.3953   14.070  0.004    2  1 
  51218.2773   15.120  0.007    2  1 
  51218.3093   14.961  0.006    2  1 
  51218.3298   14.570  0.005    2  1 
  51218.3573   13.964  0.004    2  1 
  51218.3794   13.978  0.003    2  1 
  51219.3336   14.494  0.004    2  1 
  51219.3596   13.964  0.003    2  1 
  51219.3768   13.963  0.004    2  1 
  51220.2621   15.127  0.006    2  1 
  51220.2906   15.080  0.006    2  1 
  51220.3077   14.970  0.006    2  1 
  51220.3257   14.705  0.005    2  1 
  51220.3432   14.244  0.004    2  1 
  51220.3602   13.980  0.004    2  1 
  51220.3776   13.984  0.003    2  1 
  51221.2835   15.100  0.006    2  1 
  51221.3009   15.024  0.006    2  1 
  51221.3188   14.836  0.005    2  1 
  51221.3358   14.479  0.004    2  1 
  51221.3538   14.056  0.004    2  1 
  51221.3722   13.969  0.004    2  1 
  51283.2451   14.971  0.005    2  1 
  51283.2493   14.965  0.005    2  1 
  51283.2714   14.945  0.006    2  1 
  51283.2748   14.951  0.005    2  1 
  51283.2939   14.953  0.005    2  1 
  51283.2972   14.950  0.005    2  1 
  51283.3202   14.982  0.005    2  1 
  51283.3234   14.979  0.005    2  1 
  51283.3487   14.906  0.005    2  1 
  51283.3518   14.884  0.005    2  1 
  51283.3707   14.735  0.005    2  1 
  51283.3738   14.700  0.004    2  1 
  51284.2195   14.948  0.005    2  1 
  51284.2229   14.959  0.005    2  1 
  51284.2413   14.977  0.005    2  1 
  51284.2443   14.977  0.005    2  1 
  51284.2617   14.969  0.005    2  1 
  51284.2648   14.968  0.005    2  1 
  51284.2942   14.947  0.005    2  1 
  51284.2973   14.953  0.005    2  1 
  51284.3168   14.981  0.005    2  1 
  51284.3211   14.980  0.006    2  1 
  51284.3428   14.928  0.006    2  1 
  51284.3464   14.928  0.005    2  1 
  51285.0513   14.690  0.004    2  1 
  51285.0543   14.699  0.004    2  1 
  51285.0739   14.760  0.005    2  1 
  51285.0778   14.773  0.004    2  1 
  51285.0975   14.808  0.005    2  1 
  51285.1006   14.810  0.006    2  1 
  51285.1324   14.878  0.005    2  1 
  51285.1360   14.878  0.005    2  1 
  51285.1558   14.898  0.005    2  1 
  51285.1588   14.903  0.005    2  1 
  51285.1796   14.928  0.005    2  1 
  51285.1830   14.924  0.005    2  1 
  51285.2125   14.953  0.005    2  1 
  51285.2157   14.950  0.005    2  1 
  51285.2362   14.960  0.006    2  1 
  51285.2426   14.969  0.005    2  1 
  51285.2630   14.948  0.006    2  1 
  51285.2666   14.964  0.005    2  1 
  51285.2998   14.948  0.005    2  1 
  51285.3033   14.955  0.006    2  1 
  51285.3308   14.994  0.005    2  1 
  51285.3348   14.975  0.005    2  1 
  51285.3382   14.970  0.005    2  1 
  51286.0461   14.653  0.004    2  1 
  51286.0493   14.664  0.004    2  1 
  51286.0716   14.738  0.004    2  1 
  51286.0753   14.750  0.004    2  1 
  51286.1026   14.812  0.004    2  1 
  51286.1061   14.823  0.005    2  1 
  51286.1365   14.878  0.005    2  1 
  51286.1398   14.886  0.005    2  1 
  51286.1608   14.914  0.005    2  1 
  51286.1639   14.910  0.005    2  1 
  51286.1669   14.915  0.005    2  1 
  51286.1875   14.934  0.005    2  1 
  51286.1908   14.941  0.005    2  1 
  51286.2255   14.968  0.005    2  1 
  51286.2285   14.969  0.005    2  1 
  51286.2476   14.987  0.005    2  1 
  51286.2508   14.979  0.005    2  1 
  51286.2697   14.973  0.005    2  1 
  51286.2727   14.975  0.005    2  1 
  51286.3022   14.953  0.005    2  1 
  51286.3055   14.957  0.005    2  1 
  51286.3218   14.979  0.005    2  1 
  51286.3250   14.977  0.005    2  1 
  51286.3450   14.952  0.005    2  1 
  51286.3481   14.943  0.005    2  1 
  51304.9873   14.208  0.003    2  1 
  51304.9926   14.120  0.003    2  1 
  51305.0328   14.188  0.003    2  1 
  51305.0362   14.218  0.003    2  1 
  51305.0559   14.365  0.004    2  1 
  51305.0599   14.389  0.004    2  1 
  51305.0890   14.568  0.004    2  1 
  51305.0922   14.587  0.004    2  1 
  51305.1235   14.697  0.005    2  1 
  51305.1269   14.706  0.005    2  1 
  51305.1509   14.750  0.006    2  1 
  51305.1547   14.767  0.006    2  1 
  51305.1853   14.841  0.005    2  1 
  51305.1885   14.841  0.006    2  1 
  51305.2098   14.890  0.005    2  1 
  51305.2128   14.901  0.005    2  1 
  51305.2431   14.965  0.005    2  1 
  51305.2461   14.971  0.005    2  1 
  51305.2704   15.027  0.006    2  1 
  51305.2734   15.039  0.006    2  1 
  51305.2966   15.055  0.006    2  1 
  51305.2995   15.039  0.006    2  1 
  51305.9857   14.269  0.003    2  1 
  51305.9885   14.213  0.003    2  1 
  51305.9912   14.153  0.003    2  1 
  51306.0256   14.103  0.003    2  1 
  51306.0285   14.134  0.003    2  1 
  51306.0465   14.271  0.004    2  1 
  51306.0498   14.296  0.004    2  1 
  51306.0896   14.561  0.004    2  1 
  51306.0930   14.572  0.004    2  1 
  51306.1123   14.662  0.004    2  1 
  51306.1151   14.669  0.004    2  1 
  51306.1375   14.732  0.004    2  1 
  51306.1405   14.737  0.004    2  1 
  51306.1636   14.795  0.004    2  1 
  51306.1673   14.806  0.005    2  1 
  51306.1937   14.857  0.004    2  1 
  51306.1966   14.859  0.004    2  1 
  51306.2146   14.899  0.005    2  1 
  51306.2178   14.902  0.004    2  1 
  51306.2343   14.952  0.004    2  1 
  51306.2380   14.957  0.004    2  1 
  51306.2574   15.010  0.004    2  1 
  51306.2602   15.017  0.004    2  1 
  51306.2805   15.065  0.004    2  1 
  51306.2835   15.074  0.004    2  1 
  51306.3009   15.064  0.005    2  1 
  51306.3038   15.064  0.005    2  1 
  51306.3135   15.059  0.005    2  1 
  51306.3184   15.050  0.006    2  1 
  51307.0456   14.243  0.004    2  1 
  51307.0501   14.280  0.004    2  1 
  51307.0593   14.340  0.003    2  1 
  51307.0645   14.394  0.003    2  1 
  51307.0699   14.433  0.007    2  1 
  51307.0747   14.456  0.005    2  1 
  51308.0084   13.982  0.003    2  1 
  51308.0112   13.984  0.003    2  1 
  51308.0334   14.114  0.003    2  1 
  51308.0362   14.149  0.003    2  1 
  51308.0394   14.171  0.003    2  1 
  51308.0633   14.368  0.003    2  1 
  51308.0663   14.380  0.003    2  1 
  51308.0995   14.584  0.004    2  1 
  51308.1031   14.598  0.004    2  1 
  51308.1280   14.699  0.004    2  1 
  51308.1309   14.698  0.004    2  1 
  51310.0850   14.472  0.003    2  1 
  51310.0874   14.488  0.002    2  1 
  51310.0897   14.504  0.003    2  1 
  51310.0922   14.519  0.003    2  1 
  51310.1430   14.725  0.004    2  1 
  51310.1458   14.731  0.004    2  1 
  51310.1486   14.736  0.004    2  1 
  51311.0244   14.022  0.004    2  1 
  51311.0302   14.040  0.004    2  1 
  51311.0334   14.060  0.004    2  1 
  51311.0506   14.198  0.002    2  1 
  51311.0539   14.228  0.003    2  1 
  51311.0637   14.302  0.003    2  1 
  51311.0669   14.323  0.004    2  1 
  51311.0702   14.354  0.003    2  1 
  51311.0907   14.495  0.005    2  1 
  51311.0946   14.513  0.004    2  1 
  51311.0980   14.539  0.004    2  1 
  51311.1015   14.558  0.004    2  1 
  51311.1071   14.584  0.004    2  1 
  51311.1298   14.681  0.005    2  1 
  51311.1327   14.687  0.005    2  1 
  51311.1357   14.688  0.005    2  1 
  51311.1398   14.705  0.005    2  1 
  51311.1447   14.717  0.005    2  1 
  51311.9726   14.474  0.001    2  1 
  51311.9755   14.704  0.005    2  1 
  51312.0020   14.068  0.003    2  1 
  51312.0049   14.017  0.003    2  1 
  51312.0255   13.966  0.003    2  1 
  51312.0284   13.984  0.003    2  1 
  51312.0314   14.001  0.003    2  1 
  51312.0584   14.236  0.003    2  1 
  51312.0611   14.256  0.003    2  1 
  51312.0638   14.274  0.003    2  1 
  51312.0903   14.475  0.003    2  1 
  51312.0929   14.492  0.003    2  1 
  51312.0955   14.511  0.003    2  1 
  51312.1146   14.602  0.004    2  1 
  51312.1173   14.620  0.004    2  1 
  51312.1200   14.633  0.004    2  1 
  51312.9860   14.494  0.003    2  1 
  51312.9887   14.421  0.003    2  1 
  51312.9913   14.340  0.003    2  1 
  51313.0096   13.959  0.003    2  1 
  51313.0123   13.944  0.003    2  1 
  51313.0149   13.928  0.003    2  1 
  51313.0333   14.004  0.003    2  1 
  51313.0360   14.023  0.003    2  1 
  51313.0386   14.043  0.003    2  1 
  51313.0413   14.064  0.003    2  1 
  51313.0595   14.216  0.003    2  1 
  51313.0622   14.241  0.003    2  1 
  51313.0648   14.265  0.003    2  1 
  51313.0911   14.457  0.004    2  1 
  51313.0937   14.471  0.004    2  1 
  51313.0964   14.496  0.004    2  1 
  51313.1146   14.592  0.004    2  1 
  51313.1172   14.606  0.004    2  1 
  51313.1199   14.626  0.004    2  1 
  51313.1226   14.633  0.004    2  1 
  51313.9843   14.587  0.004    2  1 
  51313.9872   14.506  0.004    2  1 
  51313.9901   14.424  0.004    2  1 
  51314.0178   13.905  0.003    2  1 
  51314.0207   13.908  0.003    2  1 
  51314.0236   13.914  0.003    2  1 
  51314.0432   14.063  0.003    2  1 
  51314.0461   14.082  0.003    2  1 
  51314.0490   14.107  0.003    2  1 
  51314.0772   14.346  0.004    2  1 
  51314.0802   14.365  0.004    2  1 
  51314.0831   14.392  0.004    2  1 
  51314.1030   14.519  0.004    2  1 
  51314.1059   14.528  0.005    2  1 
  51314.1088   14.547  0.004    2  1 
  51314.1289   14.644  0.005    2  1 
  51314.1333   14.666  0.005    2  1 
  51314.1363   14.677  0.005    2  1 
  51314.9827   14.666  0.004    2  1 
  51314.9856   14.585  0.004    2  1 
  51314.9885   14.507  0.004    2  1 
  51315.0015   14.148  0.003    2  1 
  51315.0043   14.085  0.003    2  1 
  51315.0069   14.028  0.003    2  1 
  51315.0251   13.914  0.003    2  1 
  51315.0277   13.923  0.003    2  1 
  51315.0304   13.943  0.003    2  1 
  51315.0489   14.082  0.003    2  1 
  51315.0516   14.104  0.003    2  1 
  51315.0542   14.126  0.003    2  1 
  51315.0780   14.328  0.003    2  1 
  51315.0807   14.344  0.003    2  1 
  51315.0833   14.371  0.004    2  1 
  51315.1015   14.488  0.004    2  1 
  51315.1041   14.508  0.004    2  1 
  51315.1068   14.526  0.004    2  1 
  51315.1290   14.627  0.005    2  1 
  51315.1319   14.641  0.005    2  1 
  51316.0194   13.896  0.003    2  1 
  51316.0221   13.891  0.003    2  1 
  51316.0247   13.896  0.003    2  1 
  51316.0431   14.009  0.003    2  1 
  51316.0458   14.037  0.003    2  1 
  51316.0485   14.059  0.003    2  1 
  51316.0667   14.216  0.003    2  1 
  51316.0693   14.235  0.003    2  1 
  51316.0720   14.267  0.003    2  1 
  51316.0905   14.406  0.004    2  1 
  51316.0934   14.427  0.004    2  1 
  51316.0963   14.443  0.004    2  1 
  51316.1148   14.552  0.004    2  1 
  51316.1175   14.568  0.004    2  1 
  51316.1201   14.583  0.004    2  1 
  51316.9647   15.012  0.005    2  1 
  51316.9676   14.970  0.005    2  1 
  51316.9705   14.936  0.005    2  1 
  51316.9896   14.567  0.004    2  1 
  51316.9923   14.483  0.004    2  1 
  51316.9949   14.396  0.003    2  1 
  51317.0088   14.033  0.003    2  1 
  51317.0117   13.974  0.003    2  1 
  51317.0321   13.920  0.004    2  1 
  51317.0351   13.941  0.003    2  1 
  51317.0391   13.967  0.003    2  1 
  51317.0602   14.149  0.003    2  1 
  51317.0631   14.169  0.003    2  1 
  51317.0660   14.190  0.003    2  1 
  51317.0858   14.353  0.004    2  1 
  51317.0887   14.382  0.004    2  1 
  51317.0916   14.396  0.004    2  1 
  51317.1111   14.518  0.004    2  1 
  51317.1140   14.518  0.005    2  1 
  51317.1169   14.550  0.004    2  1 
  51317.9628   15.027  0.006    2  1 
  51317.9657   14.980  0.006    2  1 
  51317.9685   14.966  0.006    2  1 
  51317.9883   14.624  0.005    2  1 
  51317.9912   14.546  0.004    2  1 
  51317.9941   14.460  0.004    2  1 
  51318.0135   13.977  0.003    2  1 
  51318.0164   13.945  0.003    2  1 
  51318.0194   13.911  0.004    2  1 
  51318.0413   13.967  0.004    2  1 
  51318.0445   14.007  0.004    2  1 
  51318.0477   14.020  0.004    2  1 
  51318.0697   14.209  0.004    2  1 
  51318.0730   14.246  0.005    2  1 
  51318.0762   14.270  0.005    2  1 
  51318.0981   14.427  0.005    2  1 
  51318.1014   14.446  0.005    2  1 
  51318.1046   14.466  0.005    2  1 
  51318.1265   14.580  0.005    2  1 
  51318.1298   14.594  0.005    2  1 
  51318.9642   15.060  0.005    2  1 
  51318.9680   15.028  0.006    2  1 
  51318.9708   15.002  0.005    2  1 
  51318.9737   14.961  0.005    2  1 
  51318.9929   14.553  0.004    2  1 
  51318.9956   14.471  0.004    2  1 
  51318.9983   14.384  0.004    2  1 
  51319.0180   13.927  0.003    2  1 
  51319.0209   13.890  0.003    2  1 
  51319.0238   13.876  0.003    2  1 
  51319.0443   13.971  0.003    2  1 
  51319.0474   13.990  0.003    2  1 
  51319.0505   14.022  0.004    2  1 
  51319.0793   14.266  0.003    2  1 
  51319.0820   14.287  0.003    2  1 
  51319.0847   14.308  0.003    2  1 
  51319.1030   14.441  0.004    2  1 
  51319.1084   14.484  0.004    2  1 
  51319.1110   14.490  0.004    2  1 
  51320.1030   14.428  0.003    2  1 
  51320.1053   14.442  0.003    2  1 
  51320.1076   14.459  0.003    2  1 
  51320.1238   14.560  0.003    2  1 
  51320.1261   14.572  0.003    2  1 
  51320.1284   14.577  0.003    2  1 
  51320.1450   14.656  0.004    2  1 
  51320.1477   14.670  0.004    2  1 
  51320.1503   14.686  0.004    2  1 
  51320.9635   15.086  0.005    2  1 
  51320.9664   15.068  0.005    2  1 
  51320.9693   15.053  0.005    2  1 
  51320.9887   14.739  0.003    2  1 
  51320.9911   14.668  0.003    2  1 
  51320.9936   14.596  0.003    2  1 
  51321.0102   14.119  0.002    2  1 
  51321.0126   14.057  0.002    2  1 
  51321.0150   14.006  0.002    2  1 
  51321.0318   13.870  0.002    2  1 
  51321.0344   13.876  0.002    2  1 
  51321.0369   13.885  0.002    2  1 
  51321.0543   14.019  0.003    2  1 
  51321.0568   14.040  0.003    2  1 
  51321.0594   14.066  0.003    2  1 
  51321.0847   14.276  0.003    2  1 
  51321.0873   14.297  0.003    2  1 
  51321.0898   14.315  0.003    2  1 
  51321.1133   14.480  0.004    2  1 
  51321.1159   14.494  0.004    2  1 
  51321.1186   14.512  0.004    2  1 
  51321.1339   14.588  0.004    2  1 
  51321.1365   14.609  0.004    2  1 
  51332.9696   15.062  0.008    2  1 
  51332.9739   15.036  0.008    2  1 
  51332.9891   14.920  0.006    2  1 
  51332.9928   14.853  0.007    2  1 
  51332.9965   14.791  0.006    2  1 
  51333.0083   14.510  0.005    2  1 
  51333.0120   14.401  0.005    2  1 
  51333.0226   14.142  0.004    2  1 
  51333.0264   14.068  0.004    2  1 
  51333.0514   13.925  0.004    2  1 
  51333.0552   13.951  0.004    2  1 
  51333.0742   14.072  0.004    2  1 
  51333.0779   14.107  0.004    2  1 
  51333.0907   14.190  0.004    2  1 
  51333.0945   14.218  0.004    2  1 
  51333.1178   14.364  0.005    2  1 
  51333.1221   14.392  0.005    2  1 
  51333.1335   14.462  0.005    2  1 
  51333.1369   14.479  0.005    2  1 
  51333.1529   14.570  0.005    2  1 
  51333.1565   14.588  0.006    2  1 
  51333.1716   14.665  0.006    2  1 
  51333.1752   14.678  0.006    2  1 
  51334.9841   14.973  0.005    2  1 
  51334.9871   14.948  0.005    2  1 
  51335.0175   14.295  0.004    2  1 
  51335.0204   14.224  0.003    2  1 
  51335.0301   14.046  0.003    2  1 
  51335.0334   14.002  0.003    2  1 
  51335.0517   13.924  0.003    2  1 
  51335.0552   13.945  0.004    2  1 
  51335.0692   14.030  0.004    2  1 
  51335.0727   14.058  0.004    2  1 
  51335.0833   14.132  0.004    2  1 
  51335.0867   14.157  0.004    2  1 
  51335.1133   14.330  0.004    2  1 
  51335.1167   14.353  0.004    2  1 
  51335.9535   15.119  0.007    2  1 
  51335.9726   15.040  0.006    2  1 
  51335.9768   15.024  0.006    2  1 
  51335.9997   14.761  0.005    2  1 
  51336.0027   14.694  0.005    2  1 
  51336.0203   14.258  0.004    2  1 
  51336.0236   14.184  0.004    2  1 
  51336.0357   13.998  0.003    2  1 
  51336.0388   13.971  0.003    2  1 
  51336.0593   13.973  0.004    2  1 
  51336.0629   13.996  0.004    2  1 
  51336.0769   14.090  0.004    2  1 
  51336.0803   14.119  0.004    2  1 
  51336.1025   14.258  0.004    2  1 
  51336.1059   14.282  0.004    2  1 
  51336.1206   14.368  0.005    2  1 
  51336.1240   14.383  0.004    2  1 
  51337.0101   14.530  0.004    2  1 
  51337.9904   14.879  0.006    2  1 
  51337.9940   14.842  0.006    2  1 
  51338.0162   14.400  0.005    2  1 
  51338.0196   14.312  0.005    2  1 
  51338.0339   14.065  0.004    2  1 
  51338.0376   14.028  0.004    2  1 
  51338.9901   14.883  0.005    2  1 
  51338.9938   14.839  0.005    2  1 
  51339.0226   14.280  0.004    2  1 
  51339.0269   14.183  0.004    2  1 
  51339.0867   14.178  0.005    2  1 
  51339.0905   14.190  0.005    2  1 
  51339.1139   14.322  0.004    2  1 
  51339.1177   14.338  0.005    2  1 
  51339.1448   14.483  0.005    2  1 
  51339.1482   14.494  0.004    2  1 
  51339.9766   15.004  0.005    2  1 
  51339.9795   14.977  0.005    2  1 
  51340.0044   14.687  0.004    2  1 
  51340.0078   14.630  0.004    2  1 
  51340.0274   14.187  0.004    2  1 
  51340.0306   14.127  0.004    2  1 
  51340.0540   13.977  0.003    2  1 
  51340.0572   13.985  0.004    2  1 
  51340.0857   14.161  0.004    2  1 
  51340.0892   14.182  0.004    2  1 
  51340.1152   14.333  0.004    2  1 
  51340.1197   14.360  0.004    2  1 
  51340.1229   14.372  0.004    2  1 
  51340.1263   14.392  0.004    2  1 
  51340.1404   14.458  0.004    2  1 
  51340.1437   14.476  0.005    2  1 
  51344.9924   14.802  0.005    2  1 
  51344.9958   14.774  0.004    2  1 
  51344.9988   14.740  0.004    2  1 
  51345.0216   14.390  0.004    2  1 
  51345.0255   14.324  0.004    2  1 
  51345.0302   14.238  0.004    2  1 
  51345.0553   14.053  0.003    2  1 
  51345.0603   14.058  0.003    2  1 
  51345.9856   14.856  0.006    2  1 
  51345.9896   14.821  0.006    2  1 
  51346.0219   14.404  0.005    2  1 
  51346.0264   14.319  0.004    2  1 
  51346.0486   14.082  0.004    2  1 
  51346.0523   14.075  0.004    2  1 
  51346.0791   14.156  0.004    2  1 
  51346.0826   14.172  0.003    2  1 
  51347.0416   14.135  0.004    2  1 
  51347.0453   14.106  0.003    2  1 
  51347.0743   14.138  0.003    2  1 
  51347.0777   14.153  0.003    2  1 
  51347.0990   14.264  0.003    2  1 
  51347.1022   14.285  0.003    2  1 
  51347.9769   14.884  0.005    2  1 
  51347.9802   14.861  0.005    2  1 
  51347.9834   14.839  0.005    2  1 
  51347.9983   14.702  0.005    2  1 
  51348.0028   14.659  0.005    2  1 
  51348.0063   14.616  0.004    2  1 
  51348.0242   14.375  0.004    2  1 
  51348.0274   14.325  0.004    2  1 
  51348.0943   14.256  0.005    2  1 
  51348.0983   14.278  0.005    2  1 
  51348.1018   14.298  0.005    2  1 
  51348.9650   14.976  0.006    2  1 
  51348.9682   14.952  0.005    2  1 
  51348.9853   14.819  0.005    2  1 
  51348.9883   14.789  0.005    2  1 
  51348.9912   14.764  0.005    2  1 
  51349.0316   14.279  0.004    2  1 
  51349.0346   14.239  0.004    2  1 
  51349.9815   14.821  0.005    2  1 
  51349.9851   14.802  0.004    2  1 
  51349.9973   14.684  0.004    2  1 
  51350.0033   14.625  0.005    2  1 
  51350.0066   14.591  0.004    2  1 
  51350.0164   14.481  0.004    2  1 
  51350.0197   14.446  0.004    2  1 
  51350.0296   14.312  0.004    2  1 
  51380.9973   14.647  0.004    2  1 
  51381.0004   14.581  0.004    2  1 
  51381.0031   14.535  0.004    2  1 
  51381.0187   14.331  0.003    2  1 
  51381.0214   14.314  0.003    2  1 
  51381.0242   14.296  0.003    2  1 
  51381.9830   14.870  0.005    2  1 
  51381.9859   14.838  0.005    2  1 
  51381.9888   14.802  0.005    2  1 
  51382.0000   14.627  0.004    2  1 
  51382.0029   14.578  0.004    2  1 
  51382.9793   14.923  0.006    2  1 
  51382.9826   14.902  0.005    2  1 
  51382.9857   14.864  0.005    2  1 
  51382.9965   14.715  0.005    2  1 
  51382.9995   14.663  0.005    2  1 
  51383.9746   14.971  0.004    2  1 
  51383.9773   14.954  0.004    2  1 
  51383.9799   14.935  0.005    2  1 
  51383.9899   14.828  0.005    2  1 
  51383.9926   14.804  0.004    2  1 
  51384.9751   14.973  0.004    2  1 
  51384.9777   14.962  0.004    2  1 
  51384.9802   14.937  0.004    2  1 
  51384.9896   14.855  0.004    2  1 
  51384.9921   14.829  0.004    2  1 
  51385.9711   14.998  0.004    2  1 
  51385.9737   14.988  0.005    2  1 
  51385.9763   14.984  0.004    2  1 
  51385.9857   14.914  0.005    2  1 
  51385.9884   14.893  0.005    2  1 
  51386.9965   14.791  0.005    2  1 
  51387.0003   14.748  0.005    2  1 
  51387.0041   14.692  0.005    2  1 
  51387.0216   14.441  0.004    2  1 
  51387.0254   14.402  0.004    2  1 
  51387.0293   14.369  0.004    2  1 
  51388.9801   14.953  0.006    2  1 
  51388.9834   14.937  0.006    2  1 
  51388.9866   14.911  0.006    2  1 
  51388.9984   14.804  0.006    2  1 
  51389.0017   14.756  0.006    2  1 
  51389.9783   14.969  0.005    2  1 
  51389.9809   14.963  0.005    2  1 
  51389.9836   14.957  0.005    2  1 
  51390.9729   14.960  0.004    2  1 
  51390.9756   14.972  0.004    2  1 
  51390.9783   14.971  0.004    2  1 
  51391.9728   14.953  0.004    2  1 
  51391.9754   14.965  0.004    2  1 
  51391.9779   14.966  0.004    2  1 
  51671.0871   14.060  0.004    2  1 
  51671.0917   14.103  0.004    2  1 
  51671.0952   14.131  0.004    2  1 
  51671.1189   14.324  0.004    2  1 
  51671.1232   14.356  0.004    2  1 
  51671.9996   15.004  0.005    2  1 
  51672.0039   14.958  0.005    2  1 
  51672.0350   14.204  0.003    2  1 
  51672.0382   14.118  0.003    2  1 
  51673.0232   14.585  0.003    2  1 
  51674.0574   13.871  0.004    2  1 
  51674.0938   14.091  0.004    2  1 
  51674.0985   14.131  0.004    2  1 
  51674.1159   14.258  0.004    2  1 
  51674.1223   14.303  0.004    2  1 
  51674.9763   15.134  0.007    2  1 
  51674.9824   15.111  0.007    2  1 
  51675.0212   14.695  0.006    2  1 
  51676.0163   14.808  0.005    2  1 
  51692.9816   15.001  0.006    2  1 
  51692.9854   14.985  0.006    2  1 
  51693.9780   15.029  0.005    2  1 
  51693.9814   15.004  0.005    2  1 
  51694.9914   14.912  0.004    2  1 
  51694.9946   14.850  0.006    2  1 
  51765.9974   15.030  0.006    2  1 
  51766.0012   15.025  0.006    2  1 
  51766.0048   15.023  0.006    2  1 
  51766.0266   14.993  0.006    2  1 
  51766.0301   14.995  0.006    2  1 
  51216.3144   15.365  0.004    3  1 
  51216.3408   14.407  0.003    3  1 
  51216.3634   14.060  0.002    3  1 
  51216.3905   14.192  0.003    3  1 
  51217.3019   15.645  0.006    3  1 
  51217.3494   14.178  0.002    3  1 
  51217.3710   14.064  0.002    3  1 
  51217.3906   14.660  0.003    3  1 
  51218.2854   15.764  0.007    3  1 
  51218.3156   15.392  0.005    3  1 
  51218.3347   14.746  0.003    3  1 
  51218.3653   14.100  0.002    3  1 
  51218.3848   14.152  0.002    3  1 
  51219.2918   15.711  0.006    3  1 
  51219.3100   15.499  0.005    3  1 
  51219.3296   14.983  0.004    3  1 
  51219.3536   14.192  0.002    3  1 
  51219.3723   14.082  0.002    3  1 
  51220.2720   15.778  0.006    3  1 
  51220.2946   15.676  0.005    3  1 
  51220.3117   15.458  0.005    3  1 
  51220.3299   14.998  0.004    3  1 
  51220.3473   14.347  0.003    3  1 
  51220.3643   14.102  0.002    3  1 
  51220.3816   14.147  0.002    3  1 
  51221.2763   15.768  0.006    3  1 
  51221.2964   15.663  0.005    3  1 
  51221.3145   15.415  0.004    3  1 
  51221.3318   14.950  0.004    3  1 
  51221.3496   14.309  0.003    3  1 
  51221.3673   14.109  0.002    3  1 
  51283.2546   15.584  0.005    3  1 
  51283.2783   15.535  0.004    3  1 
  51283.3008   15.528  0.004    3  1 
  51283.3322   15.568  0.005    3  1 
  51283.3553   15.388  0.004    3  1 
  51284.2134   15.569  0.005    3  1 
  51284.2375   15.600  0.005    3  1 
  51284.2581   15.590  0.005    3  1 
  51284.2875   15.522  0.005    3  1 
  51284.3124   15.567  0.005    3  1 
  51284.3383   15.543  0.005    3  1 
  51285.0451   15.108  0.003    3  1 
  51285.0691   15.236  0.004    3  1 
  51285.0932   15.336  0.004    3  1 
  51285.1257   15.440  0.004    3  1 
  51285.1514   15.459  0.004    3  1 
  51285.1754   15.501  0.004    3  1 
  51285.2060   15.570  0.005    3  1 
  51285.2321   15.589  0.005    3  1 
  51285.2586   15.600  0.005    3  1 
  51285.2928   15.526  0.005    3  1 
  51285.3257   15.591  0.005    3  1 
  51286.0393   15.046  0.003    3  1 
  51286.0670   15.209  0.003    3  1 
  51286.0977   15.907  0.004    3  1 
  51286.1302   15.420  0.004    3  1 
  51286.1560   15.895  0.005    3  1 
  51286.1833   15.517  0.004    3  1 
  51286.2193   15.564  0.005    3  1 
  51286.2434   15.586  0.005    3  1 
  51286.2655   15.607  0.005    3  1 
  51286.2958   15.540  0.004    3  1 
  51286.3291   15.590  0.005    3  1 
  51286.3521   15.512  0.005    3  1 
  51304.9838   14.542  0.002    3  1 
  51305.0251   14.321  0.003    3  1 
  51305.0718   14.810  0.004    3  1 
  51305.0961   15.014  0.004    3  1 
  51305.1465   15.246  0.005    3  1 
  51305.1755   15.350  0.005    3  1 
  51305.2054   15.451  0.006    3  1 
  51305.2345   15.564  0.006    3  1 
  51305.2666   15.705  0.006    3  1 
  51305.2880   15.747  0.006    3  1 
  51305.9773   14.752  0.003    3  1 
  51306.0428   14.479  0.003    3  1 
  51306.0809   14.877  0.003    3  1 
  51306.1087   14.803  0.003    3  1 
  51306.1330   15.200  0.004    3  1 
  51306.1578   15.289  0.005    3  1 
  51306.1875   15.353  0.004    3  1 
  51306.2101   15.428  0.004    3  1 
  51306.2308   15.266  0.004    3  1 
  51306.2538   15.626  0.004    3  1 
  51306.2771   15.721  0.005    3  1 
  51306.2972   15.747  0.005    3  1 
  51308.0025   14.724  0.002    3  1 
  51308.0294   14.229  0.002    3  1 
  51308.0600   14.600  0.002    3  1 
  51308.0919   14.927  0.002    3  1 
  51308.0958   14.892  0.003    3  1 
  51308.1244   15.121  0.004    3  1 
  51310.1057   15.834  0.003    3  1 
  51310.1100   15.010  0.002    3  1 
  51310.1132   15.939  0.004    3  1 
  51311.9792   15.026  0.005    3  1 
  51311.9983   14.339  0.003    3  1 
  51312.0087   14.100  0.003    3  1 
  51312.0350   14.195  0.002    3  1 
  51312.0550   14.405  0.003    3  1 
  51312.0672   14.558  0.003    3  1 
  51312.0870   14.768  0.003    3  1 
  51312.0988   14.874  0.003    3  1 
  51312.9828   14.952  0.003    3  1 
  51313.0063   14.163  0.002    3  1 
  51313.0300   14.119  0.002    3  1 
  51313.0562   14.401  0.002    3  1 
  51313.0838   14.604  0.002    3  1 
  51313.1113   14.955  0.003    3  1 
  51313.9807   15.084  0.004    3  1 
  51314.0143   14.036  0.002    3  1 
  51314.0397   14.171  0.002    3  1 
  51314.1124   14.950  0.004    3  1 
  51314.9752   15.314  0.004    3  1 
  51315.0102   14.117  0.002    3  1 
  51315.0336   14.094  0.002    3  1 
  51315.0747   14.547  0.003    3  1 
  51315.0982   14.796  0.003    3  1 
  51315.1216   14.998  0.004    3  1 
  51316.0399   14.124  0.002    3  1 
  51316.0634   14.392  0.002    3  1 
  51316.0869   14.658  0.003    3  1 
  51316.1115   14.896  0.003    3  1 
  51316.9740   15.435  0.004    3  1 
  51317.0052   14.301  0.003    3  1 
  51317.0282   13.971  0.003    3  1 
  51317.0566   14.293  0.003    3  1 
  51317.0822   14.577  0.003    3  1 
  51317.1075   14.844  0.004    3  1 
  51317.9847   15.177  0.004    3  1 
  51318.0099   14.195  0.003    3  1 
  51318.0374   14.037  0.003    3  1 
  51318.0942   14.972  0.005    3  1 
  51318.1226   14.943  0.005    3  1 
  51318.9772   15.451  0.005    3  1 
  51319.0019   14.648  0.005    3  1 
  51319.0274   13.963  0.002    3  1 
  51319.0757   14.457  0.003    3  1 
  51319.0997   14.718  0.003    3  1 
  51320.1000   14.724  0.002    3  1 
  51320.1208   14.893  0.003    3  1 
  51320.1417   15.064  0.003    3  1 
  51320.9728   15.598  0.005    3  1 
  51320.9965   15.430  0.003    3  1 
  51321.0180   14.032  0.002    3  1 
  51321.0400   14.009  0.002    3  1 
  51321.0624   14.242  0.002    3  1 
  51321.0930   14.596  0.003    3  1 
  51321.1217   14.876  0.003    3  1 
  51380.9937   15.137  0.004    3  1 
  51381.9793   15.481  0.005    3  1 
  51382.9755   15.563  0.007    3  1 
  51383.9715   15.569  0.004    3  1 
  51384.9721   15.636  0.003    3  1 
  51385.9679   15.569  0.004    3  1 
  51386.9917   15.364  0.004    3  1 
  51388.9755   15.589  0.006    3  1 
  51389.9750   15.572  0.004    3  1 
  51390.9697   15.579  0.003    3  1 
  51391.9697   15.443  0.003    3  1 
  51693.9923   15.444  0.004    3  1 
  51695.0052   15.286  0.004    3  1 
 56468.97641   13.885  0.169   -1  1 
 56469.04707   13.586  0.167   -1  1 
 56469.10896   13.650  0.123   -1  1 
 56469.17285   13.458  0.096   -1  1 
 56471.00364   13.773  0.122   -1  1 
 56471.06640   13.615  0.046   -1  1 
 56471.12490   13.653  0.099   -1  1 
 56471.18188   13.496  0.075   -1  1 
 56471.96759   13.543  0.078   -1  1 
 56472.03374   13.521  0.069   -1  1 
 56472.09484   13.808  0.056   -1  1 
 56472.15243   13.507  0.063   -1  1 
 56468.95296   13.521  0.158   -2  1 
 56469.02441   13.386  0.128   -2  1 
 56469.08813   13.457  0.103   -2  1 
 56469.15134   13.512  0.102   -2  1 
 56471.02588   13.452  0.129   -2  1 
 56471.08671   13.546  0.063   -2  1 
 56471.14302   13.588  0.044   -2  1 
 56471.94704   13.439  0.049   -2  1 
 56472.01085   13.399  0.106   -2  1 
 56472.07480   13.477  0.083   -2  1 
 56472.13240   13.625  0.042   -2  1 
 56472.19216   13.358  0.047   -2  1 
 56469.00041   13.731  0.063   -5  1 
 56469.06767   13.819  0.063   -5  1 
 56469.13003   13.900  0.070   -5  1 
 56469.19349   13.586  0.049   -5  1 
 56470.98130   13.768  0.049   -5  1 
 56471.04693   13.801  0.065   -5  1 
 56471.10523   13.809  0.049   -5  1 
 56471.16397   13.755  0.033   -5  1 
 56471.98857   13.802  0.054   -5  1 
 56472.05430   13.902  0.046   -5  1 
 56472.11383   13.764  0.046   -5  1 
 56472.17109   13.540  0.034   -5  1 
