  51216.3218   14.539  0.005    2  1 
  51216.3464   14.567  0.005    2  1 
  51216.3689   14.624  0.005    2  1 
  51216.3980   14.700  0.008    2  1 
  51217.3101   14.549  0.006    2  1 
  51217.3328   14.609  0.005    2  1 
  51217.3552   14.689  0.005    2  1 
  51217.3759   14.758  0.006    2  1 
  51217.3953   14.826  0.006    2  1 
  51218.2773   14.560  0.007    2  1 
  51218.3093   14.649  0.005    2  1 
  51218.3298   14.724  0.005    2  1 
  51218.3573   14.828  0.006    2  1 
  51218.3794   14.905  0.006    2  1 
  51219.3336   14.863  0.006    2  1 
  51219.3596   14.920  0.006    2  1 
  51219.3768   14.943  0.006    2  1 
  51220.2621   14.733  0.005    2  1 
  51220.2906   14.840  0.005    2  1 
  51220.3077   14.889  0.006    2  1 
  51220.3257   14.929  0.006    2  1 
  51220.3432   14.950  0.006    2  1 
  51220.3602   14.957  0.006    2  1 
  51220.3776   14.959  0.006    2  1 
  51221.2835   14.913  0.006    2  1 
  51221.3009   14.937  0.006    2  1 
  51221.3188   14.952  0.006    2  1 
  51221.3358   14.964  0.006    2  1 
  51221.3538   14.944  0.006    2  1 
  51221.3722   14.862  0.006    2  1 
  51283.2451   14.722  0.005    2  1 
  51283.2493   14.731  0.005    2  1 
  51283.2714   14.816  0.006    2  1 
  51283.2748   14.825  0.005    2  1 
  51283.2939   14.867  0.005    2  1 
  51283.2972   14.883  0.005    2  1 
  51283.3202   14.940  0.005    2  1 
  51283.3234   14.945  0.005    2  1 
  51283.3487   14.984  0.005    2  1 
  51283.3518   14.974  0.005    2  1 
  51283.3707   14.961  0.005    2  1 
  51283.3738   14.953  0.005    2  1 
  51284.2195   14.744  0.005    2  1 
  51284.2229   14.759  0.005    2  1 
  51284.2413   14.833  0.005    2  1 
  51284.2443   14.829  0.005    2  1 
  51284.2617   14.878  0.005    2  1 
  51284.2942   14.956  0.006    2  1 
  51284.2973   14.956  0.006    2  1 
  51284.3168   14.979  0.006    2  1 
  51284.3211   14.973  0.006    2  1 
  51284.3464   14.936  0.006    2  1 
  51285.0513   14.657  0.004    2  1 
  51285.0543   14.649  0.004    2  1 
  51285.0739   14.585  0.004    2  1 
  51285.0778   14.575  0.004    2  1 
  51285.0975   14.545  0.005    2  1 
  51285.1006   14.545  0.005    2  1 
  51285.1324   14.559  0.004    2  1 
  51285.1360   14.569  0.004    2  1 
  51285.1558   14.627  0.004    2  1 
  51285.1588   14.638  0.004    2  1 
  51285.1796   14.719  0.005    2  1 
  51285.1830   14.732  0.004    2  1 
  51285.2125   14.842  0.005    2  1 
  51285.2157   14.845  0.005    2  1 
  51285.2426   14.919  0.005    2  1 
  51285.2630   14.937  0.006    2  1 
  51285.2998   14.977  0.006    2  1 
  51285.3348   14.822  0.005    2  1 
  51286.0461   14.569  0.004    2  1 
  51286.0493   14.574  0.004    2  1 
  51286.0716   14.556  0.004    2  1 
  51286.0753   14.555  0.004    2  1 
  51286.1026   14.593  0.004    2  1 
  51286.1061   14.599  0.004    2  1 
  51286.1365   14.691  0.004    2  1 
  51286.1398   14.706  0.005    2  1 
  51286.1608   14.791  0.006    2  1 
  51286.1639   14.805  0.005    2  1 
  51286.1669   14.818  0.005    2  1 
  51286.1875   14.882  0.005    2  1 
  51286.1908   14.883  0.005    2  1 
  51286.2255   14.941  0.005    2  1 
  51286.2285   14.947  0.005    2  1 
  51286.2476   14.967  0.006    2  1 
  51286.2508   14.964  0.005    2  1 
  51286.2697   14.959  0.005    2  1 
  51286.2727   14.957  0.005    2  1 
  51286.3022   14.821  0.005    2  1 
  51286.3055   14.787  0.005    2  1 
  51286.3218   14.638  0.004    2  1 
  51286.3250   14.614  0.005    2  1 
  51286.3450   14.582  0.004    2  1 
  51286.3481   14.590  0.004    2  1 
  51304.9873   14.632  0.004    2  1 
  51304.9926   14.604  0.004    2  1 
  51305.0328   14.537  0.004    2  1 
  51305.0362   14.539  0.004    2  1 
  51305.0559   14.568  0.005    2  1 
  51305.0599   14.572  0.005    2  1 
  51305.0890   14.661  0.005    2  1 
  51305.0922   14.667  0.005    2  1 
  51305.1269   14.785  0.006    2  1 
  51305.1509   14.866  0.007    2  1 
  51305.1853   14.920  0.006    2  1 
  51305.1885   14.928  0.007    2  1 
  51305.2098   14.942  0.006    2  1 
  51305.2128   14.948  0.006    2  1 
  51305.2431   14.912  0.006    2  1 
  51305.2461   14.896  0.006    2  1 
  51305.2704   14.764  0.006    2  1 
  51305.2734   14.732  0.005    2  1 
  51305.2995   14.612  0.005    2  1 
  51305.9857   14.554  0.003    2  1 
  51305.9885   14.558  0.003    2  1 
  51305.9912   14.552  0.003    2  1 
  51306.0256   14.573  0.004    2  1 
  51306.0285   14.588  0.004    2  1 
  51306.0465   14.628  0.005    2  1 
  51306.0498   14.651  0.004    2  1 
  51306.0896   14.802  0.005    2  1 
  51306.0930   14.820  0.005    2  1 
  51306.1123   14.876  0.004    2  1 
  51306.1151   14.884  0.004    2  1 
  51306.1375   14.930  0.005    2  1 
  51306.1405   14.940  0.005    2  1 
  51306.1636   14.954  0.005    2  1 
  51306.1673   14.963  0.005    2  1 
  51306.1937   14.931  0.004    2  1 
  51306.1966   14.944  0.004    2  1 
  51306.2146   14.875  0.005    2  1 
  51306.2343   14.752  0.004    2  1 
  51306.2380   14.734  0.004    2  1 
  51306.2574   14.641  0.003    2  1 
  51306.2602   14.637  0.003    2  1 
  51306.2805   14.593  0.004    2  1 
  51306.2835   14.594  0.003    2  1 
  51306.3038   14.578  0.004    2  1 
  51306.3135   14.554  0.004    2  1 
  51306.3184   14.559  0.005    2  1 
  51307.0456   14.762  0.006    2  1 
  51307.0501   14.782  0.006    2  1 
  51307.0593   14.820  0.005    2  1 
  51307.0645   14.826  0.005    2  1 
  51307.0699   14.840  0.012    2  1 
  51307.0747   14.866  0.008    2  1 
  51308.0084   14.772  0.004    2  1 
  51308.0112   14.769  0.004    2  1 
  51308.0334   14.842  0.004    2  1 
  51308.0362   14.850  0.004    2  1 
  51308.0394   14.858  0.004    2  1 
  51308.0633   14.924  0.004    2  1 
  51308.0663   14.933  0.004    2  1 
  51308.0995   14.974  0.005    2  1 
  51308.1280   14.947  0.005    2  1 
  51308.1309   14.945  0.005    2  1 
  51310.0850   14.817  0.003    2  1 
  51310.0874   14.799  0.003    2  1 
  51310.0897   14.776  0.003    2  1 
  51310.1430   14.577  0.004    2  1 
  51310.1458   14.570  0.004    2  1 
  51310.1486   14.559  0.004    2  1 
  51311.0244   14.923  0.009    2  1 
  51311.0302   14.915  0.007    2  1 
  51311.0334   14.904  0.007    2  1 
  51311.0506   14.822  0.004    2  1 
  51311.0539   14.800  0.004    2  1 
  51311.0637   14.729  0.005    2  1 
  51311.0669   14.712  0.006    2  1 
  51311.0907   14.607  0.005    2  1 
  51311.0946   14.593  0.005    2  1 
  51311.1015   14.581  0.005    2  1 
  51311.1071   14.560  0.005    2  1 
  51311.1298   14.534  0.005    2  1 
  51311.1327   14.531  0.005    2  1 
  51311.1357   14.530  0.005    2  1 
  51311.1398   14.537  0.005    2  1 
  51311.1447   14.539  0.005    2  1 
  51311.9726   14.940  0.007    2  1 
  51311.9755   14.940  0.007    2  1 
  51312.0020   14.875  0.006    2  1 
  51312.0049   14.848  0.006    2  1 
  51312.0255   14.746  0.005    2  1 
  51312.0284   14.719  0.005    2  1 
  51312.0314   14.707  0.004    2  1 
  51312.0584   14.612  0.004    2  1 
  51312.0611   14.597  0.004    2  1 
  51312.0638   14.599  0.004    2  1 
  51312.0903   14.564  0.004    2  1 
  51312.0955   14.559  0.004    2  1 
  51312.1146   14.546  0.004    2  1 
  51312.1173   14.546  0.004    2  1 
  51312.1200   14.553  0.004    2  1 
  51312.9860   14.755  0.004    2  1 
  51312.9887   14.744  0.004    2  1 
  51312.9913   14.724  0.004    2  1 
  51313.0096   14.671  0.004    2  1 
  51313.0123   14.674  0.004    2  1 
  51313.0149   14.658  0.004    2  1 
  51313.0333   14.593  0.004    2  1 
  51313.0360   14.587  0.004    2  1 
  51313.0386   14.576  0.004    2  1 
  51313.0413   14.570  0.004    2  1 
  51313.0595   14.550  0.004    2  1 
  51313.0622   14.545  0.004    2  1 
  51313.0648   14.548  0.004    2  1 
  51313.0911   14.560  0.004    2  1 
  51313.0937   14.556  0.004    2  1 
  51313.0964   14.565  0.004    2  1 
  51313.1146   14.617  0.004    2  1 
  51313.1172   14.627  0.004    2  1 
  51313.1199   14.639  0.004    2  1 
  51313.1226   14.648  0.004    2  1 
  51313.9843   14.633  0.004    2  1 
  51313.9872   14.631  0.005    2  1 
  51313.9901   14.617  0.005    2  1 
  51314.0178   14.554  0.005    2  1 
  51314.0207   14.551  0.005    2  1 
  51314.0236   14.553  0.004    2  1 
  51314.0432   14.565  0.005    2  1 
  51314.0461   14.571  0.005    2  1 
  51314.0490   14.567  0.005    2  1 
  51314.0772   14.637  0.005    2  1 
  51314.0802   14.639  0.005    2  1 
  51314.0831   14.655  0.005    2  1 
  51314.1030   14.723  0.005    2  1 
  51314.1059   14.731  0.006    2  1 
  51314.1088   14.742  0.005    2  1 
  51314.1289   14.812  0.005    2  1 
  51314.1333   14.821  0.006    2  1 
  51314.1363   14.831  0.006    2  1 
  51314.9827   14.566  0.004    2  1 
  51314.9856   14.564  0.004    2  1 
  51314.9885   14.560  0.004    2  1 
  51315.0015   14.549  0.004    2  1 
  51315.0043   14.547  0.004    2  1 
  51315.0069   14.553  0.004    2  1 
  51315.0251   14.584  0.004    2  1 
  51315.0277   14.585  0.004    2  1 
  51315.0304   14.596  0.004    2  1 
  51315.0516   14.653  0.004    2  1 
  51315.0542   14.672  0.004    2  1 
  51315.0780   14.760  0.004    2  1 
  51315.0807   14.767  0.004    2  1 
  51315.0833   14.779  0.005    2  1 
  51315.1015   14.830  0.005    2  1 
  51315.1041   14.835  0.005    2  1 
  51315.1068   14.842  0.005    2  1 
  51315.1290   14.891  0.006    2  1 
  51315.1319   14.897  0.006    2  1 
  51316.0194   14.674  0.004    2  1 
  51316.0221   14.684  0.004    2  1 
  51316.0247   14.694  0.004    2  1 
  51316.0431   14.767  0.004    2  1 
  51316.0458   14.770  0.004    2  1 
  51316.0485   14.780  0.004    2  1 
  51316.0667   14.835  0.005    2  1 
  51316.0693   14.847  0.005    2  1 
  51316.0720   14.854  0.005    2  1 
  51316.0905   14.902  0.005    2  1 
  51316.0934   14.911  0.005    2  1 
  51316.0963   14.922  0.005    2  1 
  51316.1148   14.943  0.005    2  1 
  51316.1175   14.947  0.005    2  1 
  51316.1201   14.951  0.005    2  1 
  51316.9647   14.611  0.004    2  1 
  51316.9676   14.624  0.005    2  1 
  51316.9705   14.626  0.005    2  1 
  51316.9896   14.697  0.004    2  1 
  51316.9923   14.707  0.004    2  1 
  51316.9949   14.721  0.004    2  1 
  51317.0088   14.766  0.005    2  1 
  51317.0117   14.771  0.005    2  1 
  51317.0321   14.848  0.006    2  1 
  51317.0351   14.854  0.006    2  1 
  51317.0391   14.860  0.005    2  1 
  51317.0602   14.911  0.006    2  1 
  51317.0631   14.919  0.005    2  1 
  51317.0660   14.918  0.005    2  1 
  51317.0858   14.965  0.006    2  1 
  51317.0887   14.965  0.007    2  1 
  51317.0916   14.960  0.005    2  1 
  51317.1111   14.965  0.006    2  1 
  51317.1140   14.951  0.006    2  1 
  51317.1169   14.950  0.006    2  1 
  51317.9657   14.726  0.006    2  1 
  51317.9685   14.736  0.006    2  1 
  51317.9883   14.803  0.006    2  1 
  51317.9912   14.818  0.005    2  1 
  51317.9941   14.827  0.005    2  1 
  51318.0135   14.877  0.006    2  1 
  51318.0164   14.871  0.006    2  1 
  51318.0194   14.886  0.007    2  1 
  51318.0413   14.934  0.006    2  1 
  51318.0445   14.938  0.008    2  1 
  51318.0477   14.947  0.007    2  1 
  51318.0697   14.970  0.007    2  1 
  51318.0730   14.959  0.008    2  1 
  51318.0762   14.963  0.008    2  1 
  51318.0981   14.916  0.008    2  1 
  51318.1014   14.907  0.007    2  1 
  51318.1046   14.892  0.008    2  1 
  51318.1265   14.747  0.007    2  1 
  51318.1298   14.726  0.007    2  1 
  51318.9642   14.867  0.004    2  1 
  51318.9680   14.870  0.006    2  1 
  51318.9708   14.865  0.005    2  1 
  51318.9737   14.867  0.005    2  1 
  51318.9929   14.906  0.005    2  1 
  51318.9956   14.921  0.005    2  1 
  51318.9983   14.919  0.005    2  1 
  51319.0180   14.936  0.006    2  1 
  51319.0209   14.952  0.006    2  1 
  51319.0238   14.945  0.005    2  1 
  51319.0443   14.964  0.006    2  1 
  51319.0474   14.959  0.006    2  1 
  51319.0505   14.954  0.006    2  1 
  51319.0793   14.850  0.005    2  1 
  51319.0820   14.832  0.005    2  1 
  51319.0847   14.806  0.004    2  1 
  51319.1030   14.677  0.005    2  1 
  51319.1084   14.657  0.004    2  1 
  51319.1110   14.644  0.004    2  1 
  51320.1030   14.607  0.003    2  1 
  51320.1053   14.607  0.003    2  1 
  51320.1076   14.603  0.003    2  1 
  51320.1238   14.553  0.003    2  1 
  51320.1261   14.555  0.003    2  1 
  51320.1284   14.558  0.003    2  1 
  51320.1450   14.545  0.004    2  1 
  51320.1477   14.543  0.004    2  1 
  51320.1503   14.554  0.004    2  1 
  51320.9635   14.953  0.005    2  1 
  51320.9664   14.953  0.005    2  1 
  51320.9693   14.945  0.005    2  1 
  51320.9887   14.916  0.004    2  1 
  51320.9911   14.913  0.004    2  1 
  51320.9936   14.899  0.004    2  1 
  51321.0102   14.829  0.003    2  1 
  51321.0126   14.812  0.004    2  1 
  51321.0150   14.798  0.004    2  1 
  51321.0318   14.693  0.004    2  1 
  51321.0344   14.673  0.004    2  1 
  51321.0369   14.666  0.004    2  1 
  51321.0543   14.617  0.004    2  1 
  51321.0568   14.616  0.004    2  1 
  51321.0594   14.616  0.004    2  1 
  51321.0847   14.573  0.004    2  1 
  51321.0873   14.571  0.004    2  1 
  51321.0898   14.568  0.004    2  1 
  51321.1133   14.559  0.004    2  1 
  51321.1159   14.566  0.004    2  1 
  51321.1186   14.565  0.004    2  1 
  51321.1339   14.587  0.004    2  1 
  51321.1365   14.593  0.004    2  1 
  51332.9696   14.572  0.007    2  1 
  51332.9739   14.562  0.007    2  1 
  51332.9891   14.545  0.005    2  1 
  51332.9928   14.548  0.006    2  1 
  51332.9965   14.551  0.006    2  1 
  51333.0083   14.558  0.005    2  1 
  51333.0120   14.559  0.005    2  1 
  51333.0226   14.580  0.006    2  1 
  51333.0264   14.584  0.005    2  1 
  51333.0514   14.659  0.007    2  1 
  51333.0552   14.683  0.007    2  1 
  51333.0742   14.750  0.007    2  1 
  51333.0779   14.756  0.007    2  1 
  51333.0907   14.808  0.006    2  1 
  51333.0945   14.816  0.006    2  1 
  51333.1178   14.883  0.006    2  1 
  51333.1221   14.897  0.007    2  1 
  51333.1335   14.905  0.008    2  1 
  51333.1529   14.938  0.007    2  1 
  51333.1565   14.939  0.008    2  1 
  51333.1716   14.942  0.007    2  1 
  51333.1752   14.953  0.008    2  1 
  51334.9871   14.684  0.004    2  1 
  51335.0175   14.799  0.005    2  1 
  51335.0204   14.807  0.005    2  1 
  51335.0301   14.838  0.005    2  1 
  51335.0334   14.846  0.005    2  1 
  51335.0517   14.894  0.006    2  1 
  51335.0552   14.898  0.006    2  1 
  51335.0692   14.931  0.007    2  1 
  51335.0727   14.934  0.006    2  1 
  51335.0833   14.952  0.007    2  1 
  51335.0867   14.954  0.006    2  1 
  51335.1133   14.953  0.007    2  1 
  51335.1167   14.955  0.007    2  1 
  51335.9535   14.686  0.006    2  1 
  51335.9726   14.754  0.006    2  1 
  51335.9768   14.779  0.006    2  1 
  51335.9997   14.851  0.005    2  1 
  51336.0027   14.866  0.005    2  1 
  51336.0203   14.906  0.006    2  1 
  51336.0357   14.932  0.006    2  1 
  51336.0388   14.929  0.006    2  1 
  51336.0593   14.960  0.006    2  1 
  51336.0629   14.959  0.007    2  1 
  51336.0769   14.958  0.006    2  1 
  51336.0803   14.949  0.007    2  1 
  51336.1025   14.902  0.006    2  1 
  51336.1059   14.884  0.006    2  1 
  51336.1206   14.799  0.007    2  1 
  51336.1240   14.779  0.006    2  1 
  51337.0101   14.935  0.007    2  1 
  51337.9904   14.948  0.008    2  1 
  51337.9940   14.950  0.008    2  1 
  51338.0162   14.945  0.007    2  1 
  51338.0196   14.936  0.007    2  1 
  51338.0339   14.894  0.007    2  1 
  51338.0376   14.871  0.008    2  1 
  51338.9901   14.937  0.007    2  1 
  51338.9938   14.903  0.005    2  1 
  51339.0226   14.725  0.006    2  1 
  51339.0269   14.692  0.006    2  1 
  51339.0867   14.550  0.007    2  1 
  51339.0905   14.554  0.006    2  1 
  51339.1139   14.541  0.006    2  1 
  51339.1177   14.538  0.006    2  1 
  51339.1448   14.612  0.005    2  1 
  51339.1482   14.631  0.005    2  1 
  51339.9766   14.790  0.005    2  1 
  51339.9795   14.781  0.005    2  1 
  51340.0044   14.646  0.004    2  1 
  51340.0078   14.632  0.004    2  1 
  51340.0274   14.582  0.005    2  1 
  51340.0306   14.580  0.005    2  1 
  51340.0540   14.550  0.005    2  1 
  51340.0572   14.548  0.005    2  1 
  51340.0857   14.558  0.005    2  1 
  51340.0892   14.555  0.005    2  1 
  51340.1152   14.629  0.006    2  1 
  51340.1197   14.654  0.005    2  1 
  51340.1229   14.669  0.005    2  1 
  51340.1263   14.676  0.005    2  1 
  51340.1404   14.749  0.006    2  1 
  51340.1437   14.753  0.006    2  1 
  51344.9924   14.845  0.005    2  1 
  51344.9958   14.849  0.004    2  1 
  51344.9988   14.855  0.004    2  1 
  51345.0216   14.918  0.006    2  1 
  51345.0255   14.921  0.007    2  1 
  51345.0302   14.935  0.006    2  1 
  51345.0553   14.967  0.006    2  1 
  51345.0603   14.963  0.005    2  1 
  51345.9856   14.908  0.007    2  1 
  51345.9896   14.916  0.007    2  1 
  51346.0219   14.960  0.007    2  1 
  51346.0264   14.958  0.007    2  1 
  51346.0486   14.952  0.007    2  1 
  51346.0523   14.942  0.007    2  1 
  51346.0791   14.814  0.006    2  1 
  51346.0826   14.781  0.005    2  1 
  51347.0416   14.833  0.006    2  1 
  51347.0453   14.813  0.004    2  1 
  51347.0743   14.639  0.005    2  1 
  51347.0777   14.638  0.004    2  1 
  51347.0990   14.615  0.004    2  1 
  51347.1022   14.602  0.003    2  1 
  51347.9769   14.949  0.006    2  1 
  51347.9802   14.960  0.006    2  1 
  51347.9834   14.935  0.006    2  1 
  51347.9983   14.882  0.006    2  1 
  51348.0028   14.866  0.006    2  1 
  51348.0063   14.835  0.005    2  1 
  51348.0242   14.689  0.005    2  1 
  51348.0274   14.665  0.005    2  1 
  51348.0943   14.543  0.006    2  1 
  51348.0983   14.543  0.007    2  1 
  51348.1018   14.544  0.007    2  1 
  51348.9650   14.856  0.006    2  1 
  51348.9853   14.724  0.005    2  1 
  51348.9883   14.704  0.005    2  1 
  51348.9912   14.685  0.005    2  1 
  51349.0316   14.581  0.005    2  1 
  51349.0346   14.579  0.005    2  1 
  51349.9815   14.614  0.004    2  1 
  51349.9851   14.610  0.004    2  1 
  51349.9973   14.576  0.004    2  1 
  51350.0033   14.560  0.005    2  1 
  51350.0066   14.560  0.005    2  1 
  51350.0164   14.558  0.005    2  1 
  51350.0197   14.551  0.005    2  1 
  51350.0296   14.551  0.005    2  1 
  51380.9973   14.874  0.005    2  1 
  51381.0004   14.868  0.004    2  1 
  51381.0031   14.881  0.004    2  1 
  51381.0187   14.921  0.005    2  1 
  51381.0214   14.925  0.005    2  1 
  51381.0242   14.924  0.005    2  1 
  51381.9830   14.920  0.006    2  1 
  51381.9859   14.925  0.006    2  1 
  51381.9888   14.922  0.006    2  1 
  51382.0000   14.943  0.005    2  1 
  51382.0029   14.953  0.005    2  1 
  51382.9793   14.959  0.007    2  1 
  51382.9826   14.969  0.006    2  1 
  51382.9857   14.973  0.007    2  1 
  51382.9965   14.965  0.006    2  1 
  51382.9995   14.964  0.008    2  1 
  51383.9746   14.940  0.005    2  1 
  51383.9773   14.935  0.004    2  1 
  51383.9799   14.932  0.005    2  1 
  51383.9899   14.904  0.006    2  1 
  51383.9926   14.898  0.005    2  1 
  51384.9777   14.758  0.004    2  1 
  51384.9802   14.751  0.004    2  1 
  51384.9896   14.700  0.004    2  1 
  51384.9921   14.684  0.004    2  1 
  51385.9711   14.632  0.004    2  1 
  51385.9763   14.620  0.004    2  1 
  51385.9857   14.584  0.004    2  1 
  51385.9884   14.577  0.004    2  1 
  51386.9965   14.546  0.004    2  1 
  51387.0003   14.553  0.004    2  1 
  51387.0041   14.551  0.004    2  1 
  51387.0216   14.574  0.004    2  1 
  51387.0254   14.601  0.004    2  1 
  51387.0293   14.598  0.004    2  1 
  51388.9801   14.688  0.006    2  1 
  51388.9834   14.692  0.005    2  1 
  51388.9866   14.715  0.005    2  1 
  51388.9984   14.754  0.006    2  1 
  51389.0017   14.769  0.006    2  1 
  51389.9783   14.801  0.004    2  1 
  51389.9809   14.825  0.004    2  1 
  51389.9836   14.825  0.005    2  1 
  51390.9729   14.902  0.004    2  1 
  51390.9756   14.912  0.004    2  1 
  51390.9783   14.913  0.004    2  1 
  51391.9728   14.938  0.004    2  1 
  51391.9754   14.942  0.004    2  1 
  51391.9779   14.958  0.004    2  1 
  51671.0871   14.565  0.005    2  1 
  51671.0917   14.559  0.005    2  1 
  51671.0952   14.552  0.005    2  1 
  51671.1189   14.542  0.005    2  1 
  51671.1232   14.541  0.005    2  1 
  51671.9996   14.665  0.004    2  1 
  51672.0039   14.652  0.004    2  1 
  51672.0350   14.597  0.004    2  1 
  51672.0382   14.600  0.004    2  1 
  51673.0232   14.568  0.004    2  1 
  51674.0574   14.674  0.007    2  1 
  51674.0620   14.693  0.007    2  1 
  51674.0938   14.808  0.007    2  1 
  51674.0985   14.820  0.007    2  1 
  51674.1159   14.873  0.007    2  1 
  51674.1223   14.894  0.006    2  1 
  51674.9763   14.562  0.006    2  1 
  51674.9824   14.565  0.006    2  1 
  51675.0212   14.666  0.006    2  1 
  51676.0163   14.773  0.005    2  1 
  51692.9816   14.552  0.005    2  1 
  51692.9854   14.555  0.005    2  1 
  51693.9780   14.651  0.004    2  1 
  51693.9814   14.657  0.004    2  1 
  51694.9914   14.828  0.004    2  1 
  51694.9946   14.830  0.005    2  1 
  51765.9974   14.744  0.006    2  1 
  51766.0012   14.767  0.006    2  1 
  51766.0048   14.773  0.005    2  1 
  51766.0266   14.851  0.006    2  1 
  51766.0301   14.861  0.006    2  1 
  51216.3144   14.840  0.003    3  1 
  51216.3408   14.836  0.003    3  1 
  51216.3634   14.903  0.003    3  1 
  51216.3905   15.028  0.004    3  1 
  51217.3019   14.814  0.004    3  1 
  51217.3494   14.994  0.003    3  1 
  51217.3710   15.103  0.004    3  1 
  51217.3906   15.202  0.004    3  1 
  51218.2854   14.869  0.004    3  1 
  51218.3156   15.024  0.007    3  1 
  51218.3347   15.101  0.004    3  1 
  51218.3653   15.264  0.004    3  1 
  51218.3848   15.323  0.004    3  1 
  51219.2918   15.061  0.004    3  1 
  51219.3100   15.166  0.004    3  1 
  51219.3296   15.253  0.004    3  1 
  51219.3536   15.328  0.004    3  1 
  51219.3723   15.370  0.004    3  1 
  51220.2720   15.147  0.004    3  1 
  51220.2946   15.257  0.004    3  1 
  51220.3117   15.319  0.004    3  1 
  51220.3299   15.353  0.004    3  1 
  51220.3473   15.377  0.005    3  1 
  51220.3643   15.400  0.005    3  1 
  51220.3816   15.380  0.005    3  1 
  51221.2763   15.318  0.004    3  1 
  51221.2964   15.371  0.004    3  1 
  51221.3145   15.391  0.004    3  1 
  51221.3318   15.393  0.004    3  1 
  51221.3496   15.375  0.004    3  1 
  51221.3673   15.297  0.004    3  1 
  51283.2546   15.107  0.003    3  1 
  51283.2783   15.220  0.004    3  1 
  51283.3008   15.313  0.004    3  1 
  51283.3322   15.394  0.004    3  1 
  51283.3553   15.425  0.004    3  1 
  51283.3773   15.383  0.004    3  1 
  51284.2134   15.073  0.004    3  1 
  51284.2375   15.198  0.004    3  1 
  51284.2581   15.275  0.004    3  1 
  51284.2875   15.363  0.004    3  1 
  51284.3124   15.416  0.004    3  1 
  51284.3383   15.398  0.005    3  1 
  51285.0451   14.987  0.003    3  1 
  51285.0691   14.880  0.003    3  1 
  51285.0932   14.808  0.004    3  1 
  51285.1257   14.829  0.003    3  1 
  51285.1514   14.906  0.003    3  1 
  51285.1754   15.041  0.003    3  1 
  51285.2060   15.206  0.004    3  1 
  51285.2321   15.309  0.004    3  1 
  51285.2586   15.365  0.004    3  1 
  51285.2928   15.411  0.004    3  1 
  51285.3257   15.307  0.004    3  1 
  51286.0393   14.875  0.003    3  1 
  51286.0670   14.839  0.003    3  1 
  51286.1302   15.003  0.003    3  1 
  51286.1833   15.272  0.004    3  1 
  51286.2193   15.350  0.004    3  1 
  51286.2434   15.397  0.004    3  1 
  51286.2655   15.397  0.004    3  1 
  51286.2958   15.252  0.004    3  1 
  51286.3521   14.904  0.003    3  1 
  51304.9838   14.967  0.003    3  1 
  51305.0251   14.808  0.004    3  1 
  51305.0718   14.923  0.004    3  1 
  51305.0961   15.032  0.004    3  1 
  51305.1465   15.272  0.005    3  1 
  51305.1755   15.341  0.005    3  1 
  51305.2054   15.375  0.006    3  1 
  51305.2345   15.352  0.005    3  1 
  51305.2666   15.167  0.004    3  1 
  51305.2880   14.983  0.004    3  1 
  51305.9773   14.845  0.003    3  1 
  51306.0428   14.943  0.004    3  1 
  51306.0809   15.131  0.004    3  1 
  51306.1087   15.289  0.005    3  1 
  51306.1330   15.359  0.005    3  1 
  51306.1578   15.399  0.005    3  1 
  51306.1875   15.383  0.004    3  1 
  51306.2101   15.289  0.004    3  1 
  51306.2308   15.214  0.003    3  1 
  51306.2771   14.926  0.003    3  1 
  51308.0294   15.219  0.003    3  1 
  51308.0600   15.326  0.003    3  1 
  51308.0919   15.409  0.003    3  1 
  51308.0958   15.397  0.003    3  1 
  51308.1244   15.372  0.004    3  1 
  51310.1057   14.987  0.002    3  1 
  51310.1100   14.970  0.002    3  1 
  51310.1132   14.967  0.002    3  1 
  51311.9792   15.346  0.006    3  1 
  51311.9983   15.261  0.005    3  1 
  51312.0087   15.215  0.005    3  1 
  51312.0350   15.011  0.003    3  1 
  51312.0550   14.920  0.003    3  1 
  51312.0672   14.876  0.003    3  1 
  51312.0870   14.827  0.003    3  1 
  51312.0988   14.822  0.003    3  1 
  51312.9828   15.119  0.003    3  1 
  51313.0063   14.998  0.003    3  1 
  51313.0300   14.897  0.003    3  1 
  51313.0562   14.830  0.003    3  1 
  51313.1113   14.909  0.003    3  1 
  51313.9807   14.963  0.003    3  1 
  51314.0143   14.839  0.003    3  1 
  51314.0397   14.826  0.003    3  1 
  51314.1124   15.103  0.004    3  1 
  51314.9752   14.856  0.003    3  1 
  51315.0102   14.836  0.003    3  1 
  51315.0336   14.901  0.003    3  1 
  51315.0747   15.095  0.004    3  1 
  51315.0982   15.210  0.004    3  1 
  51315.1216   15.297  0.004    3  1 
  51316.0399   15.102  0.003    3  1 
  51316.0634   15.212  0.004    3  1 
  51316.0869   15.303  0.004    3  1 
  51316.1115   15.358  0.004    3  1 
  51316.9740   14.957  0.003    3  1 
  51317.0052   15.102  0.004    3  1 
  51317.0282   15.207  0.006    3  1 
  51317.0566   15.312  0.004    3  1 
  51317.0822   15.373  0.005    3  1 
  51317.1075   15.388  0.005    3  1 
  51317.9847   15.184  0.004    3  1 
  51318.0099   15.281  0.005    3  1 
  51318.0374   15.364  0.007    3  1 
  51318.0942   15.329  0.005    3  1 
  51318.1226   15.126  0.006    3  1 
  51318.9772   15.282  0.004    3  1 
  51319.0019   15.390  0.008    3  1 
  51319.0274   15.378  0.005    3  1 
  51319.0757   15.250  0.004    3  1 
  51319.0997   15.018  0.003    3  1 
  51320.1000   14.911  0.003    3  1 
  51320.1417   14.818  0.003    3  1 
  51320.9728   15.363  0.004    3  1 
  51321.0180   15.154  0.003    3  1 
  51321.0400   14.945  0.003    3  1 
  51321.0624   14.900  0.003    3  1 
  51321.0930   14.838  0.003    3  1 
  51321.1217   14.851  0.003    3  1 
  51380.9937   15.261  0.004    3  1 
  51381.9793   15.335  0.005    3  1 
  51382.9755   15.402  0.006    3  1 
  51383.9715   15.375  0.004    3  1 
  51385.9679   14.946  0.003    3  1 
  51386.9917   14.852  0.003    3  1 
  51388.9755   15.004  0.004    3  1 
  51389.9750   15.179  0.003    3  1 
  51693.9923   15.029  0.003    3  1 
  51695.0052   15.247  0.003    3  1 
 56469.04707   13.628  0.207   -1  1 
 56469.10896   13.531  0.140   -1  1 
 56469.17285   13.710  0.083   -1  1 
 56471.00364   14.593  0.353   -1  1 
 56471.06640   13.777  0.053   -1  1 
 56471.12490   13.687  0.078   -1  1 
 56471.18188   13.971  0.113   -1  1 
 56471.96759   12.983  0.130   -1  1 
 56472.03374   13.944  0.131   -1  1 
 56472.09484   13.367  0.138   -1  1 
 56472.15243   13.653  0.057   -1  1 
 56468.95296   13.634  0.106   -2  1 
 56469.02441   13.642  0.072   -2  1 
 56469.08813   13.633  0.049   -2  1 
 56469.15134   13.648  0.043   -2  1 
 56471.02588   13.600  0.050   -2  1 
 56471.08671   13.579  0.030   -2  1 
 56471.14302   13.577  0.022   -2  1 
 56471.94704   13.703  0.027   -2  1 
 56472.01085   13.574  0.050   -2  1 
 56472.07480   13.575  0.042   -2  1 
 56472.13240   13.628  0.022   -2  1 
 56472.19216   13.570  0.024   -2  1 
 56469.00041   13.837  0.038   -5  1 
 56469.06767   13.938  0.025   -5  1 
 56469.13003   13.801  0.027   -5  1 
 56469.19349   13.784  0.025   -5  1 
 56470.98130   14.003  0.022   -5  1 
 56471.04693   13.848  0.029   -5  1 
 56471.10523   13.783  0.025   -5  1 
 56471.16397   13.861  0.015   -5  1 
 56471.98857   13.977  0.030   -5  1 
 56472.05430   13.993  0.036   -5  1 
 56472.11383   13.738  0.026   -5  1 
 56472.17109   13.866  0.022   -5  1 
