  51216.3218   14.435  0.005    2  1 
  51216.3464   14.425  0.005    2  1 
  51216.3689   14.428  0.005    2  1 
  51216.3980   14.441  0.006    2  1 
  51217.3101   14.551  0.006    2  1 
  51217.3328   14.521  0.005    2  1 
  51217.3552   14.474  0.005    2  1 
  51217.3759   14.437  0.005    2  1 
  51217.3953   14.424  0.005    2  1 
  51218.2773   14.584  0.006    2  1 
  51218.3093   14.598  0.005    2  1 
  51218.3298   14.596  0.005    2  1 
  51218.3573   14.570  0.005    2  1 
  51218.3794   14.533  0.005    2  1 
  51219.2978   14.533  0.005    2  1 
  51219.3336   14.589  0.005    2  1 
  51219.3596   14.602  0.005    2  1 
  51219.3768   14.598  0.005    2  1 
  51220.2621   14.431  0.005    2  1 
  51220.2906   14.461  0.004    2  1 
  51220.3077   14.481  0.005    2  1 
  51220.3257   14.503  0.005    2  1 
  51220.3432   14.520  0.005    2  1 
  51220.3602   14.554  0.005    2  1 
  51220.3776   14.575  0.005    2  1 
  51221.2835   14.429  0.004    2  1 
  51221.3009   14.430  0.005    2  1 
  51221.3188   14.442  0.004    2  1 
  51221.3358   14.446  0.005    2  1 
  51221.3538   14.471  0.005    2  1 
  51221.3722   14.491  0.005    2  1 
  51283.2451   14.453  0.004    2  1 
  51283.2493   14.449  0.004    2  1 
  51283.2714   14.428  0.005    2  1 
  51283.2748   14.422  0.004    2  1 
  51283.2939   14.414  0.004    2  1 
  51283.2972   14.419  0.004    2  1 
  51283.3202   14.420  0.004    2  1 
  51283.3234   14.424  0.004    2  1 
  51283.3487   14.447  0.004    2  1 
  51283.3518   14.447  0.004    2  1 
  51283.3707   14.480  0.004    2  1 
  51283.3738   14.485  0.004    2  1 
  51284.2195   14.587  0.005    2  1 
  51284.2229   14.587  0.005    2  1 
  51284.2413   14.566  0.005    2  1 
  51284.2443   14.559  0.005    2  1 
  51284.2617   14.522  0.004    2  1 
  51284.2648   14.519  0.004    2  1 
  51284.2942   14.472  0.004    2  1 
  51284.2973   14.460  0.004    2  1 
  51284.3168   14.437  0.004    2  1 
  51284.3211   14.435  0.004    2  1 
  51284.3428   14.417  0.005    2  1 
  51284.3464   14.415  0.004    2  1 
  51285.0513   14.433  0.004    2  1 
  51285.0543   14.432  0.004    2  1 
  51285.0739   14.434  0.004    2  1 
  51285.0778   14.431  0.004    2  1 
  51285.0975   14.445  0.004    2  1 
  51285.1006   14.453  0.006    2  1 
  51285.1324   14.486  0.004    2  1 
  51285.1360   14.488  0.004    2  1 
  51285.1558   14.523  0.004    2  1 
  51285.1588   14.518  0.004    2  1 
  51285.1796   14.550  0.004    2  1 
  51285.1830   14.558  0.004    2  1 
  51285.2125   14.588  0.004    2  1 
  51285.2157   14.589  0.004    2  1 
  51285.2362   14.598  0.005    2  1 
  51285.2426   14.602  0.005    2  1 
  51285.2630   14.604  0.005    2  1 
  51285.2666   14.598  0.005    2  1 
  51285.2998   14.553  0.004    2  1 
  51285.3033   14.557  0.005    2  1 
  51285.3308   14.500  0.004    2  1 
  51285.3348   14.495  0.004    2  1 
  51285.3382   14.489  0.004    2  1 
  51286.0461   14.492  0.004    2  1 
  51286.0493   14.491  0.004    2  1 
  51286.0716   14.452  0.004    2  1 
  51286.0753   14.446  0.004    2  1 
  51286.1026   14.432  0.004    2  1 
  51286.1061   14.428  0.004    2  1 
  51286.1365   14.433  0.004    2  1 
  51286.1398   14.429  0.004    2  1 
  51286.1608   14.446  0.004    2  1 
  51286.1639   14.444  0.004    2  1 
  51286.1669   14.451  0.004    2  1 
  51286.1875   14.476  0.004    2  1 
  51286.1908   14.477  0.004    2  1 
  51286.2255   14.534  0.004    2  1 
  51286.2285   14.540  0.004    2  1 
  51286.2476   14.562  0.004    2  1 
  51286.2508   14.565  0.004    2  1 
  51286.2697   14.590  0.004    2  1 
  51286.2727   14.589  0.004    2  1 
  51286.3022   14.602  0.004    2  1 
  51286.3055   14.604  0.004    2  1 
  51286.3218   14.601  0.004    2  1 
  51286.3250   14.597  0.004    2  1 
  51286.3450   14.571  0.004    2  1 
  51286.3481   14.564  0.004    2  1 
  51304.9873   14.610  0.004    2  1 
  51304.9926   14.602  0.004    2  1 
  51305.0328   14.563  0.004    2  1 
  51305.0362   14.556  0.004    2  1 
  51305.0559   14.508  0.005    2  1 
  51305.0599   14.501  0.005    2  1 
  51305.0890   14.449  0.004    2  1 
  51305.0922   14.449  0.004    2  1 
  51305.1235   14.420  0.005    2  1 
  51305.1269   14.413  0.005    2  1 
  51305.1509   14.411  0.005    2  1 
  51305.1547   14.417  0.005    2  1 
  51305.1853   14.442  0.004    2  1 
  51305.1885   14.446  0.005    2  1 
  51305.2098   14.480  0.004    2  1 
  51305.2128   14.486  0.004    2  1 
  51305.2431   14.528  0.004    2  1 
  51305.2461   14.532  0.004    2  1 
  51305.2704   14.572  0.005    2  1 
  51305.2734   14.575  0.005    2  1 
  51305.2966   14.595  0.005    2  1 
  51305.2995   14.597  0.005    2  1 
  51305.9857   14.577  0.004    2  1 
  51305.9885   14.578  0.004    2  1 
  51305.9912   14.582  0.004    2  1 
  51306.0256   14.608  0.004    2  1 
  51306.0285   14.613  0.004    2  1 
  51306.0465   14.595  0.004    2  1 
  51306.0498   14.598  0.004    2  1 
  51306.0896   14.549  0.004    2  1 
  51306.0930   14.541  0.004    2  1 
  51306.1123   14.508  0.004    2  1 
  51306.1151   14.502  0.004    2  1 
  51306.1375   14.463  0.004    2  1 
  51306.1405   14.459  0.004    2  1 
  51306.1636   14.434  0.004    2  1 
  51306.1673   14.433  0.004    2  1 
  51306.1937   14.414  0.003    2  1 
  51306.1966   14.419  0.003    2  1 
  51306.2146   14.421  0.004    2  1 
  51306.2178   14.421  0.004    2  1 
  51306.2343   14.437  0.003    2  1 
  51306.2380   14.439  0.003    2  1 
  51306.2574   14.464  0.003    2  1 
  51306.2602   14.473  0.003    2  1 
  51306.2805   14.499  0.003    2  1 
  51306.2835   14.507  0.003    2  1 
  51306.3009   14.531  0.004    2  1 
  51306.3038   14.541  0.004    2  1 
  51306.3135   14.548  0.004    2  1 
  51306.3184   14.558  0.005    2  1 
  51307.0456   14.580  0.005    2  1 
  51307.0501   14.580  0.006    2  1 
  51307.0593   14.581  0.004    2  1 
  51307.0645   14.578  0.004    2  1 
  51307.0699   14.600  0.010    2  1 
  51307.0747   14.592  0.007    2  1 
  51308.0084   14.458  0.003    2  1 
  51308.0112   14.454  0.003    2  1 
  51308.0334   14.482  0.003    2  1 
  51308.0362   14.500  0.003    2  1 
  51308.0394   14.501  0.003    2  1 
  51308.0633   14.526  0.004    2  1 
  51308.0663   14.539  0.003    2  1 
  51308.0995   14.570  0.004    2  1 
  51308.1031   14.575  0.004    2  1 
  51308.1280   14.593  0.004    2  1 
  51308.1309   14.591  0.004    2  1 
  51310.0850   14.427  0.003    2  1 
  51310.0874   14.424  0.002    2  1 
  51310.0897   14.425  0.003    2  1 
  51310.0922   14.428  0.003    2  1 
  51310.1430   14.485  0.004    2  1 
  51310.1458   14.478  0.004    2  1 
  51310.1486   14.482  0.004    2  1 
  51311.0244   14.549  0.007    2  1 
  51311.0302   14.534  0.006    2  1 
  51311.0334   14.532  0.006    2  1 
  51311.0506   14.496  0.003    2  1 
  51311.0539   14.486  0.003    2  1 
  51311.0637   14.477  0.004    2  1 
  51311.0669   14.472  0.005    2  1 
  51311.0702   14.466  0.004    2  1 
  51311.0907   14.445  0.005    2  1 
  51311.0946   14.440  0.005    2  1 
  51311.0980   14.435  0.004    2  1 
  51311.1015   14.433  0.004    2  1 
  51311.1071   14.425  0.004    2  1 
  51311.1298   14.419  0.004    2  1 
  51311.1327   14.418  0.004    2  1 
  51311.1357   14.420  0.005    2  1 
  51311.1398   14.421  0.004    2  1 
  51311.1447   14.422  0.005    2  1 
  51311.9755   14.583  0.005    2  1 
  51312.0020   14.602  0.005    2  1 
  51312.0049   14.605  0.005    2  1 
  51312.0255   14.604  0.005    2  1 
  51312.0284   14.605  0.004    2  1 
  51312.0314   14.599  0.004    2  1 
  51312.0584   14.577  0.004    2  1 
  51312.0611   14.575  0.004    2  1 
  51312.0638   14.572  0.004    2  1 
  51312.0903   14.529  0.004    2  1 
  51312.0929   14.530  0.004    2  1 
  51312.0955   14.537  0.004    2  1 
  51312.1146   14.487  0.004    2  1 
  51312.1173   14.476  0.004    2  1 
  51312.1200   14.474  0.004    2  1 
  51312.9860   14.518  0.004    2  1 
  51312.9887   14.524  0.004    2  1 
  51312.9913   14.525  0.004    2  1 
  51313.0096   14.545  0.004    2  1 
  51313.0123   14.562  0.004    2  1 
  51313.0149   14.564  0.004    2  1 
  51313.0333   14.585  0.004    2  1 
  51313.0360   14.581  0.004    2  1 
  51313.0386   14.593  0.004    2  1 
  51313.0413   14.593  0.005    2  1 
  51313.0595   14.599  0.004    2  1 
  51313.0622   14.604  0.004    2  1 
  51313.0648   14.604  0.004    2  1 
  51313.0911   14.606  0.004    2  1 
  51313.0937   14.597  0.004    2  1 
  51313.0964   14.605  0.004    2  1 
  51313.1146   14.586  0.004    2  1 
  51313.1172   14.577  0.004    2  1 
  51313.1199   14.581  0.004    2  1 
  51313.1226   14.576  0.004    2  1 
  51313.9843   14.442  0.004    2  1 
  51313.9872   14.440  0.004    2  1 
  51313.9901   14.440  0.004    2  1 
  51314.0178   14.475  0.005    2  1 
  51314.0207   14.478  0.004    2  1 
  51314.0236   14.489  0.004    2  1 
  51314.0432   14.516  0.004    2  1 
  51314.0461   14.520  0.004    2  1 
  51314.0490   14.527  0.005    2  1 
  51314.0772   14.565  0.005    2  1 
  51314.0802   14.566  0.005    2  1 
  51314.0831   14.572  0.005    2  1 
  51314.1030   14.585  0.005    2  1 
  51314.1059   14.593  0.005    2  1 
  51314.1088   14.600  0.005    2  1 
  51314.1289   14.610  0.005    2  1 
  51314.1333   14.602  0.005    2  1 
  51314.1363   14.604  0.005    2  1 
  51314.9827   14.429  0.004    2  1 
  51314.9856   14.433  0.004    2  1 
  51314.9885   14.429  0.004    2  1 
  51315.0015   14.429  0.004    2  1 
  51315.0043   14.426  0.004    2  1 
  51315.0069   14.420  0.004    2  1 
  51315.0251   14.430  0.004    2  1 
  51315.0277   14.432  0.004    2  1 
  51315.0304   14.427  0.004    2  1 
  51315.0489   14.441  0.004    2  1 
  51315.0516   14.448  0.004    2  1 
  51315.0542   14.450  0.004    2  1 
  51315.0780   14.482  0.004    2  1 
  51315.0807   14.487  0.004    2  1 
  51315.0833   14.491  0.004    2  1 
  51315.1015   14.515  0.004    2  1 
  51315.1041   14.522  0.004    2  1 
  51315.1068   14.526  0.004    2  1 
  51315.1290   14.556  0.005    2  1 
  51315.1319   14.562  0.005    2  1 
  51316.0194   14.453  0.003    2  1 
  51316.0221   14.446  0.003    2  1 
  51316.0247   14.445  0.003    2  1 
  51316.0431   14.430  0.004    2  1 
  51316.0458   14.426  0.004    2  1 
  51316.0485   14.426  0.004    2  1 
  51316.0667   14.421  0.004    2  1 
  51316.0693   14.427  0.004    2  1 
  51316.0720   14.423  0.004    2  1 
  51316.0905   14.436  0.004    2  1 
  51316.0934   14.432  0.004    2  1 
  51316.0963   14.438  0.004    2  1 
  51316.1148   14.455  0.004    2  1 
  51316.1175   14.460  0.004    2  1 
  51316.1201   14.465  0.004    2  1 
  51316.9647   14.606  0.004    2  1 
  51316.9676   14.602  0.005    2  1 
  51316.9705   14.603  0.005    2  1 
  51316.9896   14.588  0.004    2  1 
  51316.9923   14.587  0.004    2  1 
  51316.9949   14.582  0.004    2  1 
  51317.0088   14.560  0.004    2  1 
  51317.0117   14.555  0.004    2  1 
  51317.0321   14.515  0.005    2  1 
  51317.0351   14.520  0.005    2  1 
  51317.0391   14.503  0.004    2  1 
  51317.0602   14.468  0.004    2  1 
  51317.0631   14.470  0.004    2  1 
  51317.0660   14.458  0.004    2  1 
  51317.0858   14.439  0.004    2  1 
  51317.0887   14.443  0.005    2  1 
  51317.0916   14.435  0.004    2  1 
  51317.1111   14.418  0.004    2  1 
  51317.1140   14.419  0.005    2  1 
  51317.1169   14.423  0.004    2  1 
  51317.9628   14.582  0.005    2  1 
  51317.9657   14.582  0.005    2  1 
  51317.9685   14.587  0.005    2  1 
  51317.9883   14.601  0.005    2  1 
  51317.9912   14.606  0.005    2  1 
  51317.9941   14.607  0.005    2  1 
  51318.0135   14.610  0.005    2  1 
  51318.0164   14.602  0.005    2  1 
  51318.0194   14.608  0.006    2  1 
  51318.0413   14.584  0.005    2  1 
  51318.0445   14.580  0.006    2  1 
  51318.0477   14.575  0.005    2  1 
  51318.0697   14.551  0.005    2  1 
  51318.0730   14.538  0.006    2  1 
  51318.0762   14.537  0.006    2  1 
  51318.0981   14.502  0.006    2  1 
  51318.1014   14.494  0.006    2  1 
  51318.1046   14.488  0.006    2  1 
  51318.1265   14.461  0.006    2  1 
  51318.1298   14.457  0.006    2  1 
  51318.9642   14.506  0.004    2  1 
  51318.9680   14.506  0.005    2  1 
  51318.9708   14.520  0.004    2  1 
  51318.9737   14.520  0.004    2  1 
  51318.9929   14.545  0.004    2  1 
  51318.9956   14.546  0.004    2  1 
  51318.9983   14.553  0.004    2  1 
  51319.0180   14.578  0.005    2  1 
  51319.0209   14.583  0.005    2  1 
  51319.0238   14.588  0.004    2  1 
  51319.0443   14.598  0.005    2  1 
  51319.0474   14.599  0.005    2  1 
  51319.0505   14.602  0.005    2  1 
  51319.0793   14.598  0.004    2  1 
  51319.0820   14.597  0.004    2  1 
  51319.0847   14.597  0.004    2  1 
  51319.1030   14.578  0.004    2  1 
  51319.1084   14.578  0.004    2  1 
  51319.1110   14.571  0.004    2  1 
  51320.1030   14.589  0.003    2  1 
  51320.1053   14.589  0.003    2  1 
  51320.1076   14.598  0.003    2  1 
  51320.1238   14.609  0.003    2  1 
  51320.1261   14.605  0.003    2  1 
  51320.1284   14.595  0.004    2  1 
  51320.1450   14.589  0.004    2  1 
  51320.1477   14.591  0.004    2  1 
  51320.1503   14.587  0.004    2  1 
  51320.9635   14.440  0.004    2  1 
  51320.9664   14.440  0.004    2  1 
  51320.9693   14.439  0.004    2  1 
  51320.9887   14.435  0.003    2  1 
  51320.9911   14.428  0.003    2  1 
  51320.9936   14.427  0.003    2  1 
  51321.0102   14.429  0.003    2  1 
  51321.0126   14.442  0.003    2  1 
  51321.0150   14.438  0.003    2  1 
  51321.0318   14.449  0.003    2  1 
  51321.0344   14.443  0.003    2  1 
  51321.0369   14.452  0.003    2  1 
  51321.0543   14.473  0.004    2  1 
  51321.0568   14.475  0.003    2  1 
  51321.0594   14.480  0.004    2  1 
  51321.0847   14.508  0.004    2  1 
  51321.0873   14.516  0.004    2  1 
  51321.0898   14.513  0.004    2  1 
  51321.1133   14.557  0.004    2  1 
  51321.1159   14.556  0.004    2  1 
  51321.1186   14.560  0.004    2  1 
  51321.1339   14.577  0.004    2  1 
  51321.1365   14.579  0.004    2  1 
  51332.9696   14.411  0.006    2  1 
  51332.9739   14.417  0.006    2  1 
  51332.9891   14.415  0.005    2  1 
  51332.9928   14.421  0.006    2  1 
  51332.9965   14.422  0.006    2  1 
  51333.0083   14.431  0.005    2  1 
  51333.0120   14.431  0.005    2  1 
  51333.0226   14.445  0.005    2  1 
  51333.0264   14.451  0.005    2  1 
  51333.0514   14.488  0.006    2  1 
  51333.0552   14.499  0.007    2  1 
  51333.0742   14.533  0.006    2  1 
  51333.0779   14.540  0.006    2  1 
  51333.0907   14.556  0.005    2  1 
  51333.0945   14.563  0.005    2  1 
  51333.1178   14.587  0.005    2  1 
  51333.1221   14.593  0.006    2  1 
  51333.1335   14.605  0.006    2  1 
  51333.1369   14.615  0.006    2  1 
  51333.1529   14.609  0.006    2  1 
  51333.1565   14.610  0.006    2  1 
  51333.1716   14.606  0.006    2  1 
  51333.1752   14.604  0.006    2  1 
  51334.9841   14.539  0.004    2  1 
  51334.9871   14.531  0.004    2  1 
  51335.0175   14.472  0.004    2  1 
  51335.0204   14.469  0.004    2  1 
  51335.0301   14.461  0.004    2  1 
  51335.0334   14.455  0.004    2  1 
  51335.0517   14.434  0.005    2  1 
  51335.0552   14.425  0.005    2  1 
  51335.0692   14.420  0.005    2  1 
  51335.0727   14.420  0.005    2  1 
  51335.0833   14.422  0.005    2  1 
  51335.0867   14.414  0.005    2  1 
  51335.1133   14.428  0.005    2  1 
  51335.1167   14.431  0.005    2  1 
  51335.9535   14.601  0.005    2  1 
  51335.9726   14.603  0.005    2  1 
  51335.9768   14.604  0.005    2  1 
  51335.9997   14.590  0.005    2  1 
  51336.0027   14.588  0.005    2  1 
  51336.0203   14.566  0.005    2  1 
  51336.0236   14.564  0.005    2  1 
  51336.0357   14.546  0.005    2  1 
  51336.0388   14.529  0.005    2  1 
  51336.0593   14.499  0.005    2  1 
  51336.0629   14.492  0.005    2  1 
  51336.0769   14.474  0.005    2  1 
  51336.0803   14.468  0.005    2  1 
  51336.1025   14.439  0.005    2  1 
  51336.1059   14.443  0.005    2  1 
  51336.1206   14.429  0.005    2  1 
  51336.1240   14.426  0.005    2  1 
  51337.0101   14.592  0.006    2  1 
  51337.9904   14.500  0.006    2  1 
  51337.9940   14.510  0.006    2  1 
  51338.0162   14.544  0.005    2  1 
  51338.0196   14.540  0.005    2  1 
  51338.0339   14.560  0.006    2  1 
  51338.0376   14.565  0.006    2  1 
  51338.9901   14.430  0.004    2  1 
  51338.9938   14.435  0.004    2  1 
  51339.0226   14.468  0.005    2  1 
  51339.0269   14.465  0.005    2  1 
  51339.0867   14.539  0.006    2  1 
  51339.0905   14.553  0.006    2  1 
  51339.1139   14.577  0.005    2  1 
  51339.1177   14.583  0.006    2  1 
  51339.1448   14.589  0.005    2  1 
  51339.1482   14.591  0.005    2  1 
  51339.9766   14.447  0.004    2  1 
  51339.9795   14.441  0.004    2  1 
  51340.0044   14.420  0.004    2  1 
  51340.0078   14.416  0.004    2  1 
  51340.0274   14.422  0.004    2  1 
  51340.0306   14.414  0.004    2  1 
  51340.0540   14.428  0.005    2  1 
  51340.0572   14.439  0.005    2  1 
  51340.0857   14.470  0.005    2  1 
  51340.0892   14.476  0.005    2  1 
  51340.1152   14.513  0.005    2  1 
  51340.1197   14.521  0.005    2  1 
  51340.1229   14.528  0.005    2  1 
  51340.1263   14.527  0.005    2  1 
  51340.1404   14.547  0.005    2  1 
  51340.1437   14.561  0.005    2  1 
  51344.9924   14.440  0.004    2  1 
  51344.9958   14.448  0.003    2  1 
  51344.9988   14.444  0.004    2  1 
  51345.0216   14.476  0.004    2  1 
  51345.0255   14.482  0.005    2  1 
  51345.0302   14.489  0.005    2  1 
  51345.0553   14.527  0.005    2  1 
  51345.0603   14.536  0.004    2  1 
  51345.9856   14.428  0.005    2  1 
  51345.9896   14.427  0.005    2  1 
  51346.0219   14.420  0.005    2  1 
  51346.0264   14.416  0.005    2  1 
  51346.0486   14.443  0.005    2  1 
  51346.0523   14.450  0.005    2  1 
  51346.0791   14.479  0.005    2  1 
  51346.0826   14.482  0.004    2  1 
  51347.0416   14.427  0.005    2  1 
  51347.0453   14.419  0.003    2  1 
  51347.0743   14.419  0.004    2  1 
  51347.0777   14.419  0.004    2  1 
  51347.0990   14.427  0.004    2  1 
  51347.1022   14.441  0.003    2  1 
  51347.9769   14.594  0.005    2  1 
  51347.9802   14.592  0.005    2  1 
  51347.9834   14.592  0.005    2  1 
  51347.9983   14.570  0.005    2  1 
  51348.0028   14.562  0.005    2  1 
  51348.0063   14.557  0.004    2  1 
  51348.0242   14.530  0.005    2  1 
  51348.0274   14.526  0.005    2  1 
  51348.0943   14.423  0.005    2  1 
  51348.0983   14.427  0.006    2  1 
  51348.1018   14.424  0.006    2  1 
  51348.9650   14.577  0.005    2  1 
  51348.9682   14.575  0.005    2  1 
  51348.9853   14.591  0.004    2  1 
  51348.9883   14.595  0.005    2  1 
  51348.9912   14.593  0.004    2  1 
  51349.0316   14.593  0.005    2  1 
  51349.0346   14.592  0.005    2  1 
  51349.9815   14.521  0.004    2  1 
  51349.9851   14.531  0.004    2  1 
  51349.9973   14.542  0.004    2  1 
  51350.0033   14.550  0.005    2  1 
  51350.0066   14.561  0.005    2  1 
  51350.0164   14.564  0.005    2  1 
  51350.0197   14.573  0.005    2  1 
  51350.0296   14.578  0.005    2  1 
  51380.9973   14.541  0.004    2  1 
  51381.0004   14.541  0.004    2  1 
  51381.0031   14.552  0.004    2  1 
  51381.0187   14.575  0.004    2  1 
  51381.0214   14.583  0.004    2  1 
  51381.0242   14.575  0.004    2  1 
  51381.9830   14.439  0.004    2  1 
  51381.9859   14.447  0.005    2  1 
  51381.9888   14.447  0.005    2  1 
  51382.0000   14.458  0.004    2  1 
  51382.0029   14.468  0.004    2  1 
  51382.9793   14.424  0.005    2  1 
  51382.9826   14.419  0.004    2  1 
  51382.9857   14.416  0.004    2  1 
  51382.9965   14.421  0.004    2  1 
  51382.9995   14.419  0.005    2  1 
  51383.9746   14.503  0.004    2  1 
  51383.9773   14.509  0.004    2  1 
  51383.9799   14.494  0.004    2  1 
  51383.9899   14.478  0.004    2  1 
  51383.9926   14.471  0.004    2  1 
  51384.9751   14.586  0.003    2  1 
  51384.9777   14.588  0.004    2  1 
  51384.9802   14.589  0.004    2  1 
  51384.9896   14.582  0.004    2  1 
  51384.9921   14.575  0.004    2  1 
  51385.9711   14.594  0.004    2  1 
  51385.9737   14.594  0.004    2  1 
  51385.9763   14.601  0.004    2  1 
  51385.9857   14.610  0.004    2  1 
  51386.9965   14.561  0.004    2  1 
  51387.0003   14.560  0.004    2  1 
  51387.0041   14.569  0.004    2  1 
  51387.0216   14.601  0.005    2  1 
  51387.0254   14.583  0.004    2  1 
  51387.0293   14.594  0.004    2  1 
  51388.9801   14.421  0.005    2  1 
  51388.9834   14.416  0.005    2  1 
  51388.9866   14.415  0.005    2  1 
  51388.9984   14.422  0.005    2  1 
  51389.0017   14.437  0.005    2  1 
  51389.9783   14.474  0.004    2  1 
  51389.9809   14.465  0.004    2  1 
  51389.9836   14.467  0.004    2  1 
  51390.9729   14.587  0.004    2  1 
  51390.9756   14.584  0.004    2  1 
  51390.9783   14.585  0.004    2  1 
  51391.9728   14.603  0.003    2  1 
  51391.9754   14.612  0.003    2  1 
  51391.9779   14.612  0.003    2  1 
  51671.0871   14.548  0.005    2  1 
  51671.0917   14.529  0.005    2  1 
  51671.0952   14.529  0.005    2  1 
  51671.1189   14.462  0.005    2  1 
  51671.1232   14.460  0.005    2  1 
  51671.9996   14.552  0.004    2  1 
  51672.0039   14.554  0.004    2  1 
  51672.0350   14.610  0.004    2  1 
  51672.0382   14.613  0.004    2  1 
  51673.0232   14.491  0.003    2  1 
  51674.0574   14.450  0.006    2  1 
  51674.0938   14.523  0.006    2  1 
  51674.0985   14.528  0.006    2  1 
  51674.1159   14.557  0.005    2  1 
  51674.1223   14.572  0.005    2  1 
  51674.9763   14.507  0.006    2  1 
  51674.9824   14.486  0.006    2  1 
  51675.0212   14.428  0.006    2  1 
  51676.0163   14.538  0.005    2  1 
  51692.9816   14.428  0.004    2  1 
  51692.9854   14.428  0.005    2  1 
  51693.9780   14.562  0.004    2  1 
  51693.9814   14.553  0.004    2  1 
  51765.9974   14.428  0.004    2  1 
  51766.0012   14.437  0.005    2  1 
  51766.0048   14.438  0.005    2  1 
  51766.0266   14.471  0.005    2  1 
  51766.0301   14.486  0.005    2  1 
  51216.3144   15.008  0.003    3  1 
  51216.3408   15.059  0.004    3  1 
  51216.3634   15.069  0.004    3  1 
  51216.3905   15.038  0.005    3  1 
  51217.3019   14.602  0.004    3  1 
  51217.3494   14.552  0.003    3  1 
  51217.3710   14.558  0.003    3  1 
  51217.3906   14.618  0.003    3  1 
  51218.2854   14.921  0.004    3  1 
  51218.3156   15.005  0.005    3  1 
  51218.3347   15.048  0.004    3  1 
  51218.3653   15.064  0.004    3  1 
  51218.3848   15.058  0.004    3  1 
  51219.2918   14.677  0.003    3  1 
  51219.3100   14.632  0.003    3  1 
  51219.3296   14.591  0.003    3  1 
  51219.3536   14.556  0.003    3  1 
  51219.3723   14.568  0.003    3  1 
  51220.2720   14.870  0.004    3  1 
  51220.2946   14.951  0.004    3  1 
  51220.3117   15.001  0.004    3  1 
  51220.3299   15.040  0.004    3  1 
  51220.3473   15.044  0.004    3  1 
  51220.3643   15.072  0.004    3  1 
  51220.3816   15.081  0.004    3  1 
  51221.2763   14.703  0.003    3  1 
  51221.2964   14.673  0.003    3  1 
  51221.3145   14.632  0.003    3  1 
  51221.3318   14.592  0.003    3  1 
  51221.3496   14.566  0.003    3  1 
  51221.3673   14.567  0.003    3  1 
  51283.2546   14.961  0.003    3  1 
  51283.2783   15.034  0.004    3  1 
  51283.3008   15.069  0.004    3  1 
  51283.3322   15.104  0.004    3  1 
  51283.3553   15.077  0.004    3  1 
  51284.2134   14.755  0.003    3  1 
  51284.2375   14.695  0.003    3  1 
  51284.2581   14.642  0.003    3  1 
  51284.2875   14.572  0.003    3  1 
  51284.3124   14.573  0.003    3  1 
  51284.3383   14.606  0.003    3  1 
  51285.0451   14.673  0.003    3  1 
  51285.0691   14.619  0.003    3  1 
  51285.0932   14.564  0.003    3  1 
  51285.1257   14.583  0.003    3  1 
  51285.1514   14.617  0.003    3  1 
  51285.1754   14.671  0.003    3  1 
  51285.2060   14.795  0.004    3  1 
  51285.2321   14.883  0.003    3  1 
  51285.2586   14.960  0.004    3  1 
  51285.2928   15.060  0.004    3  1 
  51285.3257   15.117  0.004    3  1 
  51286.0393   14.885  0.003    3  1 
  51286.0670   14.984  0.003    3  1 
  51286.1302   15.068  0.003    3  1 
  51286.1833   14.991  0.003    3  1 
  51286.2193   14.743  0.003    3  1 
  51286.2434   14.688  0.003    3  1 
  51286.2655   14.638  0.003    3  1 
  51286.2958   14.609  0.003    3  1 
  51286.3291   14.611  0.003    3  1 
  51286.3521   14.646  0.003    3  1 
  51304.9838   15.067  0.003    3  1 
  51305.0251   14.989  0.004    3  1 
  51305.0718   14.716  0.004    3  1 
  51305.0961   14.692  0.003    3  1 
  51305.1465   14.543  0.004    3  1 
  51305.1755   14.537  0.003    3  1 
  51305.2054   14.593  0.004    3  1 
  51305.2345   14.703  0.004    3  1 
  51305.2666   14.845  0.004    3  1 
  51305.2880   14.922  0.004    3  1 
  51305.9773   14.571  0.003    3  1 
  51306.0428   14.730  0.003    3  1 
  51306.0809   14.876  0.003    3  1 
  51306.1330   15.023  0.004    3  1 
  51306.1578   15.063  0.004    3  1 
  51306.1875   15.048  0.004    3  1 
  51306.2101   15.031  0.004    3  1 
  51306.2538   14.875  0.003    3  1 
  51306.2771   14.721  0.003    3  1 
  51308.0025   14.588  0.002    3  1 
  51308.0294   14.682  0.002    3  1 
  51308.0600   14.757  0.003    3  1 
  51308.0919   14.852  0.002    3  1 
  51308.0958   14.878  0.003    3  1 
  51308.1244   14.990  0.003    3  1 
  51310.1057   14.802  0.002    3  1 
  51310.1100   14.940  0.002    3  1 
  51310.1132   14.854  0.002    3  1 
  51311.9792   14.512  0.004    3  1 
  51311.9983   14.543  0.004    3  1 
  51312.0087   14.556  0.003    3  1 
  51312.0350   14.638  0.003    3  1 
  51312.0550   14.694  0.003    3  1 
  51312.0672   14.751  0.003    3  1 
  51312.0870   14.827  0.003    3  1 
  51312.0988   14.882  0.004    3  1 
  51312.9828   15.082  0.003    3  1 
  51313.0063   15.076  0.003    3  1 
  51313.0300   15.060  0.003    3  1 
  51313.0838   14.699  0.002    3  1 
  51313.1113   14.673  0.003    3  1 
  51313.9807   14.543  0.003    3  1 
  51314.0143   14.553  0.003    3  1 
  51314.0397   14.590  0.003    3  1 
  51314.1124   14.895  0.004    3  1 
  51314.9752   15.049  0.004    3  1 
  51315.0102   15.090  0.004    3  1 
  51315.0336   15.043  0.004    3  1 
  51315.0747   14.853  0.003    3  1 
  51315.0982   14.689  0.003    3  1 
  51315.1216   14.676  0.003    3  1 
  51316.0399   14.626  0.003    3  1 
  51316.0634   14.703  0.003    3  1 
  51316.0869   14.789  0.003    3  1 
  51316.9740   15.058  0.004    3  1 
  51317.0052   15.069  0.005    3  1 
  51317.0282   15.032  0.007    3  1 
  51317.0566   14.986  0.004    3  1 
  51317.0822   14.817  0.004    3  1 
  51317.1075   14.691  0.004    3  1 
  51317.9847   14.512  0.003    3  1 
  51318.0099   14.518  0.004    3  1 
  51318.0374   14.558  0.005    3  1 
  51318.0942   14.759  0.001    3  1 
  51318.1226   14.871  0.006    3  1 
  51318.9772   15.016  0.004    3  1 
  51319.0274   15.093  0.004    3  1 
  51319.0757   14.914  0.004    3  1 
  51319.0997   14.741  0.003    3  1 
  51320.1000   14.797  0.002    3  1 
  51320.1208   14.892  0.003    3  1 
  51320.1417   14.998  0.004    3  1 
  51320.9728   15.019  0.004    3  1 
  51321.0180   15.084  0.004    3  1 
  51321.0400   15.072  0.004    3  1 
  51321.0624   15.028  0.003    3  1 
  51321.0930   14.849  0.004    3  1 
  51321.1217   14.688  0.003    3  1 
  51380.9937   14.616  0.003    3  1 
  51381.9793   15.134  0.004    3  1 
  51382.9755   14.520  0.004    3  1 
  51383.9715   15.094  0.003    3  1 
  51384.9721   14.498  0.002    3  1 
  51385.9679   15.096  0.003    3  1 
  51386.9917   14.581  0.003    3  1 
  51388.9755   14.518  0.004    3  1 
  51389.9750   15.094  0.003    3  1 
  51693.9923   15.067  0.003    3  1 
  51695.0052   14.645  0.003    3  1 
 56468.97641   13.578  0.102   -1  1 
 56469.04707   13.387  0.103   -1  1 
 56469.10896   13.321  0.162   -1  1 
 56469.17285   13.270  0.077   -1  1 
 56471.00364   12.925  0.150   -1  1 
 56471.06640   13.241  0.064   -1  1 
 56471.12490   13.033  0.075   -1  1 
 56471.18188   13.097  0.082   -1  1 
 56471.96759   13.167  0.132   -1  1 
 56472.03374   12.733  0.090   -1  1 
 56472.09484   12.868  0.067   -1  1 
 56472.15243   13.082  0.084   -1  1 
 56468.95296   13.022  0.224   -2  1 
 56469.02441   13.028  0.159   -2  1 
 56469.08813   13.224  0.117   -2  1 
 56469.15134   13.256  0.085   -2  1 
 56471.02588   13.081  0.104   -2  1 
 56471.08671   13.188  0.058   -2  1 
 56471.14302   13.131  0.063   -2  1 
 56471.94704   13.186  0.047   -2  1 
 56472.01085   13.213  0.107   -2  1 
 56472.07480   13.069  0.084   -2  1 
 56472.13240   13.217  0.040   -2  1 
 56472.19216   13.127  0.051   -2  1 
 56469.00041   13.262  0.107   -5  1 
 56469.06767   13.443  0.065   -5  1 
 56469.13003   13.474  0.072   -5  1 
 56469.19349   13.435  0.048   -5  1 
 56470.98130   13.404  0.044   -5  1 
 56471.04693   13.361  0.075   -5  1 
 56471.10523   13.471  0.031   -5  1 
 56471.16397   13.581  0.030   -5  1 
 56471.98857   13.429  0.057   -5  1 
 56472.05430   13.591  0.040   -5  1 
 56472.11383   13.409  0.030   -5  1 
 56472.17109   13.449  0.025   -5  1 
