  51216.3218   14.548  0.005    2  1 
  51216.3464   14.554  0.005    2  1 
  51216.3689   14.564  0.005    2  1 
  51216.3980   14.562  0.006    2  1 
  51217.3101   14.579  0.005    2  1 
  51217.3328   14.591  0.005    2  1 
  51217.3552   14.577  0.005    2  1 
  51217.3759   14.570  0.005    2  1 
  51217.3953   14.564  0.005    2  1 
  51218.2773   14.596  0.005    2  1 
  51218.3093   14.575  0.005    2  1 
  51218.3298   14.557  0.005    2  1 
  51218.3573   14.529  0.005    2  1 
  51218.3794   14.505  0.005    2  1 
  51219.2978   14.505  0.005    2  1 
  51219.3149   14.505  0.005    2  1 
  51219.3336   14.483  0.004    2  1 
  51219.3596   14.504  0.004    2  1 
  51219.3768   14.524  0.005    2  1 
  51220.2621   14.482  0.005    2  1 
  51220.2906   14.526  0.004    2  1 
  51220.3077   14.559  0.005    2  1 
  51220.3257   14.584  0.005    2  1 
  51220.3432   14.612  0.005    2  1 
  51220.3602   14.633  0.005    2  1 
  51220.3776   14.649  0.005    2  1 
  51221.2835   14.648  0.005    2  1 
  51221.3009   14.662  0.005    2  1 
  51221.3188   14.650  0.005    2  1 
  51221.3358   14.630  0.005    2  1 
  51221.3538   14.604  0.005    2  1 
  51221.3722   14.562  0.005    2  1 
  51283.2451   14.520  0.004    2  1 
  51283.2493   14.528  0.004    2  1 
  51283.2714   14.550  0.004    2  1 
  51283.2748   14.554  0.004    2  1 
  51283.2939   14.575  0.004    2  1 
  51283.2972   14.575  0.004    2  1 
  51283.3202   14.597  0.004    2  1 
  51283.3234   14.600  0.004    2  1 
  51283.3487   14.606  0.004    2  1 
  51283.3518   14.606  0.004    2  1 
  51283.3707   14.608  0.004    2  1 
  51283.3738   14.609  0.004    2  1 
  51284.2195   14.585  0.004    2  1 
  51284.2229   14.592  0.004    2  1 
  51284.2413   14.598  0.004    2  1 
  51284.2443   14.597  0.004    2  1 
  51284.2617   14.595  0.004    2  1 
  51284.2648   14.592  0.004    2  1 
  51284.2942   14.582  0.004    2  1 
  51284.2973   14.576  0.004    2  1 
  51284.3168   14.564  0.004    2  1 
  51284.3211   14.561  0.004    2  1 
  51284.3428   14.547  0.004    2  1 
  51284.3464   14.542  0.004    2  1 
  51285.0513   14.561  0.004    2  1 
  51285.0543   14.560  0.004    2  1 
  51285.0739   14.575  0.004    2  1 
  51285.0778   14.573  0.004    2  1 
  51285.0975   14.591  0.004    2  1 
  51285.1006   14.596  0.005    2  1 
  51285.1324   14.590  0.004    2  1 
  51285.1360   14.589  0.004    2  1 
  51285.1558   14.585  0.004    2  1 
  51285.1588   14.574  0.004    2  1 
  51285.1796   14.568  0.004    2  1 
  51285.1830   14.563  0.004    2  1 
  51285.2125   14.543  0.004    2  1 
  51285.2157   14.538  0.004    2  1 
  51285.2362   14.524  0.004    2  1 
  51285.2426   14.527  0.004    2  1 
  51285.2630   14.527  0.004    2  1 
  51285.2666   14.526  0.004    2  1 
  51285.2998   14.533  0.004    2  1 
  51285.3033   14.533  0.004    2  1 
  51285.3308   14.553  0.004    2  1 
  51285.3348   14.554  0.004    2  1 
  51285.3382   14.558  0.004    2  1 
  51286.0461   14.588  0.004    2  1 
  51286.0493   14.589  0.004    2  1 
  51286.0716   14.558  0.004    2  1 
  51286.0753   14.559  0.004    2  1 
  51286.1026   14.524  0.004    2  1 
  51286.1061   14.513  0.004    2  1 
  51286.1365   14.500  0.004    2  1 
  51286.1398   14.494  0.004    2  1 
  51286.1608   14.498  0.004    2  1 
  51286.1639   14.491  0.004    2  1 
  51286.1669   14.497  0.004    2  1 
  51286.1875   14.515  0.004    2  1 
  51286.1908   14.517  0.004    2  1 
  51286.2255   14.556  0.004    2  1 
  51286.2285   14.563  0.004    2  1 
  51286.2476   14.581  0.004    2  1 
  51286.2508   14.581  0.004    2  1 
  51286.2697   14.607  0.004    2  1 
  51286.2727   14.603  0.004    2  1 
  51286.3022   14.616  0.004    2  1 
  51286.3055   14.623  0.004    2  1 
  51286.3218   14.616  0.004    2  1 
  51286.3250   14.620  0.004    2  1 
  51286.3450   14.600  0.004    2  1 
  51286.3481   14.595  0.004    2  1 
  51304.9873   14.597  0.004    2  1 
  51304.9926   14.603  0.004    2  1 
  51305.0328   14.615  0.004    2  1 
  51305.0362   14.612  0.004    2  1 
  51305.0559   14.594  0.005    2  1 
  51305.0599   14.598  0.005    2  1 
  51305.0890   14.566  0.004    2  1 
  51305.0922   14.566  0.004    2  1 
  51305.1235   14.527  0.005    2  1 
  51305.1269   14.524  0.005    2  1 
  51305.1509   14.495  0.005    2  1 
  51305.1547   14.504  0.005    2  1 
  51305.1853   14.503  0.004    2  1 
  51305.1885   14.502  0.005    2  1 
  51305.2098   14.521  0.004    2  1 
  51305.2128   14.521  0.004    2  1 
  51305.2431   14.552  0.004    2  1 
  51305.2461   14.551  0.004    2  1 
  51305.2704   14.583  0.004    2  1 
  51305.2734   14.582  0.004    2  1 
  51305.2966   14.606  0.004    2  1 
  51305.2995   14.599  0.004    2  1 
  51305.9857   14.610  0.003    2  1 
  51305.9885   14.603  0.003    2  1 
  51305.9912   14.602  0.004    2  1 
  51306.0256   14.532  0.003    2  1 
  51306.0285   14.526  0.003    2  1 
  51306.0465   14.502  0.004    2  1 
  51306.0498   14.499  0.004    2  1 
  51306.0896   14.470  0.004    2  1 
  51306.0930   14.470  0.004    2  1 
  51306.1123   14.487  0.004    2  1 
  51306.1151   14.483  0.003    2  1 
  51306.1375   14.512  0.004    2  1 
  51306.1405   14.518  0.004    2  1 
  51306.1636   14.549  0.004    2  1 
  51306.1673   14.555  0.004    2  1 
  51306.1937   14.605  0.004    2  1 
  51306.1966   14.609  0.004    2  1 
  51306.2146   14.625  0.004    2  1 
  51306.2178   14.626  0.004    2  1 
  51306.2343   14.645  0.004    2  1 
  51306.2380   14.649  0.004    2  1 
  51306.2574   14.645  0.003    2  1 
  51306.2602   14.647  0.003    2  1 
  51306.2805   14.633  0.003    2  1 
  51306.2835   14.620  0.003    2  1 
  51306.3009   14.595  0.004    2  1 
  51306.3038   14.588  0.004    2  1 
  51306.3135   14.569  0.004    2  1 
  51306.3184   14.555  0.005    2  1 
  51307.0456   14.505  0.004    2  1 
  51307.0501   14.511  0.005    2  1 
  51307.0593   14.525  0.004    2  1 
  51307.0645   14.533  0.003    2  1 
  51307.0699   14.554  0.006    2  1 
  51307.0747   14.554  0.005    2  1 
  51308.0084   14.618  0.004    2  1 
  51308.0112   14.617  0.004    2  1 
  51308.0334   14.638  0.003    2  1 
  51308.0362   14.655  0.003    2  1 
  51308.0394   14.672  0.004    2  1 
  51308.0633   14.687  0.004    2  1 
  51308.0663   14.682  0.004    2  1 
  51308.0995   14.659  0.004    2  1 
  51308.1031   14.652  0.004    2  1 
  51308.1280   14.594  0.004    2  1 
  51308.1309   14.584  0.004    2  1 
  51310.0850   14.526  0.003    2  1 
  51310.0874   14.532  0.002    2  1 
  51310.0897   14.532  0.003    2  1 
  51310.0922   14.537  0.003    2  1 
  51310.1430   14.629  0.004    2  1 
  51310.1458   14.631  0.004    2  1 
  51310.1486   14.628  0.004    2  1 
  51311.0244   14.580  0.005    2  1 
  51311.0302   14.585  0.005    2  1 
  51311.0334   14.591  0.005    2  1 
  51311.0506   14.604  0.003    2  1 
  51311.0539   14.616  0.003    2  1 
  51311.0637   14.622  0.004    2  1 
  51311.0669   14.624  0.005    2  1 
  51311.0702   14.604  0.003    2  1 
  51311.0907   14.623  0.005    2  1 
  51311.0946   14.624  0.005    2  1 
  51311.0980   14.627  0.004    2  1 
  51311.1015   14.624  0.004    2  1 
  51311.1071   14.622  0.004    2  1 
  51311.1298   14.588  0.004    2  1 
  51311.1327   14.586  0.004    2  1 
  51311.1357   14.577  0.005    2  1 
  51311.1398   14.577  0.004    2  1 
  51311.1447   14.571  0.004    2  1 
  51311.9755   14.611  0.005    2  1 
  51312.0020   14.613  0.004    2  1 
  51312.0049   14.602  0.004    2  1 
  51312.0255   14.573  0.004    2  1 
  51312.0284   14.571  0.004    2  1 
  51312.0314   14.569  0.004    2  1 
  51312.0584   14.534  0.004    2  1 
  51312.0611   14.536  0.004    2  1 
  51312.0638   14.529  0.004    2  1 
  51312.0903   14.508  0.003    2  1 
  51312.0929   14.501  0.003    2  1 
  51312.0955   14.511  0.003    2  1 
  51312.1146   14.501  0.004    2  1 
  51312.1173   14.502  0.004    2  1 
  51312.1200   14.511  0.004    2  1 
  51312.9860   14.503  0.003    2  1 
  51312.9887   14.502  0.003    2  1 
  51312.9913   14.503  0.003    2  1 
  51313.0096   14.497  0.004    2  1 
  51313.0123   14.511  0.004    2  1 
  51313.0149   14.504  0.003    2  1 
  51313.0333   14.511  0.004    2  1 
  51313.0360   14.517  0.004    2  1 
  51313.0386   14.519  0.004    2  1 
  51313.0413   14.526  0.004    2  1 
  51313.0595   14.530  0.004    2  1 
  51313.0622   14.538  0.004    2  1 
  51313.0648   14.544  0.004    2  1 
  51313.0911   14.570  0.004    2  1 
  51313.0937   14.573  0.004    2  1 
  51313.0964   14.578  0.004    2  1 
  51313.1146   14.593  0.004    2  1 
  51313.1172   14.593  0.004    2  1 
  51313.1199   14.595  0.004    2  1 
  51313.1226   14.602  0.004    2  1 
  51313.9843   14.561  0.004    2  1 
  51313.9872   14.563  0.004    2  1 
  51313.9901   14.565  0.004    2  1 
  51314.0178   14.592  0.004    2  1 
  51314.0207   14.600  0.004    2  1 
  51314.0236   14.601  0.004    2  1 
  51314.0432   14.614  0.004    2  1 
  51314.0461   14.616  0.004    2  1 
  51314.0490   14.626  0.004    2  1 
  51314.0772   14.620  0.004    2  1 
  51314.0802   14.619  0.004    2  1 
  51314.0831   14.625  0.004    2  1 
  51314.1030   14.606  0.005    2  1 
  51314.1059   14.600  0.005    2  1 
  51314.1088   14.603  0.004    2  1 
  51314.1289   14.572  0.004    2  1 
  51314.1333   14.571  0.005    2  1 
  51314.1363   14.560  0.004    2  1 
  51314.9827   14.629  0.004    2  1 
  51314.9856   14.630  0.004    2  1 
  51314.9885   14.637  0.004    2  1 
  51315.0015   14.627  0.004    2  1 
  51315.0043   14.629  0.004    2  1 
  51315.0069   14.631  0.004    2  1 
  51315.0251   14.608  0.004    2  1 
  51315.0277   14.612  0.004    2  1 
  51315.0304   14.604  0.004    2  1 
  51315.0489   14.573  0.004    2  1 
  51315.0516   14.561  0.004    2  1 
  51315.0542   14.563  0.004    2  1 
  51315.0780   14.518  0.004    2  1 
  51315.0807   14.515  0.004    2  1 
  51315.0833   14.514  0.004    2  1 
  51315.1015   14.487  0.004    2  1 
  51315.1041   14.489  0.004    2  1 
  51315.1068   14.487  0.004    2  1 
  51315.1290   14.479  0.004    2  1 
  51315.1319   14.477  0.004    2  1 
  51316.0194   14.482  0.003    2  1 
  51316.0221   14.481  0.003    2  1 
  51316.0247   14.479  0.003    2  1 
  51316.0431   14.469  0.003    2  1 
  51316.0458   14.469  0.004    2  1 
  51316.0485   14.468  0.004    2  1 
  51316.0667   14.478  0.004    2  1 
  51316.0693   14.472  0.004    2  1 
  51316.0720   14.480  0.004    2  1 
  51316.0905   14.495  0.004    2  1 
  51316.0934   14.498  0.004    2  1 
  51316.0963   14.505  0.004    2  1 
  51316.1148   14.535  0.004    2  1 
  51316.1175   14.545  0.004    2  1 
  51316.1201   14.546  0.004    2  1 
  51316.9647   14.455  0.004    2  1 
  51316.9676   14.458  0.004    2  1 
  51316.9705   14.456  0.004    2  1 
  51316.9896   14.468  0.004    2  1 
  51316.9923   14.470  0.004    2  1 
  51316.9949   14.469  0.003    2  1 
  51317.0088   14.489  0.004    2  1 
  51317.0117   14.499  0.004    2  1 
  51317.0321   14.534  0.005    2  1 
  51317.0351   14.542  0.004    2  1 
  51317.0391   14.547  0.004    2  1 
  51317.0602   14.592  0.004    2  1 
  51317.0631   14.601  0.004    2  1 
  51317.0660   14.602  0.004    2  1 
  51317.0858   14.638  0.004    2  1 
  51317.0887   14.643  0.005    2  1 
  51317.0916   14.643  0.004    2  1 
  51317.1111   14.659  0.004    2  1 
  51317.1140   14.651  0.005    2  1 
  51317.1169   14.664  0.005    2  1 
  51317.9628   14.572  0.004    2  1 
  51317.9657   14.578  0.004    2  1 
  51317.9685   14.582  0.004    2  1 
  51317.9883   14.620  0.004    2  1 
  51317.9912   14.628  0.004    2  1 
  51317.9941   14.636  0.004    2  1 
  51318.0135   14.659  0.005    2  1 
  51318.0164   14.659  0.005    2  1 
  51318.0194   14.660  0.005    2  1 
  51318.0413   14.668  0.005    2  1 
  51318.0445   14.667  0.005    2  1 
  51318.0477   14.679  0.005    2  1 
  51318.0697   14.650  0.005    2  1 
  51318.0730   14.635  0.005    2  1 
  51318.0762   14.636  0.005    2  1 
  51318.0981   14.585  0.005    2  1 
  51318.1014   14.579  0.005    2  1 
  51318.1046   14.573  0.005    2  1 
  51318.1265   14.522  0.005    2  1 
  51318.1298   14.514  0.005    2  1 
  51318.9642   14.668  0.004    2  1 
  51318.9680   14.661  0.005    2  1 
  51318.9708   14.659  0.004    2  1 
  51318.9737   14.653  0.004    2  1 
  51318.9929   14.616  0.004    2  1 
  51318.9956   14.614  0.004    2  1 
  51318.9983   14.606  0.004    2  1 
  51319.0180   14.558  0.004    2  1 
  51319.0209   14.549  0.004    2  1 
  51319.0238   14.544  0.004    2  1 
  51319.0443   14.499  0.004    2  1 
  51319.0474   14.492  0.004    2  1 
  51319.0505   14.492  0.004    2  1 
  51319.0793   14.449  0.004    2  1 
  51319.0820   14.455  0.004    2  1 
  51319.0847   14.448  0.003    2  1 
  51319.1030   14.454  0.004    2  1 
  51319.1084   14.462  0.004    2  1 
  51319.1110   14.461  0.004    2  1 
  51320.1030   14.619  0.003    2  1 
  51320.1053   14.612  0.003    2  1 
  51320.1076   14.617  0.003    2  1 
  51320.1238   14.648  0.003    2  1 
  51320.1261   14.647  0.003    2  1 
  51320.1284   14.648  0.003    2  1 
  51320.1450   14.657  0.004    2  1 
  51320.1477   14.652  0.004    2  1 
  51320.1503   14.643  0.004    2  1 
  51320.9635   14.552  0.004    2  1 
  51320.9664   14.557  0.004    2  1 
  51320.9693   14.562  0.004    2  1 
  51320.9887   14.588  0.003    2  1 
  51320.9911   14.589  0.003    2  1 
  51320.9936   14.594  0.003    2  1 
  51321.0102   14.614  0.003    2  1 
  51321.0126   14.623  0.003    2  1 
  51321.0150   14.612  0.003    2  1 
  51321.0318   14.634  0.004    2  1 
  51321.0344   14.637  0.004    2  1 
  51321.0369   14.633  0.004    2  1 
  51321.0543   14.634  0.004    2  1 
  51321.0568   14.632  0.004    2  1 
  51321.0594   14.628  0.004    2  1 
  51321.0847   14.608  0.004    2  1 
  51321.0873   14.601  0.004    2  1 
  51321.0898   14.602  0.004    2  1 
  51321.1133   14.552  0.004    2  1 
  51321.1159   14.545  0.004    2  1 
  51321.1186   14.542  0.004    2  1 
  51321.1339   14.514  0.004    2  1 
  51321.1365   14.513  0.004    2  1 
  51332.9696   14.466  0.006    2  1 
  51332.9739   14.480  0.006    2  1 
  51332.9891   14.492  0.005    2  1 
  51332.9928   14.505  0.005    2  1 
  51332.9965   14.520  0.005    2  1 
  51333.0083   14.544  0.005    2  1 
  51333.0120   14.542  0.005    2  1 
  51333.0226   14.569  0.005    2  1 
  51333.0264   14.576  0.005    2  1 
  51333.0514   14.630  0.005    2  1 
  51333.0552   14.632  0.006    2  1 
  51333.0742   14.658  0.006    2  1 
  51333.0779   14.658  0.006    2  1 
  51333.0907   14.670  0.005    2  1 
  51333.0945   14.672  0.005    2  1 
  51333.1178   14.669  0.005    2  1 
  51333.1221   14.661  0.005    2  1 
  51333.1335   14.651  0.006    2  1 
  51333.1369   14.648  0.006    2  1 
  51333.1529   14.610  0.005    2  1 
  51333.1565   14.600  0.006    2  1 
  51333.1716   14.554  0.005    2  1 
  51333.1752   14.546  0.005    2  1 
  51334.9841   14.565  0.004    2  1 
  51334.9871   14.558  0.004    2  1 
  51335.0175   14.471  0.004    2  1 
  51335.0204   14.460  0.004    2  1 
  51335.0301   14.446  0.004    2  1 
  51335.0334   14.444  0.004    2  1 
  51335.0517   14.425  0.004    2  1 
  51335.0552   14.427  0.005    2  1 
  51335.0692   14.425  0.005    2  1 
  51335.0727   14.433  0.004    2  1 
  51335.0833   14.445  0.005    2  1 
  51335.0867   14.450  0.004    2  1 
  51335.1133   14.503  0.005    2  1 
  51335.1167   14.512  0.005    2  1 
  51335.9535   14.453  0.005    2  1 
  51335.9726   14.447  0.004    2  1 
  51335.9768   14.437  0.004    2  1 
  51335.9997   14.462  0.004    2  1 
  51336.0027   14.469  0.004    2  1 
  51336.0203   14.495  0.004    2  1 
  51336.0236   14.500  0.004    2  1 
  51336.0357   14.521  0.005    2  1 
  51336.0388   14.535  0.004    2  1 
  51336.0593   14.575  0.005    2  1 
  51336.0629   14.581  0.005    2  1 
  51336.0769   14.613  0.005    2  1 
  51336.0803   14.619  0.005    2  1 
  51336.1025   14.655  0.005    2  1 
  51336.1059   14.655  0.005    2  1 
  51336.1206   14.668  0.005    2  1 
  51336.1240   14.670  0.005    2  1 
  51337.0101   14.623  0.004    2  1 
  51337.9904   14.612  0.005    2  1 
  51337.9940   14.603  0.005    2  1 
  51338.0162   14.578  0.005    2  1 
  51338.0196   14.565  0.005    2  1 
  51338.0339   14.545  0.005    2  1 
  51338.0376   14.538  0.005    2  1 
  51338.9901   14.504  0.004    2  1 
  51338.9938   14.506  0.004    2  1 
  51339.0226   14.499  0.005    2  1 
  51339.0269   14.500  0.005    2  1 
  51339.0867   14.541  0.005    2  1 
  51339.0905   14.544  0.005    2  1 
  51339.1139   14.575  0.005    2  1 
  51339.1177   14.576  0.005    2  1 
  51339.1448   14.606  0.005    2  1 
  51339.1482   14.604  0.005    2  1 
  51339.9766   14.545  0.004    2  1 
  51339.9795   14.544  0.004    2  1 
  51340.0044   14.570  0.004    2  1 
  51340.0078   14.570  0.004    2  1 
  51340.0274   14.598  0.005    2  1 
  51340.0306   14.591  0.004    2  1 
  51340.0540   14.614  0.005    2  1 
  51340.0572   14.610  0.005    2  1 
  51340.0857   14.606  0.005    2  1 
  51340.0892   14.600  0.005    2  1 
  51340.1152   14.583  0.005    2  1 
  51340.1197   14.576  0.005    2  1 
  51340.1229   14.571  0.005    2  1 
  51340.1263   14.565  0.005    2  1 
  51340.1404   14.546  0.005    2  1 
  51340.1437   14.542  0.005    2  1 
  51344.9924   14.445  0.004    2  1 
  51344.9958   14.442  0.003    2  1 
  51344.9988   14.440  0.003    2  1 
  51345.0216   14.419  0.004    2  1 
  51345.0255   14.420  0.005    2  1 
  51345.0302   14.420  0.004    2  1 
  51345.0553   14.446  0.004    2  1 
  51345.0603   14.454  0.004    2  1 
  51345.9856   14.495  0.005    2  1 
  51345.9896   14.495  0.005    2  1 
  51346.0219   14.569  0.005    2  1 
  51346.0264   14.575  0.005    2  1 
  51346.0486   14.629  0.005    2  1 
  51346.0523   14.635  0.005    2  1 
  51346.0791   14.675  0.005    2  1 
  51346.0826   14.678  0.004    2  1 
  51347.0416   14.618  0.005    2  1 
  51347.0453   14.616  0.004    2  1 
  51347.0743   14.553  0.004    2  1 
  51347.0777   14.542  0.004    2  1 
  51347.0990   14.503  0.004    2  1 
  51347.1022   14.509  0.003    2  1 
  51347.9769   14.551  0.004    2  1 
  51347.9802   14.548  0.004    2  1 
  51347.9834   14.543  0.004    2  1 
  51347.9983   14.523  0.004    2  1 
  51348.0028   14.512  0.004    2  1 
  51348.0063   14.506  0.004    2  1 
  51348.0242   14.497  0.004    2  1 
  51348.0274   14.504  0.004    2  1 
  51348.0943   14.517  0.005    2  1 
  51348.0983   14.526  0.005    2  1 
  51348.1018   14.528  0.005    2  1 
  51348.9650   14.507  0.004    2  1 
  51348.9682   14.511  0.004    2  1 
  51348.9853   14.523  0.004    2  1 
  51348.9883   14.526  0.004    2  1 
  51348.9912   14.528  0.004    2  1 
  51349.0316   14.562  0.004    2  1 
  51349.0346   14.563  0.004    2  1 
  51349.9815   14.603  0.004    2  1 
  51349.9851   14.612  0.004    2  1 
  51349.9973   14.610  0.004    2  1 
  51350.0033   14.608  0.005    2  1 
  51350.0066   14.617  0.004    2  1 
  51350.0164   14.607  0.004    2  1 
  51350.0197   14.612  0.004    2  1 
  51350.0296   14.605  0.005    2  1 
  51380.9973   14.515  0.004    2  1 
  51381.0004   14.528  0.003    2  1 
  51381.0031   14.526  0.004    2  1 
  51381.0187   14.568  0.004    2  1 
  51381.0214   14.574  0.004    2  1 
  51381.0242   14.581  0.004    2  1 
  51381.9830   14.650  0.004    2  1 
  51381.9859   14.647  0.005    2  1 
  51381.9888   14.655  0.005    2  1 
  51382.0000   14.664  0.004    2  1 
  51382.0029   14.669  0.004    2  1 
  51382.9793   14.592  0.005    2  1 
  51382.9826   14.582  0.004    2  1 
  51382.9857   14.584  0.004    2  1 
  51382.9965   14.565  0.004    2  1 
  51382.9995   14.560  0.004    2  1 
  51383.9746   14.501  0.003    2  1 
  51383.9773   14.496  0.003    2  1 
  51383.9799   14.505  0.004    2  1 
  51383.9899   14.500  0.004    2  1 
  51383.9926   14.504  0.004    2  1 
  51384.9751   14.551  0.003    2  1 
  51384.9777   14.555  0.003    2  1 
  51384.9802   14.558  0.003    2  1 
  51384.9896   14.569  0.003    2  1 
  51384.9921   14.572  0.003    2  1 
  51385.9711   14.603  0.004    2  1 
  51385.9737   14.596  0.004    2  1 
  51385.9763   14.599  0.004    2  1 
  51385.9857   14.591  0.004    2  1 
  51385.9884   14.615  0.004    2  1 
  51386.9965   14.505  0.004    2  1 
  51387.0003   14.506  0.004    2  1 
  51387.0041   14.509  0.004    2  1 
  51387.0216   14.526  0.004    2  1 
  51387.0254   14.512  0.004    2  1 
  51387.0293   14.514  0.004    2  1 
  51388.9801   14.656  0.005    2  1 
  51388.9834   14.643  0.005    2  1 
  51388.9866   14.645  0.005    2  1 
  51388.9984   14.619  0.005    2  1 
  51389.0017   14.617  0.005    2  1 
  51389.9783   14.446  0.003    2  1 
  51389.9809   14.438  0.003    2  1 
  51389.9836   14.442  0.004    2  1 
  51390.9729   14.523  0.003    2  1 
  51390.9756   14.535  0.003    2  1 
  51390.9783   14.542  0.003    2  1 
  51391.9728   14.663  0.003    2  1 
  51391.9754   14.666  0.003    2  1 
  51391.9779   14.661  0.003    2  1 
  51671.0871   14.591  0.005    2  1 
  51671.0917   14.593  0.005    2  1 
  51671.0952   14.589  0.005    2  1 
  51671.1189   14.589  0.005    2  1 
  51671.1232   14.589  0.005    2  1 
  51671.9996   14.601  0.004    2  1 
  51672.0039   14.602  0.004    2  1 
  51672.0350   14.592  0.004    2  1 
  51672.0382   14.583  0.004    2  1 
  51673.0232   14.535  0.003    2  1 
  51674.0574   14.543  0.006    2  1 
  51674.0938   14.575  0.005    2  1 
  51674.0985   14.578  0.005    2  1 
  51674.1159   14.587  0.005    2  1 
  51674.1223   14.593  0.005    2  1 
  51674.9763   14.526  0.005    2  1 
  51674.9824   14.528  0.005    2  1 
  51675.0212   14.563  0.006    2  1 
  51676.0163   14.618  0.004    2  1 
  51692.9816   14.485  0.004    2  1 
  51692.9854   14.471  0.004    2  1 
  51693.9780   14.502  0.004    2  1 
  51693.9814   14.506  0.004    2  1 
  51694.9914   14.632  0.004    2  1 
  51765.9974   14.548  0.004    2  1 
  51766.0012   14.547  0.005    2  1 
  51766.0048   14.531  0.004    2  1 
  51766.0266   14.489  0.004    2  1 
  51766.0301   14.483  0.004    2  1 
  51216.3144   16.789  0.017    3  1 
  51216.3408   17.009  0.024    3  1 
  51216.3634   17.049  0.022    3  1 
  51216.3905   17.117  0.027    3  1 
  51217.3019   17.384  0.035    3  1 
  51217.3494   17.085  0.023    3  1 
  51217.3710   17.011  0.022    3  1 
  51217.3906   17.093  0.025    3  1 
  51218.2854   17.465  0.037    3  1 
  51218.3156   17.163  0.030    3  1 
  51218.3347   16.933  0.021    3  1 
  51218.3653   16.656  0.016    3  1 
  51218.3848   16.571  0.016    3  1 
  51219.2918   16.512  0.015    3  1 
  51219.3100   16.482  0.015    3  1 
  51219.3296   16.430  0.014    3  1 
  51219.3536   16.512  0.015    3  1 
  51219.3723   16.680  0.017    3  1 
  51220.2720   16.515  0.015    3  1 
  51220.2946   16.778  0.018    3  1 
  51220.3117   17.010  0.022    3  1 
  51220.3299   17.330  0.030    3  1 
  51220.3473   17.777  0.047    3  1 
  51220.3643   18.273  0.071    3  1 
  51220.3816   18.510  0.085    3  1 
  51221.2763   18.431  0.077    3  1 
  51221.2964   18.834  0.110    3  1 
  51221.3145   18.701  0.096    3  1 
  51221.3318   18.119  0.059    3  1 
  51221.3496   17.673  0.041    3  1 
  51221.3673   17.113  0.025    3  1 
  51283.2546   16.760  0.016    3  1 
  51283.2783   17.021  0.021    3  1 
  51283.3008   17.165  0.023    3  1 
  51283.3322   17.581  0.034    3  1 
  51283.3553   17.662  0.035    3  1 
  51284.2134   17.271  0.027    3  1 
  51284.2375   17.308  0.028    3  1 
  51284.2581   17.308  0.030    3  1 
  51284.2875   17.209  0.026    3  1 
  51284.3124   17.157  0.024    3  1 
  51284.3383   16.912  0.020    3  1 
  51285.0451   17.068  0.020    3  1 
  51285.0691   17.179  0.023    3  1 
  51285.0932   17.295  0.027    3  1 
  51285.1257   17.311  0.029    3  1 
  51285.1514   17.303  0.026    3  1 
  51285.1754   17.075  0.021    3  1 
  51285.2060   16.867  0.019    3  1 
  51285.2321   16.741  0.017    3  1 
  51285.2586   16.688  0.016    3  1 
  51285.2928   16.717  0.016    3  1 
  51285.3257   16.935  0.019    3  1 
  51286.0393   17.625  0.030    3  1 
  51286.0670   17.145  0.022    3  1 
  51286.1302   16.577  0.013    3  1 
  51286.1833   16.641  0.015    3  1 
  51286.2193   16.922  0.019    3  1 
  51286.2434   17.165  0.024    3  1 
  51286.2655   17.554  0.034    3  1 
  51286.2958   17.751  0.037    3  1 
  51286.3291   17.777  0.040    3  1 
  51286.3521   17.549  0.034    3  1 
  51304.9838   17.456  0.028    3  1 
  51305.0251   17.711  0.046    3  1 
  51305.0718   17.271  0.030    3  1 
  51305.0961   17.017  0.022    3  1 
  51305.1465   16.491  0.018    3  1 
  51305.1755   16.489  0.016    3  1 
  51305.2054   16.599  0.020    3  1 
  51305.2345   16.777  0.020    3  1 
  51305.2666   17.219  0.029    3  1 
  51305.2880   17.444  0.034    3  1 
  51305.9773   17.625  0.032    3  1 
  51306.0428   16.595  0.016    3  1 
  51306.0809   16.354  0.013    3  1 
  51306.1087   16.037  0.010    3  1 
  51306.1330   16.547  0.016    3  1 
  51306.1875   17.000  0.021    3  1 
  51306.2101   17.355  0.027    3  1 
  51306.2538   18.569  0.074    3  1 
  51306.2771   17.954  0.043    3  1 
  51306.2972   17.582  0.034    3  1 
  51308.0025   17.223  0.021    3  1 
  51308.0294   18.032  0.039    3  1 
  51308.0600   20.304  0.320    3  1 
  51308.0919   18.971  0.088    3  1 
  51308.0958   18.042  0.044    3  1 
  51308.1244   17.529  0.032    3  1 
  51310.1100   17.168  0.015    3  1 
  51310.1132   16.927  0.013    3  1 
  51311.9792   17.855  0.060    3  1 
  51311.9983   17.440  0.040    3  1 
  51312.0087   17.449  0.037    3  1 
  51312.0350   17.022  0.022    3  1 
  51312.0550   16.731  0.018    3  1 
  51312.0672   16.702  0.016    3  1 
  51312.0870   16.551  0.015    3  1 
  51312.0988   16.557  0.015    3  1 
  51312.9828   16.619  0.013    3  1 
  51313.0063   16.547  0.013    3  1 
  51313.0300   16.608  0.014    3  1 
  51313.0562   16.750  0.015    3  1 
  51313.0838   16.512  0.012    3  1 
  51313.1113   17.300  0.026    3  1 
  51313.9807   17.015  0.022    3  1 
  51314.0143   17.448  0.032    3  1 
  51314.0397   17.745  0.043    3  1 
  51314.1124   17.480  0.037    3  1 
  51314.9752   18.301  0.065    3  1 
  51315.0102   17.826  0.041    3  1 
  51315.0336   17.444  0.030    3  1 
  51315.0747   16.710  0.017    3  1 
  51315.0982   16.458  0.014    3  1 
  51315.1216   16.421  0.013    3  1 
  51316.0399   16.356  0.011    3  1 
  51316.0634   16.344  0.012    3  1 
  51316.0869   16.525  0.014    3  1 
  51316.1115   16.729  0.015    3  1 
  51316.9740   16.309  0.012    3  1 
  51317.0052   16.482  0.016    3  1 
  51317.0282   16.770  0.025    3  1 
  51317.0566   17.237  0.028    3  1 
  51317.0822   18.031  0.056    3  1 
  51317.1075   19.191  0.158    3  1 
  51317.9847   17.679  0.041    3  1 
  51318.0099   18.843  0.121    3  1 
  51318.0374   19.681  0.312    3  1 
  51318.1226   16.705  0.023    3  1 
  51318.9772   18.674  0.093    3  1 
  51319.0019   17.701  0.062    3  1 
  51319.0274   16.727  0.019    3  1 
  51319.0757   16.261  0.012    3  1 
  51319.0997   16.228  0.011    3  1 
  51320.1000   17.408  0.024    3  1 
  51320.1208   18.038  0.047    3  1 
  51320.1417   18.830  0.100    3  1 
  51320.9728   17.101  0.022    3  1 
  51321.0180   17.240  0.025    3  1 
  51321.0400   17.889  0.043    3  1 
  51321.0624   17.901  0.043    3  1 
  51321.0930   17.215  0.027    3  1 
  51321.1217   16.764  0.016    3  1 
  51380.9937   16.563  0.015    3  1 
  51381.9793   18.462  0.080    3  1 
  51382.9755   17.460  0.041    3  1 
  51383.9715   16.447  0.012    3  1 
  51384.9721   16.747  0.012    3  1 
  51385.9679   17.284  0.023    3  1 
  51386.9917   16.515  0.014    3  1 
  51388.9755   18.834  0.123    3  1 
  51390.9697   16.196  0.007    3  1 
  51391.9697   16.839  0.014    3  1 
  51693.9923   16.711  0.015    3  1 
  51695.0052   18.195  0.054    3  1 
 56468.97641   12.669  0.165   -1  1 
 56469.04707   12.511  0.141   -1  1 
 56469.10896   12.521  0.126   -1  1 
 56469.17285   13.174  0.051   -1  1 
 56471.00364   12.927  0.078   -1  1 
 56471.06640   13.399  0.032   -1  1 
 56471.12490   13.095  0.054   -1  1 
 56471.18188   13.220  0.034   -1  1 
 56471.96759   12.926  0.091   -1  1 
 56472.03374   13.103  0.050   -1  1 
 56472.09484   13.372  0.041   -1  1 
 56472.15243   13.197  0.035   -1  1 
 56468.95296   12.598  0.136   -2  1 
 56469.02441   12.736  0.134   -2  1 
 56469.08813   12.630  0.116   -2  1 
 56469.15134   12.951  0.070   -2  1 
 56471.02588   12.886  0.123   -2  1 
 56471.08671   13.132  0.067   -2  1 
 56471.14302   13.356  0.042   -2  1 
 56471.94704   13.260  0.055   -2  1 
 56472.01085   13.009  0.088   -2  1 
 56472.07480   13.048  0.081   -2  1 
 56472.13240   13.377  0.032   -2  1 
 56472.19216   13.255  0.036   -2  1 
 56469.00041   13.118  0.093   -5  1 
 56469.06767   13.432  0.058   -5  1 
 56469.13003   13.424  0.063   -5  1 
 56469.19349   13.481  0.032   -5  1 
 56470.98130   13.521  0.035   -5  1 
 56471.04693   13.431  0.065   -5  1 
 56471.10523   13.518  0.025   -5  1 
 56471.16397   13.610  0.024   -5  1 
 56471.98857   13.535  0.052   -5  1 
 56472.05430   13.690  0.040   -5  1 
 56472.11383   13.446  0.026   -5  1 
 56472.17109   13.458  0.022   -5  1 
