  51216.3218   14.649  0.006    2  1 
  51216.3464   14.703  0.006    2  1 
  51216.3689   14.691  0.006    2  1 
  51216.3980   14.567  0.007    2  1 
  51217.3101   14.349  0.005    2  1 
  51217.3328   14.341  0.005    2  1 
  51217.3552   14.323  0.005    2  1 
  51217.3759   14.302  0.005    2  1 
  51217.3953   14.369  0.005    2  1 
  51218.2773   14.531  0.006    2  1 
  51218.3093   14.641  0.005    2  1 
  51218.3298   14.676  0.006    2  1 
  51218.3573   14.662  0.006    2  1 
  51218.3794   14.692  0.006    2  1 
  51219.3336   14.331  0.004    2  1 
  51219.3596   14.318  0.004    2  1 
  51219.3768   14.315  0.005    2  1 
  51220.2621   14.511  0.005    2  1 
  51220.2906   14.596  0.005    2  1 
  51220.3077   14.615  0.005    2  1 
  51220.3257   14.658  0.006    2  1 
  51220.3432   14.676  0.006    2  1 
  51220.3602   14.693  0.006    2  1 
  51220.3776   14.697  0.006    2  1 
  51221.2835   14.413  0.005    2  1 
  51221.3009   14.390  0.005    2  1 
  51221.3188   14.370  0.004    2  1 
  51221.3358   14.339  0.005    2  1 
  51221.3538   14.317  0.005    2  1 
  51221.3722   14.313  0.005    2  1 
  51283.2451   14.596  0.005    2  1 
  51283.2493   14.598  0.005    2  1 
  51283.2714   14.609  0.005    2  1 
  51283.2748   14.642  0.005    2  1 
  51283.2939   14.680  0.005    2  1 
  51283.2972   14.678  0.005    2  1 
  51283.3202   14.695  0.005    2  1 
  51283.3234   14.699  0.005    2  1 
  51283.3487   14.685  0.005    2  1 
  51283.3518   14.697  0.005    2  1 
  51283.3707   14.655  0.005    2  1 
  51283.3738   14.639  0.005    2  1 
  51284.2195   14.418  0.005    2  1 
  51284.2229   14.420  0.004    2  1 
  51284.2413   14.398  0.004    2  1 
  51284.2443   14.383  0.004    2  1 
  51284.2617   14.348  0.004    2  1 
  51284.2648   14.347  0.004    2  1 
  51284.2942   14.295  0.004    2  1 
  51284.2973   14.305  0.004    2  1 
  51284.3168   14.309  0.004    2  1 
  51284.3211   14.301  0.004    2  1 
  51284.3428   14.277  0.005    2  1 
  51284.3464   14.322  0.004    2  1 
  51285.0513   14.397  0.004    2  1 
  51285.0543   14.385  0.004    2  1 
  51285.0739   14.356  0.004    2  1 
  51285.0778   14.343  0.004    2  1 
  51285.0975   14.314  0.004    2  1 
  51285.1006   14.290  0.006    2  1 
  51285.1324   14.310  0.004    2  1 
  51285.1360   14.318  0.004    2  1 
  51285.1558   14.368  0.004    2  1 
  51285.1588   14.344  0.004    2  1 
  51285.1796   14.388  0.004    2  1 
  51285.1830   14.406  0.004    2  1 
  51285.2125   14.464  0.004    2  1 
  51285.2157   14.480  0.004    2  1 
  51285.2362   14.517  0.005    2  1 
  51285.2426   14.538  0.005    2  1 
  51285.2630   14.527  0.005    2  1 
  51285.2666   14.575  0.005    2  1 
  51285.2998   14.649  0.005    2  1 
  51285.3033   14.665  0.005    2  1 
  51285.3308   14.700  0.005    2  1 
  51285.3348   14.698  0.005    2  1 
  51285.3382   14.694  0.005    2  1 
  51286.0461   14.588  0.004    2  1 
  51286.0493   14.579  0.004    2  1 
  51286.0716   14.643  0.004    2  1 
  51286.0753   14.638  0.005    2  1 
  51286.1026   14.691  0.004    2  1 
  51286.1061   14.694  0.005    2  1 
  51286.1365   14.732  0.005    2  1 
  51286.1398   14.697  0.005    2  1 
  51286.1608   14.697  0.005    2  1 
  51286.1639   14.691  0.005    2  1 
  51286.1669   14.661  0.005    2  1 
  51286.1875   14.622  0.005    2  1 
  51286.1908   14.609  0.005    2  1 
  51286.2255   14.425  0.004    2  1 
  51286.2285   14.416  0.004    2  1 
  51286.2476   14.415  0.004    2  1 
  51286.2508   14.398  0.004    2  1 
  51286.2697   14.353  0.004    2  1 
  51286.2727   14.352  0.004    2  1 
  51286.3022   14.327  0.004    2  1 
  51286.3055   14.336  0.004    2  1 
  51286.3218   14.325  0.004    2  1 
  51286.3250   14.324  0.004    2  1 
  51286.3450   14.330  0.004    2  1 
  51286.3481   14.327  0.004    2  1 
  51304.9873   14.690  0.005    2  1 
  51304.9926   14.705  0.005    2  1 
  51305.0328   14.606  0.005    2  1 
  51305.0362   14.594  0.005    2  1 
  51305.0559   14.520  0.005    2  1 
  51305.0599   14.502  0.005    2  1 
  51305.0890   14.418  0.004    2  1 
  51305.0922   14.416  0.004    2  1 
  51305.1235   14.345  0.005    2  1 
  51305.1269   14.317  0.005    2  1 
  51305.1509   14.284  0.005    2  1 
  51305.1547   14.284  0.005    2  1 
  51305.1853   14.306  0.004    2  1 
  51305.1885   14.289  0.005    2  1 
  51305.2098   14.335  0.004    2  1 
  51305.2128   14.345  0.004    2  1 
  51305.2431   14.426  0.004    2  1 
  51305.2461   14.430  0.004    2  1 
  51305.2704   14.497  0.005    2  1 
  51305.2734   14.499  0.005    2  1 
  51305.2966   14.552  0.005    2  1 
  51305.2995   14.540  0.005    2  1 
  51305.9857   14.358  0.003    2  1 
  51305.9885   14.362  0.003    2  1 
  51305.9912   14.343  0.003    2  1 
  51306.0256   14.405  0.004    2  1 
  51306.0285   14.416  0.004    2  1 
  51306.0465   14.431  0.004    2  1 
  51306.0498   14.452  0.004    2  1 
  51306.0896   14.542  0.004    2  1 
  51306.0930   14.559  0.004    2  1 
  51306.1123   14.611  0.004    2  1 
  51306.1151   14.614  0.004    2  1 
  51306.1375   14.630  0.004    2  1 
  51306.1405   14.627  0.004    2  1 
  51306.1636   14.682  0.005    2  1 
  51306.1673   14.695  0.005    2  1 
  51306.1937   14.695  0.004    2  1 
  51306.1966   14.700  0.004    2  1 
  51306.2146   14.684  0.005    2  1 
  51306.2178   14.661  0.004    2  1 
  51306.2343   14.630  0.004    2  1 
  51306.2380   14.597  0.004    2  1 
  51306.2574   14.507  0.003    2  1 
  51306.2602   14.496  0.003    2  1 
  51306.2805   14.426  0.003    2  1 
  51306.2835   14.435  0.003    2  1 
  51306.3009   14.421  0.004    2  1 
  51306.3038   14.424  0.004    2  1 
  51306.3135   14.400  0.004    2  1 
  51306.3184   14.391  0.005    2  1 
  51307.0456   14.547  0.005    2  1 
  51307.0501   14.477  0.006    2  1 
  51307.0593   14.450  0.004    2  1 
  51307.0645   14.315  0.003    2  1 
  51307.0699   14.327  0.007    2  1 
  51307.0747   14.294  0.005    2  1 
  51308.0084   14.361  0.003    2  1 
  51308.0112   14.374  0.003    2  1 
  51308.0334   14.430  0.003    2  1 
  51308.0362   14.412  0.003    2  1 
  51308.0394   14.413  0.004    2  1 
  51308.0633   14.478  0.004    2  1 
  51308.0663   14.493  0.004    2  1 
  51308.0995   14.587  0.004    2  1 
  51308.1031   14.565  0.004    2  1 
  51308.1280   14.647  0.005    2  1 
  51308.1309   14.647  0.005    2  1 
  51310.0850   14.516  0.003    2  1 
  51310.0874   14.533  0.003    2  1 
  51310.0897   14.533  0.003    2  1 
  51310.0922   14.546  0.003    2  1 
  51310.1430   14.657  0.004    2  1 
  51310.1458   14.673  0.004    2  1 
  51310.1486   14.665  0.005    2  1 
  51311.0244   14.516  0.006    2  1 
  51311.0302   14.555  0.006    2  1 
  51311.0334   14.566  0.006    2  1 
  51311.0506   14.556  0.003    2  1 
  51311.0539   14.504  0.003    2  1 
  51311.0637   14.502  0.004    2  1 
  51311.0669   14.463  0.005    2  1 
  51311.0702   14.417  0.004    2  1 
  51311.0907   14.375  0.005    2  1 
  51311.0946   14.361  0.005    2  1 
  51311.0980   14.369  0.004    2  1 
  51311.1015   14.370  0.004    2  1 
  51311.1071   14.352  0.004    2  1 
  51311.1298   14.304  0.004    2  1 
  51311.1327   14.302  0.004    2  1 
  51311.1357   14.309  0.005    2  1 
  51311.1398   14.300  0.004    2  1 
  51311.1447   14.274  0.004    2  1 
  51311.9726   14.238  0.001    2  1 
  51311.9755   14.288  0.004    2  1 
  51312.0020   14.325  0.004    2  1 
  51312.0049   14.322  0.004    2  1 
  51312.0255   14.344  0.004    2  1 
  51312.0284   14.361  0.004    2  1 
  51312.0314   14.372  0.004    2  1 
  51312.0584   14.437  0.004    2  1 
  51312.0611   14.449  0.004    2  1 
  51312.0638   14.454  0.004    2  1 
  51312.0903   14.522  0.004    2  1 
  51312.0929   14.535  0.004    2  1 
  51312.0955   14.555  0.004    2  1 
  51312.1146   14.589  0.004    2  1 
  51312.1173   14.594  0.004    2  1 
  51312.1200   14.609  0.004    2  1 
  51312.9860   14.711  0.004    2  1 
  51312.9887   14.719  0.004    2  1 
  51312.9913   14.726  0.004    2  1 
  51313.0096   14.720  0.005    2  1 
  51313.0123   14.718  0.005    2  1 
  51313.0149   14.709  0.004    2  1 
  51313.0333   14.680  0.005    2  1 
  51313.0360   14.661  0.005    2  1 
  51313.0386   14.685  0.005    2  1 
  51313.0413   14.671  0.005    2  1 
  51313.0595   14.601  0.004    2  1 
  51313.0622   14.587  0.004    2  1 
  51313.0648   14.580  0.004    2  1 
  51313.0911   14.426  0.004    2  1 
  51313.0937   14.417  0.004    2  1 
  51313.0964   14.418  0.004    2  1 
  51313.1146   14.399  0.004    2  1 
  51313.1172   14.395  0.004    2  1 
  51313.1199   14.388  0.004    2  1 
  51313.1226   14.381  0.004    2  1 
  51313.9843   14.313  0.004    2  1 
  51313.9872   14.307  0.004    2  1 
  51313.9901   14.293  0.004    2  1 
  51314.0178   14.306  0.004    2  1 
  51314.0207   14.310  0.004    2  1 
  51314.0236   14.334  0.004    2  1 
  51314.0432   14.359  0.004    2  1 
  51314.0461   14.377  0.004    2  1 
  51314.0490   14.382  0.005    2  1 
  51314.0772   14.457  0.005    2  1 
  51314.0802   14.480  0.005    2  1 
  51314.0831   14.476  0.005    2  1 
  51314.1030   14.500  0.005    2  1 
  51314.1059   14.473  0.005    2  1 
  51314.1088   14.524  0.005    2  1 
  51314.1289   14.585  0.005    2  1 
  51314.1333   14.544  0.005    2  1 
  51314.1363   14.579  0.005    2  1 
  51314.9827   14.696  0.005    2  1 
  51314.9856   14.704  0.005    2  1 
  51314.9885   14.712  0.005    2  1 
  51315.0015   14.707  0.005    2  1 
  51315.0043   14.694  0.005    2  1 
  51315.0069   14.705  0.005    2  1 
  51315.0251   14.712  0.004    2  1 
  51315.0277   14.703  0.005    2  1 
  51315.0304   14.700  0.004    2  1 
  51315.0489   14.656  0.004    2  1 
  51315.0516   14.655  0.004    2  1 
  51315.0542   14.645  0.004    2  1 
  51315.0780   14.530  0.004    2  1 
  51315.0807   14.515  0.004    2  1 
  51315.0833   14.485  0.004    2  1 
  51315.1015   14.407  0.004    2  1 
  51315.1041   14.409  0.004    2  1 
  51315.1068   14.419  0.004    2  1 
  51315.1290   14.360  0.005    2  1 
  51315.1319   14.354  0.005    2  1 
  51316.0194   14.329  0.003    2  1 
  51316.0221   14.336  0.003    2  1 
  51316.0247   14.323  0.003    2  1 
  51316.0431   14.376  0.004    2  1 
  51316.0458   14.371  0.004    2  1 
  51316.0485   14.378  0.004    2  1 
  51316.0667   14.379  0.004    2  1 
  51316.0693   14.402  0.004    2  1 
  51316.0720   14.438  0.004    2  1 
  51316.0905   14.474  0.004    2  1 
  51316.0934   14.486  0.004    2  1 
  51316.0963   14.509  0.004    2  1 
  51316.1148   14.564  0.004    2  1 
  51316.1175   14.559  0.004    2  1 
  51316.1201   14.576  0.004    2  1 
  51316.9647   14.674  0.005    2  1 
  51316.9676   14.645  0.005    2  1 
  51316.9705   14.609  0.005    2  1 
  51316.9896   14.677  0.005    2  1 
  51316.9923   14.692  0.005    2  1 
  51316.9949   14.704  0.004    2  1 
  51317.0088   14.678  0.005    2  1 
  51317.0117   14.687  0.005    2  1 
  51317.0321   14.631  0.006    2  1 
  51317.0351   14.628  0.005    2  1 
  51317.0391   14.631  0.005    2  1 
  51317.0602   14.545  0.005    2  1 
  51317.0631   14.610  0.005    2  1 
  51317.0660   14.604  0.005    2  1 
  51317.0858   14.480  0.005    2  1 
  51317.0887   14.447  0.005    2  1 
  51317.0916   14.464  0.004    2  1 
  51317.1111   14.393  0.004    2  1 
  51317.1140   14.257  0.005    2  1 
  51317.1169   14.367  0.005    2  1 
  51317.9628   14.304  0.004    2  1 
  51317.9657   14.289  0.004    2  1 
  51317.9685   14.240  0.005    2  1 
  51317.9883   14.265  0.004    2  1 
  51317.9912   14.279  0.004    2  1 
  51317.9941   14.294  0.004    2  1 
  51318.0135   14.297  0.004    2  1 
  51318.0194   14.290  0.005    2  1 
  51318.0413   14.338  0.005    2  1 
  51318.0445   14.298  0.005    2  1 
  51318.0477   14.354  0.005    2  1 
  51318.0697   14.396  0.005    2  1 
  51318.0730   14.358  0.005    2  1 
  51318.0762   14.371  0.005    2  1 
  51318.0981   14.411  0.005    2  1 
  51318.1014   14.454  0.006    2  1 
  51318.1046   14.402  0.005    2  1 
  51318.1265   14.434  0.006    2  1 
  51318.1298   14.465  0.006    2  1 
  51318.9642   14.680  0.004    2  1 
  51318.9680   14.547  0.006    2  1 
  51318.9708   14.672  0.005    2  1 
  51318.9737   14.668  0.005    2  1 
  51318.9929   14.674  0.005    2  1 
  51318.9956   14.673  0.005    2  1 
  51318.9983   14.693  0.005    2  1 
  51319.0180   14.614  0.005    2  1 
  51319.0209   14.686  0.005    2  1 
  51319.0238   14.698  0.005    2  1 
  51319.0443   14.667  0.006    2  1 
  51319.0474   14.680  0.005    2  1 
  51319.0505   14.635  0.006    2  1 
  51319.0793   14.563  0.004    2  1 
  51319.0820   14.550  0.004    2  1 
  51319.0847   14.526  0.004    2  1 
  51319.1030   14.441  0.004    2  1 
  51319.1084   14.403  0.004    2  1 
  51319.1110   14.407  0.004    2  1 
  51320.1030   14.525  0.003    2  1 
  51320.1053   14.521  0.003    2  1 
  51320.1076   14.530  0.003    2  1 
  51320.1238   14.576  0.003    2  1 
  51320.1261   14.574  0.003    2  1 
  51320.1284   14.586  0.004    2  1 
  51320.1450   14.623  0.004    2  1 
  51320.1477   14.632  0.004    2  1 
  51320.1503   14.626  0.004    2  1 
  51320.9635   14.626  0.005    2  1 
  51320.9664   14.630  0.005    2  1 
  51320.9693   14.651  0.005    2  1 
  51320.9887   14.692  0.004    2  1 
  51320.9911   14.680  0.003    2  1 
  51320.9936   14.686  0.004    2  1 
  51321.0102   14.721  0.004    2  1 
  51321.0126   14.725  0.004    2  1 
  51321.0150   14.658  0.003    2  1 
  51321.0318   14.693  0.004    2  1 
  51321.0344   14.703  0.004    2  1 
  51321.0369   14.705  0.004    2  1 
  51321.0543   14.672  0.004    2  1 
  51321.0568   14.689  0.004    2  1 
  51321.0594   14.678  0.004    2  1 
  51321.0847   14.582  0.004    2  1 
  51321.0873   14.565  0.004    2  1 
  51321.0898   14.550  0.004    2  1 
  51321.1133   14.430  0.004    2  1 
  51321.1159   14.430  0.004    2  1 
  51321.1186   14.437  0.004    2  1 
  51321.1339   14.404  0.004    2  1 
  51321.1365   14.406  0.004    2  1 
  51332.9696   14.568  0.007    2  1 
  51332.9739   14.556  0.007    2  1 
  51332.9891   14.642  0.006    2  1 
  51332.9928   14.583  0.007    2  1 
  51332.9965   14.583  0.007    2  1 
  51333.0083   14.653  0.006    2  1 
  51333.0120   14.675  0.006    2  1 
  51333.0226   14.660  0.006    2  1 
  51333.0264   14.688  0.006    2  1 
  51333.0514   14.659  0.006    2  1 
  51333.0552   14.627  0.007    2  1 
  51333.0742   14.687  0.007    2  1 
  51333.0779   14.650  0.007    2  1 
  51333.0907   14.662  0.006    2  1 
  51333.0945   14.654  0.006    2  1 
  51333.1178   14.553  0.006    2  1 
  51333.1221   14.520  0.006    2  1 
  51333.1335   14.432  0.006    2  1 
  51333.1369   14.440  0.006    2  1 
  51333.1529   14.382  0.005    2  1 
  51333.1565   14.370  0.006    2  1 
  51333.1716   14.363  0.006    2  1 
  51333.1752   14.348  0.005    2  1 
  51334.9841   14.627  0.005    2  1 
  51334.9871   14.650  0.005    2  1 
  51335.0175   14.671  0.005    2  1 
  51335.0204   14.685  0.005    2  1 
  51335.0301   14.713  0.005    2  1 
  51335.0334   14.729  0.005    2  1 
  51335.0517   14.708  0.006    2  1 
  51335.0552   14.680  0.006    2  1 
  51335.0692   14.672  0.006    2  1 
  51335.0727   14.704  0.006    2  1 
  51335.0833   14.664  0.006    2  1 
  51335.0867   14.655  0.006    2  1 
  51335.1133   14.567  0.006    2  1 
  51335.1167   14.538  0.006    2  1 
  51335.9535   14.371  0.005    2  1 
  51335.9726   14.365  0.005    2  1 
  51335.9768   14.365  0.005    2  1 
  51335.9997   14.331  0.004    2  1 
  51336.0027   14.327  0.004    2  1 
  51336.0203   14.311  0.004    2  1 
  51336.0236   14.315  0.004    2  1 
  51336.0357   14.279  0.005    2  1 
  51336.0388   14.272  0.004    2  1 
  51336.0593   14.304  0.005    2  1 
  51336.0629   14.300  0.005    2  1 
  51336.0769   14.329  0.005    2  1 
  51336.0803   14.307  0.005    2  1 
  51336.1025   14.385  0.005    2  1 
  51336.1059   14.386  0.005    2  1 
  51336.1206   14.391  0.005    2  1 
  51336.1240   14.427  0.005    2  1 
  51337.0101   14.445  0.005    2  1 
  51337.9904   14.325  0.005    2  1 
  51337.9940   14.319  0.005    2  1 
  51338.0162   14.315  0.005    2  1 
  51338.0196   14.300  0.005    2  1 
  51338.0339   14.299  0.005    2  1 
  51338.0376   14.267  0.005    2  1 
  51338.9901   14.621  0.005    2  1 
  51338.9938   14.625  0.005    2  1 
  51339.0226   14.624  0.006    2  1 
  51339.0269   14.630  0.006    2  1 
  51339.0867   14.527  0.006    2  1 
  51339.0905   14.609  0.006    2  1 
  51339.1139   14.614  0.006    2  1 
  51339.1177   14.592  0.006    2  1 
  51339.1448   14.460  0.005    2  1 
  51339.1482   14.448  0.005    2  1 
  51339.9766   14.388  0.004    2  1 
  51339.9795   14.383  0.004    2  1 
  51340.0044   14.359  0.004    2  1 
  51340.0078   14.351  0.004    2  1 
  51340.0274   14.312  0.004    2  1 
  51340.0306   14.298  0.004    2  1 
  51340.0540   14.320  0.005    2  1 
  51340.0572   14.314  0.005    2  1 
  51340.0857   14.303  0.005    2  1 
  51340.0892   14.335  0.005    2  1 
  51340.1152   14.371  0.005    2  1 
  51340.1197   14.390  0.005    2  1 
  51340.1229   14.377  0.005    2  1 
  51340.1263   14.399  0.005    2  1 
  51340.1404   14.420  0.005    2  1 
  51340.1437   14.436  0.005    2  1 
  51344.9924   14.593  0.005    2  1 
  51344.9958   14.595  0.004    2  1 
  51344.9988   14.598  0.004    2  1 
  51345.0216   14.615  0.005    2  1 
  51345.0255   14.604  0.006    2  1 
  51345.0302   14.637  0.006    2  1 
  51345.0553   14.628  0.005    2  1 
  51345.0603   14.682  0.005    2  1 
  51345.9856   14.388  0.006    2  1 
  51345.9896   14.403  0.005    2  1 
  51346.0219   14.346  0.005    2  1 
  51346.0264   14.330  0.005    2  1 
  51346.0486   14.307  0.005    2  1 
  51346.0523   14.302  0.005    2  1 
  51346.0791   14.309  0.004    2  1 
  51346.0826   14.310  0.004    2  1 
  51347.0416   14.642  0.006    2  1 
  51347.0453   14.658  0.004    2  1 
  51347.0743   14.696  0.005    2  1 
  51347.0777   14.698  0.005    2  1 
  51347.0990   14.695  0.004    2  1 
  51347.1022   14.701  0.004    2  1 
  51347.9769   14.433  0.005    2  1 
  51347.9802   14.410  0.005    2  1 
  51347.9834   14.409  0.005    2  1 
  51347.9983   14.379  0.005    2  1 
  51348.0028   14.376  0.004    2  1 
  51348.0063   14.371  0.004    2  1 
  51348.0242   14.320  0.004    2  1 
  51348.0274   14.297  0.004    2  1 
  51348.0943   14.281  0.005    2  1 
  51348.0983   14.266  0.005    2  1 
  51348.1018   14.294  0.005    2  1 
  51348.9650   14.435  0.005    2  1 
  51348.9682   14.476  0.005    2  1 
  51348.9853   14.524  0.004    2  1 
  51348.9883   14.525  0.005    2  1 
  51348.9912   14.536  0.005    2  1 
  51349.0316   14.624  0.005    2  1 
  51349.0346   14.624  0.005    2  1 
  51349.9815   14.408  0.004    2  1 
  51349.9851   14.421  0.004    2  1 
  51349.9973   14.391  0.004    2  1 
  51350.0033   14.381  0.005    2  1 
  51350.0066   14.378  0.004    2  1 
  51350.0164   14.354  0.004    2  1 
  51350.0197   14.341  0.004    2  1 
  51350.0296   14.326  0.004    2  1 
  51380.9973   14.342  0.004    2  1 
  51381.0004   14.368  0.003    2  1 
  51381.0031   14.357  0.003    2  1 
  51381.0187   14.400  0.004    2  1 
  51381.0214   14.406  0.004    2  1 
  51381.0242   14.417  0.004    2  1 
  51381.9830   14.676  0.005    2  1 
  51381.9859   14.650  0.005    2  1 
  51381.9888   14.660  0.006    2  1 
  51382.0000   14.699  0.005    2  1 
  51382.0029   14.702  0.005    2  1 
  51382.9793   14.312  0.005    2  1 
  51382.9826   14.303  0.004    2  1 
  51382.9857   14.299  0.004    2  1 
  51382.9965   14.308  0.004    2  1 
  51382.9995   14.298  0.004    2  1 
  51383.9746   14.723  0.004    2  1 
  51383.9773   14.744  0.004    2  1 
  51383.9799   14.702  0.005    2  1 
  51383.9899   14.691  0.005    2  1 
  51383.9926   14.706  0.005    2  1 
  51384.9751   14.295  0.003    2  1 
  51384.9777   14.303  0.003    2  1 
  51384.9802   14.297  0.003    2  1 
  51384.9896   14.315  0.003    2  1 
  51384.9921   14.314  0.003    2  1 
  51385.9711   14.729  0.004    2  1 
  51385.9737   14.729  0.004    2  1 
  51385.9763   14.724  0.004    2  1 
  51385.9857   14.722  0.005    2  1 
  51385.9884   14.755  0.005    2  1 
  51386.9965   14.329  0.004    2  1 
  51387.0003   14.340  0.004    2  1 
  51387.0041   14.348  0.004    2  1 
  51387.0216   14.365  0.004    2  1 
  51387.0254   14.383  0.004    2  1 
  51387.0293   14.399  0.004    2  1 
  51388.9801   14.238  0.005    2  1 
  51388.9834   14.241  0.004    2  1 
  51388.9866   14.250  0.005    2  1 
  51388.9984   14.272  0.005    2  1 
  51389.0017   14.317  0.005    2  1 
  51389.9783   14.707  0.005    2  1 
  51389.9809   14.717  0.005    2  1 
  51389.9836   14.720  0.005    2  1 
  51390.9729   14.332  0.003    2  1 
  51390.9756   14.316  0.003    2  1 
  51390.9783   14.312  0.003    2  1 
  51391.9728   14.681  0.003    2  1 
  51391.9754   14.681  0.004    2  1 
  51391.9779   14.703  0.004    2  1 
  51671.0871   14.713  0.006    2  1 
  51671.0917   14.709  0.006    2  1 
  51671.0952   14.694  0.005    2  1 
  51671.1189   14.695  0.006    2  1 
  51671.1232   14.708  0.006    2  1 
  51671.9996   14.438  0.004    2  1 
  51672.0039   14.435  0.004    2  1 
  51672.0350   14.378  0.004    2  1 
  51672.0382   14.374  0.004    2  1 
  51674.0574   14.308  0.006    2  1 
  51674.0938   14.245  0.005    2  1 
  51674.0985   14.273  0.005    2  1 
  51674.1159   14.285  0.005    2  1 
  51674.1223   14.297  0.004    2  1 
  51674.9763   14.399  0.006    2  1 
  51674.9824   14.428  0.006    2  1 
  51676.0163   14.403  0.005    2  1 
  51692.9816   14.306  0.004    2  1 
  51692.9854   14.328  0.005    2  1 
  51693.9780   14.723  0.005    2  1 
  51693.9814   14.708  0.005    2  1 
  51694.9914   14.355  0.004    2  1 
  51765.9974   14.360  0.004    2  1 
  51766.0012   14.358  0.005    2  1 
  51766.0048   14.359  0.005    2  1 
  51766.0266   14.389  0.005    2  1 
  51766.0301   14.393  0.005    2  1 
  51216.3144   14.978  0.003    3  1 
  51216.3408   15.027  0.004    3  1 
  51216.3634   15.037  0.004    3  1 
  51216.3905   15.007  0.005    3  1 
  51217.3019   14.582  0.004    3  1 
  51217.3494   14.532  0.003    3  1 
  51217.3710   14.538  0.003    3  1 
  51217.3906   14.597  0.003    3  1 
  51218.2854   14.893  0.004    3  1 
  51218.3156   14.975  0.005    3  1 
  51218.3347   15.016  0.004    3  1 
  51218.3653   15.032  0.004    3  1 
  51218.3848   15.026  0.004    3  1 
  51219.2918   14.655  0.003    3  1 
  51219.3100   14.611  0.003    3  1 
  51219.3296   14.571  0.003    3  1 
  51219.3536   14.536  0.003    3  1 
  51219.3723   14.548  0.003    3  1 
  51220.2720   14.843  0.004    3  1 
  51220.2946   14.922  0.004    3  1 
  51220.3117   14.971  0.004    3  1 
  51220.3299   15.009  0.004    3  1 
  51220.3473   15.012  0.004    3  1 
  51220.3643   15.040  0.004    3  1 
  51220.3816   15.049  0.004    3  1 
  51221.2763   14.681  0.003    3  1 
  51221.2964   14.651  0.003    3  1 
  51221.3145   14.611  0.003    3  1 
  51221.3318   14.571  0.003    3  1 
  51221.3496   14.546  0.003    3  1 
  51221.3673   14.547  0.003    3  1 
  51283.2546   14.932  0.003    3  1 
  51283.2783   15.002  0.003    3  1 
  51283.3008   15.037  0.004    3  1 
  51283.3322   15.071  0.004    3  1 
  51283.3553   15.045  0.003    3  1 
  51284.2134   14.731  0.003    3  1 
  51284.2375   14.672  0.003    3  1 
  51284.2581   14.620  0.003    3  1 
  51284.2875   14.552  0.003    3  1 
  51284.3124   14.553  0.003    3  1 
  51284.3383   14.586  0.003    3  1 
  51285.0451   14.651  0.003    3  1 
  51285.0691   14.598  0.003    3  1 
  51285.0932   14.544  0.003    3  1 
  51285.1257   14.562  0.003    3  1 
  51285.1514   14.596  0.003    3  1 
  51285.1754   14.649  0.003    3  1 
  51285.2060   14.770  0.003    3  1 
  51285.2321   14.856  0.003    3  1 
  51285.2586   14.931  0.004    3  1 
  51285.2928   15.028  0.004    3  1 
  51285.3257   15.083  0.004    3  1 
  51286.0393   14.858  0.003    3  1 
  51286.0670   14.955  0.003    3  1 
  51286.1302   15.036  0.003    3  1 
  51286.1833   14.961  0.003    3  1 
  51286.2193   14.719  0.003    3  1 
  51286.2434   14.666  0.003    3  1 
  51286.2655   14.617  0.003    3  1 
  51286.2958   14.588  0.003    3  1 
  51286.3291   14.590  0.003    3  1 
  51286.3521   14.624  0.003    3  1 
  51304.9838   15.035  0.003    3  1 
  51305.0251   14.960  0.004    3  1 
  51305.0718   14.693  0.004    3  1 
  51305.0961   14.670  0.003    3  1 
  51305.1465   14.523  0.004    3  1 
  51305.1755   14.518  0.003    3  1 
  51305.2054   14.573  0.004    3  1 
  51305.2345   14.681  0.004    3  1 
  51305.2666   14.819  0.004    3  1 
  51305.2880   14.894  0.004    3  1 
  51305.9773   14.551  0.003    3  1 
  51306.0428   14.706  0.003    3  1 
  51306.0809   14.850  0.003    3  1 
  51306.1330   14.992  0.004    3  1 
  51306.1578   15.031  0.004    3  1 
  51306.1875   15.016  0.004    3  1 
  51306.2101   15.000  0.003    3  1 
  51306.2538   14.848  0.003    3  1 
  51306.2771   14.698  0.003    3  1 
  51308.0025   14.567  0.002    3  1 
  51308.0294   14.660  0.002    3  1 
  51308.0600   14.733  0.003    3  1 
  51308.0919   14.826  0.002    3  1 
  51308.0958   14.852  0.003    3  1 
  51308.1244   14.960  0.003    3  1 
  51310.1057   14.777  0.002    3  1 
  51310.1100   14.911  0.002    3  1 
  51310.1132   14.828  0.002    3  1 
  51311.9792   14.493  0.004    3  1 
  51311.9983   14.524  0.004    3  1 
  51312.0087   14.536  0.003    3  1 
  51312.0350   14.617  0.003    3  1 
  51312.0550   14.672  0.003    3  1 
  51312.0672   14.728  0.003    3  1 
  51312.0870   14.802  0.003    3  1 
  51312.0988   14.855  0.003    3  1 
  51312.9828   15.050  0.003    3  1 
  51313.0063   15.043  0.003    3  1 
  51313.0300   15.028  0.003    3  1 
  51313.0838   14.677  0.002    3  1 
  51313.1113   14.651  0.003    3  1 
  51313.9807   14.524  0.003    3  1 
  51314.0143   14.533  0.003    3  1 
  51314.0397   14.570  0.003    3  1 
  51314.1124   14.868  0.004    3  1 
  51314.9752   15.017  0.004    3  1 
  51315.0102   15.058  0.004    3  1 
  51315.0336   15.012  0.004    3  1 
  51315.0747   14.827  0.003    3  1 
  51315.0982   14.667  0.003    3  1 
  51315.1216   14.654  0.003    3  1 
  51316.0399   14.604  0.003    3  1 
  51316.0634   14.681  0.003    3  1 
  51316.0869   14.764  0.003    3  1 
  51316.9740   15.026  0.004    3  1 
  51317.0052   15.037  0.005    3  1 
  51317.0282   15.001  0.007    3  1 
  51317.0566   14.956  0.004    3  1 
  51317.0822   14.792  0.004    3  1 
  51317.1075   14.668  0.004    3  1 
  51317.9847   14.493  0.003    3  1 
  51318.0099   14.498  0.004    3  1 
  51318.0374   14.538  0.005    3  1 
  51318.0942   14.735  0.001    3  1 
  51318.1226   14.844  0.006    3  1 
  51318.9772   14.986  0.004    3  1 
  51319.0274   15.060  0.004    3  1 
  51319.0757   14.886  0.004    3  1 
  51319.0997   14.717  0.003    3  1 
  51320.1000   14.772  0.002    3  1 
  51320.1208   14.865  0.003    3  1 
  51320.1417   14.968  0.003    3  1 
  51320.9728   14.988  0.003    3  1 
  51321.0180   15.051  0.004    3  1 
  51321.0400   15.039  0.004    3  1 
  51321.0624   14.997  0.003    3  1 
  51321.0930   14.822  0.003    3  1 
  51321.1217   14.665  0.003    3  1 
  51380.9937   14.595  0.003    3  1 
  51381.9793   15.099  0.004    3  1 
  51382.9755   14.501  0.004    3  1 
  51383.9715   15.061  0.003    3  1 
  51384.9721   14.480  0.002    3  1 
  51385.9679   15.063  0.003    3  1 
  51386.9917   14.561  0.003    3  1 
  51388.9755   14.499  0.004    3  1 
  51389.9750   15.061  0.003    3  1 
  51693.9923   15.035  0.003    3  1 
  51695.0052   14.624  0.003    3  1 
 56469.17285   13.767  0.142   -1  1 
 56471.12490   13.971  0.201   -1  1 
 56471.18188   12.790  0.472   -1  1 
 56468.95296   11.537  0.195   -2  1 
 56469.02441   13.708  0.311   -2  1 
 56469.08813   11.599  0.143   -2  1 
 56469.15134   13.759  0.217   -2  1 
 56471.02588   11.298  0.282   -2  1 
 56471.08671   11.587  0.167   -2  1 
 56471.14302   13.428  0.181   -2  1 
 56471.94704   11.054  0.232   -2  1 
 56472.01085   11.556  0.188   -2  1 
 56472.07480   13.453  0.186   -2  1 
 56472.19216   11.279  0.164   -2  1 
 56469.00041   13.379  0.084   -5  1 
 56469.06767   13.569  0.037   -5  1 
 56469.13003   13.522  0.049   -5  1 
 56469.19349   13.643  0.030   -5  1 
 56470.98130   13.591  0.037   -5  1 
 56471.04693   13.456  0.039   -5  1 
 56471.10523   13.505  0.043   -5  1 
 56471.16397   13.874  0.064   -5  1 
 56471.98857   13.823  0.042   -5  1 
 56472.05430   14.139  0.130   -5  1 
 56472.11383   13.584  0.088   -5  1 
 56472.17109   13.500  0.077   -5  1 
